Time, 0, Pos_X, 0.0, Pos_Y, 0.0, Pos_Z, 0.0, BFx, 1, 0, 0,                         BFy, 0, -1, 0, BFz, 0, 0, -1
Time, 0.0, Pos_X, 0.0, Pos_Y, 0.0, Pos_Z, 0.0, BFx, 1.0, 0.0, 0.0,                             BFy, 0.0, -1.0, 0.0, BFz, 0.0, 0.0, -1.0
Time, 0.002, Pos_X, -7.5222796e-07, Pos_Y, 4.336915969075958e-08, Pos_Z, -2.9073342255733125e-07, BFx, 1.0, 0.0, 0.0,                             BFy, 0.0, -0.9999999240712584, -0.00038968895013713587, BFz, 0.0, 0.0003896889501371358, -0.9999999240712584
Time, 0.004, Pos_X, -3.06798552e-06, Pos_Y, 1.5446551180694624e-07, Pos_Z, -1.1538830673117039e-06, BFx, 1.0, 0.0, 0.0,                             BFy, 0.0, -0.9999997232530825, -0.0007439716113693759, BFz, 0.0, 0.0007439716113693757, -0.9999997232530826
Time, 0.006, Pos_X, -7.0675275600000005e-06, Pos_Y, 2.92425052355519e-07, Pos_Z, -2.572129055528356e-06, BFx, 1.0, 0.0, 0.0,                             BFy, 0.0, -0.9999994401879128, -0.001058122800549978, BFz, 0.0, 0.0010581228005499778, -0.9999994401879128
Time, 0.008, Pos_X, -1.2875724800000001e-05, Pos_Y, 4.0975185175568417e-07, Pos_Z, -4.530113066289183e-06, BFx, 1.0, 0.0, 0.0,                             BFy, 0.0, -0.9999991200138706, -0.0013266391688585072, BFz, 0.0, 0.0013266391688585072, -0.9999991200138706
Time, 0.01, Pos_X, -2.0621366e-05, Pos_Y, 4.518161235213719e-07, Pos_Z, -7.015641742200361e-06, BFx, 1.0, 0.0, 0.0,                             BFy, 0.0, -0.999998809090583, -0.0015433137773507377, BFz, 0.0, 0.001543313777350738, -0.999998809090583
Time, 0.012, Pos_X, -3.0436981999999998e-05, Pos_Y, 3.578512756080004e-07, Pos_Z, -1.0019699284310983e-05, BFx, 1.0, 0.0, 0.0,                             BFy, 0.0, -0.9999985526677938, -0.0017013707171833132, BFz, 0.0, 0.0017013707171833134, -0.9999985526677937
Time, 0.014, Pos_X, -4.245833013999999e-05, Pos_Y, 6.259445789148984e-08, Pos_Z, -1.3534538792780824e-05, BFx, 1.0, 0.0, 0.0,                             BFy, 0.0, -0.9999983912690886, -0.001793727748124289, BFz, 0.0, 0.0017937277481242892, -0.9999983912690886
Time, 0.016, Pos_X, -5.682308261999999e-05, Pos_Y, -5.019975616694201e-07, Pos_Z, -1.7553026739274314e-05, BFx, 1.0, 0.0, 0.0,                             BFy, 0.0, -0.9999983560532953, -0.0018132541757682706, BFz, 0.0, 0.0018132541757682709, -0.9999983560532956
Time, 0.018, Pos_X, -7.367077689999997e-05, Pos_Y, -1.4060970576717625e-06, Pos_Z, -2.206970774690627e-05, BFx, 1.0, 0.0, 0.0,                             BFy, 0.0, -0.9999984631277596, -0.001753209091246653, BFz, 0.0, 0.0017532090912466532, -0.9999984631277599
Time, 0.02, Pos_X, -9.314241357999998e-05, Pos_Y, -2.7214430948204176e-06, Pos_Z, -2.708205496108722e-05, BFx, 1.0, 0.0, 0.0,                             BFy, 0.0, -0.9999987074914182, -0.0016077983367019254, BFz, 0.0, 0.0016077983367019256, -0.9999987074914184
Time, 0.022, Pos_X, -0.00011537957805999997, Pos_Y, -4.520243565112713e-06, Pos_Z, -3.2591295598178795e-05, BFx, 1.0, 0.0, 0.0,                             BFy, 0.0, -0.9999990576050166, -0.001372876206135954, BFz, 0.0, 0.0013728762061359543, -0.9999990576050168
Time, 0.024, Pos_X, -0.00014052284074, Pos_Y, -6.873549660710407e-06, Pos_Z, -3.860324838996111e-05, BFx, 1.0, 0.0, 0.0,                             BFy, 0.0, -0.9999994523232143, -0.0010465912623353784, BFz, 0.0, 0.0010465912623353786, -0.9999994523232144
Time, 0.026, Pos_X, -0.00016870961933999998, Pos_Y, -9.848995057871817e-06, Pos_Z, -4.51300877337947e-05, BFx, 1.0, 0.0, 0.0,                             BFy, 0.0, -0.9999998015391616, -0.0006300171717220849, BFz, 0.0, 0.000630017171722085, -0.9999998015391616
Time, 0.028, Pos_X, -0.00020007271966000003, Pos_Y, -1.3508614599594127e-05, Pos_Z, -5.219162548017261e-05, BFx, 1.0, 0.0, 0.0,                             BFy, 0.0, -0.9999999921150055, -0.00012557861306993778, BFz, 0.0, 0.00012557861306993783, -0.9999999921150056
Time, 0.03, Pos_X, -0.00023474005018, Pos_Y, -1.790702214997786e-05, Pos_Z, -5.981484369757152e-05, BFx, 1.0, 0.0, 0.0,                             BFy, 0.0, -0.999999895047633, 0.000458153600571897, BFz, 0.0, -0.00045815360057189705, -0.9999998950476333
Time, 0.032, Pos_X, -0.0002728334081000001, Pos_Y, -2.3089371940380925e-05, Pos_Z, -6.80339365310228e-05, BFx, 1.0, 0.0, 0.0,                             BFy, 0.0, -0.9999993842375671, 0.0011097407288210598, BFz, 0.0, -0.00110974072882106, -0.9999993842375675
Time, 0.034, Pos_X, -0.00031446646362000015, Pos_Y, -2.908910850340079e-05, Pos_Z, -7.689238365488437e-05, BFx, 1.0, 0.0, 0.0,                             BFy, 0.0, -0.9999983520125941, 0.0018154812293026087, BFz, 0.0, -0.0018154812293026089, -0.9999983520125947
Time, 0.036, Pos_X, -0.00035974302206000003, Pos_Y, -3.592595527182856e-05, Pos_Z, -8.644469489081117e-05, BFx, 1.0, 0.0, 0.0,                             BFy, 0.0, -0.9999967226226235, 0.0025602234296568816, BFz, 0.0, -0.002560223429656883, -0.999996722622624
Time, 0.038, Pos_X, -0.0004087548119000001, Pos_Y, -4.360360463162578e-05, Pos_Z, -9.6755744124924e-05, BFx, 1.0, 0.0, 0.0,                             BFy, 0.0, -0.9999944617413682, 0.003328135602561143, BFz, 0.0, -0.003328135602561145, -0.9999944617413685
Time, 0.04, Pos_X, -0.00046157876152000014, Pos_Y, -5.210728722242389e-05, Pos_Z, -0.00010789776072685206, BFx, 1.0, 0.0, 0.0,                             BFy, 0.0, -0.9999915791730875, 0.004103849767291674, BFz, 0.0, -0.004103849767291677, -0.9999915791730878
Time, 0.042, Pos_X, -0.0005182741656400002, Pos_Y, -6.140185785585791e-05, Pos_Z, -0.00011994651886426508, BFx, 1.0, 0.0, 0.0,                             BFy, 0.0, -0.9999881232830852, 0.004873734991851395, BFz, 0.0, -0.004873734991851397, -0.9999881232830855
Time, 0.044, Pos_X, -0.00057887956396, Pos_Y, -7.143054042755027e-05, Pos_Z, -0.00013297849725103618, BFx, 1.0, 0.0, 0.0,                             BFy, 0.0, -0.999984168258232, 0.005627009231292917, BFz, 0.0, -0.005627009231292919, -0.9999841682582324
Time, 0.046, Pos_X, -0.0006434099518800001, Pos_Y, -8.211447184410847e-05, Pos_Z, -0.00014706918131031366, BFx, 1.0, 0.0, 0.0,                             BFy, 0.0, -0.9999797967333925, 0.006356581238352224, BFz, 0.0, -0.006356581238352226, -0.9999797967333931
Time, 0.048, Pos_X, -0.0007118537751000002, Pos_Y, -9.335260963698332e-05, Pos_Z, -0.00016229142862933706, BFx, 1.0, 0.0, 0.0,                             BFy, 0.0, -0.9999750797947876, 0.007059730122707626, BFz, 0.0, -0.007059730122707628, -0.9999750797947881
Time, 0.05, Pos_X, -0.0007841693658200002, Pos_Y, -0.00010502176230921281, Pos_Z, -0.00017871295950775323, BFx, 1.0, 0.0, 0.0,                             BFy, 0.0, -0.999970058685807, 0.007738328753764164, BFz, 0.0, -0.007738328753764165, -0.9999700586858072
Time, 0.052, Pos_X, -0.00086028184702, Pos_Y, -0.0001169768655310485, Pos_Z, -0.00019639323373922606, BFx, 1.0, 0.0, 0.0,                             BFy, 0.0, -0.9999647317072945, 0.008398532107244214, BFz, 0.0, -0.008398532107244217, -0.9999647317072947
Time, 0.054, Pos_X, -0.0009400804731000001, Pos_Y, -0.00012905153909081304, Pos_Z, -0.00021538011251025468, BFx, 1.0, 0.0, 0.0,                             BFy, 0.0, -0.9999590453767733, 0.009050280060305983, BFz, 0.0, -0.009050280060305988, -0.9999590453767735
Time, 0.056, Pos_X, -0.00102341768758, Pos_Y, -0.00014105843704184643, Pos_Z, -0.00023570676333070116, BFx, 1.0, 0.0, 0.0,                             BFy, 0.0, -0.9999528934328503, 0.00970623074465803, BFz, 0.0, -0.009706230744658035, -0.9999528934328504
Time, 0.058, Pos_X, -0.0011101072661800003, Pos_Y, -0.00015279058252515507, Pos_Z, -0.00025738857258326335, BFx, 1.0, 0.0, 0.0,                             BFy, 0.0, -0.9999461226326082, 0.010380357990461952, BFz, 0.0, -0.010380357990461957, -0.9999461226326086
Time, 0.06, Pos_X, -0.0011999215977, Pos_Y, -0.00016402350081593282, Pos_Z, -0.00028042058700209616, BFx, 1.0, 0.0, 0.0,                             BFy, 0.0, -0.9999385405229928, 0.011086711719181512, BFz, 0.0, -0.011086711719181517, -0.9999385405229932
Time, 0.062, Pos_X, -0.0012925917510200001, Pos_Y, -0.00017451744326772635, Pos_Z, -0.000304776847586885, BFx, 1.0, 0.0, 0.0,                             BFy, 0.0, -0.9999299258270965, 0.011838219267041122, BFz, 0.0, -0.011838219267041126, -0.9999299258270969
Time, 0.064, Pos_X, -0.0013878082157400002, Pos_Y, -0.0001840200716846108, Pos_Z, -0.00033040996210801835, BFx, 1.0, 0.0, 0.0,                             BFy, 0.0, -0.9999200382576742, 0.012645832940873788, BFz, 0.0, -0.012645832940873793, -0.9999200382576747
Time, 0.066, Pos_X, -0.0014852219254600004, Pos_Y, -0.0001922694867962305, Pos_Z, -0.00035725063583522424, BFx, 1.0, 0.0, 0.0,                             BFy, 0.0, -0.9999086302412246, 0.013517809331226474, BFz, 0.0, -0.013517809331226475, -0.9999086302412251
Time, 0.068, Pos_X, -0.0015844460021800005, Pos_Y, -0.00019899730106511708, Pos_Z, -0.00038520738841279855, BFx, 1.0, 0.0, 0.0,                             BFy, 0.0, -0.9998954578563433, 0.014459369220377327, BFz, 0.0, -0.014459369220377329, -0.9998954578563438
Time, 0.07, Pos_X, -0.0016850581915800007, Pos_Y, -0.00020393144423808653, Pos_Z, -0.00041416539720923407, BFx, 1.0, 0.0, 0.0,                             BFy, 0.0, -0.9998802895582767, 0.01547276810573241, BFz, 0.0, -0.01547276810573241, -0.9998802895582773
Time, 0.072, Pos_X, -0.0017866046677000001, Pos_Y, -0.00020679895013168728, Pos_Z, -0.0004439856928766686, BFx, 1.0, 0.0, 0.0,                             BFy, 0.0, -0.9998629085263883, 0.016557903041996166, BFz, 0.0, -0.01655790304199617, -0.999862908526389
Time, 0.074, Pos_X, -0.0018886042455720001, Pos_Y, -0.00020732847564055467, Pos_Z, -0.00047450536449546643, BFx, 1.0, 0.0, 0.0,                             BFy, 0.0, -0.9998431094297953, 0.017713173791150175, BFz, 0.0, -0.01771317379115018, -0.9998431094297958
Time, 0.076, Pos_X, -0.0019905526954960002, Pos_Y, -0.00020525298729586332, Pos_Z, -0.000505537934845451, BFx, 1.0, 0.0, 0.0,                             BFy, 0.0, -0.9998206873912879, 0.018936553657132676, BFz, 0.0, -0.01893655365713268, -0.9998206873912885
Time, 0.078, Pos_X, -0.0020919281482400004, Pos_Y, -0.0002003126397202994, Pos_Z, -0.0005368744928752875, BFx, 1.0, 0.0, 0.0,                             BFy, 0.0, -0.9997954218019215, 0.020226580133947354, BFz, 0.0, -0.02022658013394736, -0.9997954218019219
Time, 0.08, Pos_X, -0.0021921968702640006, Pos_Y, -0.0001922577548797936, Pos_Z, -0.00056828495560713, BFx, 1.0, 0.0, 0.0,                             BFy, 0.0, -0.9997670517365586, 0.021583379299512737, BFz, 0.0, -0.02158337929951274, -0.999767051736559
Time, 0.082, Pos_X, -0.002290818781128001, Pos_Y, -0.00018085219604214488, Pos_Z, -0.0005995187418366356, BFx, 1.0, 0.0, 0.0,                             BFy, 0.0, -0.9997352511631863, 0.023009293376320985, BFz, 0.0, -0.023009293376320992, -0.9997352511631868
Time, 0.084, Pos_X, -0.002387253175032001, Pos_Y, -0.00016587704904271456, Pos_Z, -0.0006303056559744974, BFx, 1.0, 0.0, 0.0,                             BFy, 0.0, -0.9996996099533285, 0.02450897507363362, BFz, 0.0, -0.02450897507363363, -0.999699609953329
Time, 0.086, Pos_X, -0.0024809643379360004, Pos_Y, -0.00014713376518333732, Pos_Z, -0.0006603571723597992, BFx, 1.0, 0.0, 0.0,                             BFy, 0.0, -0.9996596220123098, 0.026089080439959927, BFz, 0.0, -0.026089080439959934, -0.9996596220123103
Time, 0.088, Pos_X, -0.0025714269406400003, Pos_Y, -0.00012444668408049728, Pos_Z, -0.0006893676961957262, BFx, 1.0, 0.0, 0.0,                             BFy, 0.0, -0.9996146846640189, 0.027757561205021018, BFz, 0.0, -0.027757561205021028, -0.9996146846640195
Time, 0.09, Pos_X, -0.0026581314563440006, Pos_Y, -9.766552532451378e-05, Pos_Z, -0.0007170151003155636, BFx, 1.0, 0.0, 0.0,                             BFy, 0.0, -0.9995641097500153, 0.029522711590505162, BFz, 0.0, -0.029522711590505176, -0.9995641097500159
Time, 0.092, Pos_X, -0.0027405892476480005, Pos_Y, -6.66678873003556e-05, Pos_Z, -0.0007429609752178613, BFx, 1.0, 0.0, 0.0,                             BFy, 0.0, -0.9995071466035099, 0.031392099141452724, BFz, 0.0, -0.031392099141452745, -0.9995071466035104
Time, 0.094, Pos_X, -0.0028183367789520004, Pos_Y, -3.136117603795606e-05, Pos_Z, -0.0007668519155717591, BFx, 1.0, 0.0, 0.0,                             BFy, 0.0, -0.9994430190809532, 0.03337141906401831, BFz, 0.0, -0.03337141906401834, -0.9994430190809538
Time, 0.096, Pos_X, -0.0028909391236560003, Pos_Y, 8.3159261348054e-06, Pos_Z, -0.0007883212191091036, BFx, 1.0, 0.0, 0.0,                             BFy, 0.0, -0.9993709761611073, 0.035463389668681004, BFz, 0.0, -0.035463389668681046, -0.9993709761611078
Time, 0.098, Pos_X, -0.0029579932633600004, Pos_Y, 5.2391654942345055e-05, Pos_Z, -0.0008069909625323852, BFx, 1.0, 0.0, 0.0,                             BFy, 0.0, -0.9992903409345945, 0.03766715432334843, BFz, 0.0, -0.037667154323348474, -0.9992903409345951
Time, 0.1, Pos_X, -0.0030191308778640003, Pos_Y, 0.00010086009158632696, Pos_Z, -0.0008224752637445937, BFx, 1.0, 0.0, 0.0,                             BFy, 0.0, -0.9992005608732367, 0.03997798332340031, BFz, 0.0, -0.03997798332340035, -0.9992005608732372
Time, 0.102, Pos_X, -0.003074020210168, Pos_Y, 0.00015368094013502206, Pos_Z, -0.000834383417439906, BFx, 1.0, 0.0, 0.0,                             BFy, 0.0, -0.9991012477752846, 0.04238745915794063, BFz, 0.0, -0.04238745915794068, -0.9991012477752852
Time, 0.104, Pos_X, -0.003122367624272, Pos_Y, 0.0002107796598651135, Pos_Z, -0.0008423223607183341, BFx, 1.0, 0.0, 0.0,                             BFy, 0.0, -0.9989922009442308, 0.044884100220441404, BFz, 0.0, -0.044884100220441446, -0.9989922009442314
Time, 0.106, Pos_X, -0.003163918955176, Pos_Y, 0.0002720481407861504, Pos_Z, -0.0008458983546479561, BFx, 1.0, 0.0, 0.0,                             BFy, 0.0, -0.9988734070802061, 0.04745436363474199, BFz, 0.0, -0.047454363634742036, -0.9988734070802066
Time, 0.108, Pos_X, -0.00319846132528, Pos_Y, 0.0003373456540869001, Pos_Z, -0.0008447188390157724, BFx, 1.0, 0.0, 0.0,                             BFy, 0.0, -0.9987450183608695, 0.05008381274767478, BFz, 0.0, -0.05008381274767483, -0.9987450183608699
Time, 0.11, Pos_X, -0.0032258254873840002, Pos_Y, 0.00040650016902149793, Pos_Z, -0.000838393832665275, BFx, 1.0, 0.0, 0.0,                             BFy, 0.0, -0.9986073083288003, 0.05275835244116391, BFz, 0.0, -0.052758352441163954, -0.9986073083288007
Time, 0.112, Pos_X, -0.0032458875236880003, Pos_Y, 0.0004793087520216172, Pos_Z, -0.0008265366986404074, BFx, 1.0, 0.0, 0.0,                             BFy, 0.0, -0.9984606079328003, 0.05546543433942286, BFz, 0.0, -0.0554654343394229, -0.9984606079328008
Time, 0.114, Pos_X, -0.0032585699205920004, Pos_Y, 0.0005555373105331526, Pos_Z, -0.0008087642903252491, BFx, 1.0, 0.0, 0.0,                             BFy, 0.0, -0.9983052411481862, 0.058194892353710316, BFz, 0.0, -0.05819489235371035, -0.9983052411481865
Time, 0.116, Pos_X, -0.0032638433424960005, Pos_Y, 0.0006349210909497708, Pos_Z, -0.0007846974892649645, BFx, 1.0, 0.0, 0.0,                             BFy, 0.0, -0.9981414647815812, 0.0609394476810997, BFz, 0.0, -0.06093944768109974, -0.9981414647815815
Time, 0.118, Pos_X, -0.0032617278304000004, Pos_Y, 0.0007171661245472181, Pos_Z, -0.000753963951704093, BFx, 1.0, 0.0, 0.0,                             BFy, 0.0, -0.9979694176081753, 0.06369490967728766, BFz, 0.0, -0.0636949096772877, -0.9979694176081756
Time, 0.12, Pos_X, -0.0032522937135040005, Pos_Y, 0.0008019503375169177, Pos_Z, -0.000716202458576762, BFx, 1.0, 0.0, 0.0,                             BFy, 0.0, -0.9977890680439032, 0.06646033171808201, BFz, 0.0, -0.06646033171808206, -0.9977890680439035
Time, 0.122, Pos_X, -0.0032356619754080004, Pos_Y, 0.0008889244199051888, Pos_Z, -0.0006710689509018129, BFx, 1.0, 0.0, 0.0,                             BFy, 0.0, -0.9976002015813407, 0.06923754620772453, BFz, 0.0, -0.0692375462077246, -0.9976002015813411
Time, 0.124, Pos_X, -0.0032120043613120004, Pos_Y, 0.000977712977871792, Pos_Z, -0.0006182422432424724, BFx, 1.0, 0.0, 0.0,                             BFy, 0.0, -0.9974024280886774, 0.07203052438243679, BFz, 0.0, -0.07203052438243687, -0.9974024280886777
Time, 0.126, Pos_X, -0.0031815432324160003, Pos_Y, 0.0010679157239616565, Pos_Z, -0.0005574263443577294, BFx, 1.0, 0.0, 0.0,                             BFy, 0.0, -0.9971952223215401, 0.0748444291787439, BFz, 0.0, -0.074844429178744, -0.9971952223215405
Time, 0.128, Pos_X, -0.0031445496823200004, Pos_Y, 0.0011591092597343518, Pos_Z, -0.0004883497396475964, BFx, 1.0, 0.0, 0.0,                             BFy, 0.0, -0.9969779621034703, 0.07768489608674833, BFz, 0.0, -0.07768489608674845, -0.9969779621034707
Time, 0.13, Pos_X, -0.0031013407020240003, Pos_Y, 0.0012508489867586123, Pos_Z, -0.00041076393657626915, BFx, 1.0, 0.0, 0.0,                             BFy, 0.0, -0.9967499748286366, 0.08055735645557167, BFz, 0.0, -0.08055735645557179, -0.996749974828637
Time, 0.132, Pos_X, -0.0030522758541280002, Pos_Y, 0.0013426710571060958, Pos_Z, -0.000324443443074274, BFx, 1.0, 0.0, 0.0,                             BFy, 0.0, -0.9965105767194862, 0.08346658305091123, BFz, 0.0, -0.08346658305091134, -0.9965105767194866
Time, 0.134, Pos_X, -0.0029977535848320002, Pos_Y, 0.0014340946885913267, Pos_Z, -0.00022918752269400567, BFx, 1.0, 0.0, 0.0,                             BFy, 0.0, -0.9962591147769548, 0.08641629605482967, BFz, 0.0, -0.08641629605482978, -0.9962591147769553
Time, 0.136, Pos_X, -0.0029382058851360002, Pos_Y, 0.0015246251988755807, Pos_Z, -0.00012482228400239212, BFx, 1.0, 0.0, 0.0,                             BFy, 0.0, -0.9959949801401186, 0.08940916919243858, BFz, 0.0, -0.08940916919243867, -0.995994980140119
Time, 0.138, Pos_X, -0.0028740909348400003, Pos_Y, 0.0016137583951948548, Pos_Z, -1.1203603266855952e-05, BFx, 1.0, 0.0, 0.0,                             BFy, 0.0, -0.9957176056450426, 0.09244701081430588, BFz, 0.0, -0.092447010814306, -0.9957176056450431
Time, 0.14, Pos_X, -0.002805884177224, Pos_Y, 0.0017009859922557215, Pos_Z, 0.00011177877229471685, BFx, 1.0, 0.0, 0.0,                             BFy, 0.0, -0.995426446041844, 0.09553109713858074, BFz, 0.0, -0.09553109713858085, -0.9954264460418445
Time, 0.142, Pos_X, -0.002734069284088001, Pos_Y, 0.0017858013136581637, Pos_Z, 0.0002441986252709629, BFx, 1.0, 0.0, 0.0,                             BFy, 0.0, -0.9951209698957497, 0.09866232955763757, BFz, 0.0, -0.09866232955763768, -0.9951209698957502
Time, 0.144, Pos_X, -0.0026591289969520007, Pos_Y, 0.0018677053728577261, Pos_Z, 0.0003860927975031804, BFx, 1.0, 0.0, 0.0,                             BFy, 0.0, -0.9948006689109584, 0.10184119566416584, BFz, 0.0, -0.10184119566416595, -0.994800668910959
Time, 0.146, Pos_X, -0.0025815351212160006, Pos_Y, 0.0019462133052231985, Pos_Z, 0.0005374600408624647, BFx, 1.0, 0.0, 0.0,                             BFy, 0.0, -0.9944650697898008, 0.10506771610710736, BFz, 0.0, -0.10506771610710748, -0.9944650697898013
Time, 0.148, Pos_X, -0.0025017388034400006, Pos_Y, 0.0020208606757930567, Pos_Z, 0.0006982579102964779, BFx, 1.0, 0.0, 0.0,                             BFy, 0.0, -0.9941137533327873, 0.10834133760755821, BFz, 0.0, -0.10834133760755836, -0.9941137533327878
Time, 0.15, Pos_X, -0.0024201612479440005, Pos_Y, 0.0020912097334740347, Pos_Z, 0.0008683988333984026, BFx, 1.0, 0.0, 0.0,                             BFy, 0.0, -0.9937463544803229, 0.11166101807284953, BFz, 0.0, -0.11166101807284969, -0.9937463544803234
Time, 0.152, Pos_X, -0.0023371838321680004, Pos_Y, 0.002156855733430781, Pos_Z, 0.0010477475854276748, BFx, 1.0, 0.0, 0.0,                             BFy, 0.0, -0.9933625887301784, 0.11502507253323185, BFz, 0.0, -0.11502507253323199, -0.9933625887301789
Time, 0.154, Pos_X, -0.002253138845592, Pos_Y, 0.002217433243075386, Pos_Z, 0.0012361215139758564, BFx, 1.0, 0.0, 0.0,                             BFy, 0.0, -0.9929623004964333, 0.11843086503453344, BFz, 0.0, -0.11843086503453358, -0.9929623004964339
Time, 0.156, Pos_X, -0.002168300986516, Pos_Y, 0.0022726219855149035, Pos_Z, 0.0014332930614672397, BFx, 1.0, 0.0, 0.0,                             BFy, 0.0, -0.9925455384050093, 0.1218743377102303, BFz, 0.0, -0.12187433771023044, -0.9925455384050097
Time, 0.158, Pos_X, -0.00208287974894, Pos_Y, 0.0023221519607965744, Pos_Z, 0.0016389927595433535, BFx, 1.0, 0.0, 0.0,                             BFy, 0.0, -0.9921126355741191, 0.1253495844993999, BFz, 0.0, -0.12534958449940004, -0.9921126355741196
Time, 0.16, Pos_X, -0.0019970137899639998, Pos_Y, 0.0023658073971618925, Pos_Z, 0.0018529117658729803, BFx, 1.0, 0.0, 0.0,                             BFy, 0.0, -0.991664302951115, 0.12884840027131458, BFz, 0.0, -0.12884840027131472, -0.9916643029511153
Time, 0.162, Pos_X, -0.0019107666971979998, Pos_Y, 0.0024034289223328438, Pos_Z, 0.002074704959252148, BFx, 1.0, 0.0, 0.0,                             BFy, 0.0, -0.991201711650771, 0.13235998950052652, BFz, 0.0, -0.13235998950052663, -0.9912017116507713
Time, 0.164, Pos_X, -0.0018241244715619996, Pos_Y, 0.002434914451075609, Pos_Z, 0.0023039949000046695, BFx, 1.0, 0.0, 0.0,                             BFy, 0.0, -0.9907265434168316, 0.13587095410474867, BFz, 0.0, -0.1358709541047488, -0.9907265434168318
Time, 0.166, Pos_X, -0.0017369944816459995, Pos_Y, 0.002460218923037436, Pos_Z, 0.0025403769934965814, BFx, 1.0, 0.0, 0.0,                             BFy, 0.0, -0.9902409838677624, 0.13936568397063664, BFz, 0.0, -0.13936568397063673, -0.9902409838677626
Time, 0.168, Pos_X, -0.0016492061733299995, Pos_Y, 0.0024793522420614223, Pos_Z, 0.0027834268738410593, BFx, 1.0, 0.0, 0.0,                             BFy, 0.0, -0.9897476415707828, 0.14282718930606597, BFz, 0.0, -0.14282718930606603, -0.9897476415707829
Time, 0.17, Pos_X, -0.0015605135558939994, Pos_Y, 0.0024923759504384122, Pos_Z, 0.003032708635293916, BFx, 1.0, 0.0, 0.0,                             BFy, 0.0, -0.9892494206504063, 0.14623810632948256, BFz, 0.0, -0.1462381063294827, -0.9892494206504064
Time, 0.172, Pos_X, -0.0014705989923980006, Pos_Y, 0.0024993989610363567, Pos_Z, 0.0032877827989230553, BFx, 1.0, 0.0, 0.0,                             BFy, 0.0, -0.9887493587731079, 0.14958176869447018, BFz, 0.0, -0.14958176869447032, -0.988749358773108
Time, 0.174, Pos_X, -0.0013790790007620006, Pos_Y, 0.0025005715684800534, Pos_Z, 0.0035482131231988267, BFx, 1.0, 0.0, 0.0,                             BFy, 0.0, -0.988250495765234, 0.15284291812107975, BFz, 0.0, -0.1528429181210799, -0.9882504957652342
Time, 0.176, Pos_X, -0.0012855114901260006, Pos_Y, 0.002496078787460643, Pos_Z, 0.00381357231600501, BFx, 1.0, 0.0, 0.0,                             BFy, 0.0, -0.9877557314041878, 0.1560083814356653, BFz, 0.0, -0.15600838143566545, -0.9877557314041878
Time, 0.178, Pos_X, -0.0011894041108900005, Pos_Y, 0.0024861329138375545, Pos_Z, 0.004083447349619232, BFx, 1.0, 0.0, 0.0,                             BFy, 0.0, -0.9872677714483477, 0.15906711621014433, BFz, 0.0, -0.1590671162101445, -0.9872677714483477
Time, 0.18, Pos_X, -0.0010902233249340005, Pos_Y, 0.002470965135399729, Pos_Z, 0.004357444097312825, BFx, 1.0, 0.0, 0.0,                             BFy, 0.0, -0.9867891240345344, 0.16200995243242006, BFz, 0.0, -0.1620099524324202, -0.9867891240345343
Time, 0.182, Pos_X, -0.0009874035240580003, Pos_Y, 0.002450816916461611, Pos_Z, 0.004635192068624036, BFx, 1.0, 0.0, 0.0,                             BFy, 0.0, -0.9863221968758592, 0.16482877160853165, BFz, 0.0, -0.16482877160853177, -0.9863221968758592
Time, 0.184, Pos_X, -0.0008803569337820002, Pos_Y, 0.0024259308264363943, Pos_Z, 0.004916350074095138, BFx, 1.0, 0.0, 0.0,                             BFy, 0.0, -0.9858694142574989, 0.16751566503337778, BFz, 0.0, -0.1675156650333779, -0.9858694142574989
Time, 0.186, Pos_X, -0.0007684830209060001, Pos_Y, 0.002396542012315249, Pos_Z, 0.0052006124037562865, BFx, 1.0, 0.0, 0.0,                             BFy, 0.0, -0.9854333660357185, 0.17006199194267949, BFz, 0.0, -0.1700619919426796, -0.9854333660357186
Time, 0.188, Pos_X, -0.0006511771482299999, Pos_Y, 0.0023628709627110285, Pos_Z, 0.005487713388414936, BFx, 1.0, 0.0, 0.0,                             BFy, 0.0, -0.9850169109005702, 0.17245777813684282, BFz, 0.0, -0.17245777813684293, -0.9850169109005702
Time, 0.19, Pos_X, -0.0005278390843539997, Pos_Y, 0.0023251175007882635, Pos_Z, 0.005777429073130526, BFx, 1.0, 0.0, 0.0,                             BFy, 0.0, -0.9846232231070842, 0.17469146664395405, BFz, 0.0, -0.1746914666439542, -0.9846232231070842
Time, 0.192, Pos_X, -0.0003978813554779995, Pos_Y, 0.0022834551408541758, Pos_Z, 0.00606957675181654, BFx, 1.0, 0.0, 0.0,                             BFy, 0.0, -0.9842557787120073, 0.1767499987893024, BFz, 0.0, -0.17674999878930261, -0.9842557787120074
Time, 0.194, Pos_X, -0.0002607377312019994, Pos_Y, 0.002238025569261352, Pos_Z, 0.0063640142679695, BFx, 1.0, 0.0, 0.0,                             BFy, 0.0, -0.9839182716105912, 0.1786192452979963, BFz, 0.0, -0.17861924529799655, -0.9839182716105912
Time, 0.196, Pos_X, -0.00011587061532599918, Pos_Y, 0.0021889341788291603, Pos_Z, 0.006660639707108391, BFx, 1.0, 0.0, 0.0,                             BFy, 0.0, -0.9836144467983754, 0.1802848303366779, BFz, 0.0, -0.18028483033667814, -0.9836144467983754
Time, 0.198, Pos_X, 3.7222432150001036e-05, Pos_Y, 0.0021362463118457424, Pos_Z, 0.006959389647784593, BFx, 1.0, 0.0, 0.0,                             BFy, 0.0, -0.9833479234028946, 0.18173294016004252, BFz, 0.0, -0.18173294016004282, -0.9833479234028946
Time, 0.2, Pos_X, 0.00019900207702600126, Pos_Y, 0.0020799849484857157, Pos_Z, 0.007260236397160004, BFx, 1.0, 0.0, 0.0,                             BFy, 0.0, -0.9831220887594748, 0.18295069989810211, BFz, 0.0, -0.1829506998981024, -0.9831220887594749
Time, 0.202, Pos_X, 0.0003698812101020015, Pos_Y, 0.0020201309472731026, Pos_Z, 0.0075631860698328465, BFx, 1.0, 0.0, 0.0,                             BFy, 0.0, -0.9829400245881643, 0.18392636587128172, BFz, 0.0, -0.183926365871282, -0.9829400245881645
Time, 0.204, Pos_X, 0.0005502180591779992, Pos_Y, 0.001956622961057198, Pos_Z, 0.007868274018422043, BFx, 1.0, 0.0, 0.0,                             BFy, 0.0, -0.9828044835773341, 0.1846492541557835, BFz, 0.0, -0.1846492541557838, -0.9828044835773343
Time, 0.206, Pos_X, 0.0007403044196539993, Pos_Y, 0.0018893559593567985, Pos_Z, 0.008175555987766123, BFx, 1.0, 0.0, 0.0,                             BFy, 0.0, -0.9827178734427983, 0.18510964646949526, BFz, 0.0, -0.1851096464694955, -0.9827178734427985
Time, 0.208, Pos_X, 0.0009403626077299994, Pos_Y, 0.001818186450430144, Pos_Z, 0.008485102014349419, BFx, 1.0, 0.0, 0.0,                             BFy, 0.0, -0.9826822305339841, 0.18529876899955683, BFz, 0.0, -0.18529876899955705, -0.9826822305339842
Time, 0.21, Pos_X, 0.0011505470506059995, Pos_Y, 0.0017429389096553824, Pos_Z, 0.008796995407113825, BFx, 1.0, 0.0, 0.0,                             BFy, 0.0, -0.9826992170389137, 0.18520866294831553, BFz, 0.0, -0.18520866294831576, -0.9826992170389139
Time, 0.212, Pos_X, 0.0013709420382819995, Pos_Y, 0.0016634090702274975, Pos_Z, 0.009111329595482942, BFx, 1.0, 0.0, 0.0,                             BFy, 0.0, -0.9827701550433188, 0.18483187592005865, BFz, 0.0, -0.1848318759200589, -0.9827701550433189
Time, 0.214, Pos_X, 0.0016015630611579997, Pos_Y, 0.0015793675661258503, Pos_Z, 0.009428202575814164, BFx, 1.0, 0.0, 0.0,                             BFy, 0.0, -0.9828959941530814, 0.18416151790703497, BFz, 0.0, -0.1841615179070352, -0.9828959941530814
Time, 0.216, Pos_X, 0.0018423557570339999, Pos_Y, 0.0014905605392193772, Pos_Z, 0.009747712928649654, BFx, 1.0, 0.0, 0.0,                             BFy, 0.0, -0.9830772863935833, 0.1831912906691412, BFz, 0.0, -0.1831912906691414, -0.9830772863935833
Time, 0.218, Pos_X, 0.0020931926691100003, Pos_Y, 0.0013967089299652686, Pos_Z, 0.010069958143172176, BFx, 1.0, 0.0, 0.0,                             BFy, 0.0, -0.9833141151907823, 0.1819157795974999, BFz, 0.0, -0.1819157795975001, -0.9833141151907823
Time, 0.22, Pos_X, 0.0023538708287860004, Pos_Y, 0.0012975090519788037, Pos_Z, 0.010395032178279705, BFx, 1.0, 0.0, 0.0,                             BFy, 0.0, -0.9836060282693677, 0.18033075487047895, BFz, 0.0, -0.18033075487047914, -0.9836060282693677
Time, 0.222, Pos_X, 0.002624110233462001, Pos_Y, 0.001192636597723634, Pos_Z, 0.010723018739956342, BFx, 1.0, 0.0, 0.0,                             BFy, 0.0, -0.9839519675868067, 0.17843353239245283, BFz, 0.0, -0.17843353239245296, -0.9839519675868067
Time, 0.224, Pos_X, 0.002903554229138001, Pos_Y, 0.0010817533519541236, Pos_Z, 0.011053982641241902, BFx, 1.0, 0.0, 0.0,                             BFy, 0.0, -0.9843501738433136, 0.17622353774293417, BFz, 0.0, -0.1762235377429343, -0.9843501738433136
Time, 0.226, Pos_X, 0.0031917715428140016, Pos_Y, 0.0009645145444933447, Pos_Z, 0.011387962714913463, BFx, 1.0, 0.0, 0.0,                             BFy, 0.0, -0.9847980823345339, 0.17370301387777265, BFz, 0.0, -0.17370301387777282, -0.984798082334534
Time, 0.228, Pos_X, 0.003488258484890002, Pos_Y, 0.0008405754052026096, Pos_Z, 0.011724969553919778, BFx, 1.0, 0.0, 0.0,                             BFy, 0.0, -0.9852922894224319, 0.1708774543487226, BFz, 0.0, -0.17087745434872276, -0.9852922894224319
Time, 0.23, Pos_X, 0.0037924425597660022, Pos_Y, 0.0007095958381491369, Pos_Z, 0.012064987702636079, BFx, 1.0, 0.0, 0.0,                             BFy, 0.0, -0.9858285928981652, 0.1677557314204816, BFz, 0.0, -0.16775573142048178, -0.9858285928981653
Time, 0.232, Pos_X, 0.004103688023642003, Pos_Y, 0.000571243677382734, Pos_Z, 0.01240797840840337, BFx, 1.0, 0.0, 0.0,                             BFy, 0.0, -0.9864018796689754, 0.16435124515959593, BFz, 0.0, -0.16435124515959607, -0.9864018796689753
Time, 0.234, Pos_X, 0.004421303304518003, Pos_Y, 0.0004251976883863194, Pos_Z, 0.012753879436320488, BFx, 1.0, 0.0, 0.0,                             BFy, 0.0, -0.9870061693116298, 0.16068236288024856, BFz, 0.0, -0.1606823628802487, -0.9870061693116298
Time, 0.236, Pos_X, 0.004744549767993999, Pos_Y, 0.00027115094599677576, Pos_Z, 0.013102602112999646, BFx, 1.0, 0.0, 0.0,                             BFy, 0.0, -0.9876347776472745, 0.15677227427583007, BFz, 0.0, -0.15677227427583024, -0.9876347776472745
Time, 0.238, Pos_X, 0.00507265112967, Pos_Y, 0.00010881451089970556, Pos_Z, 0.013454028783854656, BFx, 1.0, 0.0, 0.0,                             BFy, 0.0, -0.9882804953736278, 0.1526488207096745, BFz, 0.0, -0.1526488207096747, -0.9882804953736277
Time, 0.24, Pos_X, 0.005404803052746, Pos_Y, -6.207919911976217e-05, Pos_Z, 0.013808012100331545, BFx, 1.0, 0.0, 0.0,                             BFy, 0.0, -0.9889357201440865, 0.1483446710303221, BFz, 0.0, -0.14834467103032228, -0.9889357201440864
Time, 0.242, Pos_X, 0.005740183316822, Pos_Y, -0.00024177348363301382, Pos_Z, 0.014164377248463879, BFx, 1.0, 0.0, 0.0,                             BFy, 0.0, -0.9895926214880756, 0.14389733665483745, BFz, 0.0, -0.14389733665483762, -0.9895926214880755
Time, 0.244, Pos_X, 0.006077962824698001, Pos_Y, -0.00043048463829754597, Pos_Z, 0.014522927114179459, BFx, 1.0, 0.0, 0.0,                             BFy, 0.0, -0.9902433301900786, 0.13934901152882317, BFz, 0.0, -0.13934901152882334, -0.9902433301900785
Time, 0.246, Pos_X, 0.006417316170454002, Pos_Y, -0.0006283996476751136, Pos_Z, 0.014883448097285099, BFx, 1.0, 0.0, 0.0,                             BFy, 0.0, -0.9908802073502494, 0.13474574086599, BFz, 0.0, -0.13474574086599014, -0.990880207350249
Time, 0.248, Pos_X, 0.006757432044502002, Pos_Y, -0.0008356745667535936, Pos_Z, 0.015245715879195789, BFx, 1.0, 0.0, 0.0,                             BFy, 0.0, -0.9914961404601201, 0.13013609588689704, BFz, 0.0, -0.13013609588689717, -0.9914961404601197
Time, 0.25, Pos_X, 0.007097522600042002, Pos_Y, -0.0010524335483180368, Pos_Z, 0.015609500814658903, BFx, 1.0, 0.0, 0.0,                             BFy, 0.0, -0.9920847625151215, 0.12556999635785962, BFz, 0.0, -0.1255699963578598, -0.9920847625151209
Time, 0.252, Pos_X, 0.007436831683022003, Pos_Y, -0.0012787679689271977, Pos_Z, 0.015974571199305367, BFx, 1.0, 0.0, 0.0,                             BFy, 0.0, -0.9926406155475707, 0.12109751593380405, BFz, 0.0, -0.12109751593380422, -0.9926406155475701
Time, 0.254, Pos_X, 0.007774642789362004, Pos_Y, -0.0015147363775319081, Pos_Z, 0.01634069626487049, BFx, 1.0, 0.0, 0.0,                             BFy, 0.0, -0.9931592242041757, 0.11676795527094629, BFz, 0.0, -0.11676795527094642, -0.9931592242041751
Time, 0.256, Pos_X, 0.008110286272902004, Pos_Y, -0.0017603651288041285, Pos_Z, 0.016707650136306127, BFx, 1.0, 0.0, 0.0,                             BFy, 0.0, -0.9936371714193402, 0.11262846697780632, BFz, 0.0, -0.11262846697780647, -0.9936371714193395
Time, 0.258, Pos_X, 0.008443145188042005, Pos_Y, -0.002015648569085212, Pos_Z, 0.017075215100375192, BFx, 1.0, 0.0, 0.0,                             BFy, 0.0, -0.9940721125263695, 0.1087227441585182, BFz, 0.0, -0.10872274415851838, -0.9940721125263691
Time, 0.26, Pos_X, 0.008772658796782006, Pos_Y, -0.002280549000670552, Pos_Z, 0.017443184221188512, BFx, 1.0, 0.0, 0.0,                             BFy, 0.0, -0.9944628149644152, 0.10508905581957141, BFz, 0.0, -0.10508905581957159, -0.9944628149644147
Time, 0.262, Pos_X, 0.009098323599522007, Pos_Y, -0.002554997561641479, Pos_Z, 0.017811362456508554, BFx, 1.0, 0.0, 0.0,                             BFy, 0.0, -0.9948092040544256, 0.10175778854022739, BFz, 0.0, -0.10175778854022756, -0.994809204054425
Time, 0.264, Pos_X, 0.009419692477462008, Pos_Y, -0.002838897164497824, Pos_Z, 0.01817956634621151, BFx, 1.0, 0.0, 0.0,                             BFy, 0.0, -0.9951123609296045, 0.0987491221485358, BFz, 0.0, -0.09874912214853601, -0.9951123609296038
Time, 0.266, Pos_X, 0.009736371677202009, Pos_Y, -0.003132126744557571, Pos_Z, 0.018547623233735783, BFx, 1.0, 0.0, 0.0,                             BFy, 0.0, -0.9953744445455076, 0.09607140649391828, BFz, 0.0, -0.09607140649391849, -0.9953744445455069
Time, 0.268, Pos_X, 0.010048016703742009, Pos_Y, -0.003434545757701717, Pos_Z, 0.018915369125332447, BFx, 1.0, 0.0, 0.0,                             BFy, 0.0, -0.9955985784334468, 0.0937201719017701, BFz, 0.0, -0.09372017190177032, -0.9955985784334461
Time, 0.27, Pos_X, 0.010354328046282009, Pos_Y, -0.0037459981903555034, Pos_Z, 0.01928264574638187, BFx, 1.0, 0.0, 0.0,                             BFy, 0.0, -0.9957886414211512, 0.09167868681768641, BFz, 0.0, -0.09167868681768664, -0.9957886414211505
Time, 0.272, Pos_X, 0.01065504560522201, Pos_Y, -0.004066316526819587, Pos_Z, 0.019649299245805028, BFx, 1.0, 0.0, 0.0,                             BFy, 0.0, -0.9959489920605319, 0.08991999340307191, BFz, 0.0, -0.08991999340307211, -0.9959489920605311
Time, 0.274, Pos_X, 0.01094994363356201, Pos_Y, -0.004395325462329836, Pos_Z, 0.020015180484409634, BFx, 1.0, 0.0, 0.0,                             BFy, 0.0, -0.9960841443022604, 0.08841027920797333, BFz, 0.0, -0.08841027920797354, -0.9960841443022597
Time, 0.276, Pos_X, 0.01123882743830201, Pos_Y, -0.00473284433420958, Pos_Z, 0.020380144081299536, BFx, 1.0, 0.0, 0.0,                             BFy, 0.0, -0.9961984188678602, 0.08711320362134194, BFz, 0.0, -0.08711320362134213, -0.9961984188678595
Time, 0.278, Pos_X, 0.01152152960244201, Pos_Y, -0.005078689303374563, Pos_Z, 0.020744046299680144, BFx, 1.0, 0.0, 0.0,                             BFy, 0.0, -0.9962956048576453, 0.08599457972068354, BFz, 0.0, -0.08599457972068374, -0.9962956048576446
Time, 0.28, Pos_X, 0.011797904205782011, Pos_Y, -0.005432677395833021, Pos_Z, 0.021106745386817928, BFx, 1.0, 0.0, 0.0,                             BFy, 0.0, -0.9963786772694804, 0.08502665160241876, BFz, 0.0, -0.085026651602419, -0.9963786772694797
Time, 0.282, Pos_X, 0.012067822263522003, Pos_Y, -0.005794630742274029, Pos_Z, 0.021468103719100164, BFx, 1.0, 0.0, 0.0,                             BFy, 0.0, -0.9964495894149773, 0.08419154206166633, BFz, 0.0, -0.08419154206166658, -0.9964495894149766
Time, 0.284, Pos_X, 0.012331169779462003, Pos_Y, -0.006164379140445595, Pos_Z, 0.021827989563057086, BFx, 1.0, 0.0, 0.0,                             BFy, 0.0, -0.9965092071050544, 0.0834829333148654, BFz, 0.0, -0.08348293331486566, -0.9965092071050538
Time, 0.286, Pos_X, 0.012587846220402004, Pos_Y, -0.0065417623833054625, Pos_Z, 0.02218627917843127, BFx, 1.0, 0.0, 0.0,                             BFy, 0.0, -0.996557442229672, 0.08290515265441642, BFz, 0.0, -0.08290515265441667, -0.9965574422296714
Time, 0.288, Pos_X, 0.012837763571542003, Pos_Y, -0.006926631640504384, Pos_Z, 0.022542859293347643, BFx, 1.0, 0.0, 0.0,                             BFy, 0.0, -0.9965934203495943, 0.08247153761083194, BFz, 0.0, -0.08247153761083217, -0.9965934203495936
Time, 0.29, Pos_X, 0.013080846782482003, Pos_Y, -0.0073188496128050225, Pos_Z, 0.022897629814018095, BFx, 1.0, 0.0, 0.0,                             BFy, 0.0, -0.996615702087295, 0.08220183910987872, BFz, 0.0, -0.08220183910987895, -0.9966157020872943
Time, 0.292, Pos_X, 0.013317035432222003, Pos_Y, -0.00771829073218995, Pos_Z, 0.023250506862338087, BFx, 1.0, 0.0, 0.0,                             BFy, 0.0, -0.9966225794726139, 0.08211841501972378, BFz, 0.0, -0.082118415019724, -0.9966225794726135
Time, 0.294, Pos_X, 0.013546286498162002, Pos_Y, -0.008124841146719108, Pos_Z, 0.023601425244440564, BFx, 1.0, 0.0, 0.0,                             BFy, 0.0, -0.9966123680131226, 0.08224225144823125, BFz, 0.0, -0.08224225144823148, -0.9966123680131224
Time, 0.296, Pos_X, 0.013768577069902003, Pos_Y, -0.008538399071641401, Pos_Z, 0.023950340632024652, BFx, 1.0, 0.0, 0.0,                             BFy, 0.0, -0.9965836322051679, 0.08258973314372985, BFz, 0.0, -0.08258973314373005, -0.9965836322051675
Time, 0.298, Pos_X, 0.013983907303442003, Pos_Y, -0.008958875500778112, Pos_Z, 0.024297232574891043, BFx, 1.0, 0.0, 0.0,                             BFy, 0.0, -0.9965353338551565, 0.08317047780426305, BFz, 0.0, -0.08317047780426326, -0.9965353338551561
Time, 0.3, Pos_X, 0.014192303816582003, Pos_Y, -0.0093861942430763, Pos_Z, 0.024642106916172874, BFx, 1.0, 0.0, 0.0,                             BFy, 0.0, -0.9964668721634727, 0.08398674110086118, BFz, 0.0, -0.08398674110086139, -0.9964668721634724
Time, 0.302, Pos_X, 0.014393822664922003, Pos_Y, -0.009820290903383919, Pos_Z, 0.02498499651472046, BFx, 1.0, 0.0, 0.0,                             BFy, 0.0, -0.9963780809731382, 0.08503363896884628, BFz, 0.0, -0.08503363896884648, -0.9963780809731378
Time, 0.304, Pos_X, 0.014588551830262003, Pos_Y, -0.010261112086368214, Pos_Z, 0.025325960358591776, BFx, 1.0, 0.0, 0.0,                             BFy, 0.0, -0.9962692243801311, 0.08629966716627233, BFz, 0.0, -0.08629966716627253, -0.9962692243801308
Time, 0.306, Pos_X, 0.014776612256802003, Pos_Y, -0.010708615238044965, Pos_Z, 0.025665080291004762, BFx, 1.0, 0.0, 0.0,                             BFy, 0.0, -0.9961409789536296, 0.08776759111028393, BFz, 0.0, -0.08776759111028412, -0.9961409789536293
Time, 0.308, Pos_X, 0.014958158017342004, Pos_Y, -0.011162767365106692, Pos_Z, 0.026002456902687168, BFx, 1.0, 0.0, 0.0,                             BFy, 0.0, -0.9959944089121487, 0.08941553229577553, BFz, 0.0, -0.08941553229577574, -0.9959944089121483
Time, 0.31, Pos_X, 0.015133377389082004, Pos_Y, -0.011623543281490064, Pos_Z, 0.026338204992461065, BFx, 1.0, 0.0, 0.0,                             BFy, 0.0, -0.9958309042551121, 0.09121847472109518, BFz, 0.0, -0.09121847472109539, -0.9958309042551119
