Time, 0, Pos_X, 0.0, Pos_Y, 0.0, Pos_Z, 0.0, BFx, 1, 0, 0,                         BFy, 0, -1, 0, BFz, 0, 0, -1
Time, 0.0, Pos_X, 0.0, Pos_Y, 0.0, Pos_Z, 0.0, BFx, 1.0, 0.0, 0.0,                             BFy, 0.0, -1.0, 0.0, BFz, 0.0, 0.0, -1.0
Time, 0.002, Pos_X, -3.6701202e-06, Pos_Y, 7.613965971461086e-06, Pos_Z, 6.158387846065794e-06, BFx, 1.0, 0.0, 0.0,                             BFy, 0.0, -0.9999768320156955, 0.006807013431252725, BFz, 0.0, -0.006807013431252724, -0.9999768320156955
Time, 0.004, Pos_X, -1.4696694999999999e-05, Pos_Y, 3.053710229618978e-05, Pos_Z, 2.447367707745915e-05, BFx, 1.0, 0.0, 0.0,                             BFy, 0.0, -0.9999104739141168, 0.013380738277325317, BFz, 0.0, -0.013380738277325315, -0.9999104739141169
Time, 0.006, Pos_X, -3.3122448199999994e-05, Pos_Y, 6.893733535277288e-05, Pos_Z, 5.4611369502163604e-05, BFx, 1.0, 0.0, 0.0,                             BFy, 0.0, -0.9998060285605096, 0.019695310458613568, BFz, 0.0, -0.019695310458613568, -0.9998060285605097
Time, 0.008, Pos_X, -5.9011677999999996e-05, Pos_Y, 0.00012299286180321342, Pos_Z, 9.620720043472956e-05, BFx, 1.0, 0.0, 0.0,                             BFy, 0.0, -0.999669092730268, 0.025723628045874972, BFz, 0.0, -0.02572362804587498, -0.999669092730268
Time, 0.01, Pos_X, -9.245220379999999e-05, Pos_Y, 0.00019289095666117414, Pos_Z, 0.00014886709521916665, BFx, 1.0, 0.0, 0.0,                             BFy, 0.0, -0.9995057024523819, 0.031438046459192764, BFz, 0.0, -0.03143804645919277, -0.999505702452382
Time, 0.012, Pos_X, -0.00013355874319999998, Pos_Y, 0.00027882617891168677, Pos_Z, 0.0002121665468511863, BFx, 1.0, 0.0, 0.0,                             BFy, 0.0, -0.9993222390119889, 0.03681117515192066, BFz, 0.0, -0.036811175151920665, -0.9993222390119889
Time, 0.014, Pos_X, -0.00018247647739999998, Pos_Y, 0.00038099732164397496, Pos_Z, 0.0002856499793100887, BFx, 1.0, 0.0, 0.0,                             BFy, 0.0, -0.9991253009741125, 0.0418166588023124, BFz, 0.0, -0.0418166588023124, -0.9991253009741125
Time, 0.016, Pos_X, -0.00023938286559999997, Pos_Y, 0.0004996043526988294, Pos_Z, 0.00036883119823661703, BFx, 1.0, 0.0, 0.0,                             BFy, 0.0, -0.9989215631555756, 0.04642963130179847, BFz, 0.0, -0.04642963130179848, -0.9989215631555757
Time, 0.018, Pos_X, -0.0003044891575999999, Pos_Y, 0.0006348450692378578, Pos_Z, 0.0004611939916359298, BFx, 1.0, 0.0, 0.0,                             BFy, 0.0, -0.9987176256719091, 0.05062710906484339, BFz, 0.0, -0.05062710906484339, -0.9987176256719092
Time, 0.02, Pos_X, -0.00037804169279999995, Pos_Y, 0.0007869108600304724, Pos_Z, 0.0005621934771535866, BFx, 1.0, 0.0, 0.0,                             BFy, 0.0, -0.9985198429509606, 0.05438863147007649, BFz, 0.0, -0.0543886314700765, -0.9985198429509607
Time, 0.022, Pos_X, -0.0004603232523999999, Pos_Y, 0.0009559819566104331, Pos_Z, 0.0006712581990525428, BFx, 1.0, 0.0, 0.0,                             BFy, 0.0, -0.9983341785846026, 0.0576963419100873, BFz, 0.0, -0.057696341910087316, -0.9983341785846028
Time, 0.024, Pos_X, -0.0005516562636, Pos_Y, 0.0011422216236037087, Pos_Z, 0.0007877909064707186, BFx, 1.0, 0.0, 0.0,                             BFy, 0.0, -0.998166095331292, 0.06053466883597086, BFz, 0.0, -0.06053466883597087, -0.9981660953312923
Time, 0.026, Pos_X, -0.0006524062257999999, Pos_Y, 0.0013457699249622384, Pos_Z, 0.0009111685971263979, BFx, 1.0, 0.0, 0.0,                             BFy, 0.0, -0.9980204693882765, 0.06288992512321231, BFz, 0.0, -0.0628899251232123, -0.9980204693882767
Time, 0.028, Pos_X, -0.0007629829068, Pos_Y, 0.0015667385684343205, Pos_Z, 0.0010407439097063194, BFx, 1.0, 0.0, 0.0,                             BFy, 0.0, -0.9979022345641672, 0.06473893922393748, BFz, 0.0, -0.06473893922393746, -0.9979022345641674
Time, 0.03, Pos_X, -0.0008838402004, Pos_Y, 0.0018052067709611616, Pos_Z, 0.0011758478354255198, BFx, 1.0, 0.0, 0.0,                             BFy, 0.0, -0.9978146759062358, 0.0660747496864895, BFz, 0.0, -0.06607474968648949, -0.997814675906236
Time, 0.032, Pos_X, -0.0010154752794000002, Pos_Y, 0.00206121677537468, Pos_Z, 0.001315793640465668, BFx, 1.0, 0.0, 0.0,                             BFy, 0.0, -0.9977603444418927, 0.0668901716188117, BFz, 0.0, -0.06689017161881167, -0.9977603444418928
Time, 0.034, Pos_X, -0.0011584271858000002, Pos_Y, 0.002334768828905587, Pos_Z, 0.0014598819656336346, BFx, 1.0, 0.0, 0.0,                             BFy, 0.0, -0.9977409983050993, 0.06717812367982905, BFz, 0.0, -0.06717812367982903, -0.9977409983050994
Time, 0.036, Pos_X, -0.0013132751225999998, Pos_Y, 0.0026258159457407744, Pos_Z, 0.0016074063704073665, BFx, 1.0, 0.0, 0.0,                             BFy, 0.0, -0.997757529306956, 0.06693215005718306, BFz, 0.0, -0.06693215005718305, -0.9977575293069562
Time, 0.038, Pos_X, -0.0014806360226, Pos_Y, 0.0029342587409114987, Pos_Z, 0.0017576592292564929, BFx, 1.0, 0.0, 0.0,                             BFy, 0.0, -0.9978098958791913, 0.06614689475368965, BFz, 0.0, -0.06614689475368964, -0.9978098958791914
Time, 0.04, Pos_X, -0.0016611611390000003, Pos_Y, 0.0032599407006598463, Pos_Z, 0.0019099388703828267, BFx, 1.0, 0.0, 0.0,                             BFy, 0.0, -0.9978970500242959, 0.0648188055490567, BFz, 0.0, -0.0648188055490567, -0.997897050024296
Time, 0.042, Pos_X, -0.0018555327394000004, Pos_Y, 0.00360264330457989, Pos_Z, 0.0020635570716441196, BFx, 1.0, 0.0, 0.0,                             BFy, 0.0, -0.9980168938161049, 0.06294664135322907, BFz, 0.0, -0.06294664135322908, -0.998016893816105
Time, 0.044, Pos_X, -0.0020644639902, Pos_Y, 0.003962080402134979, Pos_Z, 0.002217843783212872, BFx, 1.0, 0.0, 0.0,                             BFy, 0.0, -0.9981662683010377, 0.06053181664198527, BFz, 0.0, -0.06053181664198527, -0.9981662683010378
Time, 0.046, Pos_X, -0.0022887004360000003, Pos_Y, 0.0043378933718710875, Pos_Z, 0.0023721490667260882, BFx, 1.0, 0.0, 0.0,                             BFy, 0.0, -0.9983409631757635, 0.057578826362534724, BFz, 0.0, -0.05757882636253472, -0.9983409631757636
Time, 0.048, Pos_X, -0.0025290177776000006, Pos_Y, 0.004729648981949757, Pos_Z, 0.002525844294780858, BFx, 1.0, 0.0, 0.0,                             BFy, 0.0, -0.9985358007356193, 0.05409486712502319, BFz, 0.0, -0.05409486712502318, -0.9985358007356194
Time, 0.05, Pos_X, -0.0027862163718000007, Pos_Y, 0.005136839566653724, Pos_Z, 0.0026783245908034207, BFx, 1.0, 0.0, 0.0,                             BFy, 0.0, -0.9987447576313727, 0.050089011807472085, BFz, 0.0, -0.05008901180747207, -0.9987447576313728
Time, 0.052, Pos_X, -0.0030611172926, Pos_Y, 0.005558882715164686, Pos_Z, 0.0028290138058784504, BFx, 1.0, 0.0, 0.0,                             BFy, 0.0, -0.9989610756604952, 0.045571584515188564, BFz, 0.0, -0.04557158451518854, -0.9989610756604953
Time, 0.054, Pos_X, -0.0033545609514000004, Pos_Y, 0.005995119697204086, Pos_Z, 0.0029773708430272305, BFx, 1.0, 0.0, 0.0,                             BFy, 0.0, -0.99917737582085, 0.040553318578859195, BFz, 0.0, -0.04055331857885917, -0.9991773758208501
Time, 0.056, Pos_X, -0.0036674091992000006, Pos_Y, 0.006444814953764579, Pos_Z, 0.0031228890461045423, BFx, 1.0, 0.0, 0.0,                             BFy, 0.0, -0.9993857433982376, 0.03504476982875647, BFz, 0.0, -0.03504476982875645, -0.9993857433982376
Time, 0.058, Pos_X, -0.004000541953000001, Pos_Y, 0.00690715528107571, Pos_Z, 0.003265101701248861, BFx, 1.0, 0.0, 0.0,                             BFy, 0.0, -0.9995777919204787, 0.029055772221349196, BFz, 0.0, -0.029055772221349172, -0.9995777919204786
Time, 0.06, Pos_X, -0.0043548478997999995, Pos_Y, 0.0073812502244248734, Pos_Z, 0.0034035941926050827, BFx, 1.0, 0.0, 0.0,                             BFy, 0.0, -0.9997447028099312, 0.022594893305366997, BFz, 0.0, -0.022594893305366973, -0.9997447028099311
Time, 0.062, Pos_X, -0.0047312177932, Pos_Y, 0.007866135692915676, Pos_Z, 0.0035380082136842743, BFx, 1.0, 0.0, 0.0,                             BFy, 0.0, -0.9998772287688329, 0.01566931362753249, BFz, 0.0, -0.015669313627532457, -0.9998772287688328
Time, 0.064, Pos_X, -0.0051305437564, Pos_Y, 0.008360774334174407, Pos_Z, 0.0036680425394274288, BFx, 1.0, 0.0, 0.0,                             BFy, 0.0, -0.9999656789963645, 0.008284976121800243, BFz, 0.0, -0.008284976121800213, -0.9999656789963642
Time, 0.066, Pos_X, -0.005553727314000001, Pos_Y, 0.008864051941980238, Pos_Z, 0.0037934537294390617, BFx, 1.0, 0.0, 0.0,                             BFy, 0.0, -0.9999999000967056, 0.00044699729111450715, BFz, 0.0, -0.0004469972911144786, -0.9999999000967054
Time, 0.068, Pos_X, -0.006001682870000001, Pos_Y, 0.009374776996475683, Pos_Z, 0.003914060663197909, BFx, 1.0, 0.0, 0.0,                             BFy, 0.0, -0.9999692691692426, -0.007839688586298448, BFz, 0.0, 0.007839688586298476, -0.9999692691692424
Time, 0.07, Pos_X, -0.006475333963200001, Pos_Y, 0.009891685136957823, Pos_Z, 0.004029749853752908, BFx, 1.0, 0.0, 0.0,                             BFy, 0.0, -0.9998627207723381, -0.01656923684835079, BFz, 0.0, 0.016569236848350818, -0.9998627207723377
Time, 0.072, Pos_X, -0.0069756128903999985, Pos_Y, 0.01041344371853456, Pos_Z, 0.004140479330822455, BFx, 1.0, 0.0, 0.0,                             BFy, 0.0, -0.999668814679371, -0.025734431362292795, BFz, 0.0, 0.02573443136229282, -0.9996688146793706
Time, 0.074, Pos_X, -0.007503461232799999, Pos_Y, 0.01093865572869895, Pos_Z, 0.004246283485137124, BFx, 1.0, 0.0, 0.0,                             BFy, 0.0, -0.9993758296056213, -0.03532635277062904, BFz, 0.0, 0.035326352770629066, -0.9993758296056212
Time, 0.076, Pos_X, -0.0080598294432, Pos_Y, 0.011465863981090035, Pos_Z, 0.004347277046139462, BFx, 1.0, 0.0, 0.0,                             BFy, 0.0, -0.9989719109940204, -0.04533344289764116, BFz, 0.0, 0.045333442897641185, -0.9989719109940202
Time, 0.078, Pos_X, -0.008645678330400001, Pos_Y, 0.011993554999385626, Pos_Z, 0.0044436549341863255, BFx, 1.0, 0.0, 0.0,                             BFy, 0.0, -0.9984452742975216, -0.05574077711106521, BFz, 0.0, 0.05574077711106523, -0.9984452742975213
Time, 0.08, Pos_X, -0.009261977555600001, Pos_Y, 0.012520165359956372, Pos_Z, 0.004535692650828972, BFx, 1.0, 0.0, 0.0,                             BFy, 0.0, -0.9977844211161246, -0.06653006070911804, BFz, 0.0, 0.06653006070911806, -0.9977844211161242
Time, 0.082, Pos_X, -0.009909700984800002, Pos_Y, 0.013044091161721318, Pos_Z, 0.004623749036267984, BFx, 1.0, 0.0, 0.0,                             BFy, 0.0, -0.9969783537220064, -0.07767987004209624, BFz, 0.0, 0.07767987004209626, -0.9969783537220059
Time, 0.084, Pos_X, -0.010589823530000004, Pos_Y, 0.01356369868051837, Pos_Z, 0.004708268768990973, BFx, 1.0, 0.0, 0.0,                             BFy, 0.0, -0.99601678095865, -0.08916598033312596, BFz, 0.0, 0.08916598033312595, -0.9960167809586495
Time, 0.086, Pos_X, -0.011303318439199999, Pos_Y, 0.01407733516115491, Pos_Z, 0.004789785287779429, BFx, 1.0, 0.0, 0.0,                             BFy, 0.0, -0.9948903110604809, -0.10096172026059431, BFz, 0.0, 0.1009617202605943, -0.9948903110604805
Time, 0.088, Pos_X, -0.012051152630399999, Pos_Y, 0.014583340679828805, Pos_Z, 0.004868924917965393, BFx, 1.0, 0.0, 0.0,                             BFy, 0.0, -0.9935906297512848, -0.11303831417021558, BFz, 0.0, 0.11303831417021554, -0.9935906297512844
Time, 0.09, Pos_X, -0.0128342813936, Pos_Y, 0.015080061393389526, Pos_Z, 0.004946410589285537, BFx, 1.0, 0.0, 0.0,                             BFy, 0.0, -0.9921106599111957, -0.1253652204184645, BFz, 0.0, 0.12536522041846446, -0.9921106599111956
Time, 0.092, Pos_X, -0.0136536433248, Pos_Y, 0.015565863571776854, Pos_Z, 0.00502306362398791, BFx, 1.0, 0.0, 0.0,                             BFy, 0.0, -0.9904446597183831, -0.13791075387849355, BFz, 0.0, 0.1379107538784935, -0.990444659718383
Time, 0.094, Pos_X, -0.014510155228, Pos_Y, 0.01603914752922228, Pos_Z, 0.005099804324892547, BFx, 1.0, 0.0, 0.0,                             BFy, 0.0, -0.9885883416030211, -0.150642261157309, BFz, 0.0, 0.15064226115730897, -0.988588341603021
Time, 0.096, Pos_X, -0.0154047080532, Pos_Y, 0.01649836088846732, Pos_Z, 0.0051776511865030735, BFx, 1.0, 0.0, 0.0,                             BFy, 0.0, -0.9865390770611052, -0.1635256843172388, BFz, 0.0, 0.16352568431723877, -0.9865390770611052
Time, 0.098, Pos_X, -0.0163381621604, Pos_Y, 0.016942011841340084, Pos_Z, 0.005257719029371522, BFx, 1.0, 0.0, 0.0,                             BFy, 0.0, -0.9842959943232383, -0.17652590619856823, BFz, 0.0, 0.1765259061985682, -0.9842959943232384
Time, 0.1, Pos_X, -0.017311340943599998, Pos_Y, 0.01736868261141295, Pos_Z, 0.00534121639119845, BFx, 1.0, 0.0, 0.0,                             BFy, 0.0, -0.9818599730237406, -0.18960747183014065, BFz, 0.0, 0.18960747183014062, -0.9818599730237407
Time, 0.102, Pos_X, -0.01832502534879999, Pos_Y, 0.017777042671725165, Pos_Z, 0.005429440952901267, BFx, 1.0, 0.0, 0.0,                             BFy, 0.0, -0.9792336246439542, -0.20273506940502822, BFz, 0.0, 0.2027350694050282, -0.9792336246439542
Time, 0.104, Pos_X, -0.01937994929999999, Pos_Y, 0.01816586048457063, Pos_Z, 0.005523773269043963, BFx, 1.0, 0.0, 0.0,                             BFy, 0.0, -0.9764211032423015, -0.21587456807851468, BFz, 0.0, 0.21587456807851468, -0.9764211032423015
Time, 0.106, Pos_X, -0.020476795561199992, Pos_Y, 0.018534013930629353, Pos_Z, 0.00562566908739846, BFx, 1.0, 0.0, 0.0,                             BFy, 0.0, -0.973427816580165, -0.2289940739581942, BFz, 0.0, 0.2289940739581942, -0.9734278165801651
Time, 0.108, Pos_X, -0.021616192842399993, Pos_Y, 0.018880498364475088, Pos_Z, 0.00573665044384479, BFx, 1.0, 0.0, 0.0,                             BFy, 0.0, -0.9702601169122266, -0.24206467220449743, BFz, 0.0, 0.24206467220449743, -0.9702601169122267
Time, 0.11, Pos_X, -0.022798713635599994, Pos_Y, 0.019204431857378895, Pos_Z, 0.005858295614810929, BFx, 1.0, 0.0, 0.0,                             BFy, 0.0, -0.9669248294633831, -0.2550615105561914, BFz, 0.0, 0.2550615105561915, -0.9669248294633832
Time, 0.112, Pos_X, -0.024024872408799997, Pos_Y, 0.019505058881667026, Pos_Z, 0.005992227331782473, BFx, 1.0, 0.0, 0.0,                             BFy, 0.0, -0.9634287729927131, -0.26796454871820974, BFz, 0.0, 0.26796454871820985, -0.9634287729927132
Time, 0.114, Pos_X, -0.025295124952, Pos_Y, 0.01978175144530161, Pos_Z, 0.0061400990476295735, BFx, 1.0, 0.0, 0.0,                             BFy, 0.0, -0.9597784566888132, -0.2807584621628313, BFz, 0.0, 0.28075846216283146, -0.9597784566888135
Time, 0.116, Pos_X, -0.0266098679852, Pos_Y, 0.020034007566714116, Pos_Z, 0.006303579631994608, BFx, 1.0, 0.0, 0.0,                             BFy, 0.0, -0.9559798466763937, -0.2934323307827148, BFz, 0.0, 0.29343233078271497, -0.955979846676394
Time, 0.118, Pos_X, -0.027969439826399992, Pos_Y, 0.020261448476896968, Pos_Z, 0.0064843388700132855, BFx, 1.0, 0.0, 0.0,                             BFy, 0.0, -0.9520381705786544, -0.3059792832223234, BFz, 0.0, 0.30597928322232354, -0.9520381705786546
Time, 0.12, Pos_X, -0.029374120685599994, Pos_Y, 0.02046381524630585, Pos_Z, 0.006684035273101991, BFx, 1.0, 0.0, 0.0,                             BFy, 0.0, -0.9479578497423483, -0.31839584656816833, BFz, 0.0, 0.3183958465681685, -0.9479578497423488
Time, 0.122, Pos_X, -0.030824130466799993, Pos_Y, 0.020640963904765483, Pos_Z, 0.006904304074021618, BFx, 1.0, 0.0, 0.0,                             BFy, 0.0, -0.9437424721072648, -0.3306813365475378, BFz, 0.0, 0.330681336547538, -0.9437424721072651
Time, 0.124, Pos_X, -0.03231962944399999, Pos_Y, 0.020792857903270436, Pos_Z, 0.0071467429917084786, BFx, 1.0, 0.0, 0.0,                             BFy, 0.0, -0.9393947689388237, -0.34283737849069446, BFz, 0.0, 0.3428373784906947, -0.939394768938824
Time, 0.126, Pos_X, -0.03386072410319999, Pos_Y, 0.02091955823961474, Pos_Z, 0.007412897714780872, BFx, 1.0, 0.0, 0.0,                             BFy, 0.0, -0.9349166970511671, -0.3548672562732913, BFz, 0.0, 0.3548672562732915, -0.9349166970511673
Time, 0.128, Pos_X, -0.03544746925239999, Pos_Y, 0.021021214058673555, Pos_Z, 0.007704247374672835, BFx, 1.0, 0.0, 0.0,                             BFy, 0.0, -0.930309345775671, -0.36677584593650714, BFz, 0.0, 0.36677584593650736, -0.9303093457756714
Time, 0.13, Pos_X, -0.037079864299599995, Pos_Y, 0.021098054457563915, Pos_Z, 0.008022188166722451, BFx, 1.0, 0.0, 0.0,                             BFy, 0.0, -0.9255728112170948, -0.3785696384229475, BFz, 0.0, 0.3785696384229477, -0.9255728112170952
Time, 0.132, Pos_X, -0.03875785186879999, Pos_Y, 0.02115037891965656, Pos_Z, 0.00836801887281232, BFx, 1.0, 0.0, 0.0,                             BFy, 0.0, -0.920706099592753, -0.3902566824190158, BFz, 0.0, 0.390256682419016, -0.9207060995927535
Time, 0.134, Pos_X, -0.040481320079999994, Pos_Y, 0.021178546177111176, Pos_Z, 0.008742930646586884, BFx, 1.0, 0.0, 0.0,                             BFy, 0.0, -0.9157071515928781, -0.4018462548309424, BFz, 0.0, 0.4018462548309426, -0.9157071515928787
Time, 0.136, Pos_X, -0.042250103433199994, Pos_Y, 0.021182964627027363, Pos_Z, 0.009148001655216599, BFx, 1.0, 0.0, 0.0,                             BFy, 0.0, -0.9105727961590177, -0.41334874246227565, BFz, 0.0, 0.4133487424622759, -0.9105727961590183
Time, 0.138, Pos_X, -0.0440639799504, Pos_Y, 0.021164083983646352, Pos_Z, 0.009584192519708877, BFx, 1.0, 0.0, 0.0,                             BFy, 0.0, -0.9052986992100657, -0.4247755468580555, BFz, 0.0, 0.42477554685805574, -0.9052986992100662
Time, 0.14, Pos_X, -0.0459226710346, Pos_Y, 0.02112238503655808, Pos_Z, 0.010052338992739041, BFx, 1.0, 0.0, 0.0,                             BFy, 0.0, -0.899879307756063, -0.4361390047593381, BFz, 0.0, 0.4361390047593383, -0.8998793077560635
Time, 0.142, Pos_X, -0.04782584541579998, Pos_Y, 0.021058368929520007, Pos_Z, 0.010553144787800757, BFx, 1.0, 0.0, 0.0,                             BFy, 0.0, -0.8943079191424915, -0.44745205973268715, BFz, 0.0, 0.44745205973268737, -0.894307919142492
Time, 0.144, Pos_X, -0.049773121898999975, Pos_Y, 0.020972548510216557, Pos_Z, 0.011087176288197158, BFx, 1.0, 0.0, 0.0,                             BFy, 0.0, -0.8885767116733447, -0.45872805394022204, BFz, 0.0, 0.45872805394022226, -0.8885767116733452
Time, 0.146, Pos_X, -0.05176407033219998, Pos_Y, 0.020865442312899704, Pos_Z, 0.011654859706153532, BFx, 1.0, 0.0, 0.0,                             BFy, 0.0, -0.882677006186624, -0.4699801088869787, BFz, 0.0, 0.469980108886979, -0.8826770061866245
Time, 0.148, Pos_X, -0.05379821315339998, Pos_Y, 0.020737570100834466, Pos_Z, 0.012256480692344822, BFx, 1.0, 0.0, 0.0,                             BFy, 0.0, -0.8765993105682138, -0.4812209977872223, BFz, 0.0, 0.48122099778722255, -0.8765993105682143
Time, 0.15, Pos_X, -0.05587502829059998, Pos_Y, 0.020589449039223134, Pos_Z, 0.012892185341415743, BFx, 1.0, 0.0, 0.0,                             BFy, 0.0, -0.8703330505501182, -0.49246358354717285, BFz, 0.0, 0.49246358354717296, -0.8703330505501187
Time, 0.152, Pos_X, -0.05799395190479998, Pos_Y, 0.020421590803529992, Pos_Z, 0.013561981955220142, BFx, 1.0, 0.0, 0.0,                             BFy, 0.0, -0.8638669065964533, -0.5037201283326608, BFz, 0.0, 0.503720128332661, -0.8638669065964537
Time, 0.154, Pos_X, -0.060154378991999984, Pos_Y, 0.02023450060684559, Pos_Z, 0.014265745244190354, BFx, 1.0, 0.0, 0.0,                             BFy, 0.0, -0.8571891050103639, -0.5150017847071294, BFz, 0.0, 0.5150017847071297, -0.8571891050103644
Time, 0.156, Pos_X, -0.062355664271199984, Pos_Y, 0.020028677285512806, Pos_Z, 0.015003223356375196, BFx, 1.0, 0.0, 0.0,                             BFy, 0.0, -0.8502872672042142, -0.5263188797966365, BFz, 0.0, 0.5263188797966367, -0.8502872672042147
Time, 0.158, Pos_X, -0.06459712769439999, Pos_Y, 0.019804612130305915, Pos_Z, 0.015774046433369278, BFx, 1.0, 0.0, 0.0,                             BFy, 0.0, -0.8431484931489087, -0.5376807775071764, BFz, 0.0, 0.5376807775071765, -0.8431484931489093
Time, 0.16, Pos_X, -0.0668780620056, Pos_Y, 0.019562786634653, Pos_Z, 0.016577733797052352, BFx, 1.0, 0.0, 0.0,                             BFy, 0.0, -0.8357593927013501, -0.5490958363632596, BFz, 0.0, 0.54909583636326, -0.8357593927013507
Time, 0.162, Pos_X, -0.0691977369968, Pos_Y, 0.019303671320980303, Pos_Z, 0.01741369793712836, BFx, 1.0, 0.0, 0.0,                             BFy, 0.0, -0.8281060601835429, -0.5605714522585746, BFz, 0.0, 0.5605714522585749, -0.8281060601835435
Time, 0.164, Pos_X, -0.07155540098, Pos_Y, 0.01902772601176318, Pos_Z, 0.01828124705030775, BFx, 1.0, 0.0, 0.0,                             BFy, 0.0, -0.8201741548708766, -0.5721139359269618, BFz, 0.0, 0.572113935926962, -0.8201741548708773
Time, 0.166, Pos_X, -0.0739502832652, Pos_Y, 0.01873540050357337, Pos_Z, 0.019179588114719457, BFx, 1.0, 0.0, 0.0,                             BFy, 0.0, -0.8119493707116799, -0.5837278641635186, BFz, 0.0, 0.5837278641635189, -0.8119493707116806
Time, 0.168, Pos_X, -0.0763815975884, Pos_Y, 0.018427135096018656, Pos_Z, 0.020107831433799735, BFx, 1.0, 0.0, 0.0,                             BFy, 0.0, -0.803417466452485, -0.5954161356556156, BFz, 0.0, 0.5954161356556159, -0.8034174664524857
Time, 0.17, Pos_X, -0.07884854595360001, Pos_Y, 0.018103360864619635, Pos_Z, 0.021064995969527447, BFx, 1.0, 0.0, 0.0,                             BFy, 0.0, -0.7945643183999164, -0.607179993021569, BFz, 0.0, 0.6071799930215693, -0.7945643183999169
Time, 0.172, Pos_X, -0.08135032161079998, Pos_Y, 0.017764501991683876, Pos_Z, 0.02205001648381016, BFx, 1.0, 0.0, 0.0,                             BFy, 0.0, -0.7853761291356434, -0.6190188492961338, BFz, 0.0, 0.6190188492961342, -0.7853761291356438
Time, 0.174, Pos_X, -0.08388610348999999, Pos_Y, 0.017410983860080997, Pos_Z, 0.023061751346504195, BFx, 1.0, 0.0, 0.0,                             BFy, 0.0, -0.7758393980651589, -0.6309304465706883, BFz, 0.0, 0.6309304465706885, -0.7758393980651593
Time, 0.176, Pos_X, -0.08645504467719999, Pos_Y, 0.017043242270391265, Pos_Z, 0.024098987180314013, BFx, 1.0, 0.0, 0.0,                             BFy, 0.0, -0.7659409110212658, -0.6429109742599743, BFz, 0.0, 0.6429109742599746, -0.7659409110212663
Time, 0.178, Pos_X, -0.08905626937279999, Pos_Y, 0.01666172649394557, Pos_Z, 0.025160442422661116, BFx, 1.0, 0.0, 0.0,                             BFy, 0.0, -0.7556677486279407, -0.6549551539484022, BFz, 0.0, 0.6549551539484024, -0.7556677486279412
Time, 0.18, Pos_X, -0.0916888757002, Pos_Y, 0.016266899347353918, Pos_Z, 0.026244773341216075, BFx, 1.0, 0.0, 0.0,                             BFy, 0.0, -0.7450073502066723, -0.6670562556022005, BFz, 0.0, 0.6670562556022009, -0.7450073502066727
Time, 0.182, Pos_X, -0.0943519351784, Pos_Y, 0.01585923889740927, Pos_Z, 0.02735058109701852, BFx, 1.0, 0.0, 0.0,                             BFy, 0.0, -0.7339476085089537, -0.6792060865186526, BFz, 0.0, 0.679206086518653, -0.7339476085089541
Time, 0.184, Pos_X, -0.097044490498, Pos_Y, 0.015439241245632935, Pos_Z, 0.028476417151510922, BFx, 1.0, 0.0, 0.0,                             BFy, 0.0, -0.722476885119963, -0.6913950755301567, BFz, 0.0, 0.6913950755301571, -0.7224768851199634
Time, 0.186, Pos_X, -0.099765552631, Pos_Y, 0.015007425070696852, Pos_Z, 0.029620788037927552, BFx, 1.0, 0.0, 0.0,                             BFy, 0.0, -0.7105840106810235, -0.7036123675465537, BFz, 0.0, 0.7036123675465541, -0.710584010681024
Time, 0.188, Pos_X, -0.10251409820639999, Pos_Y, 0.0145643371195155, Pos_Z, 0.03078216139754865, BFx, 1.0, 0.0, 0.0,                             BFy, 0.0, -0.6982584658793398, -0.7158457339593681, BFz, 0.0, 0.7158457339593686, -0.6982584658793403
Time, 0.19, Pos_X, -0.10528906930179999, Pos_Y, 0.014110554308415993, Pos_Z, 0.03195897113985936, BFx, 1.0, 0.0, 0.0,                             BFy, 0.0, -0.6854904218540459, -0.7280816448354938, BFz, 0.0, 0.7280816448354942, -0.6854904218540463
Time, 0.192, Pos_X, -0.10808937424899999, Pos_Y, 0.013646683317838111, Pos_Z, 0.033149621332132805, BFx, 1.0, 0.0, 0.0,                             BFy, 0.0, -0.6722707810771859, -0.740305340322401, BFz, 0.0, 0.7403053403224014, -0.6722707810771864
Time, 0.194, Pos_X, -0.11091388904359999, Pos_Y, 0.01317335937298162, Pos_Z, 0.03435249006296497, BFx, 1.0, 0.0, 0.0,                             BFy, 0.0, -0.6585910805129165, -0.7525010223706177, BFz, 0.0, 0.752501022370618, -0.658591080512917
Time, 0.196, Pos_X, -0.11376145999279999, Pos_Y, 0.012691243971015578, Pos_Z, 0.03556593277165573, BFx, 1.0, 0.0, 0.0,                             BFy, 0.0, -0.6444432115659418, -0.7646521739108382, BFz, 0.0, 0.7646521739108384, -0.6444432115659423
Time, 0.198, Pos_X, -0.11663090711259999, Pos_Y, 0.012201021688997768, Pos_Z, 0.03678828491286925, BFx, 1.0, 0.0, 0.0,                             BFy, 0.0, -0.6298191805050073, -0.7767417845513379, BFz, 0.0, 0.7767417845513381, -0.629819180505008
Time, 0.2, Pos_X, -0.119521029263, Pos_Y, 0.011703396401037484, Pos_Z, 0.03801786519317847, BFx, 1.0, 0.0, 0.0,                             BFy, 0.0, -0.6147105555737523, -0.7887527704332993, BFz, 0.0, 0.7887527704332995, -0.614710555573753
Time, 0.202, Pos_X, -0.1224306105094, Pos_Y, 0.011199087602740212, Pos_Z, 0.039252980521802865, BFx, 1.0, 0.0, 0.0,                             BFy, 0.0, -0.5991081190740064, -0.8006681345349034, BFz, 0.0, 0.8006681345349038, -0.5991081190740071
Time, 0.204, Pos_X, -0.12535842785579995, Pos_Y, 0.010688826625457766, Pos_Z, 0.04049193138352856, BFx, 1.0, 0.0, 0.0,                             BFy, 0.0, -0.5830019949263893, -0.8124707218797771, BFz, 0.0, 0.8124707218797775, -0.5830019949263899
Time, 0.206, Pos_X, -0.12830326045219995, Pos_Y, 0.01017335194083847, Pos_Z, 0.04173301702376626, BFx, 1.0, 0.0, 0.0,                             BFy, 0.0, -0.5663815571925817, -0.8241431499879751, BFz, 0.0, 0.8241431499879754, -0.5663815571925824
Time, 0.208, Pos_X, -0.13126389885919995, Pos_Y, 0.009653403468826826, Pos_Z, 0.04297454089025075, BFx, 1.0, 0.0, 0.0,                             BFy, 0.0, -0.549235898253662, -0.8356673549143155, BFz, 0.0, 0.8356673549143159, -0.5492358982536628
Time, 0.21, Pos_X, -0.13423915448379994, Pos_Y, 0.009129715132785987, Pos_Z, 0.044214815065419785, BFx, 1.0, 0.0, 0.0,                             BFy, 0.0, -0.5315546569554345, -0.8470239941518691, BFz, 0.0, 0.8470239941518696, -0.5315546569554352
Time, 0.212, Pos_X, -0.13722787038499995, Pos_Y, 0.008603005275387276, Pos_Z, 0.04545216384465446, BFx, 1.0, 0.0, 0.0,                             BFy, 0.0, -0.5133285922203858, -0.8581921442247255, BFz, 0.0, 0.8581921442247258, -0.5133285922203865
Time, 0.214, Pos_X, -0.14022893310699996, Pos_Y, 0.008073967096198408, Pos_Z, 0.04668492820722614, BFx, 1.0, 0.0, 0.0,                             BFy, 0.0, -0.4945503988448929, -0.8691489532884179, BFz, 0.0, 0.8691489532884185, -0.4945503988448937
Time, 0.216, Pos_X, -0.14324128435019998, Pos_Y, 0.0075432597868344406, Pos_Z, 0.04791147179151427, BFx, 1.0, 0.0, 0.0,                             BFy, 0.0, -0.4752153115998385, -0.8798695401143647, BFz, 0.0, 0.8798695401143651, -0.4752153115998393
Time, 0.218, Pos_X, -0.14626393227799997, Pos_Y, 0.00701150028900723, Pos_Z, 0.04913018806524373, BFx, 1.0, 0.0, 0.0,                             BFy, 0.0, -0.45532183054126485, -0.8903269234570789, BFz, 0.0, 0.8903269234570793, -0.45532183054126574
Time, 0.22, Pos_X, -0.14929596119039998, Pos_Y, 0.006479259124271934, Pos_Z, 0.050339509905305474, BFx, 1.0, 0.0, 0.0,                             BFy, 0.0, -0.43487179278070204, -0.9004923785594712, BFz, 0.0, 0.9004923785594716, -0.43487179278070287
Time, 0.222, Pos_X, -0.1523365389808, Pos_Y, 0.005947058236424793, Pos_Z, 0.051537920197187045, BFx, 1.0, 0.0, 0.0,                             BFy, 0.0, -0.41387065455280136, -0.9103356970371049, BFz, 0.0, 0.9103356970371054, -0.4138706545528022
Time, 0.224, Pos_X, -0.155384923623, Pos_Y, 0.005415366652626775, Pos_Z, 0.05272396109599107, BFx, 1.0, 0.0, 0.0,                             BFy, 0.0, -0.39232743664733566, -0.9198256261127579, BFz, 0.0, 0.9198256261127584, -0.3923274366473365
Time, 0.226, Pos_X, -0.158440469304, Pos_Y, 0.004884595800098438, Pos_Z, 0.05389624177221541, BFx, 1.0, 0.0, 0.0,                             BFy, 0.0, -0.3702542502435248, -0.9289304549731381, BFz, 0.0, 0.9289304549731388, -0.37025425024352565
Time, 0.228, Pos_X, -0.1615026306474, Pos_Y, 0.004355094608818396, Pos_Z, 0.05505344512571477, BFx, 1.0, 0.0, 0.0,                             BFy, 0.0, -0.34766593644550614, -0.9376184707200821, BFz, 0.0, 0.9376184707200826, -0.347665936445507
Time, 0.23, Pos_X, -0.16457096621700001, Pos_Y, 0.0038271462780628362, Pos_Z, 0.056194335745935596, BFx, 1.0, 0.0, 0.0,                             BFy, 0.0, -0.32457968959701766, -0.9458583536138485, BFz, 0.0, 0.9458583536138491, -0.32457968959701855
Time, 0.232, Pos_X, -0.16764513952020002, Pos_Y, 0.003300970652094429, Pos_Z, 0.057317768844333934, BFx, 1.0, 0.0, 0.0,                             BFy, 0.0, -0.30101462570322524, -0.9536195232443302, BFz, 0.0, 0.9536195232443307, -0.3010146257032261
Time, 0.234, Pos_X, -0.17072491417020003, Pos_Y, 0.0027767305394330835, Pos_Z, 0.05842269823461437, BFx, 1.0, 0.0, 0.0,                             BFy, 0.0, -0.2769913866657659, -0.9608724013691791, BFz, 0.0, 0.9608724013691797, -0.2769913866657668
Time, 0.236, Pos_X, -0.17381014571339998, Pos_Y, 0.002254535350020894, Pos_Z, 0.05950818263364378, BFx, 1.0, 0.0, 0.0,                             BFy, 0.0, -0.25253205707312615, -0.9675885283272079, BFz, 0.0, 0.9675885283272087, -0.25253205707312704
Time, 0.238, Pos_X, -0.1769007774482, Pos_Y, 0.0017344421220834925, Pos_Z, 0.06057339203003357, BFx, 1.0, 0.0, 0.0,                             BFy, 0.0, -0.22766040962974987, -0.9737405906540053, BFz, 0.0, 0.9737405906540061, -0.2276604096297508
Time, 0.24, Pos_X, -0.1799968396102, Pos_Y, 0.0012164598576917952, Pos_Z, 0.06161761458309128, BFx, 1.0, 0.0, 0.0,                             BFy, 0.0, -0.20240235251688238, -0.9793024495505096, BFz, 0.0, 0.9793024495505104, -0.2024023525168833
Time, 0.242, Pos_X, -0.1830984422634, Pos_Y, 0.0007005568830811966, Pos_Z, 0.06264026061171883, BFx, 1.0, 0.0, 0.0,                             BFy, 0.0, -0.1767862378533768, -0.9842492703099385, BFz, 0.0, 0.9842492703099393, -0.1767862378533777
Time, 0.244, Pos_X, -0.1862057606158, Pos_Y, 0.00018666897327079238, Pos_Z, 0.06364086467236953, BFx, 1.0, 0.0, 0.0,                             BFy, 0.0, -0.15084320108744256, -0.9885577012424162, BFz, 0.0, 0.9885577012424169, -0.15084320108744345
Time, 0.246, Pos_X, -0.1893190239092, Pos_Y, -0.00032529315360828456, Pos_Z, 0.0646190888648927, BFx, 1.0, 0.0, 0.0,                             BFy, 0.0, -0.12460754375633845, -0.9922061076404483, BFz, 0.0, 0.9922061076404488, -0.12460754375633934
Time, 0.248, Pos_X, -0.1924385104642, Pos_Y, -0.0008354361371590798, Pos_Z, 0.06557472701143699, BFx, 1.0, 0.0, 0.0,                             BFy, 0.0, -0.09811750587874994, -0.9951748364182699, BFz, 0.0, 0.9951748364182702, -0.0981175058787508
Time, 0.25, Pos_X, -0.195564538884, Pos_Y, -0.00134387390792766, Pos_Z, 0.0665077076074816, BFx, 1.0, 0.0, 0.0,                             BFy, 0.0, -0.07141582607669977, -0.9974466300438231, BFz, 0.0, 0.9974466300438236, -0.07141582607670062
Time, 0.252, Pos_X, -0.1986974568988, Pos_Y, -0.0018507164388593023, Pos_Z, 0.06741809476515363, BFx, 1.0, 0.0, 0.0,                             BFy, 0.0, -0.044550026281813794, -0.9990071547082564, BFz, 0.0, 0.999007154708257, -0.04455002628181461
Time, 0.254, Pos_X, -0.2018376331752, Pos_Y, -0.0023560595375483025, Pos_Z, 0.06830608868883936, BFx, 1.0, 0.0, 0.0,                             BFy, 0.0, -0.017572949329026425, -0.9998455838037571, BFz, 0.0, 0.9998455838037577, -0.01757294932902722
Time, 0.256, Pos_X, -0.2049854525652, Pos_Y, -0.0028599752366894196, Pos_Z, 0.0691720270767997, BFx, 1.0, 0.0, 0.0,                             BFy, 0.0, 0.009457201520190115, -0.9999552796697476, BFz, 0.0, 0.9999552796697482, 0.009457201520189334
Time, 0.258, Pos_X, -0.20814131186200002, Pos_Y, -0.0033625011546012436, Pos_Z, 0.07001638549742505, BFx, 1.0, 0.0, 0.0,                             BFy, 0.0, 0.0364772778571407, -0.9993344826433889, BFz, 0.0, 0.9993344826433894, 0.03647727785713994
Time, 0.26, Pos_X, -0.21130561544040002, Pos_Y, -0.0038636297115714055, Pos_Z, 0.07083977595364128, BFx, 1.0, 0.0, 0.0,                             BFy, 0.0, 0.06341940660524195, -0.9979869632744887, BFz, 0.0, 0.9979869632744892, 0.0634194066052412
Time, 0.262, Pos_X, -0.21447877463980003, Pos_Y, -0.004363296737556957, Pos_Z, 0.07164294619510761, BFx, 1.0, 0.0, 0.0,                             BFy, 0.0, 0.09021190158701575, -0.9959225937853056, BFz, 0.0, 0.9959225937853062, 0.09021190158701502
Time, 0.264, Pos_X, -0.21766120909120004, Pos_Y, -0.0048613692033046985, Pos_Z, 0.07242677827346765, BFx, 1.0, 0.0, 0.0,                             BFy, 0.0, 0.11678058961590307, -0.9931577386744554, BFz, 0.0, 0.9931577386744561, 0.11678058961590235
Time, 0.266, Pos_X, -0.22085334818920005, Pos_Y, -0.005357634391376989, Pos_Z, 0.0731922848269997, BFx, 1.0, 0.0, 0.0,                             BFy, 0.0, 0.14305040116770876, -0.9897154049148439, BFz, 0.0, 0.9897154049148446, 0.1430504011677081
Time, 0.268, Pos_X, -0.22405563621640004, Pos_Y, -0.005851790972527868, Pos_Z, 0.07394060556804187, BFx, 1.0, 0.0, 0.0,                             BFy, 0.0, 0.16894685718958005, -0.9856251617353118, BFz, 0.0, 0.9856251617353124, 0.1689468571895794
Time, 0.27, Pos_X, -0.22726854084760004, Pos_Y, -0.006343439931670749, Pos_Z, 0.07467300497325684, BFx, 1.0, 0.0, 0.0,                             BFy, 0.0, 0.19439746967893165, -0.9809228429302809, BFz, 0.0, 0.9809228429302815, 0.19439746967893104
Time, 0.272, Pos_X, -0.23049256221080003, Pos_Y, -0.006832074650359607, Pos_Z, 0.07539086866589934, BFx, 1.0, 0.0, 0.0,                             BFy, 0.0, 0.2193331529401146, -0.9756500233287263, BFz, 0.0, 0.975650023328727, 0.21933315294011405
Time, 0.274, Pos_X, -0.23372824357140004, Pos_Y, -0.00731707045751926, Pos_Z, 0.07609569871253999, BFx, 1.0, 0.0, 0.0,                             BFy, 0.0, 0.24368870541882612, -0.9698535017471929, BFz, 0.0, 0.9698535017471934, 0.2436887054188256
Time, 0.276, Pos_X, -0.23697618305740004, Pos_Y, -0.007797673624289668, Pos_Z, 0.07678910867007807, BFx, 1.0, 0.0, 0.0,                             BFy, 0.0, 0.26740349990680956, -0.9635846450818861, BFz, 0.0, 0.9635846450818867, 0.2674034999068091
Time, 0.278, Pos_X, -0.24023704538820004, Pos_Y, -0.008272991654882149, Pos_Z, 0.07747281766726322, BFx, 1.0, 0.0, 0.0,                             BFy, 0.0, 0.29042195656863484, -0.9568986817541562, BFz, 0.0, 0.9568986817541566, 0.29042195656863434
Time, 0.28, Pos_X, -0.24351157474380003, Pos_Y, -0.008741986781860368, Pos_Z, 0.07814864425528713, BFx, 1.0, 0.0, 0.0,                             BFy, 0.0, 0.31269316137629916, -0.9498541924045455, BFz, 0.0, 0.9498541924045458, 0.31269316137629877
Time, 0.282, Pos_X, -0.24680060852099994, Pos_Y, -0.009203472684284703, Pos_Z, 0.0788185000241506, BFx, 1.0, 0.0, 0.0,                             BFy, 0.0, 0.3341703927078146, -0.9425126782370095, BFz, 0.0, 0.9425126782370098, 0.3341703927078142
Time, 0.284, Pos_X, -0.25010509038539996, Pos_Y, -0.009656113686917909, Pos_Z, 0.07948438270706866, BFx, 1.0, 0.0, 0.0,                             BFy, 0.0, 0.35481072645227224, -0.9349381521760713, BFz, 0.0, 0.9349381521760717, 0.3548107264522717
Time, 0.286, Pos_X, -0.2534260821574, Pos_Y, -0.010098425746677695, Pos_Z, 0.08014836899691415, BFx, 1.0, 0.0, 0.0,                             BFy, 0.0, 0.3745745822260348, -0.9271967872842246, BFz, 0.0, 0.9271967872842249, 0.3745745822260343
Time, 0.288, Pos_X, -0.2567647741254, Pos_Y, -0.01052877884403573, Pos_Z, 0.08081260678157368, BFx, 1.0, 0.0, 0.0,                             BFy, 0.0, 0.3934256182794641, -0.919356450394197, BFz, 0.0, 0.9193564503941972, 0.39342561827946354
Time, 0.29, Pos_X, -0.2601224935274, Pos_Y, -0.010945399908843145, Pos_Z, 0.08147930622277863, BFx, 1.0, 0.0, 0.0,                             BFy, 0.0, 0.41133097909556554, -0.9114860534513292, BFz, 0.0, 0.9114860534513295, 0.411330979095565
Time, 0.292, Pos_X, -0.26350071100280004, Pos_Y, -0.011346377043374937, Pos_Z, 0.08215073018300509, BFx, 1.0, 0.0, 0.0,                             BFy, 0.0, 0.4282615211441115, -0.9036548398073945, BFz, 0.0, 0.9036548398073947, 0.42826152114411103
Time, 0.294, Pos_X, -0.26690104468160003, Pos_Y, -0.011729665992495862, Pos_Z, 0.0828291855241897, BFx, 1.0, 0.0, 0.0,                             BFy, 0.0, 0.44419249602421096, -0.8959313737534685, BFz, 0.0, 0.8959313737534689, 0.4441924960242105
Time, 0.296, Pos_X, -0.2703252619418, Pos_Y, -0.012093098519173045, Pos_Z, 0.08351701473673513, BFx, 1.0, 0.0, 0.0,                             BFy, 0.0, 0.459104522077143, -0.8883822588324884, BFz, 0.0, 0.8883822588324888, 0.45910452207714253
Time, 0.298, Pos_X, -0.2737752781828, Pos_Y, -0.012434393638995234, Pos_Z, 0.08421658716370384, BFx, 1.0, 0.0, 0.0,                             BFy, 0.0, 0.4729840325084941, -0.8810709988372106, BFz, 0.0, 0.881070998837211, 0.47298403250849363
Time, 0.3, Pos_X, -0.2772531533072, Pos_Y, -0.012751171105593824, Pos_Z, 0.08493029047917539, BFx, 1.0, 0.0, 0.0,                             BFy, 0.0, 0.4858240729796278, -0.8740566172242399, BFz, 0.0, 0.8740566172242402, 0.4858240729796273
Time, 0.302, Pos_X, -0.28076108479760004, Pos_Y, -0.013040966713837962, Pos_Z, 0.08566052226668802, BFx, 1.0, 0.0, 0.0,                             BFy, 0.0, 0.4976249932846263, -0.8673922792246145, BFz, 0.0, 0.8673922792246148, 0.4976249932846258
Time, 0.304, Pos_X, -0.28430139642800006, Pos_Y, -0.013301249715964619, Pos_Z, 0.08640968119740328, BFx, 1.0, 0.0, 0.0,                             BFy, 0.0, 0.5083945727128163, -0.8611242409990262, BFz, 0.0, 0.8611242409990265, 0.5083945727128159
Time, 0.306, Pos_X, -0.2878765246704001, Pos_Y, -0.013529441404781356, Pos_Z, 0.0871801586577959, BFx, 1.0, 0.0, 0.0,                             BFy, 0.0, 0.5181476595723695, -0.8552911801718008, BFz, 0.0, 0.8552911801718012, 0.518147659572369
Time, 0.308, Pos_X, -0.2914890034088001, Pos_Y, -0.013722934619311162, Pos_Z, 0.08797433104943857, BFx, 1.0, 0.0, 0.0,                             BFy, 0.0, 0.526905859622091, -0.8499236525099776, BFz, 0.0, 0.8499236525099779, 0.5269058596220905
Time, 0.31, Pos_X, -0.29514144537720005, Pos_Y, -0.013879113593698257, Pos_Z, 0.08879455154856762, BFx, 1.0, 0.0, 0.0,                             BFy, 0.0, 0.5346968393814209, -0.8450439574102137, BFz, 0.0, 0.8450439574102139, 0.5346968393814203
Time, 0.312, Pos_X, -0.2988365219076001, Pos_Y, -0.013995374228379293, Pos_Z, 0.08964314161204259, BFx, 1.0, 0.0, 0.0,                             BFy, 0.0, 0.5415534202118485, -0.8406663387199736, BFz, 0.0, 0.8406663387199739, 0.5415534202118478
Time, 0.314, Pos_X, -0.30257694167200005, Pos_Y, -0.014069145170767546, Pos_Z, 0.09052238298471703, BFx, 1.0, 0.0, 0.0,                             BFy, 0.0, 0.547512945216628, -0.8367972124835324, BFz, 0.0, 0.8367972124835327, 0.5475129452166273
Time, 0.316, Pos_X, -0.30636542861240007, Pos_Y, -0.014097908254009492, Pos_Z, 0.09143451004167384, BFx, 1.0, 0.0, 0.0,                             BFy, 0.0, 0.5526161984170443, -0.833435862707557, BFz, 0.0, 0.8334358627075574, 0.5526161984170439
Time, 0.318, Pos_X, -0.31020470082480006, Pos_Y, -0.014079217553098369, Pos_Z, 0.09238170261153711, BFx, 1.0, 0.0, 0.0,                             BFy, 0.0, 0.5569065523307778, -0.8305751573283677, BFz, 0.0, 0.8305751573283682, 0.5569065523307773
