Time, 0, Pos_X, 0.0, Pos_Y, 0.0, Pos_Z, 0.0, BFx, 1, 0, 0,                         BFy, 0, -1, 0, BFz, 0, 0, -1
Time, 0.0, Pos_X, 0.0, Pos_Y, 0.0, Pos_Z, 0.0, BFx, 1.0, 0.0, 0.0,                             BFy, 0.0, -1.0, 0.0, BFz, 0.0, 0.0, -1.0
Time, 0.002, Pos_X, -3.1978301999999995e-06, Pos_Y, -1.1957123629007929e-06, Pos_Z, -7.185047163861656e-06, BFx, 1.0, 0.0, 0.0,                             BFy, 0.0, -0.9999966498468761, 0.0025884928093803695, BFz, 0.0, -0.002588492809380369, -0.9999966498468761
Time, 0.004, Pos_X, -1.2669437199999999e-05, Pos_Y, -4.714819238101256e-06, Pos_Z, -2.872431104492345e-05, BFx, 1.0, 0.0, 0.0,                             BFy, 0.0, -0.9999864214695329, 0.005211226012941494, BFz, 0.0, -0.005211226012941493, -0.9999864214695328
Time, 0.006, Pos_X, -2.81683892e-05, Pos_Y, -1.0420168052098125e-05, Pos_Z, -6.457529426791435e-05, BFx, 1.0, 0.0, 0.0,                             BFy, 0.0, -0.9999690386529233, 0.007869036507004065, BFz, 0.0, -0.007869036507004063, -0.9999690386529232
Time, 0.008, Pos_X, -4.94432734e-05, Pos_Y, -1.8172664939190435e-05, Pos_Z, -0.00011467328862287502, BFx, 1.0, 0.0, 0.0,                             BFy, 0.0, -0.9999442206138481, 0.0105619913351539, BFz, 0.0, -0.010561991335153896, -0.9999442206138481
Time, 0.01, Pos_X, -7.6238402e-05, Pos_Y, -2.7831661495825128e-05, Pos_Z, -0.0001789304929443066, BFx, 1.0, 0.0, 0.0,                             BFy, 0.0, -0.999911695427794, 0.01328914394212592, BFz, 0.0, -0.013289143942125915, -0.9999116954277941
Time, 0.012, Pos_X, -0.0001082948914, Pos_Y, -3.92551616118178e-05, Pos_Z, -0.00025723482670292466, BFx, 1.0, 0.0, 0.0,                             BFy, 0.0, -0.9998712185057818, 0.016048252358537934, BFz, 0.0, -0.01604825235853793, -0.9998712185057819
Time, 0.014, Pos_X, -0.0001453520334, Pos_Y, -5.230063578910126e-05, Pos_Z, -0.00034944699497142583, BFx, 1.0, 0.0, 0.0,                             BFy, 0.0, -0.9998225928492331, 0.018835679659530816, BFz, 0.0, -0.01883567965953081, -0.9998225928492332
Time, 0.016, Pos_X, -0.00018714870120000002, Pos_Y, -6.682632301409308e-05, Pos_Z, -0.00045539595182323865, BFx, 1.0, 0.0, 0.0,                             BFy, 0.0, -0.9997656913129664, 0.021646303922514456, BFz, 0.0, -0.021646303922514445, -0.9997656913129667
Time, 0.018, Pos_X, -0.000233425243, Pos_Y, -8.269279307603269e-05, Pos_Z, -0.0005748737086428442, BFx, 1.0, 0.0, 0.0,                             BFy, 0.0, -0.9997004762724294, 0.024473613151264745, BFz, 0.0, -0.024473613151264735, -0.9997004762724296
Time, 0.02, Pos_X, -0.00028392542040000005, Pos_Y, -9.97648955118496e-05, Pos_Z, -0.0007076303428905975, BFx, 1.0, 0.0, 0.0,                             BFy, 0.0, -0.9996270155749306, 0.027309883426292262, BFz, 0.0, -0.02730988342629226, -0.9996270155749308
Time, 0.022, Pos_X, -0.00033839651072, Pos_Y, -0.0001179128538590872, Pos_Z, -0.0008533705566402569, BFx, 1.0, 0.0, 0.0,                             BFy, 0.0, -0.9995454929149302, 0.03014643583327283, BFz, 0.0, -0.030146435833272825, -0.9995454929149304
Time, 0.024, Pos_X, -0.00039659000036000006, Pos_Y, -0.00013701326083555222, Pos_Z, -0.0010117516655993178, BFx, 1.0, 0.0, 0.0,                             BFy, 0.0, -0.9994562141323043, 0.032973868931657616, BFz, 0.0, -0.03297386893165762, -0.9994562141323046
Time, 0.026, Pos_X, -0.00045826453940000004, Pos_Y, -0.00015695193584410423, Pos_Z, -0.0011823806139542275, BFx, 1.0, 0.0, 0.0,                             BFy, 0.0, -0.9993596035342088, 0.03578243736736693, BFz, 0.0, -0.03578243736736693, -0.9993596035342089
Time, 0.028, Pos_X, -0.0005231858685000001, Pos_Y, -0.0001776245738737282, Pos_Z, -0.0013648145798263183, BFx, 1.0, 0.0, 0.0,                             BFy, 0.0, -0.9992561624344344, 0.038563218703944406, BFz, 0.0, -0.03856321870394441, -0.9992561624344345
Time, 0.03, Pos_X, -0.0005911264733800001, Pos_Y, -0.00019893626471515112, Pos_Z, -0.0015585672915706529, BFx, 1.0, 0.0, 0.0,                             BFy, 0.0, -0.9991465204904405, 0.04130654417700163, BFz, 0.0, -0.04130654417700163, -0.9991465204904407
Time, 0.032, Pos_X, -0.0006618677140800002, Pos_Y, -0.0002208032498290456, Pos_Z, -0.0017631115553220116, BFx, 1.0, 0.0, 0.0,                             BFy, 0.0, -0.9990313891628966, 0.044003221100888314, BFz, 0.0, -0.04400322110088831, -0.9990313891628968
Time, 0.034, Pos_X, -0.0007351983083600004, Pos_Y, -0.00024315332831572275, Pos_Z, -0.001977875675009229, BFx, 1.0, 0.0, 0.0,                             BFy, 0.0, -0.998911542372744, 0.04664472654551812, BFz, 0.0, -0.046644726545518114, -0.9989115423727443
Time, 0.036, Pos_X, -0.0008109127668200002, Pos_Y, -0.000265926420944438, Pos_Z, -0.0022022413581230227, BFx, 1.0, 0.0, 0.0,                             BFy, 0.0, -0.9987877945593798, 0.04922338305328498, BFz, 0.0, -0.04922338305328497, -0.99878779455938
Time, 0.038, Pos_X, -0.0008888124057200002, Pos_Y, -0.00028907578557112477, Pos_Z, -0.0024355467447118974, BFx, 1.0, 0.0, 0.0,                             BFy, 0.0, -0.998660985722026, 0.051732345749169996, BFz, 0.0, -0.05173234574916999, -0.9986609857220263
Time, 0.04, Pos_X, -0.0009687047540200003, Pos_Y, -0.00031256815236666366, Pos_Z, -0.0026770940097129922, BFx, 1.0, 0.0, 0.0,                             BFy, 0.0, -0.9985319529899781, 0.0541658458626896, BFz, 0.0, -0.054165845862689584, -0.9985319529899784
Time, 0.042, Pos_X, -0.0010504021185800004, Pos_Y, -0.00033638421788965587, Pos_Z, -0.002926159702647703, BFx, 1.0, 0.0, 0.0,                             BFy, 0.0, -0.9984015317022268, 0.056518859636829476, BFz, 0.0, -0.05651885963682946, -0.9984015317022271
Time, 0.044, Pos_X, -0.0011337205839400003, Pos_Y, -0.0003605191593063503, Pos_Z, -0.0031820054035800087, BFx, 1.0, 0.0, 0.0,                             BFy, 0.0, -0.9982705509717286, 0.05878696337285639, BFz, 0.0, -0.05878696337285638, -0.9982705509717287
Time, 0.046, Pos_X, -0.0012184788317000004, Pos_Y, -0.000384982095979295, Pos_Z, -0.0034438881033745684, BFx, 1.0, 0.0, 0.0,                             BFy, 0.0, -0.9981398292701754, 0.06096623019758487, BFz, 0.0, -0.06096623019758487, -0.9981398292701756
Time, 0.048, Pos_X, -0.0013044967059600004, Pos_Y, -0.0004097948716650589, Pos_Z, -0.003711070685776362, BFx, 1.0, 0.0, 0.0,                             BFy, 0.0, -0.998010150521362, 0.06305346506202646, BFz, 0.0, -0.06305346506202646, -0.9980101505213622
Time, 0.05, Pos_X, -0.0013915939953200005, Pos_Y, -0.0004349908338132941, Pos_Z, -0.003982832453518046, BFx, 1.0, 0.0, 0.0,                             BFy, 0.0, -0.9978823045772418, 0.06504541653039722, BFz, 0.0, -0.06504541653039723, -0.9978823045772421
Time, 0.052, Pos_X, -0.0014795895239200002, Pos_Y, -0.0004606139226104896, Pos_Z, -0.0042584796248905715, BFx, 1.0, 0.0, 0.0,                             BFy, 0.0, -0.9977570678373403, 0.06693902882947468, BFz, 0.0, -0.06693902882947471, -0.9977570678373407
Time, 0.054, Pos_X, -0.0015683004930600003, Pos_Y, -0.0004867176932211543, Pos_Z, -0.004537355968249775, BFx, 1.0, 0.0, 0.0,                             BFy, 0.0, -0.9976352068926077, 0.06873131723126068, BFz, 0.0, -0.0687313172312607, -0.997635206892608
Time, 0.056, Pos_X, -0.0016575366101400004, Pos_Y, -0.0005133628568860092, Pos_Z, -0.0048188492364485335, BFx, 1.0, 0.0, 0.0,                             BFy, 0.0, -0.9975175049061366, 0.070418942095403, BFz, 0.0, -0.070418942095403, -0.9975175049061368
Time, 0.058, Pos_X, -0.0017471010260240005, Pos_Y, -0.0005406164424210891, Pos_Z, -0.005102400371415958, BFx, 1.0, 0.0, 0.0,                             BFy, 0.0, -0.9974047465248463, 0.07199841393882901, BFz, 0.0, -0.07199841393882901, -0.9974047465248465
Time, 0.06, Pos_X, -0.0018367967633380004, Pos_Y, -0.0005685519412444614, Pos_Z, -0.0053875173724954074, BFx, 1.0, 0.0, 0.0,                             BFy, 0.0, -0.9972977100353008, 0.07346616607898543, BFz, 0.0, -0.07346616607898541, -0.997297710035301
Time, 0.062, Pos_X, -0.0019264258418860004, Pos_Y, -0.0005972472593927351, Pos_Z, -0.0056737854037827015, BFx, 1.0, 0.0, 0.0,                             BFy, 0.0, -0.9971971680243868, 0.07481850094824363, BFz, 0.0, -0.07481850094824362, -0.9971971680243872
Time, 0.064, Pos_X, -0.0020157893792420007, Pos_Y, -0.000626783371206572, Pos_Z, -0.005960873565194511, BFx, 1.0, 0.0, 0.0,                             BFy, 0.0, -0.9971038574544924, 0.07605193915588851, BFz, 0.0, -0.0760519391558885, -0.9971038574544928
Time, 0.066, Pos_X, -0.002104689145998001, Pos_Y, -0.0006572437927671585, Pos_Z, -0.006248538692519798, BFx, 1.0, 0.0, 0.0,                             BFy, 0.0, -0.9970184427540422, 0.07716362360791715, BFz, 0.0, -0.07716362360791713, -0.9970184427540426
Time, 0.068, Pos_X, -0.002192928787994001, Pos_Y, -0.000688713934160094, Pos_Z, -0.006536626527404349, BFx, 1.0, 0.0, 0.0,                             BFy, 0.0, -0.9969415036004905, 0.07815138129804587, BFz, 0.0, -0.07815138129804586, -0.9969415036004909
Time, 0.07, Pos_X, -0.002280315603670001, Pos_Y, -0.0007212808516252362, Pos_Z, -0.006825071022096355, BFx, 1.0, 0.0, 0.0,                             BFy, 0.0, -0.9968735008273287, 0.07901407057142186, BFz, 0.0, -0.0790140705714218, -0.9968735008273291
Time, 0.072, Pos_X, -0.0023666622518260004, Pos_Y, -0.0007550329004141724, Pos_Z, -0.007113893161534551, BFx, 1.0, 0.0, 0.0,                             BFy, 0.0, -0.9968147275136927, 0.07975210976395512, BFz, 0.0, -0.07975210976395508, -0.9968147275136933
Time, 0.074, Pos_X, -0.0024517881760020006, Pos_Y, -0.0007900587270547953, Pos_Z, -0.007403199271505829, BFx, 1.0, 0.0, 0.0,                             BFy, 0.0, -0.9967652383956578, 0.08036827437519811, BFz, 0.0, -0.08036827437519807, -0.9967652383956583
Time, 0.076, Pos_X, -0.0025355203377180006, Pos_Y, -0.0008264479060849575, Pos_Z, -0.007693175053951748, BFx, 1.0, 0.0, 0.0,                             BFy, 0.0, -0.9967247600263933, 0.08086873778122435, BFz, 0.0, -0.08086873778122429, -0.9967247600263939
Time, 0.078, Pos_X, -0.0026176947880740004, Pos_Y, -0.0008642899465811088, Pos_Z, -0.007984079742803322, BFx, 1.0, 0.0, 0.0,                             BFy, 0.0, -0.9966926475898574, 0.08126356034730577, BFz, 0.0, -0.08126356034730571, -0.9966926475898581
Time, 0.08, Pos_X, -0.0026981577891500006, Pos_Y, -0.0009036716318009431, Pos_Z, -0.008276238935030659, BFx, 1.0, 0.0, 0.0,                             BFy, 0.0, -0.9966678866809991, 0.08156668228407415, BFz, 0.0, -0.0815666822840741, -0.9966678866809999
Time, 0.082, Pos_X, -0.0027767658695860005, Pos_Y, -0.0009446770130408138, Pos_Z, -0.008570032848720752, BFx, 1.0, 0.0, 0.0,                             BFy, 0.0, -0.9966491434400748, 0.0817953842228592, BFz, 0.0, -0.08179538422285915, -0.9966491434400757
Time, 0.084, Pos_X, -0.0028533877878220005, Pos_Y, -0.0009873877972343538, Pos_Z, -0.008865886737394007, BFx, 1.0, 0.0, 0.0,                             BFy, 0.0, -0.9966348391086114, 0.0819694911229308, BFz, 0.0, -0.08196949112293073, -0.9966348391086124
Time, 0.086, Pos_X, -0.002927902606878, Pos_Y, -0.0010318846704591943, Pos_Z, -0.009164256025561389, BFx, 1.0, 0.0, 0.0,                             BFy, 0.0, -0.9966232769817307, 0.08210994932525689, BFz, 0.0, -0.08210994932525682, -0.9966232769817317
Time, 0.088, Pos_X, -0.0030002000030340003, Pos_Y, -0.0010782473134960504, Pos_Z, -0.009465619709983972, BFx, 1.0, 0.0, 0.0,                             BFy, 0.0, -0.9966127898139929, 0.08223713990144525, BFz, 0.0, -0.08223713990144517, -0.9966127898139938
Time, 0.09, Pos_X, -0.00307018241087, Pos_Y, -0.001126552908518772, Pos_Z, -0.00977047691465287, BFx, 1.0, 0.0, 0.0,                             BFy, 0.0, -0.9966018752872848, 0.08236930358978808, BFz, 0.0, -0.082369303589788, -0.9966018752872858
Time, 0.092, Pos_X, -0.0031377619232460002, Pos_Y, -0.0011768753067666184, Pos_Z, -0.010079330679891817, BFx, 1.0, 0.0, 0.0,                             BFy, 0.0, -0.9965893026134599, 0.08252128159703202, BFz, 0.0, -0.08252128159703194, -0.996589302613461
Time, 0.094, Pos_X, -0.003202858320182, Pos_Y, -0.0012292849400147444, Pos_Z, -0.010392675009272465, BFx, 1.0, 0.0, 0.0,                             BFy, 0.0, -0.9965741570423607, 0.0827039872999308, BFz, 0.0, -0.0827039872999307, -0.9965741570423619
Time, 0.096, Pos_X, -0.0032653974947580004, Pos_Y, -0.001283849569770635, Pos_Z, -0.010710986187098905, BFx, 1.0, 0.0, 0.0,                             BFy, 0.0, -0.9965558266336438, 0.08292457055984123, BFz, 0.0, -0.08292457055984113, -0.996555826633645
Time, 0.098, Pos_X, -0.0033253077721540005, Pos_Y, -0.00134063368947537, Pos_Z, -0.011034713972397922, BFx, 1.0, 0.0, 0.0,                             BFy, 0.0, -0.9965339703269644, 0.08318681376502142, BFz, 0.0, -0.08318681376502132, -0.9965339703269654
Time, 0.1, Pos_X, -0.0033825161350300005, Pos_Y, -0.0013996970254503626, Pos_Z, -0.011364273456463786, BFx, 1.0, 0.0, 0.0,                             BFy, 0.0, -0.9965084414853006, 0.08349207177053873, BFz, 0.0, -0.08349207177053865, -0.9965084414853017
Time, 0.102, Pos_X, -0.003436945436966, Pos_Y, -0.0014610938434584623, Pos_Z, -0.011700037207564618, BFx, 1.0, 0.0, 0.0,                             BFy, 0.0, -0.9964792045475567, 0.08384029403734289, BFz, 0.0, -0.08384029403734282, -0.9964792045475578
Time, 0.104, Pos_X, -0.003488511021962, Pos_Y, -0.0015248723181873404, Pos_Z, -0.012042327868833668, BFx, 1.0, 0.0, 0.0,                             BFy, 0.0, -0.9964462407353771, 0.08423116599177749, BFz, 0.0, -0.08423116599177743, -0.9964462407353782
Time, 0.106, Pos_X, -0.003537116799478, Pos_Y, -0.0015910739588246414, Pos_Z, -0.012391412421658634, BFx, 1.0, 0.0, 0.0,                             BFy, 0.0, -0.9964094755989895, 0.08466496876835529, BFz, 0.0, -0.08466496876835523, -0.9964094755989906
Time, 0.108, Pos_X, -0.003582652098314, Pos_Y, -0.0016597339183887921, Pos_Z, -0.012747497739799475, BFx, 1.0, 0.0, 0.0,                             BFy, 0.0, -0.9963687407301801, 0.08514301201951162, BFz, 0.0, -0.08514301201951156, -0.9963687407301814
Time, 0.11, Pos_X, -0.0036249887577500003, Pos_Y, -0.0017308810270809905, Pos_Z, -0.013110727573237706, BFx, 1.0, 0.0, 0.0,                             BFy, 0.0, -0.9963237885856627, 0.08566742845627566, BFz, 0.0, -0.0856674284562756, -0.9963237885856641
Time, 0.112, Pos_X, -0.0036639783169860004, Pos_Y, -0.0018045379808874524, Pos_Z, -0.013481181435316913, BFx, 1.0, 0.0, 0.0,                             BFy, 0.0, -0.9962742903691255, 0.086241163892282, BFz, 0.0, -0.08624116389228194, -0.9962742903691267
Time, 0.114, Pos_X, -0.0036994491842220006, Pos_Y, -0.0018807215550517876, Pos_Z, -0.01385887441603172, BFx, 1.0, 0.0, 0.0,                             BFy, 0.0, -0.9962198651322571, 0.08686760222239255, BFz, 0.0, -0.08686760222239248, -0.9962198651322581
Time, 0.116, Pos_X, -0.0037312047856580006, Pos_Y, -0.0019594433547289025, Pos_Z, -0.014243757462803843, BFx, 1.0, 0.0, 0.0,                             BFy, 0.0, -0.9961600562439764, 0.08755079864854808, BFz, 0.0, -0.087550798648548, -0.9961600562439773
Time, 0.118, Pos_X, -0.0037590232754940002, Pos_Y, -0.0020407114126140906, Pos_Z, -0.01463571795123292, BFx, 1.0, 0.0, 0.0,                             BFy, 0.0, -0.9960944271737096, 0.0882943494991613, BFz, 0.0, -0.08829434949916123, -0.9960944271737104
Time, 0.12, Pos_X, -0.00378265750133, Pos_Y, -0.0021245319206685013, Pos_Z, -0.015034580632678112, BFx, 1.0, 0.0, 0.0,                             BFy, 0.0, -0.9960225030011101, 0.08910203990596861, BFz, 0.0, -0.08910203990596853, -0.9960225030011108
Time, 0.122, Pos_X, -0.003801835170566, Pos_Y, -0.0022109111608523387, Pos_Z, -0.015440110190175953, BFx, 1.0, 0.0, 0.0,                             BFy, 0.0, -0.995943749756034, 0.08997803799756633, BFz, 0.0, -0.08997803799756623, -0.9959437497560347
Time, 0.124, Pos_X, -0.0038162595660020003, Pos_Y, -0.0022998568897418196, Pos_Z, -0.015852015765773383, BFx, 1.0, 0.0, 0.0,                             BFy, 0.0, -0.9958575953618389, 0.09092661744581054, BFz, 0.0, -0.09092661744581045, -0.9958575953618397
Time, 0.126, Pos_X, -0.0038256112666380003, Pos_Y, -0.0023913797239179624, Pos_Z, -0.01626995767389252, BFx, 1.0, 0.0, 0.0,                             BFy, 0.0, -0.9957634875145223, 0.0919514922821646, BFz, 0.0, -0.09195149228216452, -0.9957634875145229
Time, 0.128, Pos_X, -0.003829550230874, Pos_Y, -0.0024854949045907686, Pos_Z, -0.016693555046576356, BFx, 1.0, 0.0, 0.0,                             BFy, 0.0, -0.9956609673102377, 0.09305502767095931, BFz, 0.0, -0.09305502767095922, -0.9956609673102382
Time, 0.13, Pos_X, -0.00382771841151, Pos_Y, -0.0025822238325382287, Pos_Z, -0.017122392702520563, BFx, 1.0, 0.0, 0.0,                             BFy, 0.0, -0.9955497290649754, 0.09423766210308598, BFz, 0.0, -0.09423766210308587, -0.9955497290649761
Time, 0.132, Pos_X, -0.003819744506346, Pos_Y, -0.0026815962295524756, Pos_Z, -0.01755602637585353, BFx, 1.0, 0.0, 0.0,                             BFy, 0.0, -0.9954296060009629, 0.09549816488691845, BFz, 0.0, -0.09549816488691837, -0.9954296060009635
Time, 0.134, Pos_X, -0.003805249141582, Pos_Y, -0.002783652414169074, Pos_Z, -0.01799398729715901, BFx, 1.0, 0.0, 0.0,                             BFy, 0.0, -0.9953005610051554, 0.09683384358179892, BFz, 0.0, -0.09683384358179882, -0.995300561005156
Time, 0.136, Pos_X, -0.003783848891018, Pos_Y, -0.0028884439626677707, Pos_Z, -0.018435788991777967, BFx, 1.0, 0.0, 0.0,                             BFy, 0.0, -0.995162675690727, 0.09824077011136693, BFz, 0.0, -0.09824077011136682, -0.9951626756907275
Time, 0.138, Pos_X, -0.003755163220254, Pos_Y, -0.0029960365254396728, Pos_Z, -0.01888093284877212, BFx, 1.0, 0.0, 0.0,                             BFy, 0.0, -0.9950161296239405, 0.09971410024763624, BFz, 0.0, -0.09971410024763613, -0.9950161296239409
Time, 0.14, Pos_X, -0.00371882138269, Pos_Y, -0.0031065129103030695, Pos_Z, -0.019328910862169726, BFx, 1.0, 0.0, 0.0,                             BFy, 0.0, -0.9948611602304599, 0.10124856475479319, BFz, 0.0, -0.10124856475479307, -0.9948611602304603
Time, 0.142, Pos_X, -0.0036744674935260007, Pos_Y, -0.00321997292173171, Pos_Z, -0.019779213298626436, BFx, 1.0, 0.0, 0.0,                             BFy, 0.0, -0.9946980193483019, 0.1028389532451977, BFz, 0.0, -0.1028389532451976, -0.9946980193483024
Time, 0.144, Pos_X, -0.0036217687485620006, Pos_Y, -0.0033365338794473236, Pos_Z, -0.02023134120140505, BFx, 1.0, 0.0, 0.0,                             BFy, 0.0, -0.9945269562955785, 0.10448030054251896, BFz, 0.0, -0.10448030054251883, -0.9945269562955791
Time, 0.146, Pos_X, -0.0035604219817980008, Pos_Y, -0.0034563306344407366, Pos_Z, -0.020684815864317013, BFx, 1.0, 0.0, 0.0,                             BFy, 0.0, -0.9943481959554816, 0.1061680987871683, BFz, 0.0, -0.1061680987871682, -0.9943481959554823
Time, 0.148, Pos_X, -0.003490157593434001, Pos_Y, -0.00357951506170993, Pos_Z, -0.021139183086844072, BFx, 1.0, 0.0, 0.0,                             BFy, 0.0, -0.9941619481877262, 0.10789819635001957, BFz, 0.0, -0.10789819635001946, -0.9941619481877269
Time, 0.15, Pos_X, -0.003410744956670001, Pos_Y, -0.0037062565044340993, Pos_Z, -0.021594013422335252, BFx, 1.0, 0.0, 0.0,                             BFy, 0.0, -0.9939684271373552, 0.10966661230335695, BFz, 0.0, -0.10966661230335685, -0.9939684271373558
Time, 0.152, Pos_X, -0.003321997572706001, Pos_Y, -0.003836741183478818, Pos_Z, -0.02204890069683898, BFx, 1.0, 0.0, 0.0,                             BFy, 0.0, -0.9937678668262299, 0.11146939877673699, BFz, 0.0, -0.1114693987767369, -0.9937678668262304
Time, 0.154, Pos_X, -0.003223776848142001, Pos_Y, -0.003971170833446629, Pos_Z, -0.022503461903195035, BFx, 1.0, 0.0, 0.0,                             BFy, 0.0, -0.99356053597949, 0.11330252134948542, BFz, 0.0, -0.11330252134948532, -0.9935605359794907
Time, 0.156, Pos_X, -0.0031159954701780006, Pos_Y, -0.004109761619513567, Pos_Z, -0.022957339033923337, BFx, 1.0, 0.0, 0.0,                             BFy, 0.0, -0.9933467447463785, 0.11516181963556953, BFz, 0.0, -0.11516181963556943, -0.9933467447463792
Time, 0.158, Pos_X, -0.0029986210340140003, Pos_Y, -0.0042527433855172395, Pos_Z, -0.023410201444690557, BFx, 1.0, 0.0, 0.0,                             BFy, 0.0, -0.9931268742394959, 0.11704277706586896, BFz, 0.0, -0.11704277706586887, -0.9931268742394965
Time, 0.16, Pos_X, -0.00287167856045, Pos_Y, -0.004400358316389259, Pos_Z, -0.02386174804600362, BFx, 1.0, 0.0, 0.0,                             BFy, 0.0, -0.9929013709664765, 0.11894060506359456, BFz, 0.0, -0.11894060506359448, -0.9929013709664769
Time, 0.162, Pos_X, -0.002735251471086, Pos_Y, -0.004552858772817249, Pos_Z, -0.024311708706105384, BFx, 1.0, 0.0, 0.0,                             BFy, 0.0, -0.9926707635046061, 0.12085013563577203, BFz, 0.0, -0.12085013563577193, -0.9926707635046066
Time, 0.164, Pos_X, -0.002589482038322, Pos_Y, -0.004710505168896133, Pos_Z, -0.024759844103125195, BFx, 1.0, 0.0, 0.0,                             BFy, 0.0, -0.992435641211832, 0.12276602971694556, BFz, 0.0, -0.12276602971694545, -0.9924356412118324
Time, 0.166, Pos_X, -0.0024345714111579995, Pos_Y, -0.004873563809266939, Pos_Z, -0.025205944693978077, BFx, 1.0, 0.0, 0.0,                             BFy, 0.0, -0.9921966762502942, 0.12468261963028895, BFz, 0.0, -0.12468261963028884, -0.9921966762502945
Time, 0.168, Pos_X, -0.002270778334793999, Pos_Y, -0.005042304564860774, Pos_Z, -0.025649828960781502, BFx, 1.0, 0.0, 0.0,                             BFy, 0.0, -0.9919545831100255, 0.1265942536097817, BFz, 0.0, -0.12659425360978158, -0.9919545831100257
Time, 0.17, Pos_X, -0.002098415958229999, Pos_Y, -0.005216998327226779, Pos_Z, -0.02609134107404674, BFx, 1.0, 0.0, 0.0,                             BFy, 0.0, -0.9917101227267977, 0.12849526248543844, BFz, 0.0, -0.12849526248543833, -0.991710122726798
Time, 0.172, Pos_X, -0.0019178479684660013, Pos_Y, -0.005397914619307943, Pos_Z, -0.026530347900358915, BFx, 1.0, 0.0, 0.0,                             BFy, 0.0, -0.9914639641376346, 0.13038101018357495, BFz, 0.0, -0.13038101018357484, -0.9914639641376349
Time, 0.174, Pos_X, -0.0017294835199020012, Pos_Y, -0.00558531895448809, Pos_Z, -0.026966735440355667, BFx, 1.0, 0.0, 0.0,                             BFy, 0.0, -0.9912167494630293, 0.13224732732251568, BFz, 0.0, -0.13224732732251557, -0.9912167494630295
Time, 0.176, Pos_X, -0.001533770987738001, Pos_Y, -0.005779470142415037, Pos_Z, -0.027400405639459335, BFx, 1.0, 0.0, 0.0,                             BFy, 0.0, -0.9909690158367126, 0.13409104985650336, BFz, 0.0, -0.13409104985650322, -0.9909690158367128
Time, 0.178, Pos_X, -0.001331191392974001, Pos_Y, -0.005980618175074637, Pos_Z, -0.027831273411741582, BFx, 1.0, 0.0, 0.0,                             BFy, 0.0, -0.9907211031581438, 0.135910616793219, BFz, 0.0, -0.13591061679321884, -0.9907211031581438
Time, 0.18, Pos_X, -0.001122250816810001, Pos_Y, -0.006189002429143342, Pos_Z, -0.02825926405651899, BFx, 1.0, 0.0, 0.0,                             BFy, 0.0, -0.9904730600770018, 0.13770663477735043, BFz, 0.0, -0.13770663477735026, -0.9904730600770018
Time, 0.182, Pos_X, -0.0009074728984460009, Pos_Y, -0.0064048504481198434, Pos_Z, -0.028684310593213483, BFx, 1.0, 0.0, 0.0,                             BFy, 0.0, -0.9902245713953909, 0.1394822505009771, BFz, 0.0, -0.13948225050097693, -0.9902245713953908
Time, 0.184, Pos_X, -0.0006873912924820007, Pos_Y, -0.0066283768484561665, Pos_Z, -0.029106351523220386, BFx, 1.0, 0.0, 0.0,                             BFy, 0.0, -0.9899749193210744, 0.14124326219411332, BFz, 0.0, -0.14124326219411315, -0.9899749193210744
Time, 0.186, Pos_X, -0.00046254143071800056, Pos_Y, -0.006859782431892817, Pos_Z, -0.02952532931801334, BFx, 1.0, 0.0, 0.0,                             BFy, 0.0, -0.9897229744476219, 0.14299802044278412, BFz, 0.0, -0.1429980204427839, -0.9897229744476219
Time, 0.188, Pos_X, -0.00023345252429400037, Pos_Y, -0.007099253848717199, Pos_Z, -0.029941188914365514, BFx, 1.0, 0.0, 0.0,                             BFy, 0.0, -0.9894671608359487, 0.14475751319793512, BFz, 0.0, -0.1447575131979349, -0.9894671608359484
Time, 0.19, Pos_X, -6.392425100001779e-07, Pos_Y, -0.007346963647197218, Pos_Z, -0.03035387694081545, BFx, 1.0, 0.0, 0.0,                             BFy, 0.0, -0.9892054365712429, 0.1465353345029802, BFz, 0.0, -0.14653533450297995, -0.9892054365712426
Time, 0.192, Pos_X, 0.00023540663937400002, Pos_Y, -0.007603070074702154, Pos_Z, -0.030763341590547753, BFx, 1.0, 0.0, 0.0,                             BFy, 0.0, -0.9889352959835586, 0.14834749865742577, BFz, 0.0, -0.14834749865742552, -0.9889352959835581
Time, 0.194, Pos_X, 0.0004742251376580002, Pos_Y, -0.007867716712405215, Pos_Z, -0.03116953190998608, BFx, 1.0, 0.0, 0.0,                             BFy, 0.0, -0.9886538213932831, 0.15021192177873768, BFz, 0.0, -0.1502119217787374, -0.9886538213932827
Time, 0.196, Pos_X, 0.0007153936335420005, Pos_Y, -0.00814103101530105, Pos_Z, -0.03157240203254675, BFx, 1.0, 0.0, 0.0,                             BFy, 0.0, -0.988357769680897, 0.15214768848525562, BFz, 0.0, -0.15214768848525534, -0.9883577696808967
Time, 0.198, Pos_X, 0.0009585344208260007, Pos_Y, -0.008423125320022342, Pos_Z, -0.03197190772518012, BFx, 1.0, 0.0, 0.0,                             BFy, 0.0, -0.9880436897689256, 0.15417414539348168, BFz, 0.0, -0.15417414539348143, -0.9880436897689253
Time, 0.2, Pos_X, 0.0012033229190100009, Pos_Y, -0.008714099008648486, Pos_Z, -0.032368003526579994, BFx, 1.0, 0.0, 0.0,                             BFy, 0.0, -0.9877080732143497, 0.15630982728926757, BFz, 0.0, -0.15630982728926732, -0.9877080732143493
Time, 0.202, Pos_X, 0.001449489458094001, Pos_Y, -0.009014038378065274, Pos_Z, -0.032760653420425966, BFx, 1.0, 0.0, 0.0,                             BFy, 0.0, -0.9873475170464727, 0.1585713737790318, BFz, 0.0, -0.15857137377903155, -0.9873475170464723
Time, 0.204, Pos_X, 0.001696822660737998, Pos_Y, -0.009323016058786654, Pos_Z, -0.03314983617496254, BFx, 1.0, 0.0, 0.0,                             BFy, 0.0, -0.9869588660832646, 0.16097265811199324, BFz, 0.0, -0.16097265811199296, -0.9869588660832641
Time, 0.206, Pos_X, 0.0019451726644419982, Pos_Y, -0.009641090325365942, Pos_Z, -0.033535546352055516, BFx, 1.0, 0.0, 0.0,                             BFy, 0.0, -0.9865393432125698, 0.1635240786358862, BFz, 0.0, -0.1635240786358859, -0.9865393432125693
Time, 0.208, Pos_X, 0.0021944516510059983, Pos_Y, -0.009968305471327982, Pos_Z, -0.03391779719401392, BFx, 1.0, 0.0, 0.0,                             BFy, 0.0, -0.9860866452064267, 0.16623215135929156, BFz, 0.0, -0.16623215135929126, -0.9860866452064263
Time, 0.21, Pos_X, 0.0024446343576499984, Pos_Y, -0.010304692004127229, Pos_Z, -0.0342966247414079, BFx, 1.0, 0.0, 0.0,                             BFy, 0.0, -0.9855989721821165, 0.16909957431513276, BFz, 0.0, -0.16909957431513245, -0.985598972182116
Time, 0.212, Pos_X, 0.0026957584400939985, Pos_Y, -0.010650265775261122, Pos_Z, -0.03467209217116817, BFx, 1.0, 0.0, 0.0,                             BFy, 0.0, -0.9850750063795793, 0.1721256279764142, BFz, 0.0, -0.1721256279764139, -0.9850750063795789
Time, 0.214, Pos_X, 0.0029479232802579985, Pos_Y, -0.011005026588601405, Pos_Z, -0.03504429396643671, BFx, 1.0, 0.0, 0.0,                             BFy, 0.0, -0.9845138618860134, 0.1753067476005723, BFz, 0.0, -0.175306747600572, -0.984513861886013
Time, 0.216, Pos_X, 0.0032012872273419987, Pos_Y, -0.011368956552354625, Pos_Z, -0.0354133583607939, BFx, 1.0, 0.0, 0.0,                             BFy, 0.0, -0.9839150040835497, 0.17863724342720674, BFz, 0.0, -0.1786372434272064, -0.9839150040835494
Time, 0.218, Pos_X, 0.003456063789105999, Pos_Y, -0.011742018272896138, Pos_Z, -0.035779448156092665, BFx, 1.0, 0.0, 0.0,                             BFy, 0.0, -0.983278195152111, 0.18210983207506862, BFz, 0.0, -0.18210983207506828, -0.9832781951521107
Time, 0.22, Pos_X, 0.003712516414809999, Pos_Y, -0.012124153675621268, Pos_Z, -0.03614276084576734, BFx, 1.0, 0.0, 0.0,                             BFy, 0.0, -0.9826034216893604, 0.1857162235357027, BFz, 0.0, -0.18571622353570236, -0.9826034216893602
Time, 0.222, Pos_X, 0.003970952544934, Pos_Y, -0.012515283039705286, Pos_Z, -0.03650352835484941, BFx, 1.0, 0.0, 0.0,                             BFy, 0.0, -0.9818908876954027, 0.18944731368044435, BFz, 0.0, -0.18944731368044404, -0.9818908876954023
Time, 0.224, Pos_X, 0.004231717063338, Pos_Y, -0.012915304288140323, Pos_Z, -0.03686201604506951, BFx, 1.0, 0.0, 0.0,                             BFy, 0.0, -0.981141065376007, 0.19329306721358785, BFz, 0.0, -0.19329306721358755, -0.9811410653760066
Time, 0.226, Pos_X, 0.0044951853152420005, Pos_Y, -0.01332409266879081, Pos_Z, -0.03721851972426902, BFx, 1.0, 0.0, 0.0,                             BFy, 0.0, -0.9803547650221105, 0.19724232481504755, BFz, 0.0, -0.19724232481504722, -0.9803547650221102
Time, 0.228, Pos_X, 0.004761756461326001, Pos_Y, -0.013741500702647283, Pos_Z, -0.037573360704608906, BFx, 1.0, 0.0, 0.0,                             BFy, 0.0, -0.9795332279124422, 0.2012825263539624, BFz, 0.0, -0.20128252635396204, -0.9795332279124419
Time, 0.23, Pos_X, 0.005031846869370001, Pos_Y, -0.014167358110810683, Pos_Z, -0.037926879721501015, BFx, 1.0, 0.0, 0.0,                             BFy, 0.0, -0.9786782108436916, 0.2053995122189763, BFz, 0.0, -0.20539951221897593, -0.978678210843691
Time, 0.232, Pos_X, 0.005305883011894001, Pos_Y, -0.014601471835320847, Pos_Z, -0.03827943002073006, BFx, 1.0, 0.0, 0.0,                             BFy, 0.0, -0.9777920187058512, 0.20957759459240605, BFz, 0.0, -0.2095775945924057, -0.9777920187058505
Time, 0.234, Pos_X, 0.005584294149818002, Pos_Y, -0.015043626828026653, Pos_Z, -0.03863137039781648, BFx, 1.0, 0.0, 0.0,                             BFy, 0.0, -0.9768774934146583, 0.21379981959743674, BFz, 0.0, -0.2137998195974364, -0.9768774934146577
Time, 0.236, Pos_X, 0.005867505300141998, Pos_Y, -0.015493587316898372, Pos_Z, -0.03898305797122372, BFx, 1.0, 0.0, 0.0,                             BFy, 0.0, -0.9759379557596043, 0.21804840404774087, BFz, 0.0, -0.2180484040477406, -0.9759379557596036
Time, 0.238, Pos_X, 0.006155930522865998, Pos_Y, -0.01595109797293984, Pos_Z, -0.039334841788878534, BFx, 1.0, 0.0, 0.0,                             BFy, 0.0, -0.9749770831400744, 0.22230539208861957, BFz, 0.0, -0.2223053920886193, -0.9749770831400737
Time, 0.24, Pos_X, 0.006449967398589999, Pos_Y, -0.016415885149153476, Pos_Z, -0.03968705802758643, BFx, 1.0, 0.0, 0.0,                             BFy, 0.0, -0.9739987557029134, 0.22655335770890478, BFz, 0.0, -0.22655335770890456, -0.9739987557029127
Time, 0.242, Pos_X, 0.006749993569313999, Pos_Y, -0.016887658784765967, Pos_Z, -0.04004002443888287, BFx, 1.0, 0.0, 0.0,                             BFy, 0.0, -0.9730068965004841, 0.23077603723631815, BFz, 0.0, -0.23077603723631784, -0.9730068965004834
Time, 0.244, Pos_X, 0.007056365428237999, Pos_Y, -0.017366114485917055, Pos_Z, -0.04039403351119466, BFx, 1.0, 0.0, 0.0,                             BFy, 0.0, -0.9720053259083169, 0.23495881853182127, BFz, 0.0, -0.23495881853182096, -0.9720053259083161
Time, 0.246, Pos_X, 0.007369417831961999, Pos_Y, -0.017850935823718533, Pos_Z, -0.04074934435278747, BFx, 1.0, 0.0, 0.0,                             BFy, 0.0, -0.9709976728877973, 0.23908893585125346, BFz, 0.0, -0.23908893585125318, -0.9709976728877965
Time, 0.248, Pos_X, 0.007689463756685999, Pos_Y, -0.018341796783166296, Pos_Z, -0.04110617428777527, BFx, 1.0, 0.0, 0.0,                             BFy, 0.0, -0.969987279902522, 0.24315566377797765, BFz, 0.0, -0.24315566377797737, -0.9699872799025213
Time, 0.25, Pos_X, 0.008016794160409998, Pos_Y, -0.018838364211118626, Pos_Z, -0.041464692279431184, BFx, 1.0, 0.0, 0.0,                             BFy, 0.0, -0.9689771465679332, 0.2471503377077767, BFz, 0.0, -0.24715033770777647, -0.9689771465679325
Time, 0.252, Pos_X, 0.008351678425333998, Pos_Y, -0.019340300736855626, Pos_Z, -0.04182501547592621, BFx, 1.0, 0.0, 0.0,                             BFy, 0.0, -0.9679698843226017, 0.25106633196127887, BFz, 0.0, -0.25106633196127864, -0.967969884322601
Time, 0.254, Pos_X, 0.008694364220058, Pos_Y, -0.01984726765131315, Pos_Z, -0.04218720840549864, BFx, 1.0, 0.0, 0.0,                             BFy, 0.0, -0.9669676820038844, 0.2548990034504584, BFz, 0.0, -0.2548990034504582, -0.9669676820038838
Time, 0.256, Pos_X, 0.009045077225782, Pos_Y, -0.02035892812380682, Pos_Z, -0.04255128371948594, BFx, 1.0, 0.0, 0.0,                             BFy, 0.0, -0.9659722752783645, 0.25864563285225195, BFz, 0.0, -0.25864563285225173, -0.9659722752783639
Time, 0.258, Pos_X, 0.009404021281506, Pos_Y, -0.020874951125939335, Pos_Z, -0.04291720427954507, BFx, 1.0, 0.0, 0.0,                             BFy, 0.0, -0.9649849120628529, 0.2623053935607316, BFz, 0.0, -0.2623053935607314, -0.9649849120628524
Time, 0.26, Pos_X, 0.009771378589229999, Pos_Y, -0.021395015305226625, Pos_Z, -0.04328488608493784, BFx, 1.0, 0.0, 0.0,                             BFy, 0.0, -0.9640063310479472, 0.26587928407357725, BFz, 0.0, -0.265879284073577, -0.9640063310479469
Time, 0.262, Pos_X, 0.010147309976554, Pos_Y, -0.02191881315599156, Pos_Z, -0.043654201792957106, BFx, 1.0, 0.0, 0.0,                             BFy, 0.0, -0.9630367413145371, 0.2693700704946265, BFz, 0.0, -0.2693700704946263, -0.9630367413145368
Time, 0.264, Pos_X, 0.010531954917478, Pos_Y, -0.022446055441395694, Pos_Z, -0.04402498467458122, BFx, 1.0, 0.0, 0.0,                             BFy, 0.0, -0.9620757752222016, 0.272782335811179, BFz, 0.0, -0.2727823358111788, -0.9620757752222012
Time, 0.266, Pos_X, 0.010925432040802, Pos_Y, -0.022976475364572115, Pos_Z, -0.04439703254592553, BFx, 1.0, 0.0, 0.0,                             BFy, 0.0, -0.9611224464858358, 0.2761225142234603, BFz, 0.0, -0.27612251422346, -0.9611224464858354
Time, 0.268, Pos_X, 0.011327840181526, Pos_Y, -0.023509832062160604, Pos_Z, -0.04477011201061778, BFx, 1.0, 0.0, 0.0,                             BFy, 0.0, -0.9601751250036498, 0.27939887137250313, BFz, 0.0, -0.27939887137250285, -0.9601751250036494
Time, 0.27, Pos_X, 0.01173925876845, Pos_Y, -0.024045913817210458, Pos_Z, -0.04514396342238107, BFx, 1.0, 0.0, 0.0,                             BFy, 0.0, -0.959231552127253, 0.2826213534104322, BFz, 0.0, -0.282621353410432, -0.9592315521272525
Time, 0.272, Pos_X, 0.012159747619774001, Pos_Y, -0.024584540815154304, Pos_Z, -0.04551830668394772, BFx, 1.0, 0.0, 0.0,                             BFy, 0.0, -0.9582888735960834, 0.2858013903779211, BFz, 0.0, -0.2858013903779209, -0.9582888735960828
Time, 0.274, Pos_X, 0.012589347358298001, Pos_Y, -0.025125567191754187, Pos_Z, -0.04589284836264436, BFx, 1.0, 0.0, 0.0,                             BFy, 0.0, -0.9573437069131385, 0.28895159946574744, BFz, 0.0, -0.28895159946574733, -0.9573437069131381
Time, 0.276, Pos_X, 0.013028080307622002, Pos_Y, -0.02566888241167618, Pos_Z, -0.04626728939925122, BFx, 1.0, 0.0, 0.0,                             BFy, 0.0, -0.9563922474869854, 0.29208537954987746, BFz, 0.0, -0.29208537954987734, -0.9563922474869848
Time, 0.278, Pos_X, 0.013475951536346002, Pos_Y, -0.026214411515259665, Pos_Z, -0.04664133251009472, BFx, 1.0, 0.0, 0.0,                             BFy, 0.0, -0.9554304164514894, 0.2952163940558461, BFz, 0.0, -0.295216394055846, -0.955430416451489
Time, 0.28, Pos_X, 0.013932949905670003, Pos_Y, -0.026762114420899968, Pos_Z, -0.04701468852155428, BFx, 1.0, 0.0, 0.0,                             BFy, 0.0, -0.9544539660891516, 0.29835821861764134, BFz, 0.0, -0.2983582186176413, -0.954453966089151
Time, 0.282, Pos_X, 0.01439904935099399, Pos_Y, -0.027311984365482527, Pos_Z, -0.047387081704138, BFx, 1.0, 0.0, 0.0,                             BFy, 0.0, -0.9534585903451204, 0.3015239899197077, BFz, 0.0, -0.30152398991970764, -0.9534585903451197
Time, 0.284, Pos_X, 0.01487421016071799, Pos_Y, -0.027864045294621075, Pos_Z, -0.0477582547587051, BFx, 1.0, 0.0, 0.0,                             BFy, 0.0, -0.9524399806886636, 0.30472624302114515, BFz, 0.0, -0.3047262430211452, -0.9524399806886631
Time, 0.286, Pos_X, 0.015358380547241991, Pos_Y, -0.0284183483558728, Pos_Z, -0.04812797322973129, BFx, 1.0, 0.0, 0.0,                             BFy, 0.0, -0.951393850099575, 0.3079768530144945, BFz, 0.0, -0.3079768530144945, -0.9513938500995744
Time, 0.288, Pos_X, 0.01585149870156599, Pos_Y, -0.028974967783084747, Pos_Z, -0.04849602907966786, BFx, 1.0, 0.0, 0.0,                             BFy, 0.0, -0.9503159123944134, 0.31128711288772903, BFz, 0.0, -0.311287112887729, -0.9503159123944129
Time, 0.29, Pos_X, 0.01635349430068999, Pos_Y, -0.02953399627527253, Pos_Z, -0.048862242972912785, BFx, 1.0, 0.0, 0.0,                             BFy, 0.0, -0.9492018883822746, 0.31466772171852625, BFz, 0.0, -0.3146677217185261, -0.9492018883822742
Time, 0.292, Pos_X, 0.01686428945521399, Pos_Y, -0.03009554026949285, Pos_Z, -0.04922646553338829, BFx, 1.0, 0.0, 0.0,                             BFy, 0.0, -0.9480476147278526, 0.31812846494589725, BFz, 0.0, -0.3181284649458971, -0.9480476147278522
Time, 0.294, Pos_X, 0.01738379912973799, Pos_Y, -0.030659715330919206, Pos_Z, -0.04958857768562976, BFx, 1.0, 0.0, 0.0,                             BFy, 0.0, -0.9468492233170913, 0.32167770874560864, BFz, 0.0, -0.3216777087456085, -0.9468492233170909
Time, 0.296, Pos_X, 0.01791193113226199, Pos_Y, -0.031226642067826976, Pos_Z, -0.049948490121777635, BFx, 1.0, 0.0, 0.0,                             BFy, 0.0, -0.9456033834284706, 0.3253217503466878, BFz, 0.0, -0.3253217503466877, -0.9456033834284701
Time, 0.298, Pos_X, 0.018448586041785987, Pos_Y, -0.03179644231766368, Pos_Z, -0.0503061418541918, BFx, 1.0, 0.0, 0.0,                             BFy, 0.0, -0.9443075830828025, 0.329064110064164, BFz, 0.0, -0.32906411006416386, -0.9443075830828019
Time, 0.3, Pos_X, 0.018993656522309988, Pos_Y, -0.03236923595893836, Pos_Z, -0.05066149796510882, BFx, 1.0, 0.0, 0.0,                             BFy, 0.0, -0.9429603445170177, 0.3329050745608291, BFz, 0.0, -0.33290507456082896, -0.9429603445170173
Time, 0.302, Pos_X, 0.01954702580363399, Pos_Y, -0.0329451383738003, Pos_Z, -0.05101454769190168, BFx, 1.0, 0.0, 0.0,                             BFy, 0.0, -0.9415613771277903, 0.33684146582810015, BFz, 0.0, -0.33684146582809993, -0.9415613771277899
Time, 0.304, Pos_X, 0.02010856632535799, Pos_Y, -0.03352425775377587, Pos_Z, -0.051365302345688015, BFx, 1.0, 0.0, 0.0,                             BFy, 0.0, -0.9401116565557032, 0.34086665018463685, BFz, 0.0, -0.34086665018463663, -0.9401116565557027
Time, 0.306, Pos_X, 0.02067813850408199, Pos_Y, -0.034106693147271404, Pos_Z, -0.051713792292009036, BFx, 1.0, 0.0, 0.0,                             BFy, 0.0, -0.9386133429084176, 0.34497100242526124, BFz, 0.0, -0.344971002425261, -0.9386133429084171
Time, 0.308, Pos_X, 0.02125558975920599, Pos_Y, -0.03469253301698673, Pos_Z, -0.05206006359261283, BFx, 1.0, 0.0, 0.0,                             BFy, 0.0, -0.9370695792343259, 0.3491426695114871, BFz, 0.0, -0.3491426695114868, -0.9370695792343254
Time, 0.31, Pos_X, 0.021840754690129992, Pos_Y, -0.03528185358876874, Pos_Z, -0.052404173929216764, BFx, 1.0, 0.0, 0.0,                             BFy, 0.0, -0.9354842013455943, 0.3533685173198087, BFz, 0.0, -0.3533685173198084, -0.9354842013455938
Time, 0.312, Pos_X, 0.022433456792053993, Pos_Y, -0.03587471737822147, Pos_Z, -0.0527461875788931, BFx, 1.0, 0.0, 0.0,                             BFy, 0.0, -0.9338614205651583, 0.3576350754330853, BFz, 0.0, -0.35763507543308504, -0.9338614205651579
