Time, 0, Pos_X, 0.0, Pos_Y, 0.0, Pos_Z, 0.0, BFx, 1, 0, 0,                         BFy, 0, -1, 0, BFz, 0, 0, -1
Time, 0.0, Pos_X, 0.0, Pos_Y, 0.0, Pos_Z, 0.0, BFx, 1.0, 0.0, 0.0,                             BFy, 0.0, -1.0, 0.0, BFz, 0.0, 0.0, -1.0
Time, 0.002, Pos_X, -5.6499072e-06, Pos_Y, 6.744717489744239e-06, Pos_Z, 7.859897719743581e-06, BFx, 1.0, 0.0, 0.0,                             BFy, 0.0, -0.9996752435430502, -0.025483474000686464, BFz, 0.0, 0.025483474000686464, -0.9996752435430502
Time, 0.004, Pos_X, -2.22429812e-05, Pos_Y, 2.763717170707298e-05, Pos_Z, 3.196006808344497e-05, BFx, 1.0, 0.0, 0.0,                             BFy, 0.0, -0.9986917772093238, -0.0511344710981034, BFz, 0.0, 0.05113447109810341, -0.9986917772093238
Time, 0.006, Pos_X, -4.90494148e-05, Pos_Y, 6.40348223205203e-05, Pos_Z, 7.333433457456536e-05, BFx, 1.0, 0.0, 0.0,                             BFy, 0.0, -0.9970333233099634, -0.07697111282481277, BFz, 0.0, 0.07697111282481277, -0.9970333233099635
Time, 0.008, Pos_X, -8.5305911e-05, Pos_Y, 0.00011737659516539034, Pos_Z, 0.000132999281511497, BFx, 1.0, 0.0, 0.0,                             BFy, 0.0, -0.9946796517576588, -0.10301645683706485, BFz, 0.0, 0.10301645683706487, -0.9946796517576587
Time, 0.01, Pos_X, -0.0001302145598, Pos_Y, 0.000189182234380567, Pos_Z, 0.00021194831713517082, BFx, 1.0, 0.0, 0.0,                             BFy, 0.0, -0.9916057618956626, -0.12929815534385056, BFz, 0.0, 0.12929815534385058, -0.9916057618956626
Time, 0.012, Pos_X, -0.0001829413984, Pos_Y, 0.00028105038153214185, Pos_Z, 0.00031114494451570975, BFx, 1.0, 0.0, 0.0,                             BFy, 0.0, -0.9877810898932677, -0.1558477412389028, BFz, 0.0, 0.15584774123890283, -0.9877810898932678
Time, 0.014, Pos_X, -0.000242614072, Pos_Y, 0.00039465510059170055, Pos_Z, 0.00043151538258379764, BFx, 1.0, 0.0, 0.0,                             BFy, 0.0, -0.9831688742694582, -0.18269910965225336, BFz, 0.0, 0.1826991096522534, -0.9831688742694584
Time, 0.016, Pos_X, -0.0003083190772, Pos_Y, 0.0005317414038524596, Pos_Z, 0.0005739409121744223, BFx, 1.0, 0.0, 0.0,                             BFy, 0.0, -0.9777257696255026, -0.20988644408398147, BFz, 0.0, 0.2098864440839815, -0.977725769625503
Time, 0.018, Pos_X, -0.00037909927959999993, Pos_Y, 0.0006941195943220485, Pos_Z, 0.0007392488909170845, BFx, 1.0, 0.0, 0.0,                             BFy, 0.0, -0.971401710423847, -0.23744202868410644, BFz, 0.0, 0.2374420286841065, -0.9714017104238474
Time, 0.02, Pos_X, -0.0004539519689, Pos_Y, 0.0008836579367707176, Pos_Z, 0.0009282032638553443, BFx, 1.0, 0.0, 0.0,                             BFy, 0.0, -0.9641400760861505, -0.2653938840376533, BFz, 0.0, 0.26539388403765346, -0.9641400760861508
Time, 0.022, Pos_X, -0.0005318274901, Pos_Y, 0.0011022731614685048, Pos_Z, 0.001141495984828427, BFx, 1.0, 0.0, 0.0,                             BFy, 0.0, -0.9558781986199518, -0.29376328804511126, BFz, 0.0, 0.29376328804511137, -0.9558781986199523
Time, 0.024, Pos_X, -0.0006116284373, Pos_Y, 0.0013519188092311666, Pos_Z, 0.001379740497893914, BFx, 1.0, 0.0, 0.0,                             BFy, 0.0, -0.946548194584087, -0.3225624208267369, BFz, 0.0, 0.32256242082673703, -0.9465481945840875
Time, 0.026, Pos_X, -0.000692209297926, Pos_Y, 0.0016345719875877304, Pos_Z, 0.0016434666878115563, BFx, 1.0, 0.0, 0.0,                             BFy, 0.0, -0.936078007370583, -0.3517925015078037, BFz, 0.0, 0.35179250150780383, -0.9360780073705834
Time, 0.028, Pos_X, -0.0007723761370580001, Pos_Y, 0.0019522196182882295, Pos_Z, 0.0019331161920851322, BFx, 1.0, 0.0, 0.0,                             BFy, 0.0, -0.9243880920129616, -0.3814533462228849, BFz, 0.0, 0.381453346222885, -0.9243880920129619
Time, 0.03, Pos_X, -0.0008508849962700001, Pos_Y, 0.002306843257297768, Pos_Z, 0.0022490367344110973, BFx, 1.0, 0.0, 0.0,                             BFy, 0.0, -0.9114022541983042, -0.4115166230448651, BFz, 0.0, 0.4115166230448652, -0.9114022541983046
Time, 0.032, Pos_X, -0.0009264465612820001, Pos_Y, 0.002700401065117371, Pos_Z, 0.0025914821285863126, BFx, 1.0, 0.0, 0.0,                             BFy, 0.0, -0.8970441502654747, -0.4419409377671323, BFz, 0.0, 0.44194093776713245, -0.8970441502654751
Time, 0.034, Pos_X, -0.0009977384472940002, Pos_Y, 0.0031348120787511955, Pos_Z, 0.0029606245090697393, BFx, 1.0, 0.0, 0.0,                             BFy, 0.0, -0.8812389181112721, -0.472671100455776, BFz, 0.0, 0.4726711004557762, -0.8812389181112724
Time, 0.036, Pos_X, -0.001063409391306, Pos_Y, 0.0036119463752195794, Pos_Z, 0.0033565654994016066, BFx, 1.0, 0.0, 0.0,                             BFy, 0.0, -0.8639148368405222, -0.5036379202232626, BFz, 0.0, 0.5036379202232628, -0.8639148368405225
Time, 0.038, Pos_X, -0.001122078180118, Pos_Y, 0.004133614037343039, Pos_Z, 0.0037793377398711303, BFx, 1.0, 0.0, 0.0,                             BFy, 0.0, -0.8450051154970762, -0.5347582208660024, BFz, 0.0, 0.5347582208660027, -0.8450051154970765
Time, 0.04, Pos_X, -0.00117234103773, Pos_Y, 0.004701548761186186, Pos_Z, 0.004228907746509835, BFx, 1.0, 0.0, 0.0,                             BFy, 0.0, -0.8244497745038651, -0.5659351281909664, BFz, 0.0, 0.5659351281909665, -0.8244497745038654
Time, 0.042, Pos_X, -0.001212787482542, Pos_Y, 0.0053173906208030045, Pos_Z, 0.0047051868122417635, BFx, 1.0, 0.0, 0.0,                             BFy, 0.0, -0.8021975694809301, -0.5970586734307507, BFz, 0.0, 0.5970586734307508, -0.8021975694809304
Time, 0.044, Pos_X, -0.001242014877754, Pos_Y, 0.00598267419331511, Pos_Z, 0.005208046307158389, BFx, 1.0, 0.0, 0.0,                             BFy, 0.0, -0.778207830292305, -0.6280068254977352, BFz, 0.0, 0.6280068254977353, -0.7782078302923052
Time, 0.046, Pos_X, -0.001258640698166, Pos_Y, 0.006698822658652185, Pos_Z, 0.005737334374709144, BFx, 1.0, 0.0, 0.0,                             BFy, 0.0, -0.7524522607937998, -0.6586467909481521, BFz, 0.0, 0.6586467909481524, -0.7524522607938001
Time, 0.048, Pos_X, -0.0012613185339779998, Pos_Y, 0.007467145898299582, Pos_Z, 0.006292894702463371, BFx, 1.0, 0.0, 0.0,                             BFy, 0.0, -0.7249168065959068, -0.6888364272559866, BFz, 0.0, 0.6888364272559868, -0.7249168065959071
Time, 0.05, Pos_X, -0.0012487559521899999, Pos_Y, 0.00828884383207101, Pos_Z, 0.006874587677155355, BFx, 1.0, 0.0, 0.0,                             BFy, 0.0, -0.6956032863914471, -0.7184261047327122, BFz, 0.0, 0.7184261047327123, -0.6956032863914473
Time, 0.052, Pos_X, -0.001219731977402, Pos_Y, 0.00916501305670711, Pos_Z, 0.007482310597108887, BFx, 1.0, 0.0, 0.0,                             BFy, 0.0, -0.6645311615276812, -0.7472605538623529, BFz, 0.0, 0.7472605538623529, -0.6645311615276814
Time, 0.054, Pos_X, -0.0011731164786139999, Pos_Y, 0.010096653394821842, Pos_Z, 0.00811601625521766, BFx, 1.0, 0.0, 0.0,                             BFy, 0.0, -0.6317390233553766, -0.7751811442301694, BFz, 0.0, 0.7751811442301693, -0.6317390233553768
Time, 0.056, Pos_X, -0.0011078720018259998, Pos_Y, 0.011084705502486953, Pos_Z, 0.008775743600480012, BFx, 1.0, 0.0, 0.0,                             BFy, 0.0, -0.5972858746608948, -0.8020284184058377, BFz, 0.0, 0.8020284184058377, -0.5972858746608951
Time, 0.058, Pos_X, -0.0010230803510379997, Pos_Y, 0.012130050291055534, Pos_Z, 0.0094616290581169, BFx, 1.0, 0.0, 0.0,                             BFy, 0.0, -0.561251963248333, -0.8276449925843156, BFz, 0.0, 0.8276449925843156, -0.5612519632483334
Time, 0.06, Pos_X, -0.00091798547505, Pos_Y, 0.013233483421632409, Pos_Z, 0.010173904941815913, BFx, 1.0, 0.0, 0.0,                             BFy, 0.0, -0.5237397944386498, -0.8518782939606813, BFz, 0.0, 0.8518782939606812, -0.5237397944386502
Time, 0.062, Pos_X, -0.0007920079752619998, Pos_Y, 0.014395736958715235, Pos_Z, 0.010912916059646964, BFx, 1.0, 0.0, 0.0,                             BFy, 0.0, -0.48487450897412515, -0.8745837355834495, BFz, 0.0, 0.8745837355834493, -0.48487450897412554
Time, 0.064, Pos_X, -0.0006447575556739997, Pos_Y, 0.015617501172907935, Pos_Z, 0.011679131785747488, BFx, 1.0, 0.0, 0.0,                             BFy, 0.0, -0.44480300883422813, -0.8956284292785806, BFz, 0.0, 0.8956284292785803, -0.4448030088342285
Time, 0.066, Pos_X, -0.00047604296288599954, Pos_Y, 0.016899444583704758, Pos_Z, 0.012473153003369045, BFx, 1.0, 0.0, 0.0,                             BFy, 0.0, -0.40369312991954315, -0.9148944512105004, BFz, 0.0, 0.9148944512105002, -0.40369312991954354
Time, 0.068, Pos_X, -0.00028588192669799935, Pos_Y, 0.018242233762955872, Pos_Z, 0.013295715718690718, BFx, 1.0, 0.0, 0.0,                             BFy, 0.0, -0.3617320550771098, -0.9322821034052357, BFz, 0.0, 0.9322821034052354, -0.3617320550771102
Time, 0.07, Pos_X, -7.451084510999912e-05, Pos_Y, 0.01964654927533049, Pos_Z, 0.014147690808483798, BFx, 1.0, 0.0, 0.0,                             BFy, 0.0, -0.319123365432876, -0.9477131832125133, BFz, 0.0, 0.9477131832125131, -0.3191233654328764
Time, 0.072, Pos_X, 0.00015760904647799947, Pos_Y, 0.02111309650597381, Pos_Z, 0.015030081565778997, BFx, 1.0, 0.0, 0.0,                             BFy, 0.0, -0.2760834073747118, -0.9611336806981475, BFz, 0.0, 0.9611336806981474, -0.27608340737471226
Time, 0.074, Pos_X, 0.00040978800606599966, Pos_Y, 0.022642616947838638, Pos_Z, 0.015944020141146605, BFx, 1.0, 0.0, 0.0,                             BFy, 0.0, -0.23283758999430423, -0.9725156331317477, BFz, 0.0, 0.9725156331317475, -0.23283758999430468
Time, 0.076, Pos_X, 0.0006811069796539997, Pos_Y, 0.024235898628097646, Pos_Z, 0.016890760746451638, BFx, 1.0, 0.0, 0.0,                             BFy, 0.0, -0.18961573034673276, -0.9818583781814333, BFz, 0.0, 0.9818583781814332, -0.18961573034673324
Time, 0.078, Pos_X, 0.0009704219522419999, Pos_Y, 0.025893782231050103, Pos_Z, 0.01787166909440433, BFx, 1.0, 0.0, 0.0,                             BFy, 0.0, -0.14664704417318505, -0.9891888820823187, BFz, 0.0, 0.9891888820823186, -0.14664704417318553
Time, 0.08, Pos_X, 0.00127637233023, Pos_Y, 0.0276171647577941, Pos_Z, 0.01888821059909131, BFx, 1.0, 0.0, 0.0,                             BFy, 0.0, -0.10415455352304816, -0.9945611238030644, BFz, 0.0, 0.9945611238030643, -0.10415455352304863
Time, 0.082, Pos_X, 0.0015973932124180002, Pos_Y, 0.029406999937183317, Pos_Z, 0.019941937544710672, BFx, 1.0, 0.0, 0.0,                             BFy, 0.0, -0.062350456032554846, -0.9980543174760244, BFz, 0.0, 0.9980543174760242, -0.062350456032555304
Time, 0.084, Pos_X, 0.0019317273596060004, Pos_Y, 0.03126429361442458, Pos_Z, 0.021034476080610126, BFx, 1.0, 0.0, 0.0,                             BFy, 0.0, -0.021431886552741575, -0.9997703107408176, BFz, 0.0, 0.9997703107408175, -0.021431886552742033
Time, 0.086, Pos_X, 0.002277436920793998, Pos_Y, 0.033190095343797126, Pos_Z, 0.02216751215957421, BFx, 1.0, 0.0, 0.0,                             BFy, 0.0, 0.018422248224531427, -0.9998302959854507, BFz, 0.0, 0.9998302959854508, 0.018422248224530965
Time, 0.088, Pos_X, 0.0026324191287819985, Pos_Y, 0.035185487224835124, Pos_Z, 0.023342776143024668, BFx, 1.0, 0.0, 0.0,                             BFy, 0.0, 0.05705390382676746, -0.9983710993704324, BFz, 0.0, 0.9983710993704326, 0.05705390382676701
Time, 0.09, Pos_X, 0.0029944239357699988, Pos_Y, 0.037251568117363305, Pos_Z, 0.02456202859423075, BFx, 1.0, 0.0, 0.0,                             BFy, 0.0, 0.09432680583744217, -0.9955412867885013, BFz, 0.0, 0.9955412867885014, 0.09432680583744173
Time, 0.092, Pos_X, 0.0033610718906179993, Pos_Y, 0.039389435490377996, Pos_Z, 0.025827047654935018, BFx, 1.0, 0.0, 0.0,                             BFy, 0.0, 0.1301270363675657, -0.9914973295002836, BFz, 0.0, 0.9914973295002836, 0.13012703636756526
Time, 0.094, Pos_X, 0.0037298721370059994, Pos_Y, 0.0416001674132991, Pos_Z, 0.027139617624633516, BFx, 1.0, 0.0, 0.0,                             BFy, 0.0, 0.16436252138393914, -0.9864000007929409, BFz, 0.0, 0.9864000007929409, 0.1643625213839387
Time, 0.096, Pos_X, 0.004098241163574, Pos_Y, 0.04388480509222215, Pos_Z, 0.028501518904000565, BFx, 1.0, 0.0, 0.0,                             BFy, 0.0, 0.19696191366246912, -0.9804111405764512, BFz, 0.0, 0.9804111405764513, 0.19696191366246868
Time, 0.098, Pos_X, 0.004463519975242, Pos_Y, 0.0462443355481317, Pos_Z, 0.02991452020263975, BFx, 1.0, 0.0, 0.0,                             BFy, 0.0, 0.22787359348010594, -0.9736907236871797, BFz, 0.0, 0.9736907236871797, 0.2278735934801055
Time, 0.1, Pos_X, 0.0048229890857100005, Pos_Y, 0.04867967296712522, Pos_Z, 0.031380372533935004, BFx, 1.0, 0.0, 0.0,                             BFy, 0.0, 0.25706470538622056, -0.9663941935073367, BFz, 0.0, 0.9663941935073367, 0.2570647053862201
Time, 0.102, Pos_X, 0.005173884642977998, Pos_Y, 0.05119163922800221, Pos_Z, 0.03290080369958569, BFx, 1.0, 0.0, 0.0,                             BFy, 0.0, 0.2845194357976776, -0.9586702721235134, BFz, 0.0, 0.9586702721235136, 0.28451943579767713
Time, 0.104, Pos_X, 0.005513414936645998, Pos_Y, 0.05378094561902946, Pos_Z, 0.03447751246981276, BFx, 1.0, 0.0, 0.0,                             BFy, 0.0, 0.3102380940361679, -0.9506588899330853, BFz, 0.0, 0.9506588899330856, 0.3102380940361675
Time, 0.106, Pos_X, 0.005838774694113999, Pos_Y, 0.056448177107057074, Pos_Z, 0.036112163245994665, BFx, 1.0, 0.0, 0.0,                             BFy, 0.0, 0.3342360809826714, -0.9424893857064626, BFz, 0.0, 0.9424893857064628, 0.33423608098267094
Time, 0.108, Pos_X, 0.006147156545381999, Pos_Y, 0.059193780394117004, Pos_Z, 0.037806381768418815, BFx, 1.0, 0.0, 0.0,                             BFy, 0.0, 0.3565426616415022, -0.9342790431287611, BFz, 0.0, 0.9342790431287612, 0.3565426616415019
Time, 0.11, Pos_X, 0.006435760540849999, Pos_Y, 0.062018056230498435, Pos_Z, 0.03956175176432525, BFx, 1.0, 0.0, 0.0,                             BFy, 0.0, 0.37719988010127997, -0.9261318753026375, BFz, 0.0, 0.9261318753026377, 0.37719988010127964
Time, 0.112, Pos_X, 0.006701801483117999, Pos_Y, 0.06492115447905915, Pos_Z, 0.04137981246879167, BFx, 1.0, 0.0, 0.0,                             BFy, 0.0, 0.3962615041659437, -0.9181376913710403, BFz, 0.0, 0.9181376913710404, 0.39626150416594336
Time, 0.114, Pos_X, 0.006942514458785999, Pos_Y, 0.06790307158936564, Pos_Z, 0.043262055971679675, BFx, 1.0, 0.0, 0.0,                             BFy, 0.0, 0.4137918369602088, -0.9103715261721975, BFz, 0.0, 0.9103715261721976, 0.4137918369602084
Time, 0.116, Pos_X, 0.007155159058453999, Pos_Y, 0.07096365090073675, Pos_Z, 0.04520992452484602, BFx, 1.0, 0.0, 0.0,                             BFy, 0.0, 0.42986410445767226, -0.9028935993232001, BFz, 0.0, 0.9028935993232001, 0.42986410445767187
Time, 0.118, Pos_X, 0.0073370217621219974, Pos_Y, 0.0741025864046782, Pos_Z, 0.04722480819248155, BFx, 1.0, 0.0, 0.0,                             BFy, 0.0, 0.4445583900437699, -0.895749874597642, BFz, 0.0, 0.8957498745976421, 0.44455839004376946
Time, 0.12, Pos_X, 0.007485417621789997, Pos_Y, 0.07731943070627294, Pos_Z, 0.04930804285366834, BFx, 1.0, 0.0, 0.0,                             BFy, 0.0, 0.4579601400128922, -0.888972727455332, BFz, 0.0, 0.8889727274553321, 0.45796014001289176
Time, 0.122, Pos_X, 0.007597691529457998, Pos_Y, 0.08061360640772651, Pos_Z, 0.05146090720109843, BFx, 1.0, 0.0, 0.0,                             BFy, 0.0, 0.4701586033209162, -0.8825819439141754, BFz, 0.0, 0.8825819439141755, 0.47015860332091586
Time, 0.124, Pos_X, 0.007671217887125998, Pos_Y, 0.08398441967008068, Pos_Z, 0.05368461896221725, BFx, 1.0, 0.0, 0.0,                             BFy, 0.0, 0.48124504790686345, -0.8765861075017787, BFz, 0.0, 0.8765861075017788, 0.4812450479068631
Time, 0.126, Pos_X, 0.007703399794793998, Pos_Y, 0.08743107565822919, Pos_Z, 0.0559803316022235, BFx, 1.0, 0.0, 0.0,                             BFy, 0.0, 0.4913114433367756, -0.8709839640580839, BFz, 0.0, 0.870983964058084, 0.4913114433367753
Time, 0.128, Pos_X, 0.007691669718461997, Pos_Y, 0.09095269759816571, Pos_Z, 0.058349129643098845, BFx, 1.0, 0.0, 0.0,                             BFy, 0.0, 0.5004499338342709, -0.8657654784785963, BFz, 0.0, 0.8657654784785963, 0.5004499338342706
Time, 0.13, Pos_X, 0.007633490018129997, Pos_Y, 0.09454834764808136, Pos_Z, 0.06079202378467299, BFx, 1.0, 0.0, 0.0,                             BFy, 0.0, 0.508752266800421, -0.8609129636760222, BFz, 0.0, 0.8609129636760222, 0.5087522668004207
Time, 0.132, Pos_X, 0.007526353369797997, Pos_Y, 0.09821704797514684, Pos_Z, 0.06330994631072255, BFx, 1.0, 0.0, 0.0,                             BFy, 0.0, 0.5163091462984492, -0.8564022801514284, BFz, 0.0, 0.8564022801514284, 0.5163091462984487
Time, 0.134, Pos_X, 0.007367785293465997, Pos_Y, 0.10195780212573437, Pos_Z, 0.06590374578543569, BFx, 1.0, 0.0, 0.0,                             BFy, 0.0, 0.5232096380662945, -0.8522040099850129, BFz, 0.0, 0.852204009985013, 0.5232096380662941
Time, 0.136, Pos_X, 0.007155347659133997, Pos_Y, 0.1057696174581782, Pos_Z, 0.06857418192130582, BFx, 1.0, 0.0, 0.0,                             BFy, 0.0, 0.5295407482748975, -0.8482845017542526, BFz, 0.0, 0.8482845017542527, 0.5295407482748973
Time, 0.138, Pos_X, 0.006886642276801996, Pos_Y, 0.10965152868434608, Pos_Z, 0.07132192145358253, BFx, 1.0, 0.0, 0.0,                             BFy, 0.0, 0.5353872466551903, -0.8446067109128211, BFz, 0.0, 0.8446067109128212, 0.5353872466551901
Time, 0.14, Pos_X, 0.006559314455469996, Pos_Y, 0.11360262245232154, Pos_Z, 0.07414753385045722, BFx, 1.0, 0.0, 0.0,                             BFy, 0.0, 0.5408307939761446, -0.841131412020222, BFz, 0.0, 0.8411314120202221, 0.5408307939761444
Time, 0.142, Pos_X, 0.006171063217138001, Pos_Y, 0.11762205756310688, Pos_Z, 0.07705148663116097, BFx, 1.0, 0.0, 0.0,                             BFy, 0.0, 0.5459492135286811, -0.8378182716122955, BFz, 0.0, 0.8378182716122956, 0.545949213528681
Time, 0.144, Pos_X, 0.005719655758806001, Pos_Y, 0.12170907757112796, Pos_Z, 0.08003414490961992, BFx, 1.0, 0.0, 0.0,                             BFy, 0.0, 0.550815912662466, -0.83462676110811, BFz, 0.0, 0.8346267611081101, 0.5508159126624659
Time, 0.146, Pos_X, 0.005202932836474001, Pos_Y, 0.12586302827018447, Pos_Z, 0.08309577423594272, BFx, 1.0, 0.0, 0.0,                             BFy, 0.0, 0.5554988616267417, -0.8315172967120971, BFz, 0.0, 0.8315172967120972, 0.5554988616267416
Time, 0.148, Pos_X, 0.004618811858142001, Pos_Y, 0.1300833834307067, Pos_Z, 0.08623653945517347, BFx, 1.0, 0.0, 0.0,                             BFy, 0.0, 0.5600598735027545, -0.8284521338569162, BFz, 0.0, 0.8284521338569164, 0.5600598735027545
Time, 0.15, Pos_X, 0.00396529945781, Pos_Y, 0.1343697656136633, Pos_Z, 0.08945649896958846, BFx, 1.0, 0.0, 0.0,                             BFy, 0.0, 0.5645540717643428, -0.8253960867694373, BFz, 0.0, 0.8253960867694377, 0.5645540717643428
Time, 0.152, Pos_X, 0.0032405102794779996, Pos_Y, 0.13872195740243487, Pos_Z, 0.0927556002645033, BFx, 1.0, 0.0, 0.0,                             BFy, 0.0, 0.5690291043195493, -0.8223173830324216, BFz, 0.0, 0.822317383032422, 0.5690291043195493
Time, 0.154, Pos_X, 0.0024426817151459988, Pos_Y, 0.14313990842575183, Pos_Z, 0.09613368083720253, BFx, 1.0, 0.0, 0.0,                             BFy, 0.0, 0.5735248112730442, -0.8191881901335114, BFz, 0.0, 0.8191881901335116, 0.5735248112730442
Time, 0.156, Pos_X, 0.001570185582813998, Pos_Y, 0.14762374057888195, Pos_Z, 0.0995904728961908, BFx, 1.0, 0.0, 0.0,                             BFy, 0.0, 0.578073770909388, -0.8159845068300008, BFz, 0.0, 0.8159845068300008, 0.5780737709093879
Time, 0.158, Pos_X, 0.000621543048481997, Pos_Y, 0.15217375019755233, Pos_Z, 0.10312560815978969, BFx, 1.0, 0.0, 0.0,                             BFy, 0.0, 0.5827010587633562, -0.8126865792641486, BFz, 0.0, 0.8126865792641486, 0.5827010587633561
Time, 0.16, Pos_X, -0.00040456008985000405, Pos_Y, 0.15679040666363547, Pos_Z, 0.10673862291555618, BFx, 1.0, 0.0, 0.0,                             BFy, 0.0, 0.5874247385989834, -0.8092788002177715, BFz, 0.0, 0.8092788002177715, 0.5874247385989834
Time, 0.162, Pos_X, -0.0015092591141820052, Pos_Y, 0.16147435067569174, Pos_Z, 0.11042896134005499, BFx, 1.0, 0.0, 0.0,                             BFy, 0.0, 0.5922565107728832, -0.805749480575153, BFz, 0.0, 0.8057494805751532, 0.5922565107728832
Time, 0.164, Pos_X, -0.0026934950865140066, Pos_Y, 0.16622639219506627, Pos_Z, 0.11419597521575972, BFx, 1.0, 0.0, 0.0,                             BFy, 0.0, 0.5972022156374123, -0.8020907140952106, BFz, 0.0, 0.8020907140952106, 0.5972022156374122
Time, 0.166, Pos_X, -0.003957999440846008, Pos_Y, 0.17104750621525994, Pos_Z, 0.1180389231255468, BFx, 1.0, 0.0, 0.0,                             BFy, 0.0, 0.6022623301426936, -0.7982982435725962, BFz, 0.0, 0.7982982435725962, 0.6022623301426935
Time, 0.168, Pos_X, -0.00530328065917801, Pos_Y, 0.17593882880694484, Pos_Z, 0.12195696972355068, BFx, 1.0, 0.0, 0.0,                             BFy, 0.0, 0.6074328165162818, -0.7943710552500616, BFz, 0.0, 0.7943710552500616, 0.6074328165162817
Time, 0.17, Pos_X, -0.006729612937510012, Pos_Y, 0.18090164985528912, Pos_Z, 0.12594918756981266, BFx, 1.0, 0.0, 0.0,                             BFy, 0.0, 0.6127057116598921, -0.7903111481558035, BFz, 0.0, 0.7903111481558035, 0.6127057116598918
Time, 0.172, Pos_X, -0.008237026513841993, Pos_Y, 0.1859374003350926, Pos_Z, 0.1300145632898077, BFx, 1.0, 0.0, 0.0,                             BFy, 0.0, 0.6180696063173685, -0.7861233756521251, BFz, 0.0, 0.7861233756521251, 0.6180696063173684
Time, 0.174, Pos_X, -0.009825298640173993, Pos_Y, 0.19104764062566199, Pos_Z, 0.1341520022636402, BFx, 1.0, 0.0, 0.0,                             BFy, 0.0, 0.6235102119637164, -0.7818152055165982, BFz, 0.0, 0.7818152055165982, 0.6235102119637163
Time, 0.176, Pos_X, -0.011493944002505994, Pos_Y, 0.1962340488854569, Pos_Z, 0.13836033066887896, BFx, 1.0, 0.0, 0.0,                             BFy, 0.0, 0.6290107308800221, -0.7773966172024287, BFz, 0.0, 0.7773966172024287, 0.629010730880022
Time, 0.178, Pos_X, -0.013242203244837995, Pos_Y, 0.20149840894048465, Pos_Z, 0.14263829617997986, BFx, 1.0, 0.0, 0.0,                             BFy, 0.0, 0.6345520749296932, -0.7728801098504349, BFz, 0.0, 0.772880109850435, 0.6345520749296931
Time, 0.18, Pos_X, -0.015069033535169996, Pos_Y, 0.20684259980052505, Pos_Z, 0.14698456813143693, BFx, 1.0, 0.0, 0.0,                             BFy, 0.0, 0.6401131454232359, -0.7682806525328949, BFz, 0.0, 0.768280652532895, 0.6401131454232357
Time, 0.182, Pos_X, -0.016973104219501996, Pos_Y, 0.2122685853341353, Pos_Z, 0.15139773718368502, BFx, 1.0, 0.0, 0.0,                             BFy, 0.0, 0.6456709953912071, -0.7636157186114803, BFz, 0.0, 0.7636157186114803, 0.645670995391207
Time, 0.184, Pos_X, -0.018952791493833998, Pos_Y, 0.2177784015386172, Pos_Z, 0.1558763164033592, BFx, 1.0, 0.0, 0.0,                             BFy, 0.0, 0.6512010544663959, -0.7589052553921692, BFz, 0.0, 0.7589052553921694, 0.6512010544663959
Time, 0.186, Pos_X, -0.021006174082166, Pos_Y, 0.22337414381260107, Pos_Z, 0.16041874423404176, BFx, 1.0, 0.0, 0.0,                             BFy, 0.0, 0.6566773755003716, -0.7541716147575058, BFz, 0.0, 0.7541716147575058, 0.6566773755003716
Time, 0.188, Pos_X, -0.023131033496498, Pos_Y, 0.2290579555978103, Pos_Z, 0.16502338739215158, BFx, 1.0, 0.0, 0.0,                             BFy, 0.0, 0.6620728829464472, -0.7494394556379989, BFz, 0.0, 0.749439455637999, 0.6620728829464473
Time, 0.19, Pos_X, -0.025324856152830002, Pos_Y, 0.23483201507804727, Pos_Z, 0.16968854410725676, BFx, 1.0, 0.0, 0.0,                             BFy, 0.0, 0.6673596498386766, -0.7447355891638313, BFz, 0.0, 0.7447355891638315, 0.6673596498386769
Time, 0.192, Pos_X, -0.027584836575162003, Pos_Y, 0.240698521680828, Pos_Z, 0.17441244727373303, BFx, 1.0, 0.0, 0.0,                             BFy, 0.0, 0.6725090245134911, -0.7400889216492251, BFz, 0.0, 0.7400889216492254, 0.6725090245134915
Time, 0.194, Pos_X, -0.029907880757494003, Pos_Y, 0.24665968345868378, Pos_Z, 0.17919326783758796, BFx, 1.0, 0.0, 0.0,                             BFy, 0.0, 0.6774918643055621, -0.7355302670861169, BFz, 0.0, 0.735530267086117, 0.6774918643055624
Time, 0.196, Pos_X, -0.032290610191826004, Pos_Y, 0.2527177052146469, Pos_Z, 0.18402911889146853, BFx, 1.0, 0.0, 0.0,                             BFy, 0.0, 0.682278655074913, -0.7310922218360474, BFz, 0.0, 0.7310922218360475, 0.6822786550749134
Time, 0.198, Pos_X, -0.034729367934158005, Pos_Y, 0.25887477724883917, Pos_Z, 0.18891806076989504, BFx, 1.0, 0.0, 0.0,                             BFy, 0.0, 0.6868396180328388, -0.7268090114331995, BFz, 0.0, 0.7268090114331995, 0.6868396180328392
Time, 0.2, Pos_X, -0.037220227230490004, Pos_Y, 0.2651330644156234, Pos_Z, 0.1938581066802749, BFx, 1.0, 0.0, 0.0,                             BFy, 0.0, 0.6911449871097489, -0.7227161315434059, BFz, 0.0, 0.7227161315434057, 0.6911449871097494
Time, 0.202, Pos_X, -0.03975900205682201, Pos_Y, 0.27149469574833207, Pos_Z, 0.19884722913126388, BFx, 1.0, 0.0, 0.0,                             BFy, 0.0, 0.695165144371138, -0.7188500692435493, BFz, 0.0, 0.7188500692435492, 0.6951651443711385
Time, 0.204, Pos_X, -0.04234125860915397, Pos_Y, 0.2779617536113744, Pos_Z, 0.2038833682352892, BFx, 1.0, 0.0, 0.0,                             BFy, 0.0, 0.6988705807215294, -0.715248146730876, BFz, 0.0, 0.7152481467308761, 0.6988705807215301
Time, 0.206, Pos_X, -0.04496232848948597, Pos_Y, 0.2845362625404291, Pos_Z, 0.20896444132087358, BFx, 1.0, 0.0, 0.0,                             BFy, 0.0, 0.7022318733333153, -0.7119483099739636, BFz, 0.0, 0.7119483099739639, 0.7022318733333158
Time, 0.208, Pos_X, -0.047617323607817966, Pos_Y, 0.2912201799105909, Pos_Z, 0.21408835282404193, BFx, 1.0, 0.0, 0.0,                             BFy, 0.0, 0.7052199432969194, -0.7089885976348913, BFz, 0.0, 0.7089885976348915, 0.70521994329692
Time, 0.21, Pos_X, -0.05030115234414997, Pos_Y, 0.29801538812591827, Pos_Z, 0.21925300574919232, BFx, 1.0, 0.0, 0.0,                             BFy, 0.0, 0.7078061896886513, -0.70640668020513, BFz, 0.0, 0.7064066802051302, 0.7078061896886518
Time, 0.212, Pos_X, -0.05300853738528197, Pos_Y, 0.30492368809404524, Pos_Z, 0.22445631450661793, BFx, 1.0, 0.0, 0.0,                             BFy, 0.0, 0.7099624183221853, -0.7042395647576998, BFz, 0.0, 0.7042395647577001, 0.7099624183221859
Time, 0.214, Pos_X, -0.05573403400721397, Pos_Y, 0.3119467933416614, Pos_Z, 0.22969621875204832, BFx, 1.0, 0.0, 0.0,                             BFy, 0.0, 0.7116607865411054, -0.7025232557714335, BFz, 0.0, 0.7025232557714338, 0.711660786541106
Time, 0.216, Pos_X, -0.05847204889514597, Pos_Y, 0.31908632362588657, Pos_Z, 0.23497069911199708, BFx, 1.0, 0.0, 0.0,                             BFy, 0.0, 0.7128738380439195, -0.7012923007081507, BFz, 0.0, 0.7012923007081511, 0.7128738380439201
Time, 0.218, Pos_X, -0.06121686040087797, Pos_Y, 0.3263437990825218, Pos_Z, 0.24027779398889734, BFx, 1.0, 0.0, 0.0,                             BFy, 0.0, 0.7135743597204743, -0.70057949809391, BFz, 0.0, 0.7005794980939103, 0.713574359720475
Time, 0.22, Pos_X, -0.06396263869466996, Pos_Y, 0.3337206346448043, Pos_Z, 0.2456156173092085, BFx, 1.0, 0.0, 0.0,                             BFy, 0.0, 0.7137353777944385, -0.7004154556294641, BFz, 0.0, 0.7004154556294644, 0.7137353777944392
Time, 0.222, Pos_X, -0.06670346459072196, Pos_Y, 0.3412181349661739, Pos_Z, 0.2509823762038733, BFx, 1.0, 0.0, 0.0,                             BFy, 0.0, 0.7133299530679271, -0.7008283513501066, BFz, 0.0, 0.7008283513501069, 0.7133299530679276
Time, 0.224, Pos_X, -0.06943334712717396, Pos_Y, 0.34883748945758514, Pos_Z, 0.25637638885064284, BFx, 1.0, 0.0, 0.0,                             BFy, 0.0, 0.712330957057272, -0.7018437202240044, BFz, 0.0, 0.7018437202240048, 0.7123309570572722
Time, 0.226, Pos_X, -0.07214624482202596, Pos_Y, 0.35657977130981666, Pos_Z, 0.2617961010640127, BFx, 1.0, 0.0, 0.0,                             BFy, 0.0, 0.7107107802883024, -0.7034843187889777, BFz, 0.0, 0.703484318788978, 0.7107107802883027
Time, 0.228, Pos_X, -0.07483609113947796, Pos_Y, 0.36444593952673043, Pos_Z, 0.2672401059346243, BFx, 1.0, 0.0, 0.0,                             BFy, 0.0, 0.7084409226443626, -0.7057701177598861, BFz, 0.0, 0.7057701177598865, 0.7084409226443632
Time, 0.23, Pos_X, -0.07749681589752996, Pos_Y, 0.37243683755126833, Pos_Z, 0.27270716528831007, BFx, 1.0, 0.0, 0.0,                             BFy, 0.0, 0.7054917672684143, -0.7087181148499655, BFz, 0.0, 0.708718114849966, 0.7054917672684149
Time, 0.232, Pos_X, -0.08012235915158196, Pos_Y, 0.38055318859147663, Pos_Z, 0.27819622789791415, BFx, 1.0, 0.0, 0.0,                             BFy, 0.0, 0.7018323704057244, -0.7123421396005444, BFz, 0.0, 0.7123421396005448, 0.701832370405725
Time, 0.234, Pos_X, -0.08270668668363396, Pos_Y, 0.38879559034110595, Pos_Z, 0.28370645186489096, BFx, 1.0, 0.0, 0.0,                             BFy, 0.0, 0.6974304949017022, -0.716652429550871, BFz, 0.0, 0.7166524295508715, 0.6974304949017028
Time, 0.236, Pos_X, -0.08524380817968592, Pos_Y, 0.397164513261184, Pos_Z, 0.2892372274594988, BFx, 1.0, 0.0, 0.0,                             BFy, 0.0, 0.6922528660331982, -0.7216550210930582, BFz, 0.0, 0.7216550210930585, 0.692252866033199
Time, 0.238, Pos_X, -0.08772779147573792, Pos_Y, 0.40566029937711146, Pos_Z, 0.29478819747875484, BFx, 1.0, 0.0, 0.0,                             BFy, 0.0, 0.6862653215138902, -0.7273512964774561, BFz, 0.0, 0.7273512964774564, 0.686265321513891
Time, 0.24, Pos_X, -0.09015277292178991, Pos_Y, 0.4142831588591001, Pos_Z, 0.30035927665701817, BFx, 1.0, 0.0, 0.0,                             BFy, 0.0, 0.6794332875409461, -0.7337372879861713, BFz, 0.0, 0.7337372879861715, 0.6794332875409469
Time, 0.242, Pos_X, -0.09251296698384191, Pos_Y, 0.4230331653116821, Pos_Z, 0.30595067040328205, BFx, 1.0, 0.0, 0.0,                             BFy, 0.0, 0.6717222661943272, -0.7408030757892123, BFz, 0.0, 0.7408030757892127, 0.6717222661943278
Time, 0.244, Pos_X, -0.09480267537789391, Pos_Y, 0.4319102492123773, Pos_Z, 0.31156289242131796, BFx, 1.0, 0.0, 0.0,                             BFy, 0.0, 0.6630983964629231, -0.748532241528914, BFz, 0.0, 0.7485322415289142, 0.6630983964629237
Time, 0.246, Pos_X, -0.09701629216994591, Pos_Y, 0.44091419036478247, Pos_Z, 0.3171967778159526, BFx, 1.0, 0.0, 0.0,                             BFy, 0.0, 0.6535291048812563, -0.7569013866238485, BFz, 0.0, 0.7569013866238489, 0.6535291048812567
Time, 0.248, Pos_X, -0.0991483049519979, Pos_Y, 0.45004460892659365, Pos_Z, 0.3228534924952775, BFx, 1.0, 0.0, 0.0,                             BFy, 0.0, 0.6429835341895052, -0.7658800002357904, BFz, 0.0, 0.7658800002357907, 0.6429835341895056
Time, 0.25, Pos_X, -0.1011932940500499, Pos_Y, 0.45930095467825266, Pos_Z, 0.3285345399991694, BFx, 1.0, 0.0, 0.0,                             BFy, 0.0, 0.6314330722923848, -0.7754303806373599, BFz, 0.0, 0.7754303806373601, 0.6314330722923853
Time, 0.252, Pos_X, -0.1031459297321019, Pos_Y, 0.46868249404903867, Pos_Z, 0.33424176513939274, BFx, 1.0, 0.0, 0.0,                             BFy, 0.0, 0.6188519704108643, -0.7855076312287437, BFz, 0.0, 0.7855076312287439, 0.6188519704108649
Time, 0.254, Pos_X, -0.10500096498815391, Pos_Y, 0.4781882947765199, Pos_Z, 0.33997735280341773, BFx, 1.0, 0.0, 0.0,                             BFy, 0.0, 0.6052179774062701, -0.7960597966385847, BFz, 0.0, 0.796059796638585, 0.6052179774062708
Time, 0.256, Pos_X, -0.1067532254762059, Pos_Y, 0.48781720986305627, Pos_Z, 0.34574382189514535, BFx, 1.0, 0.0, 0.0,                             BFy, 0.0, 0.5905127245532397, -0.8070283279666899, BFz, 0.0, 0.8070283279666903, 0.5905127245532403
Time, 0.258, Pos_X, -0.1083975978162579, Pos_Y, 0.4975678607709907, Pos_Z, 0.35154401530089957, BFx, 1.0, 0.0, 0.0,                             BFy, 0.0, 0.5747219504876376, -0.8183487518336464, BFz, 0.0, 0.818348751833647, 0.5747219504876381
Time, 0.26, Pos_X, -0.1099290157843099, Pos_Y, 0.5074386194038661, Pos_Z, 0.3573810856929888, BFx, 1.0, 0.0, 0.0,                             BFy, 0.0, 0.5578371178084653, -0.8299504503252865, BFz, 0.0, 0.829950450325287, 0.5578371178084658
Time, 0.262, Pos_X, -0.1113424453103619, Pos_Y, 0.5174275898005758, Pos_Z, 0.3632584767042513, BFx, 1.0, 0.0, 0.0,                             BFy, 0.0, 0.5398564121085938, -0.8417571231092953, BFz, 0.0, 0.8417571231092958, 0.5398564121085941
Time, 0.264, Pos_X, -0.1126328689884139, Pos_Y, 0.5275325894095418, Pos_Z, 0.3691798995767561, BFx, 1.0, 0.0, 0.0,                             BFy, 0.0, 0.5207853514102666, -0.853687658196185, BFz, 0.0, 0.8536876581961855, 0.5207853514102668
Time, 0.266, Pos_X, -0.1137952704884659, Pos_Y, 0.5377511304843473, Pos_Z, 0.37514930497993343, BFx, 1.0, 0.0, 0.0,                             BFy, 0.0, 0.5006372704058266, -0.8656571627847855, BFz, 0.0, 0.865657162784786, 0.5006372704058271
Time, 0.268, Pos_X, -0.11482461894851789, Pos_Y, 0.5480804027815777, Pos_Z, 0.3811708495914007, BFx, 1.0, 0.0, 0.0,                             BFy, 0.0, 0.4794338743225697, -0.8775780080152713, BFz, 0.0, 0.8775780080152717, 0.4794338743225702
Time, 0.27, Pos_X, -0.11571585373056989, Pos_Y, 0.5585172574775065, Pos_Z, 0.3872488581227753, BFx, 1.0, 0.0, 0.0,                             BFy, 0.0, 0.4572054630354829, -0.8893610990877163, BFz, 0.0, 0.8893610990877169, 0.4572054630354834
Time, 0.272, Pos_X, -0.11646387001462188, Pos_Y, 0.5690581918561459, Pos_Z, 0.39338778158471815, BFx, 1.0, 0.0, 0.0,                             BFy, 0.0, 0.43399091621575847, -0.9009172462785954, BFz, 0.0, 0.9009172462785958, 0.4339909162157589
Time, 0.274, Pos_X, -0.11706350682667388, Pos_Y, 0.579699335702564, Pos_Z, 0.3995921524200516, BFx, 1.0, 0.0, 0.0,                             BFy, 0.0, 0.40983708690426646, -0.9121587373904971, BFz, 0.0, 0.9121587373904976, 0.4098370869042669
Time, 0.276, Pos_X, -0.11750953738272588, Pos_Y, 0.5904364411742884, Pos_Z, 0.4058665365792983, BFx, 1.0, 0.0, 0.0,                             BFy, 0.0, 0.3847981865719516, -0.9230007343501624, BFz, 0.0, 0.9230007343501627, 0.384798186571952
Time, 0.278, Pos_X, -0.11779666166877788, Pos_Y, 0.6012648760710853, Pos_Z, 0.41221548234395394, BFx, 1.0, 0.0, 0.0,                             BFy, 0.0, 0.3589350939783152, -0.9333625224481534, BFz, 0.0, 0.9333625224481537, 0.3589350939783155
Time, 0.28, Pos_X, -0.11791950253482987, Pos_Y, 0.6121796215546306, Pos_Z, 0.41864346697015337, BFx, 1.0, 0.0, 0.0,                             BFy, 0.0, 0.3323144877982947, -0.9431686387912603, BFz, 0.0, 0.9431686387912606, 0.3323144877982951
Time, 0.282, Pos_X, -0.11787260399088187, Pos_Y, 0.6231752740906278, Pos_Z, 0.4251548416984952, BFx, 1.0, 0.0, 0.0,                             BFy, 0.0, 0.30500783941790266, -0.9523498400764421, BFz, 0.0, 0.9523498400764423, 0.30500783941790305
Time, 0.284, Pos_X, -0.11765043266493387, Pos_Y, 0.6342460513711855, Pos_Z, 0.4317537761474635, BFx, 1.0, 0.0, 0.0,                             BFy, 0.0, 0.2770906317999132, -0.9608437863506882, BFz, 0.0, 0.9608437863506885, 0.2770906317999136
Time, 0.286, Pos_X, -0.11724738258698587, Pos_Y, 0.6453858040684827, Pos_Z, 0.43844420299116915, BFx, 1.0, 0.0, 0.0,                             BFy, 0.0, 0.2486415762887844, -0.968595563969106, BFz, 0.0, 0.9685955639691061, 0.24864157628878475
Time, 0.288, Pos_X, -0.11665778296903788, Pos_Y, 0.6565880326309786, Pos_Z, 0.4452297639174805, BFx, 1.0, 0.0, 0.0,                             BFy, 0.0, 0.21974175038676677, -0.9755580777877664, BFz, 0.0, 0.9755580777877666, 0.21974175038676713
Time, 0.29, Pos_X, -0.11587590591908987, Pos_Y, 0.6678459103668786, Pos_Z, 0.45211375606115434, BFx, 1.0, 0.0, 0.0,                             BFy, 0.0, 0.19047423469998562, -0.9816921950975552, BFz, 0.0, 0.9816921950975556, 0.19047423469998595
Time, 0.292, Pos_X, -0.11489597413714188, Pos_Y, 0.6791523127638582, Pos_Z, 0.4590990802736743, BFx, 1.0, 0.0, 0.0,                             BFy, 0.0, 0.16092391233419928, -0.9869668152673913, BFz, 0.0, 0.9869668152673916, 0.16092391233419961
Time, 0.294, Pos_X, -0.11371217247519388, Pos_Y, 0.6904998512726744, Pos_Z, 0.4661881945549543, BFx, 1.0, 0.0, 0.0,                             BFy, 0.0, 0.13117758949899616, -0.9913588855773849, BFz, 0.0, 0.9913588855773853, 0.1311775894989965
Time, 0.296, Pos_X, -0.11231866037924589, Pos_Y, 0.7018809127637685, Pos_Z, 0.4733830717409166, BFx, 1.0, 0.0, 0.0,                             BFy, 0.0, 0.10132391037490382, -0.9948534893070136, BFz, 0.0, 0.9948534893070139, 0.10132391037490414
Time, 0.298, Pos_X, -0.11070958353329788, Pos_Y, 0.7132877045346852, Pos_Z, 0.48068516128716315, BFx, 1.0, 0.0, 0.0,                             BFy, 0.0, 0.07145344195685349, -0.9974439360848911, BFz, 0.0, 0.9974439360848917, 0.07145344195685381
Time, 0.3, Pos_X, -0.10887908503134988, Pos_Y, 0.7247123039532163, Pos_Z, 0.48809535675757554, BFx, 1.0, 0.0, 0.0,                             BFy, 0.0, 0.0416583717775687, -0.9991319132431131, BFz, 0.0, 0.9991319132431138, 0.04165837177756901
Time, 0.302, Pos_X, -0.10682131691940187, Pos_Y, 0.7361467125590846, Pos_Z, 0.49561397039308625, BFx, 1.0, 0.0, 0.0,                             BFy, 0.0, 0.01203217998300998, -0.9999276107023238, BFz, 0.0, 0.9999276107023245, 0.012032179983010264
Time, 0.304, Pos_X, -0.10453045195145387, Pos_Y, 0.747582912771675, Pos_Z, 0.5032407155112613, BFx, 1.0, 0.0, 0.0,                             BFy, 0.0, -0.017331102941998355, -0.9998498051561622, BFz, 0.0, 0.999849805156163, -0.01733110294199809
Time, 0.306, Pos_X, -0.10200069479750587, Pos_Y, 0.7590129258941878, Pos_Z, 0.5109746970572888, BFx, 1.0, 0.0, 0.0,                             BFy, 0.0, -0.04633830140241965, -0.998925803963007, BFz, 0.0, 0.9989258039630079, -0.046338301402419416
Time, 0.308, Pos_X, -0.09922629210955787, Pos_Y, 0.770428871187236, Pos_Z, 0.5188144100265113, BFx, 1.0, 0.0, 0.0,                             BFy, 0.0, -0.07489827891023901, -0.9971911791709177, BFz, 0.0, 0.9971911791709187, -0.0748982789102388
Time, 0.31, Pos_X, -0.09620154180760987, Pos_Y, 0.7818230244313013, Pos_Z, 0.5267577459944746, BFx, 1.0, 0.0, 0.0,                             BFy, 0.0, -0.10292325696548306, -0.9946892998196063, BFz, 0.0, 0.9946892998196073, -0.10292325696548288
Time, 0.312, Pos_X, -0.09292080264566187, Pos_Y, 0.7931878734588277, Pos_Z, 0.5348020081750692, BFx, 1.0, 0.0, 0.0,                             BFy, 0.0, -0.13032981296302742, -0.9914706954081012, BFz, 0.0, 0.9914706954081021, -0.13032981296302726
Time, 0.314, Pos_X, -0.08937850260371387, Pos_Y, 0.804516170973932, Pos_Z, 0.5429439342492433, BFx, 1.0, 0.0, 0.0,                             BFy, 0.0, -0.15704127948373556, -0.987592039527513, BFz, 0.0, 0.9875920395275137, -0.1570412794837354
Time, 0.316, Pos_X, -0.08556914562176586, Pos_Y, 0.8158009845424923, Pos_Z, 0.5511797264508504, BFx, 1.0, 0.0, 0.0,                             BFy, 0.0, -0.18298825178637784, -0.9831150999288776, BFz, 0.0, 0.9831150999288785, -0.1829882517863777
Time, 0.318, Pos_X, -0.08148731747981786, Pos_Y, 0.827035740597027, Pos_Z, 0.559505088716212, BFx, 1.0, 0.0, 0.0,                             BFy, 0.0, -0.2081085398236085, -0.9781057384825463, BFz, 0.0, 0.9781057384825473, -0.20810853982360836
Time, 0.32, Pos_X, -0.07712769055786985, Pos_Y, 0.8382142639315052, Pos_Z, 0.567915269497871, BFx, 1.0, 0.0, 0.0,                             BFy, 0.0, -0.23234737101284564, -0.9726328696807552, BFz, 0.0, 0.9726328696807562, -0.2323473710128455
Time, 0.322, Pos_X, -0.07248502711592184, Pos_Y, 0.8493308116741213, Pos_Z, 0.5764051089732296, BFx, 1.0, 0.0, 0.0,                             BFy, 0.0, -0.25565759632237994, -0.9667673936592324, BFz, 0.0, 0.9667673936592333, -0.25565759632237983
