Time, 0, Pos_X, 0.0, Pos_Y, 0.0, Pos_Z, 0.0, BFx, 1, 0, 0,                         BFy, 0, -1, 0, BFz, 0, 0, -1
Time, 0.0, Pos_X, 0.0, Pos_Y, 0.0, Pos_Z, 0.0, BFx, 1.0, 0.0, 0.0,                             BFy, 0.0, -1.0, 0.0, BFz, 0.0, 0.0, -1.0
Time, 0.002, Pos_X, -3.9033248e-06, Pos_Y, -1.727915598835132e-06, Pos_Z, -6.312312674097543e-06, BFx, 1.0, 0.0, 0.0,                             BFy, 0.0, -0.9999973632109305, 0.0022964257416011064, BFz, 0.0, -0.0022964257416011064, -0.9999973632109305
Time, 0.004, Pos_X, -1.55658446e-05, Pos_Y, -6.745036286275843e-06, Pos_Z, -2.5218052959000644e-05, BFx, 1.0, 0.0, 0.0,                             BFy, 0.0, -0.999989302321143, 0.004625499245894259, BFz, 0.0, -0.004625499245894258, -0.999989302321143
Time, 0.006, Pos_X, -3.48838786e-05, Pos_Y, -1.4699556617285449e-05, Pos_Z, -5.6643216154531726e-05, BFx, 1.0, 0.0, 0.0,                             BFy, 0.0, -0.9999755038293293, 0.006999410066525456, BFz, 0.0, -0.0069994100665254555, -0.9999755038293293
Time, 0.008, Pos_X, -6.17356324e-05, Pos_Y, -2.5202993247326787e-05, Pos_Z, -0.00010048876771431544, BFx, 1.0, 0.0, 0.0,                             BFy, 0.0, -0.9999555216090353, 0.00943158542359749, BFz, 0.0, -0.009431585423597488, -0.9999555216090353
Time, 0.01, Pos_X, -9.59783448e-05, Pos_Y, -3.7830464012411694e-05, Pos_Z, -0.00015662893390948357, BFx, 1.0, 0.0, 0.0,                             BFy, 0.0, -0.9999287616466402, 0.011936148114744064, BFz, 0.0, -0.011936148114744062, -0.9999287616466401
Time, 0.012, Pos_X, -0.0001374465964, Pos_Y, -5.21217666808745e-05, Pos_Z, -0.0002249134735413269, BFx, 1.0, 0.0, 0.0,                             BFy, 0.0, -0.9998944757482958, 0.014527125250423222, BFz, 0.0, -0.01452712525042322, -0.9998944757482957
Time, 0.014, Pos_X, -0.00018595316, Pos_Y, -6.758320826372093e-05, Pos_Z, -0.0003051719593578662, BFx, 1.0, 0.0, 0.0,                             BFy, 0.0, -0.9998517686920855, 0.017217451707760158, BFz, 0.0, -0.017217451707760158, -0.9998517686920855
Time, 0.016, Pos_X, -0.0002412887184, Pos_Y, -8.368954993257852e-05, Pos_Z, -0.00039721726861082917, BFx, 1.0, 0.0, 0.0,                             BFy, 0.0, -0.9997996195380334, 0.02001801118004553, BFz, 0.0, -0.020018011180045526, -0.9997996195380334
Time, 0.018, Pos_X, -0.00030322113619999996, Pos_Y, -9.988781399379427e-05, Pos_Z, -0.0005008478681905901, BFx, 1.0, 0.0, 0.0,                             BFy, 0.0, -0.9997369258638187, 0.02293641350260193, BFz, 0.0, -0.022936413502601928, -0.9997369258638188
Time, 0.02, Pos_X, -0.00037149572940000004, Pos_Y, -0.00011560217934418963, Pos_Z, -0.000615849254344191, BFx, 1.0, 0.0, 0.0,                             BFy, 0.0, -0.9996625671169225, 0.025975987088184913, BFz, 0.0, -0.02597598708818491, -0.9996625671169227
Time, 0.022, Pos_X, -0.00044583967999999995, Pos_Y, -0.00013024064915186838, Pos_Z, -0.0007419916980742981, BFx, 1.0, 0.0, 0.0,                             BFy, 0.0, -0.9995754860389156, 0.029134991162973963, BFz, 0.0, -0.02913499116297396, -0.9995754860389158
Time, 0.024, Pos_X, -0.000525963823, Pos_Y, -0.00014319998095786693, Pos_Z, -0.0008790268559459754, BFx, 1.0, 0.0, 0.0,                             BFy, 0.0, -0.9994747722694388, 0.03240647461472116, BFz, 0.0, -0.03240647461472116, -0.999474772269439
Time, 0.026, Pos_X, -0.0006115594241999999, Pos_Y, -0.00015386708238035373, Pos_Z, -0.0010266859928591695, BFx, 1.0, 0.0, 0.0,                             BFy, 0.0, -0.9993597309061977, 0.035778879846823576, BFz, 0.0, -0.035778879846823576, -0.9993597309061979
Time, 0.028, Pos_X, -0.0007022992522, Pos_Y, -0.0001616229943552727, Pos_Z, -0.0011846775971441886, BFx, 1.0, 0.0, 0.0,                             BFy, 0.0, -0.9992298610545074, 0.039238817222123974, BFz, 0.0, -0.039238817222123974, -0.9992298610545077
Time, 0.03, Pos_X, -0.0007978415373999999, Pos_Y, -0.000165850029353687, Pos_Z, -0.0013526854863049036, BFx, 1.0, 0.0, 0.0,                             BFy, 0.0, -0.9990849860130686, 0.04276903930728188, BFz, 0.0, -0.04276903930728188, -0.999084986013069
Time, 0.032, Pos_X, -0.0008978324998, Pos_Y, -0.0001659398662326284, Pos_Z, -0.001530367107413695, BFx, 1.0, 0.0, 0.0,                             BFy, 0.0, -0.9989251885613732, 0.04635156585948326, BFz, 0.0, -0.04635156585948327, -0.9989251885613737
Time, 0.034, Pos_X, -0.0010019077108, Pos_Y, -0.00016130219697231728, Pos_Z, -0.0017173511810978854, BFx, 1.0, 0.0, 0.0,                             BFy, 0.0, -0.9987507850112568, 0.04996868458744103, BFz, 0.0, -0.04996868458744104, -0.9987507850112571
Time, 0.036, Pos_X, -0.0011096947606999998, Pos_Y, -0.00015137310720117757, Pos_Z, -0.0019132348052898899, BFx, 1.0, 0.0, 0.0,                             BFy, 0.0, -0.9985622594720257, 0.05360423451671937, BFz, 0.0, -0.05360423451671937, -0.9985622594720263
Time, 0.038, Pos_X, -0.0012208174034999998, Pos_Y, -0.00013562252701369994, Pos_Z, -0.0021175806987806045, BFx, 1.0, 0.0, 0.0,                             BFy, 0.0, -0.9983601725894582, 0.05724478829682157, BFz, 0.0, -0.05724478829682158, -0.9983601725894587
Time, 0.04, Pos_X, -0.0013348994204199999, Pos_Y, -0.00011356001461108284, Pos_Z, -0.0023299142989201506, BFx, 1.0, 0.0, 0.0,                             BFy, 0.0, -0.9981450411275842, 0.06088084158759481, BFz, 0.0, -0.06088084158759482, -0.9981450411275847
Time, 0.042, Pos_X, -0.00145156729166, Pos_Y, -8.473881978881127e-05, Pos_Z, -0.002549720358929707, BFx, 1.0, 0.0, 0.0,                             BFy, 0.0, -0.9979172018115362, 0.06450781602747292, BFz, 0.0, -0.06450781602747292, -0.9979172018115366
Time, 0.044, Pos_X, -0.0015704521820999995, Pos_Y, -4.87586330160523e-05, Pos_Z, -0.0027764390425136657, BFx, 1.0, 0.0, 0.0,                             BFy, 0.0, -0.9976766882795848, 0.06812654154939113, BFz, 0.0, -0.06812654154939114, -0.997676688279585
Time, 0.046, Pos_X, -0.0016911922024799996, Pos_Y, -5.2676641626695116e-06, Pos_Z, -0.0030094618726661895, BFx, 1.0, 0.0, 0.0,                             BFy, 0.0, -0.997423145480136, 0.07174307534886123, BFz, 0.0, -0.07174307534886123, -0.9974231454801361
Time, 0.048, Pos_X, -0.0018134340905199995, Pos_Y, 4.603569612724733e-05, Pos_Z, -0.0032481284860787435, BFx, 1.0, 0.0, 0.0,                             BFy, 0.0, -0.9971558055009934, 0.07536776204495989, BFz, 0.0, -0.07536776204495989, -0.9971558055009935
Time, 0.05, Pos_X, -0.0019368338374199997, Pos_Y, 0.00010540258209976367, Pos_Z, -0.0034917255501685156, BFx, 1.0, 0.0, 0.0,                             BFy, 0.0, -0.9968735568117085, 0.07901336424665174, BFz, 0.0, -0.07901336424665173, -0.9968735568117086
Time, 0.052, Pos_X, -0.0020610570478799993, Pos_Y, 0.00017303470041407572, Pos_Z, -0.0037394882495639546, BFx, 1.0, 0.0, 0.0,                             BFy, 0.0, -0.9965750903259816, 0.08269274056265195, BFz, 0.0, -0.08269274056265191, -0.9965750903259817
Time, 0.054, Pos_X, -0.0021857789995999993, Pos_Y, 0.00024908612607214104, Pos_Z, -0.003990603189348209, BFx, 1.0, 0.0, 0.0,                             BFy, 0.0, -0.9962591141662177, 0.08641630309579147, BFz, 0.0, -0.0864163030957914, -0.9962591141662177
Time, 0.056, Pos_X, -0.0023106823734293995, Pos_Y, 0.00033366575838422784, Pos_Z, -0.004244213606368023, BFx, 1.0, 0.0, 0.0,                             BFy, 0.0, -0.9959246265531521, 0.09018945739367337, BFz, 0.0, -0.09018945739367329, -0.995924626553152
Time, 0.058, Pos_X, -0.0024354555926481996, Pos_Y, 0.0004268422175503565, Pos_Z, -0.004499422422806318, BFx, 1.0, 0.0, 0.0,                             BFy, 0.0, -0.9955712020634676, 0.09401053995112948, BFz, 0.0, -0.0940105399511294, -0.9955712020634673
Time, 0.06, Pos_X, -0.002559792905926999, Pos_Y, 0.0005286491443117831, Pos_Z, -0.004755295307669416, BFx, 1.0, 0.0, 0.0,                             BFy, 0.0, -0.995199234776762, 0.09786972514393084, BFz, 0.0, -0.09786972514393075, -0.9951992347767615
Time, 0.062, Pos_X, -0.0026833941330657992, Pos_Y, 0.0006390883328476352, Pos_Z, -0.005010869673910151, BFx, 1.0, 0.0, 0.0,                             BFy, 0.0, -0.994810106568274, 0.10174896495601572, BFz, 0.0, -0.1017489649560156, -0.9948101065682735
Time, 0.064, Pos_X, -0.0028059648550245995, Pos_Y, 0.0007581318775967173, Pos_Z, -0.005265166698121165, BFx, 1.0, 0.0, 0.0,                             BFy, 0.0, -0.9944062674790848, 0.10562279677378382, BFz, 0.0, -0.1056227967737837, -0.9944062674790844
Time, 0.066, Pos_X, -0.0029272160909633994, Pos_Y, 0.000885724271814636, Pos_Z, -0.0055172050784364855, BFx, 1.0, 0.0, 0.0,                             BFy, 0.0, -0.9939912072982361, 0.10945994616203687, BFz, 0.0, -0.10945994616203675, -0.9939912072982358
Time, 0.068, Pos_X, -0.0030468633934421993, Pos_Y, 0.0010217849478938775, Pos_Z, -0.005766016130481297, BFx, 1.0, 0.0, 0.0,                             BFy, 0.0, -0.993569292098066, 0.11322571174317803, BFz, 0.0, -0.11322571174317787, -0.9935692920980655
Time, 0.07, Pos_X, -0.0031646262285809994, Pos_Y, 0.0011662105404257137, Pos_Z, -0.006010659403525577, BFx, 1.0, 0.0, 0.0,                             BFy, 0.0, -0.9931455026703276, 0.11688460345872527, BFz, 0.0, -0.11688460345872512, -0.9931455026703272
Time, 0.072, Pos_X, -0.0032802284203197985, Pos_Y, 0.0013188771646491385, Pos_Z, -0.006250236403705901, BFx, 1.0, 0.0, 0.0,                             BFy, 0.0, -0.9927250654181096, 0.12040325780729892, BFz, 0.0, -0.1204032578072988, -0.9927250654181093
Time, 0.074, Pos_X, -0.003393399842518599, Pos_Y, 0.001479642838933507, Pos_Z, -0.006483899957177548, BFx, 1.0, 0.0, 0.0,                             BFy, 0.0, -0.9923130854018951, 0.1237527395259269, BFz, 0.0, -0.12375273952592679, -0.9923130854018949
Time, 0.076, Pos_X, -0.0035038777269773987, Pos_Y, 0.0016483508918395866, Pos_Z, -0.006710859757714374, BFx, 1.0, 0.0, 0.0,                             BFy, 0.0, -0.9919142370372638, 0.12690999315571486, BFz, 0.0, -0.12690999315571477, -0.9919142370372636
Time, 0.078, Pos_X, -0.0036114068195561987, Pos_Y, 0.0018248353279010623, Pos_Z, -0.0069303872059862, BFx, 1.0, 0.0, 0.0,                             BFy, 0.0, -0.9915325458422276, 0.12985842496977681, BFz, 0.0, -0.12985842496977673, -0.9915325458422274
Time, 0.08, Pos_X, -0.0037157391598549986, Pos_Y, 0.0020089258110238136, Pos_Z, -0.0071418217195646375, BFx, 1.0, 0.0, 0.0,                             BFy, 0.0, -0.9911712616774623, 0.13258782004659408, BFz, 0.0, -0.132587820046594, -0.991171261677462
Time, 0.082, Pos_X, -0.0038166336082137986, Pos_Y, 0.0022004511020129133, Pos_Z, -0.0073445780492738515, BFx, 1.0, 0.0, 0.0,                             BFy, 0.0, -0.9908328298720103, 0.1350936832269537, BFz, 0.0, -0.13509368322695364, -0.9908328298720099
Time, 0.084, Pos_X, -0.003913855392632598, Pos_Y, 0.0023992412807945845, Pos_Z, -0.007538153125667857, BFx, 1.0, 0.0, 0.0,                             BFy, 0.0, -0.9905188802574425, 0.13737666415204208, BFz, 0.0, -0.13737666415204203, -0.9905188802574423
Time, 0.086, Pos_X, -0.004007174997251397, Pos_Y, 0.0026051294226504553, Pos_Z, -0.007722130824120423, BFx, 1.0, 0.0, 0.0,                             BFy, 0.0, -0.9902302281767295, 0.13944208548735687, BFz, 0.0, -0.13944208548735681, -0.9902302281767291
Time, 0.088, Pos_X, -0.004096366416670197, Pos_Y, 0.002817953961820526, Pos_Z, -0.007896182828209608, BFx, 1.0, 0.0, 0.0,                             BFy, 0.0, -0.9899669206006403, 0.14129931392786865, BFz, 0.0, -0.1412993139278686, -0.9899669206006398
Time, 0.09, Pos_X, -0.004181206233288997, Pos_Y, 0.003037561058874116, Pos_Z, -0.008060066543223273, BFx, 1.0, 0.0, 0.0,                             BFy, 0.0, -0.9897283125323116, 0.14296106942781128, BFz, 0.0, -0.14296106942781123, -0.9897283125323112
Time, 0.092, Pos_X, -0.004261473401907797, Pos_Y, 0.0032638072954191393, Pos_Z, -0.008213623090282896, BFx, 1.0, 0.0, 0.0,                             BFy, 0.0, -0.9895131196313145, 0.14444302017579252, BFz, 0.0, -0.1444430201757925, -0.989513119631314
Time, 0.094, Pos_X, -0.004336947566126597, Pos_Y, 0.003496561320812016, Pos_Z, -0.008356776302856552, BFx, 1.0, 0.0, 0.0,                             BFy, 0.0, -0.989319466389409, 0.1457634845322229, BFz, 0.0, -0.14576348453222293, -0.9893194663894086
Time, 0.096, Pos_X, -0.0044074066589453965, Pos_Y, 0.003735703215419694, Pos_Z, -0.008489528677325822, BFx, 1.0, 0.0, 0.0,                             BFy, 0.0, -0.9891448920350423, 0.14694346722799656, BFz, 0.0, -0.14694346722799656, -0.9891448920350419
Time, 0.098, Pos_X, -0.004472625806764196, Pos_Y, 0.003981124518070691, Pos_Z, -0.008611951765530852, BFx, 1.0, 0.0, 0.0,                             BFy, 0.0, -0.9889863403457995, 0.14800681946931696, BFz, 0.0, -0.1480068194693169, -0.9889863403457991
Time, 0.1, Pos_X, -0.004532376381982997, Pos_Y, 0.004232731646819985, Pos_Z, -0.008724173320410622, BFx, 1.0, 0.0, 0.0,                             BFy, 0.0, -0.9888401974768128, 0.14898007871530425, BFz, 0.0, -0.1489800787153042, -0.9888401974768126
Time, 0.102, Pos_X, -0.004586423574201796, Pos_Y, 0.004490451619073807, Pos_Z, -0.008826363860175386, BFx, 1.0, 0.0, 0.0,                             BFy, 0.0, -0.9887023896012955, 0.14989191037774038, BFz, 0.0, -0.14989191037774033, -0.9887023896012954
Time, 0.104, Pos_X, -0.004634522406420596, Pos_Y, 0.0047542366528110095, Pos_Z, -0.008918725297131372, BFx, 1.0, 0.0, 0.0,                             BFy, 0.0, -0.9885685007885354, 0.15077240877795944, BFz, 0.0, -0.1507724087779594, -0.9885685007885353
Time, 0.106, Pos_X, -0.004676414554039396, Pos_Y, 0.005024065704415536, Pos_Z, -0.009001480850474867, BFx, 1.0, 0.0, 0.0,                             BFy, 0.0, -0.9884339595133117, 0.15165192936734143, BFz, 0.0, -0.1516519293673414, -0.9884339595133117
Time, 0.108, Pos_X, -0.004711827856458196, Pos_Y, 0.005299943274929542, Pos_Z, -0.009074866972939341, BFx, 1.0, 0.0, 0.0,                             BFy, 0.0, -0.9882942677066402, 0.1525596290576109, BFz, 0.0, -0.15255962905761086, -0.9882942677066402
Time, 0.11, Pos_X, -0.004740476939276996, Pos_Y, 0.005581897490981779, Pos_Z, -0.00913912842293395, BFx, 1.0, 0.0, 0.0,                             BFy, 0.0, -0.9881452346544004, 0.1535219698603428, BFz, 0.0, -0.1535219698603428, -0.9881452346544004
Time, 0.112, Pos_X, -0.004762063282695796, Pos_Y, 0.005869978446773751, Pos_Z, -0.009194515267073858, BFx, 1.0, 0.0, 0.0,                             BFy, 0.0, -0.9879832449165052, 0.15456101631476457, BFz, 0.0, -0.15456101631476463, -0.987983244916505
Time, 0.114, Pos_X, -0.004776275588914596, Pos_Y, 0.006164256726787858, Pos_Z, -0.009241281273920552, BFx, 1.0, 0.0, 0.0,                             BFy, 0.0, -0.9878055493862231, 0.15569263502742192, BFz, 0.0, -0.155692635027422, -0.987805549386223
Time, 0.116, Pos_X, -0.004782791718133395, Pos_Y, 0.006464821768747445, Pos_Z, -0.009279682576619673, BFx, 1.0, 0.0, 0.0,                             BFy, 0.0, -0.9876105727711745, 0.15692468432529322, BFz, 0.0, -0.1569246843252933, -0.9876105727711744
Time, 0.118, Pos_X, -0.004781283198352196, Pos_Y, 0.006771780003060514, Pos_Z, -0.009309978091216461, BFx, 1.0, 0.0, 0.0,                             BFy, 0.0, -0.9873982004365338, 0.15825546996769208, BFz, 0.0, -0.15825546996769216, -0.9873982004365337
Time, 0.12, Pos_X, -0.004771422738370995, Pos_Y, 0.007085252132131179, Pos_Z, -0.009332428548859031, BFx, 1.0, 0.0, 0.0,                             BFy, 0.0, -0.9871699850425821, 0.1596728550224756, BFz, 0.0, -0.15967285502247566, -0.987169985042582
Time, 0.122, Pos_X, -0.004752887683589796, Pos_Y, 0.007405371155184076, Pos_Z, -0.009347291753158815, BFx, 1.0, 0.0, 0.0,                             BFy, 0.0, -0.9869292391294093, 0.16115420240082456, BFz, 0.0, -0.1611542024008246, -0.9869292391294091
Time, 0.124, Pos_X, -0.004725361668208596, Pos_Y, 0.007732280811466148, Pos_Z, -0.009354820140954796, BFx, 1.0, 0.0, 0.0,                             BFy, 0.0, -0.9866809590367572, 0.16266740630595208, BFz, 0.0, -0.16266740630595208, -0.986680959036757
Time, 0.126, Pos_X, -0.004688540272627396, Pos_Y, 0.008066133253361833, Pos_Z, -0.009355262166463056, BFx, 1.0, 0.0, 0.0,                             BFy, 0.0, -0.9864316117694895, 0.16417269962404812, BFz, 0.0, -0.16417269962404812, -0.9864316117694892
Time, 0.128, Pos_X, -0.004642136063846196, Pos_Y, 0.008407087526590707, Pos_Z, -0.009348865624205257, BFx, 1.0, 0.0, 0.0,                             BFy, 0.0, -0.9861888304321451, 0.16562484937616878, BFz, 0.0, -0.16562484937616875, -0.9861888304321449
Time, 0.13, Pos_X, -0.004585883048664996, Pos_Y, 0.008755306609919264, Pos_Z, -0.009335881261536227, BFx, 1.0, 0.0, 0.0,                             BFy, 0.0, -0.9859609357068652, 0.16697614578149664, BFz, 0.0, -0.16697614578149658, -0.9859609357068648
Time, 0.132, Pos_X, -0.004519539914883796, Pos_Y, 0.00911095360732858, Pos_Z, -0.00931656796144522, BFx, 1.0, 0.0, 0.0,                             BFy, 0.0, -0.9857563886493795, 0.16817949410357252, BFz, 0.0, -0.16817949410357247, -0.9857563886493794
Time, 0.134, Pos_X, -0.004442896496502596, Pos_Y, 0.00947418576494931, Pos_Z, -0.009291197365916017, BFx, 1.0, 0.0, 0.0,                             BFy, 0.0, -0.9855831324030432, 0.16919187073439879, BFz, 0.0, -0.1691918707343987, -0.9855831324030432
Time, 0.136, Pos_X, -0.0043557832685213954, Pos_Y, 0.009845146598473126, Pos_Z, -0.009260055023793689, BFx, 1.0, 0.0, 0.0,                             BFy, 0.0, -0.9854479099977204, 0.16997769465763726, BFz, 0.0, -0.16997769465763723, -0.9854479099977204
Time, 0.138, Pos_X, -0.004258076504740195, Pos_Y, 0.010223962374420097, Pos_Z, -0.009223440525998048, BFx, 1.0, 0.0, 0.0,                             BFy, 0.0, -0.9853557131497908, 0.17051134438232338, BFz, 0.0, -0.17051134438232335, -0.9853557131497908
Time, 0.14, Pos_X, -0.0041497017247589954, Pos_Y, 0.010610741965881885, Pos_Z, -0.009181666980475555, BFx, 1.0, 0.0, 0.0,                             BFy, 0.0, -0.9853094719311188, 0.17077834910438572, BFz, 0.0, -0.17077834910438566, -0.9853094719311191
Time, 0.142, Pos_X, -0.004030638991977797, Pos_Y, 0.011005577419544896, Pos_Z, -0.009135061948446654, BFx, 1.0, 0.0, 0.0,                             BFy, 0.0, -0.9853099844994515, 0.17077539180364992, BFz, 0.0, -0.1707753918036499, -0.9853099844994518
Time, 0.144, Pos_X, -0.003900928461596597, Pos_Y, 0.011408544253679147, Pos_Z, -0.009083968155403918, BFx, 1.0, 0.0, 0.0,                             BFy, 0.0, -0.9853560775009558, 0.1705092388462563, BFz, 0.0, -0.17050923884625627, -0.9853560775009561
Time, 0.146, Pos_X, -0.003760673639615397, Pos_Y, 0.011819699830216121, Pos_Z, -0.009028741889341177, BFx, 1.0, 0.0, 0.0,                             BFy, 0.0, -0.9854449831600615, 0.16999466216521597, BFz, 0.0, -0.16999466216521594, -0.9854449831600616
Time, 0.148, Pos_X, -0.003610042617834197, Pos_Y, 0.012239079979661126, Pos_Z, -0.008969750834856044, BFx, 1.0, 0.0, 0.0,                             BFy, 0.0, -0.9855728243308827, 0.16925190675571908, BFz, 0.0, -0.16925190675571902, -0.9855728243308827
Time, 0.15, Pos_X, -0.0034492689678529967, Pos_Y, 0.012666694686387184, Pos_Z, -0.008907371697283877, BFx, 1.0, 0.0, 0.0,                             BFy, 0.0, -0.9857351636478883, 0.16830385363404463, BFz, 0.0, -0.16830385363404457, -0.9857351636478884
Time, 0.152, Pos_X, -0.0032786531806717964, Pos_Y, 0.013102523079268208, Pos_Z, -0.008841987034704438, BFx, 1.0, 0.0, 0.0,                             BFy, 0.0, -0.9859274839584876, 0.1671735516619935, BFz, 0.0, -0.1671735516619934, -0.9859274839584878
Time, 0.154, Pos_X, -0.0030985625906905963, Pos_Y, 0.013546508992858912, Pos_Z, -0.008773981141109761, BFx, 1.0, 0.0, 0.0,                             BFy, 0.0, -0.9861454397645457, 0.16588300585530202, BFz, 0.0, -0.16588300585530197, -0.9861454397645459
Time, 0.156, Pos_X, -0.0029094292131093963, Pos_Y, 0.013998558439751056, Pos_Z, -0.00870373533200189, BFx, 1.0, 0.0, 0.0,                             BFy, 0.0, -0.9863849389811165, 0.16445288733013608, BFz, 0.0, -0.16445288733013605, -0.9863849389811167
Time, 0.158, Pos_X, -0.0027117475187281963, Pos_Y, 0.014458538006688958, Pos_Z, -0.008631622254507289, BFx, 1.0, 0.0, 0.0,                             BFy, 0.0, -0.9866421585672042, 0.1629025811270251, BFz, 0.0, -0.16290258112702505, -0.9866421585672044
Time, 0.16, Pos_X, -0.002506071139946996, Pos_Y, 0.014926273441499452, Pos_Z, -0.008557997772484, BFx, 1.0, 0.0, 0.0,                             BFy, 0.0, -0.9869134131639289, 0.16125109276257188, BFz, 0.0, -0.16125109276257182, -0.986913413163929
Time, 0.162, Pos_X, -0.002293007535165796, Pos_Y, 0.015401549513653346, Pos_Z, -0.008483193590983493, BFx, 1.0, 0.0, 0.0,                             BFy, 0.0, -0.9871949426175396, 0.15951847940082622, BFz, 0.0, -0.15951847940082614, -0.9871949426175398
Time, 0.164, Pos_X, -0.0020732115315845955, Pos_Y, 0.01588411139013938, Pos_Z, -0.008407512951334718, BFx, 1.0, 0.0, 0.0,                             BFy, 0.0, -0.9874826489468997, 0.15772767046023775, BFz, 0.0, -0.15772767046023767, -0.9874826489469
Time, 0.166, Pos_X, -0.0018473782820033952, Pos_Y, 0.01637366624092964, Pos_Z, -0.008331225538724493, BFx, 1.0, 0.0, 0.0,                             BFy, 0.0, -0.9877718492304346, 0.15590629835862016, BFz, 0.0, -0.15590629835862005, -0.9877718492304348
Time, 0.168, Pos_X, -0.001616234925022195, Pos_Y, 0.01686988486624971, Pos_Z, -0.00825456158198767, BFx, 1.0, 0.0, 0.0,                             BFy, 0.0, -0.9880570448382713, 0.15408853346521956, BFz, 0.0, -0.15408853346521945, -0.9880570448382715
Time, 0.17, Pos_X, -0.0013805314622409946, Pos_Y, 0.017372403939876616, Pos_Z, -0.00817770600989119, BFx, 1.0, 0.0, 0.0,                             BFy, 0.0, -0.9883318228698674, 0.15231614458987752, BFz, 0.0, -0.15231614458987738, -0.9883318228698676
Time, 0.172, Pos_X, -0.0011410313852597976, Pos_Y, 0.017880828980563392, Pos_Z, -0.008100791474664595, BFx, 1.0, 0.0, 0.0,                             BFy, 0.0, -0.9885888741898456, 0.15063876602008072, BFz, 0.0, -0.15063876602008056, -0.988588874189846
Time, 0.174, Pos_X, -0.0008985025218785974, Pos_Y, 0.018394738602825512, Pos_Z, -0.008023891779397968, BFx, 1.0, 0.0, 0.0,                             BFy, 0.0, -0.9888201710165222, 0.14911294172825695, BFz, 0.0, -0.1491129417282568, -0.9888201710165225
Time, 0.176, Pos_X, -0.0006537073995373972, Pos_Y, 0.018913689998901338, Pos_Z, -0.007947016147253239, BFx, 1.0, 0.0, 0.0,                             BFy, 0.0, -0.9890173358533813, 0.14779955812342305, BFz, 0.0, -0.14779955812342283, -0.9890173358533813
Time, 0.178, Pos_X, -0.000407392430396197, Pos_Y, 0.01943722482440959, Pos_Z, -0.00787010312946962, BFx, 1.0, 0.0, 0.0,                             BFy, 0.0, -0.9891720623658242, 0.14676045460184747, BFz, 0.0, -0.14676045460184728, -0.9891720623658242
Time, 0.18, Pos_X, -0.0001602781518229968, Pos_Y, 0.019964875767352147, Pos_Z, -0.007793015861939088, BFx, 1.0, 0.0, 0.0,                             BFy, 0.0, -0.9892765127932848, 0.1460547200043758, BFz, 0.0, -0.1460547200043756, -0.9892765127932849
Time, 0.182, Pos_X, 8.695093531020339e-05, Pos_Y, 0.02049617399593455, Pos_Z, -0.007715539152271433, BFx, 1.0, 0.0, 0.0,                             BFy, 0.0, -0.9893236056704807, 0.14573538782038437, BFz, 0.0, -0.14573538782038414, -0.9893236056704808
Time, 0.184, Pos_X, 0.0003336580004914036, Pos_Y, 0.021030657212506652, Pos_Z, -0.007637378031200112, BFx, 1.0, 0.0, 0.0,                             BFy, 0.0, -0.9893072783898632, 0.1458461824143522, BFz, 0.0, -0.145846182414352, -0.9893072783898633
Time, 0.186, Pos_X, 0.0005792642661526038, Pos_Y, 0.021567877480692468, Pos_Z, -0.007558157897135369, BFx, 1.0, 0.0, 0.0,                             BFy, 0.0, -0.9892226570143382, 0.14641903854858435, BFz, 0.0, -0.14641903854858412, -0.9892226570143383
Time, 0.188, Pos_X, 0.0008232574982738039, Pos_Y, 0.022107408555186628, Pos_Z, -0.007477425356900474, BFx, 1.0, 0.0, 0.0,                             BFy, 0.0, -0.989066132390473, 0.14747266105332965, BFz, 0.0, -0.14747266105332943, -0.9890661323904731
Time, 0.19, Pos_X, 0.001065199519655004, Pos_Y, 0.02264885323613327, Pos_Z, -0.007394648778873415, BFx, 1.0, 0.0, 0.0,                             BFy, 0.0, -0.9888353238466893, 0.1490124233512491, BFz, 0.0, -0.14901242335124887, -0.9888353238466894
Time, 0.192, Pos_X, 0.0013047334256362044, Pos_Y, 0.023191849427986803, Pos_Z, -0.0073092193960394986, BFx, 1.0, 0.0, 0.0,                             BFy, 0.0, -0.9885288988906737, 0.15103183789516328, BFz, 0.0, -0.15103183789516306, -0.9885288988906737
Time, 0.194, Pos_X, 0.0015415910496174047, Pos_Y, 0.023736074352402884, Pos_Z, -0.00722045459146493, BFx, 1.0, 0.0, 0.0,                             BFy, 0.0, -0.9881463002373353, 0.1535151110714009, BFz, 0.0, -0.1535151110714006, -0.9881463002373353
Time, 0.196, Pos_X, 0.001775599553298605, Pos_Y, 0.024281246778837966, Pos_Z, -0.007127604035902086, BFx, 1.0, 0.0, 0.0,                             BFy, 0.0, -0.9876874266333038, 0.15644023545904195, BFz, 0.0, -0.15644023545904165, -0.9876874266333038
Time, 0.198, Pos_X, 0.002006687900679805, Pos_Y, 0.024827127245961676, Pos_Z, -0.007029859433640694, BFx, 1.0, 0.0, 0.0,                             BFy, 0.0, -0.987152374770459, 0.15978169164532396, BFz, 0.0, -0.15978169164532366, -0.9871523747704593
Time, 0.2, Pos_X, 0.0022348941446610053, Pos_Y, 0.02537351770633796, Pos_Z, -0.006926366907984244, BFx, 1.0, 0.0, 0.0,                             BFy, 0.0, -0.9865412610653215, 0.16351250782629426, BFz, 0.0, -0.16351250782629398, -0.9865412610653215
Time, 0.202, Pos_X, 0.0024603699732422056, Pos_Y, 0.02592026012336178, Pos_Z, -0.006816239572988209, BFx, 1.0, 0.0, 0.0,                             BFy, 0.0, -0.9858541957590329, 0.16760520488430275, BFz, 0.0, -0.16760520488430244, -0.985854195759033
Time, 0.204, Pos_X, 0.0026833813252234028, Pos_Y, 0.026467235373816483, Pos_Z, -0.006698570191843677, BFx, 1.0, 0.0, 0.0,                             BFy, 0.0, -0.9850914081888165, 0.1720317340276879, BFz, 0.0, -0.1720317340276876, -0.9850914081888165
Time, 0.206, Pos_X, 0.002904307520904603, Pos_Y, 0.027014363402072916, Pos_Z, -0.006572447768228096, BFx, 1.0, 0.0, 0.0,                             BFy, 0.0, -0.9842534834600499, 0.17676277972683033, BFz, 0.0, -0.17676277972683002, -0.9842534834600499
Time, 0.208, Pos_X, 0.003123640535985803, Pos_Y, 0.027561601187379416, Pos_Z, -0.0064369787502452135, BFx, 1.0, 0.0, 0.0,                             BFy, 0.0, -0.9833417491535343, 0.18176634554192467, BFz, 0.0, -0.18176634554192436, -0.9833417491535343
Time, 0.21, Pos_X, 0.0033419829427070035, Pos_Y, 0.028108936559449953, Pos_Z, -0.006291308603729351, BFx, 1.0, 0.0, 0.0,                             BFy, 0.0, -0.9823587106449326, 0.187006319732848, BFz, 0.0, -0.18700631973284765, -0.9823587106449326
Time, 0.212, Pos_X, 0.003560040820456204, Pos_Y, 0.028656379437837113, Pos_Z, -0.006134638822491147, BFx, 1.0, 0.0, 0.0,                             BFy, 0.0, -0.981308348587277, 0.19244200423221086, BFz, 0.0, -0.1924420042322105, -0.9813083485872769
Time, 0.214, Pos_X, 0.003778613138473404, Pos_Y, 0.029203955219369318, Pos_Z, -0.005966242239077907, BFx, 1.0, 0.0, 0.0,                             BFy, 0.0, -0.9801964193842887, 0.19802772388283907, BFz, 0.0, -0.1980277238828387, -0.9801964193842888
Time, 0.216, Pos_X, 0.003998580417270604, Pos_Y, 0.029751702179888432, Pos_Z, -0.005785478229815217, BFx, 1.0, 0.0, 0.0,                             BFy, 0.0, -0.9790306995734276, 0.20371276173269806, BFz, 0.0, -0.2037127617326977, -0.9790306995734277
Time, 0.218, Pos_X, 0.004220896541867804, Pos_Y, 0.030299671297208574, Pos_Z, -0.0055918048758570454, BFx, 1.0, 0.0, 0.0,                             BFy, 0.0, -0.9778211331341397, 0.20944171407879789, BFz, 0.0, -0.20944171407879755, -0.9778211331341401
Time, 0.22, Pos_X, 0.0044465793881650045, Pos_Y, 0.030847924258375892, Pos_Z, -0.0053847889969520875, BFx, 1.0, 0.0, 0.0,                             BFy, 0.0, -0.9765797999397045, 0.2151555120133445, BFz, 0.0, -0.21515551201334418, -0.976579799939705
Time, 0.222, Pos_X, 0.004676688194362204, Pos_Y, 0.03139652627062478, Pos_Z, -0.005164117672347211, BFx, 1.0, 0.0, 0.0,                             BFy, 0.0, -0.975320769324065, 0.2207926559582801, BFz, 0.0, -0.22079265595827977, -0.9753207693240655
Time, 0.224, Pos_X, 0.004912296422559404, Pos_Y, 0.0319455440139201, Pos_Z, -0.004929620934799168, BFx, 1.0, 0.0, 0.0,                             BFy, 0.0, -0.9740597890913844, 0.22629080245393413, BFz, 0.0, -0.2262908024539338, -0.9740597890913849
Time, 0.226, Pos_X, 0.005154474651956604, Pos_Y, 0.032495047676690224, Pos_Z, -0.004681294402326004, BFx, 1.0, 0.0, 0.0,                             BFy, 0.0, -0.9728139137651918, 0.23158818878528278, BFz, 0.0, -0.2315881887852825, -0.9728139137651923
Time, 0.228, Pos_X, 0.005404280150153804, Pos_Y, 0.03304510250726803, Pos_Z, -0.004419299907618075, BFx, 1.0, 0.0, 0.0,                             BFy, 0.0, -0.9716010219406181, 0.23662513426080525, BFz, 0.0, -0.23662513426080498, -0.9716010219406188
Time, 0.23, Pos_X, 0.005662740292351005, Pos_Y, 0.03359575892847482, Pos_Z, -0.0041439636234656355, BFx, 1.0, 0.0, 0.0,                             BFy, 0.0, -0.970439166463804, 0.2413458601116558, BFz, 0.0, -0.2413458601116555, -0.9704391664638047
Time, 0.232, Pos_X, 0.005930829330948205, Pos_Y, 0.034147051027615005, Pos_Z, -0.0038557813517967323, BFx, 1.0, 0.0, 0.0,                             BFy, 0.0, -0.9693458450457174, 0.24570029037956267, BFz, 0.0, -0.2457002903795624, -0.9693458450457181
Time, 0.234, Pos_X, 0.006209450997545406, Pos_Y, 0.0346989987422264, Pos_Z, -0.0035554123928408544, BFx, 1.0, 0.0, 0.0,                             BFy, 0.0, -0.9683372115170659, 0.24964583872228013, BFz, 0.0, -0.24964583872227983, -0.9683372115170665
Time, 0.236, Pos_X, 0.006499426385542602, Pos_Y, 0.03525160994504519, Pos_Z, -0.003243669333474795, BFx, 1.0, 0.0, 0.0,                             BFy, 0.0, -0.967427184288887, 0.253149448150442, BFz, 0.0, -0.25314944815044166, -0.9674271842888876
Time, 0.238, Pos_X, 0.0068014804455398025, Pos_Y, 0.03580487967096253, Pos_Z, -0.0029215131759899185, BFx, 1.0, 0.0, 0.0,                             BFy, 0.0, -0.966626534022945, 0.2561896635752225, BFz, 0.0, -0.2561896635752221, -0.9666265340229457
Time, 0.24, Pos_X, 0.007116231098137003, Pos_Y, 0.03635878880350503, Pos_Z, -0.0025900471013093045, BFx, 1.0, 0.0, 0.0,                             BFy, 0.0, -0.9659421098274693, 0.2587582664612941, BFz, 0.0, -0.25875826646129374, -0.9659421098274703
Time, 0.242, Pos_X, 0.0074441847109342025, Pos_Y, 0.03691330487986323, Pos_Z, -0.0022505015752859805, BFx, 1.0, 0.0, 0.0,                             BFy, 0.0, -0.9653763138583594, 0.2608612133707171, BFz, 0.0, -0.2608612133707167, -0.9653763138583605
Time, 0.244, Pos_X, 0.007785735124531403, Pos_Y, 0.037468384630208934, Pos_Z, -0.0019042127919434429, BFx, 1.0, 0.0, 0.0,                             BFy, 0.0, -0.964926839529416, 0.26251894094668543, BFz, 0.0, -0.26251894094668504, -0.964926839529417
Time, 0.246, Pos_X, 0.008141163664328602, Pos_Y, 0.038023975213758485, Pos_Z, -0.0015525996340715062, BFx, 1.0, 0.0, 0.0,                             BFy, 0.0, -0.9645867679923983, 0.2637657426846327, BFz, 0.0, -0.2637657426846323, -0.9645867679923992
Time, 0.248, Pos_X, 0.008510638834925803, Pos_Y, 0.03858001193673476, Pos_Z, -0.001197140809497473, BFx, 1.0, 0.0, 0.0,                             BFy, 0.0, -0.9643452227857547, 0.264647484949866, BFz, 0.0, -0.2646474849498656, -0.9643452227857559
Time, 0.25, Pos_X, 0.008894215678723004, Pos_Y, 0.03913641440637784, Pos_Z, -0.0008393541352059903, BFx, 1.0, 0.0, 0.0,                             BFy, 0.0, -0.9641882273255725, 0.26521889504099566, BFz, 0.0, -0.2652188950409954, -0.9641882273255736
Time, 0.252, Pos_X, 0.009291839004520203, Pos_Y, 0.03969308263282324, Pos_Z, -0.0004807756704616308, BFx, 1.0, 0.0, 0.0,                             BFy, 0.0, -0.9640995326673356, 0.2655411288494151, BFz, 0.0, -0.2655411288494148, -0.9640995326673368
Time, 0.254, Pos_X, 0.009703352351517404, Pos_Y, 0.04024989403337122, Pos_Z, -0.0001229377438186101, BFx, 1.0, 0.0, 0.0,                             BFy, 0.0, -0.9640618615024422, 0.265677863580018, BFz, 0.0, -0.2656778635800176, -0.9640618615024433
Time, 0.256, Pos_X, 0.010128509694914604, Pos_Y, 0.04080670258291218, Pos_Z, 0.00023265364575520905, BFx, 1.0, 0.0, 0.0,                             BFy, 0.0, -0.9640578450635036, 0.26569243755046956, BFz, 0.0, -0.2656924375504691, -0.9640578450635047
Time, 0.258, Pos_X, 0.010566985902711804, Pos_Y, 0.04136334029877354, Pos_Z, 0.000584543300160092, BFx, 1.0, 0.0, 0.0,                             BFy, 0.0, -0.9640707202434811, 0.26564571588717983, BFz, 0.0, -0.26564571588717933, -0.9640707202434823
Time, 0.26, Pos_X, 0.011018386194709004, Pos_Y, 0.04191961952020722, Pos_Z, 0.0009313527421020145, BFx, 1.0, 0.0, 0.0,                             BFy, 0.0, -0.9640854716652025, 0.26559217481710684, BFz, 0.0, -0.26559217481710634, -0.9640854716652036
Time, 0.262, Pos_X, 0.011482256627106205, Pos_Y, 0.042475336555838586, Pos_Z, 0.0012718032792426407, BFx, 1.0, 0.0, 0.0,                             BFy, 0.0, -0.9640897757006879, 0.26557655090273724, BFz, 0.0, -0.2655765509027367, -0.9640897757006889
Time, 0.264, Pos_X, 0.011958093702303406, Pos_Y, 0.043030275811023914, Pos_Z, 0.0016047307634368562, BFx, 1.0, 0.0, 0.0,                             BFy, 0.0, -0.9640744859432022, 0.2656320491833534, BFz, 0.0, -0.2656320491833528, -0.9640744859432033
Time, 0.266, Pos_X, 0.012445353473100607, Pos_Y, 0.043584212181658095, Pos_Z, 0.0019290927269073961, BFx, 1.0, 0.0, 0.0,                             BFy, 0.0, -0.9640336174779286, 0.2657803310488112, BFz, 0.0, -0.26578033104881066, -0.9640336174779298
Time, 0.268, Pos_X, 0.012943459593097808, Pos_Y, 0.04413691124735361, Pos_Z, 0.00224397261504776, BFx, 1.0, 0.0, 0.0,                             BFy, 0.0, -0.9639637941133649, 0.2660334633811381, BFz, 0.0, -0.2660334633811375, -0.963963794113366
Time, 0.27, Pos_X, 0.013451811528095008, Pos_Y, 0.04468812952916531, Pos_Z, 0.0025485842050044605, BFx, 1.0, 0.0, 0.0,                             BFy, 0.0, -0.9638637084642313, 0.2663958548956357, BFz, 0.0, -0.2663958548956351, -0.9638637084642323
Time, 0.272, Pos_X, 0.013969793304492209, Pos_Y, 0.04523761599869599, Pos_Z, 0.00284227814205965, BFx, 1.0, 0.0, 0.0,                             BFy, 0.0, -0.9637336475774989, 0.2668659898281647, BFz, 0.0, -0.2668659898281641, -0.9637336475775
Time, 0.274, Pos_X, 0.014496781039289409, Pos_Y, 0.045785113119525905, Pos_Z, 0.0031245497620750154, BFx, 1.0, 0.0, 0.0,                             BFy, 0.0, -0.9635750086075513, 0.2674382223747274, BFz, 0.0, -0.26743822237472686, -0.9635750086075524
Time, 0.276, Pos_X, 0.01503215017788661, Pos_Y, 0.046330358378371274, Pos_Z, 0.0033950429608509062, BFx, 1.0, 0.0, 0.0,                             BFy, 0.0, -0.9633898562801376, 0.26810442893867364, BFz, 0.0, -0.2681044289386731, -0.9633898562801387
Time, 0.278, Pos_X, 0.01557528133608381, Pos_Y, 0.04687308626963945, Pos_Z, 0.0036535496470405044, BFx, 1.0, 0.0, 0.0,                             BFy, 0.0, -0.9631806163084363, 0.2688551661540039, BFz, 0.0, -0.26885516615400334, -0.9631806163084374
Time, 0.28, Pos_X, 0.01612556408708101, Pos_Y, 0.04741302957073375, Pos_Z, 0.0039000055975174567, BFx, 1.0, 0.0, 0.0,                             BFy, 0.0, -0.9629498962034487, 0.2696803615426307, BFz, 0.0, -0.2696803615426302, -0.9629498962034497
Time, 0.282, Pos_X, 0.016682400356478198, Pos_Y, 0.047949919993670015, Pos_Z, 0.004134482888390074, BFx, 1.0, 0.0, 0.0,                             BFy, 0.0, -0.9627004486338185, 0.2705694849761176, BFz, 0.0, -0.27056948497611705, -0.9627004486338196
Time, 0.284, Pos_X, 0.017245208836875397, Pos_Y, 0.048483488422366716, Pos_Z, 0.004357181214067489, BFx, 1.0, 0.0, 0.0,                             BFy, 0.0, -0.9624352308578088, 0.2715113743541385, BFz, 0.0, -0.271511374354138, -0.9624352308578102
Time, 0.286, Pos_X, 0.017813429859672596, Pos_Y, 0.04901346581577299, Pos_Z, 0.004568418880665911, BFx, 1.0, 0.0, 0.0,                             BFy, 0.0, -0.9621576040256036, 0.2724935687602672, BFz, 0.0, -0.2724935687602667, -0.962157604025605
Time, 0.288, Pos_X, 0.018386529536869797, Pos_Y, 0.049539585585736685, Pos_Z, 0.004768622507738502, BFx, 1.0, 0.0, 0.0,                             BFy, 0.0, -0.961871638891531, 0.2735012802458447, BFz, 0.0, -0.2735012802458442, -0.9618716388915328
Time, 0.29, Pos_X, 0.018964004126066997, Pos_Y, 0.05006158682626824, Pos_Z, 0.0049583174794713275, BFx, 1.0, 0.0, 0.0,                             BFy, 0.0, -0.9615823903694587, 0.2745164959184669, BFz, 0.0, -0.2745164959184663, -0.9615823903694605
Time, 0.292, Pos_X, 0.019545385794864197, Pos_Y, 0.050579218008281746, Pos_Z, 0.005138122115336556, BFx, 1.0, 0.0, 0.0,                             BFy, 0.0, -0.9612956555510563, 0.2755188970264306, BFz, 0.0, -0.27551889702643007, -0.9612956555510581
Time, 0.294, Pos_X, 0.020130243611861397, Pos_Y, 0.051092237959341084, Pos_Z, 0.005308742200887038, BFx, 1.0, 0.0, 0.0,                             BFy, 0.0, -0.9610175101066815, 0.27648751376572245, BFz, 0.0, -0.2764875137657219, -0.9610175101066832
Time, 0.296, Pos_X, 0.020718185713858597, Pos_Y, 0.05160042140198515, Pos_Z, 0.005470955381963129, BFx, 1.0, 0.0, 0.0,                             BFy, 0.0, -0.9607537698275161, 0.2774025842745739, BFz, 0.0, -0.2774025842745734, -0.9607537698275179
Time, 0.298, Pos_X, 0.021308867368255796, Pos_Y, 0.05210357134126507, Pos_Z, 0.005625588302652569, BFx, 1.0, 0.0, 0.0,                             BFy, 0.0, -0.9605093975346066, 0.27824754670563195, BFz, 0.0, -0.27824754670563145, -0.9605093975346083
Time, 0.3, Pos_X, 0.021901994180852997, Pos_Y, 0.05260152495500642, Pos_Z, 0.005773502856594801, BFx, 1.0, 0.0, 0.0,                             BFy, 0.0, -0.9602880561719203, 0.27901048219296487, BFz, 0.0, -0.27901048219296437, -0.9602880561719218
Time, 0.302, Pos_X, 0.022497319286590198, Pos_Y, 0.05309415232950252, Pos_Z, 0.005915592843519535, BFx, 1.0, 0.0, 0.0,                             BFy, 0.0, -0.9600917871065325, 0.27968510923998213, BFz, 0.0, -0.2796851092399816, -0.960091787106534
Time, 0.304, Pos_X, 0.0230946441297274, Pos_Y, 0.05358135499902253, Pos_Z, 0.006052788717473822, BFx, 1.0, 0.0, 0.0,                             BFy, 0.0, -0.9599211190132385, 0.28027030751110266, BFz, 0.0, -0.28027030751110205, -0.95992111901324
Time, 0.306, Pos_X, 0.0236938287066846, Pos_Y, 0.05406307605117502, Pos_Z, 0.006186045609067607, BFx, 1.0, 0.0, 0.0,                             BFy, 0.0, -0.9597754711262703, 0.28076866816712726, BFz, 0.0, -0.28076866816712676, -0.9597754711262716
Time, 0.308, Pos_X, 0.0242948000012818, Pos_Y, 0.054539324718648786, Pos_Z, 0.0063162970173234155, BFx, 1.0, 0.0, 0.0,                             BFy, 0.0, -0.9596533677455905, 0.2811857282554417, BFz, 0.0, -0.28118572825544125, -0.9596533677455918
Time, 0.31, Pos_X, 0.024897550815259, Pos_Y, 0.05501018971211366, Pos_Z, 0.0064444250856087225, BFx, 1.0, 0.0, 0.0,                             BFy, 0.0, -0.959552920103531, 0.28152831744033074, BFz, 0.0, -0.2815283174403303, -0.9595529201035323
Time, 0.312, Pos_X, 0.0255021363451362, Pos_Y, 0.05547583229798015, Pos_Z, 0.006571272972610549, BFx, 1.0, 0.0, 0.0,                             BFy, 0.0, -0.9594721650176079, 0.2818034147352032, BFz, 0.0, -0.28180341473520276, -0.9594721650176091
Time, 0.314, Pos_X, 0.0261086728030934, Pos_Y, 0.05593647552245012, Pos_Z, 0.006697662269105119, BFx, 1.0, 0.0, 0.0,                             BFy, 0.0, -0.9594087661894863, 0.2820191826077873, BFz, 0.0, -0.2820191826077868, -0.9594087661894876
