Time, 0, Pos_X, 0.0, Pos_Y, 0.0, Pos_Z, 0.0, BFx, 1, 0, 0,                         BFy, 0, -1, 0, BFz, 0, 0, -1
Time, 0.0, Pos_X, 0.0, Pos_Y, 0.0, Pos_Z, 0.0, BFx, 1.0, 0.0, 0.0,                             BFy, 0.0, -1.0, 0.0, BFz, 0.0, 0.0, -1.0
Time, 0.002, Pos_X, -1.6243846e-07, Pos_Y, 2.5702773275912213e-08, Pos_Z, 6.594347676617957e-07, BFx, 1.0, 0.0, 0.0,                             BFy, 0.0, -0.9999998792317675, -0.0004914635802156031, BFz, 0.0, 0.000491463580215603, -0.9999998792317675
Time, 0.004, Pos_X, -7.028559079999999e-07, Pos_Y, 1.0696132340925766e-07, Pos_Z, 2.660060117822077e-06, BFx, 1.0, 0.0, 0.0,                             BFy, 0.0, -0.9999995352315515, -0.0009641248266350392, BFz, 0.0, 0.000964124826635039, -0.9999995352315515
Time, 0.006, Pos_X, -1.731903064e-06, Pos_Y, 2.515912454531197e-07, Pos_Z, 6.044554330689356e-06, BFx, 1.0, 0.0, 0.0,                             BFy, 0.0, -0.9999989977323321, -0.001415815782991016, BFz, 0.0, 0.0014158157829910157, -0.999998997732332
Time, 0.008, Pos_X, -3.36979332e-06, Pos_Y, 4.660913348650197e-07, Pos_Z, 1.0851813496693406e-05, BFx, 1.0, 0.0, 0.0,                             BFy, 0.0, -0.9999982994489969, -0.001844206906609987, BFz, 0.0, 0.0018442069066099864, -0.9999982994489967
Time, 0.01, Pos_X, -5.747397136e-06, Pos_Y, 7.55234119109141e-07, Pos_Z, 1.711734491004116e-05, BFx, 1.0, 0.0, 0.0,                             BFy, 0.0, -0.9999974754672792, -0.0022470111411137072, BFz, 0.0, 0.002247011141113707, -0.999997475467279
Time, 0.012, Pos_X, -9.007209372e-06, Pos_Y, 1.1213189094244595e-06, Pos_Z, 2.4872645705941977e-05, BFx, 1.0, 0.0, 0.0,                             BFy, 0.0, -0.9999965624244054, -0.0026220486974989987, BFz, 0.0, 0.0026220486974989974, -0.9999965624244053
Time, 0.014, Pos_X, -1.3306078087999999e-05, Pos_Y, 1.561956347483852e-06, Pos_Z, 3.414141928878619e-05, BFx, 1.0, 0.0, 0.0,                             BFy, 0.0, -0.9999955980331977, -0.0029671390642431144, BFz, 0.0, 0.0029671390642431127, -0.9999955980331977
Time, 0.016, Pos_X, -1.8815115164e-05, Pos_Y, 2.068534419341262e-06, Pos_Z, 4.493139993339691e-05, BFx, 1.0, 0.0, 0.0,                             BFy, 0.0, -0.9999946203044212, -0.0032801466759238185, BFz, 0.0, 0.003280146675923817, -0.9999946203044212
Time, 0.018, Pos_X, -2.571827409999999e-05, Pos_Y, 2.625975963205291e-06, Pos_Z, 5.723572795872064e-05, BFx, 1.0, 0.0, 0.0,                             BFy, 0.0, -0.9999936669650024, -0.0035589366230242376, BFz, 0.0, 0.003558936623024236, -0.9999936669650025
Time, 0.02, Pos_X, -3.4211007635999995e-05, Pos_Y, 3.2153236794474794e-06, Pos_Z, 7.103945150720151e-05, BFx, 1.0, 0.0, 0.0,                             BFy, 0.0, -0.9999927754346896, -0.0038011943419812852, BFz, 0.0, 0.0038011943419812835, -0.9999927754346897
Time, 0.022, Pos_X, -4.449911497199999e-05, Pos_Y, 3.8170139897317305e-06, Pos_Z, 8.631741663162741e-05, BFx, 1.0, 0.0, 0.0,                             BFy, 0.0, -0.9999919833436546, -0.0040041538959904414, BFz, 0.0, 0.004004153895990439, -0.9999919833436547
Time, 0.024, Pos_X, -5.6799158447999997e-05, Pos_Y, 4.410538956764786e-06, Pos_Z, 0.00010302900687524712, BFx, 1.0, 0.0, 0.0,                             BFy, 0.0, -0.9999913290003615, -0.0041643635875598635, BFz, 0.0, 0.004164363587559862, -0.9999913290003615
Time, 0.026, Pos_X, -7.133816874399997e-05, Pos_Y, 4.972906617479386e-06, Pos_Z, 0.00012111214837470181, BFx, 1.0, 0.0, 0.0,                             BFy, 0.0, -0.9999908522308302, -0.0042773186293111115, BFz, 0.0, 0.00427731862931111, -0.9999908522308303
Time, 0.028, Pos_X, -8.835268271999998e-05, Pos_Y, 5.4788464949305735e-06, Pos_Z, 0.00014048014849486507, BFx, 1.0, 0.0, 0.0,                             BFy, 0.0, -0.9999905977237128, -0.0043364114392360695, BFz, 0.0, 0.004336411439236067, -0.9999905977237129
Time, 0.03, Pos_X, -0.00010808537401599995, Pos_Y, 5.903144243294864e-06, Pos_Z, 0.00016102123790755636, BFx, 1.0, 0.0, 0.0,                             BFy, 0.0, -0.9999906039649276, -0.004334971955866124, BFz, 0.0, 0.004334971955866122, -0.9999906039649277
Time, 0.032, Pos_X, -0.00013078250443199996, Pos_Y, 6.222040986903288e-06, Pos_Z, 0.0001825950874195123, BFx, 1.0, 0.0, 0.0,                             BFy, 0.0, -0.999990904925916, -0.004264981294946009, BFz, 0.0, 0.004264981294946008, -0.999990904925916
Time, 0.034, Pos_X, -0.00015669256124799998, Pos_Y, 6.413890405509566e-06, Pos_Z, 0.00020502725351463817, BFx, 1.0, 0.0, 0.0,                             BFy, 0.0, -0.999991524599163, -0.00411712640562837, BFz, 0.0, 0.004117126405628369, -0.9999915245991632
Time, 0.036, Pos_X, -0.0001860636445439999, Pos_Y, 6.459645371260176e-06, Pos_Z, 0.00022810814751867206, BFx, 1.0, 0.0, 0.0,                             BFy, 0.0, -0.9999924691601445, -0.003880930686848154, BFz, 0.0, 0.0038809306868481525, -0.9999924691601447
Time, 0.038, Pos_X, -0.0002191410426399999, Pos_Y, 6.342894640073418e-06, Pos_Z, 0.000251592437579259, BFx, 1.0, 0.0, 0.0,                             BFy, 0.0, -0.9999937168954475, -0.003544879352798806, BFz, 0.0, 0.0035448793527988044, -0.9999937168954478
Time, 0.04, Pos_X, -0.00025616828985599996, Pos_Y, 6.049074761317075e-06, Pos_Z, 0.0002751974075137576, BFx, 1.0, 0.0, 0.0,                             BFy, 0.0, -0.9999952044904239, -0.0030969333466326623, BFz, 0.0, 0.00309693334663266, -0.9999952044904242
Time, 0.042, Pos_X, -0.000297383780872, Pos_Y, 5.569525907586109e-06, Pos_Z, 0.0002986037685414242, BFx, 1.0, 0.0, 0.0,                             BFy, 0.0, -0.9999968120764074, -0.002525041983882939, BFz, 0.0, 0.0025250419838829374, -0.9999968120764078
Time, 0.044, Pos_X, -0.00034300968388799986, Pos_Y, 4.911815221522171e-06, Pos_Z, 0.00032145941270429306, BFx, 1.0, 0.0, 0.0,                             BFy, 0.0, -0.999998347753922, -0.00181782546593434, BFz, 0.0, 0.0018178254659343381, -0.9999983477539222
Time, 0.046, Pos_X, -0.0003932415055039999, Pos_Y, 4.101266402324275e-06, Pos_Z, 0.0003433839408635386, BFx, 1.0, 0.0, 0.0,                             BFy, 0.0, -0.9999995341892967, -0.000965205257232326, BFz, 0.0, 0.0009652052572323237, -0.9999995341892968
Time, 0.048, Pos_X, -0.0004482483691199999, Pos_Y, 3.1675467500915127e-06, Pos_Z, 0.0003639755271744177, BFx, 1.0, 0.0, 0.0,                             BFy, 0.0, -0.9999999991306588, 4.169749288791693e-05, BFz, 0.0, -4.169749288791927e-05, -0.999999999130659
Time, 0.05, Pos_X, -0.000508185111736, Pos_Y, 2.1389034491502116e-06, Pos_Z, 0.0003828294442965144, BFx, 1.0, 0.0, 0.0,                             BFy, 0.0, -0.999999267912369, 0.0012100308776170346, BFz, 0.0, -0.0012100308776170372, -0.9999992679123691
Time, 0.052, Pos_X, -0.0005731945033519998, Pos_Y, 1.0630460453882688e-06, Pos_Z, 0.00039954748129622893, BFx, 1.0, 0.0, 0.0,                             BFy, 0.0, -0.9999967627300361, 0.0025445096671415346, BFz, 0.0, -0.0025445096671415377, -0.9999967627300363
Time, 0.054, Pos_X, -0.0006433997709679998, Pos_Y, 2.6674358253569735e-08, Pos_Z, 0.0004137215589105403, BFx, 1.0, 0.0, 0.0,                             BFy, 0.0, -0.9999918120186986, 0.004046714168057175, BFz, 0.0, -0.004046714168057179, -0.9999918120186988
Time, 0.056, Pos_X, -0.0007189060149839999, Pos_Y, -8.498490934711933e-07, Pos_Z, 0.0004249176105390254, BFx, 1.0, 0.0, 0.0,                             BFy, 0.0, -0.9999836671103708, 0.005715375096499827, BFz, 0.0, -0.005715375096499832, -0.9999836671103709
Time, 0.058, Pos_X, -0.0007997985784, Pos_Y, -1.4243249804447067e-06, Pos_Z, 0.00043268454617364615, BFx, 1.0, 0.0, 0.0,                             BFy, 0.0, -0.9999715228724018, 0.007546750575490955, BFz, 0.0, -0.007546750575490961, -0.9999715228724018
Time, 0.06, Pos_X, -0.0008861350858159997, Pos_Y, -1.5386839363265324e-06, Pos_Z, 0.0004365761186023359, BFx, 1.0, 0.0, 0.0,                             BFy, 0.0, -0.999954544482743, 0.009534619463253359, BFz, 0.0, -0.009534619463253367, -0.999954544482743
Time, 0.062, Pos_X, -0.0009779435056319998, Pos_Y, -1.0210588978946804e-06, Pos_Z, 0.0004361652667725359, BFx, 1.0, 0.0, 0.0,                             BFy, 0.0, -0.9999319010718726, 0.01167018503665309, BFz, 0.0, -0.011670185036653099, -0.9999319010718726
Time, 0.064, Pos_X, -0.0010752238922479998, Pos_Y, 3.154557229412396e-07, Pos_Z, 0.0004310504811326375, BFx, 1.0, 0.0, 0.0,                             BFy, 0.0, -0.9999027989048503, 0.01394247977390098, BFz, 0.0, -0.01394247977390099, -0.9999027989048503
Time, 0.066, Pos_X, -0.0011779497300639999, Pos_Y, 2.6745626817030647e-06, Pos_Z, 0.00042085921356870974, BFx, 1.0, 0.0, 0.0,                             BFy, 0.0, -0.9998665142688987, 0.016338716098925805, BFz, 0.0, -0.01633871609892582, -0.9998665142688988
Time, 0.068, Pos_X, -0.00128606980748, Pos_Y, 6.275838194504065e-06, Pos_Z, 0.00040525240840945896, BFx, 1.0, 0.0, 0.0,                             BFy, 0.0, -0.9998224272198654, 0.018844469432057486, BFz, 0.0, -0.0188444694320575, -0.9998224272198655
Time, 0.07, Pos_X, -0.001399510782496, Pos_Y, 1.1352138204128462e-05, Pos_Z, 0.00038392956687010796, BFx, 1.0, 0.0, 0.0,                             BFy, 0.0, -0.9997700596178604, 0.021443597918681362, BFz, 0.0, -0.021443597918681376, -0.9997700596178607
Time, 0.072, Pos_X, -0.0015181789489119991, Pos_Y, 1.8147605418142086e-05, Pos_Z, 0.0003566331005676799, BFx, 1.0, 0.0, 0.0,                             BFy, 0.0, -0.9997090941598815, 0.02411901851293812, BFz, 0.0, -0.024119018512938135, -0.9997090941598819
Time, 0.074, Pos_X, -0.0016419631039279992, Pos_Y, 2.6916107862050113e-05, Pos_Z, 0.0003231516478113315, BFx, 1.0, 0.0, 0.0,                             BFy, 0.0, -0.9996393696211414, 0.026853876879235555, BFz, 0.0, -0.02685387687923557, -0.9996393696211417
Time, 0.076, Pos_X, -0.0017707369699439994, Pos_Y, 3.7920250503119044e-05, Pos_Z, 0.0002833219555240937, BFx, 1.0, 0.0, 0.0,                             BFy, 0.0, -0.9995609327072476, 0.02963008277773489, BFz, 0.0, -0.029630082777734906, -0.9995609327072479
Time, 0.078, Pos_X, -0.0019043596713599995, Pos_Y, 5.143021150347431e-05, Pos_Z, 0.00023702895010688148, BFx, 1.0, 0.0, 0.0,                             BFy, 0.0, -0.9994741023907285, 0.03242712830710424, BFz, 0.0, -0.032427128307104265, -0.9994741023907289
Time, 0.08, Pos_X, -0.0020426757869759994, Pos_Y, 6.772161579124308e-05, Pos_Z, 0.00018420540619535654, BFx, 1.0, 0.0, 0.0,                             BFy, 0.0, -0.9993794028945326, 0.03522511987439018, BFz, 0.0, -0.0352251198743902, -0.999379402894533
Time, 0.082, Pos_X, -0.0021855139579919996, Pos_Y, 8.707320020298574e-05, Pos_Z, 0.000124831327202411, BFx, 1.0, 0.0, 0.0,                             BFy, 0.0, -0.9992774559327637, 0.038007447487843356, BFz, 0.0, -0.03800744748784337, -0.9992774559327642
Time, 0.084, Pos_X, -0.0023326853192079996, Pos_Y, 0.00010976451545776805, Pos_Z, 5.893218529593247e-05, BFx, 1.0, 0.0, 0.0,                             BFy, 0.0, -0.9991690041784208, 0.04075906143547014, BFz, 0.0, -0.04075906143547016, -0.9991690041784212
Time, 0.086, Pos_X, -0.0024839822486239986, Pos_Y, 0.00013607425749033062, Pos_Z, -1.342421770241023e-05, BFx, 1.0, 0.0, 0.0,                             BFy, 0.0, -0.9990549244236001, 0.043465595416978815, BFz, 0.0, -0.043465595416978836, -0.9990549244236004
Time, 0.088, Pos_X, -0.002639176261239999, Pos_Y, 0.00016627955062813242, Pos_Z, -9.213218969798707e-05, BFx, 1.0, 0.0, 0.0,                             BFy, 0.0, -0.9989361517513695, 0.04611469097979848, BFz, 0.0, -0.04611469097979849, -0.99893615175137
Time, 0.09, Pos_X, -0.002798015888455999, Pos_Y, 0.00020065555442368304, Pos_Z, -0.00017705335035882522, BFx, 1.0, 0.0, 0.0,                             BFy, 0.0, -0.9988136397031218, 0.0486961306779145, BFz, 0.0, -0.04869613067791451, -0.9988136397031221
Time, 0.092, Pos_X, -0.002960224032411999, Pos_Y, 0.00023947573992319526, Pos_Z, -0.0002680230098830469, BFx, 1.0, 0.0, 0.0,                             BFy, 0.0, -0.9986883591742416, 0.0512011840669639, BFz, 0.0, -0.05120118406696392, -0.9986883591742418
Time, 0.094, Pos_X, -0.003125495610507999, Pos_Y, 0.00028301277396917653, Pos_Z, -0.0003648572394254385, BFx, 1.0, 0.0, 0.0,                             BFy, 0.0, -0.9985613004014902, 0.05362209750171397, BFz, 0.0, -0.053622097501714, -0.9985613004014904
Time, 0.096, Pos_X, -0.003293494990303999, Pos_Y, 0.0003315393630236929, Pos_Z, -0.0004673594296654437, BFx, 1.0, 0.0, 0.0,                             BFy, 0.0, -0.998433453471471, 0.0559521133562468, BFz, 0.0, -0.05595211335624682, -0.9984334534714713
Time, 0.098, Pos_X, -0.003463853336939999, Pos_Y, 0.0003853289822334268, Pos_Z, -0.0005753259000847655, BFx, 1.0, 0.0, 0.0,                             BFy, 0.0, -0.9983057322577205, 0.05818646699512588, BFz, 0.0, -0.0581864669951259, -0.9983057322577208
Time, 0.1, Pos_X, -0.003636166977775999, Pos_Y, 0.0004446560353166972, Pos_Z, -0.0006885495419676506, BFx, 1.0, 0.0, 0.0,                             BFy, 0.0, -0.9981788600971663, 0.06032381996458708, BFz, 0.0, -0.0603238199645871, -0.9981788600971665
Time, 0.102, Pos_X, -0.003809996502591998, Pos_Y, 0.0005097953112237171, Pos_Z, -0.0008068219037859097, BFx, 1.0, 0.0, 0.0,                             BFy, 0.0, -0.9980532794072772, 0.062367070352690394, BFz, 0.0, -0.062367070352690415, -0.9980532794072774
Time, 0.104, Pos_X, -0.003984866260527998, Pos_Y, 0.0005810211025418083, Pos_Z, -0.0009299352946772704, BFx, 1.0, 0.0, 0.0,                             BFy, 0.0, -0.9979290244696283, 0.06432466184205084, BFz, 0.0, -0.06432466184205086, -0.9979290244696284
Time, 0.106, Pos_X, -0.0041602645593039975, Pos_Y, 0.0006586064391297078, Pos_Z, -0.0010576847596097195, BFx, 1.0, 0.0, 0.0,                             BFy, 0.0, -0.9978056488920846, 0.06621092839588004, BFz, 0.0, -0.06621092839588007, -0.9978056488920846
Time, 0.108, Pos_X, -0.004335645495251997, Pos_Y, 0.0007428220517573885, Pos_Z, -0.0011898693128633284, BFx, 1.0, 0.0, 0.0,                             BFy, 0.0, -0.9976822077262892, 0.06804566397938887, BFz, 0.0, -0.0680456639793889, -0.9976822077262892
Time, 0.11, Pos_X, -0.004510431791651997, Pos_Y, 0.0008339348662530341, Pos_Z, -0.001326291826050676, BFx, 1.0, 0.0, 0.0,                             BFy, 0.0, -0.9975573388380334, 0.06985238528768567, BFz, 0.0, -0.0698523852876857, -0.9975573388380335
Time, 0.112, Pos_X, -0.0046840184344119976, Pos_Y, 0.0009322059851982596, Pos_Z, -0.0014667565517130607, BFx, 1.0, 0.0, 0.0,                             BFy, 0.0, -0.9974293887391279, 0.07165622428992778, BFz, 0.0, -0.07165622428992784, -0.9974293887391279
Time, 0.114, Pos_X, -0.004855777175931998, Pos_Y, 0.0010378884053041328, Pos_Z, -0.001611064694146943, BFx, 1.0, 0.0, 0.0,                             BFy, 0.0, -0.9972965390274451, 0.07348206069428653, BFz, 0.0, -0.07348206069428659, -0.997296539027445
Time, 0.116, Pos_X, -0.005025061000891997, Pos_Y, 0.0011512260120273203, Pos_Z, -0.0017590092042735301, BFx, 1.0, 0.0, 0.0,                             BFy, 0.0, -0.9971569557250384, 0.07535254242009928, BFz, 0.0, -0.07535254242009934, -0.9971569557250382
Time, 0.118, Pos_X, -0.005191208951571997, Pos_Y, 0.0012724525183453728, Pos_Z, -0.0019103701767839547, BFx, 1.0, 0.0, 0.0,                             BFy, 0.0, -0.9970089532484706, 0.07728613809984282, BFz, 0.0, -0.07728613809984289, -0.9970089532484704
Time, 0.12, Pos_X, -0.005353552439051997, Pos_Y, 0.0014017894939635297, Pos_Z, -0.0020649115110244814, BFx, 1.0, 0.0, 0.0,                             BFy, 0.0, -0.9968511281562954, 0.079295827718237, BFz, 0.0, -0.07929582771823707, -0.9968511281562952
Time, 0.122, Pos_X, -0.005511421848131998, Pos_Y, 0.0015394451002435437, Pos_Z, -0.002222377330505721, BFx, 1.0, 0.0, 0.0,                             BFy, 0.0, -0.9966824230339114, 0.08138886665417135, BFz, 0.0, -0.0813888666541714, -0.9966824230339113
Time, 0.124, Pos_X, -0.005664152411011997, Pos_Y, 0.0016856128442913462, Pos_Z, -0.0023824864565261472, BFx, 1.0, 0.0, 0.0,                             BFy, 0.0, -0.9965021312999628, 0.08356735196612755, BFz, 0.0, -0.0835673519661276, -0.9965021312999627
Time, 0.126, Pos_X, -0.005811093725891997, Pos_Y, 0.0018404685077234991, Pos_Z, -0.0025449256763264844, BFx, 1.0, 0.0, 0.0,                             BFy, 0.0, -0.996309935418103, 0.08582839033312085, BFz, 0.0, -0.08582839033312091, -0.9963099354181029
Time, 0.128, Pos_X, -0.005951619306971997, Pos_Y, 0.002004166815831115, Pos_Z, -0.002709352376700103, BFx, 1.0, 0.0, 0.0,                             BFy, 0.0, -0.9961059137726336, 0.08816466722664937, BFz, 0.0, -0.08816466722664941, -0.9961059137726335
Time, 0.13, Pos_X, -0.006085133373251997, Pos_Y, 0.0021768375549163577, Pos_Z, -0.0028754000182126425, BFx, 1.0, 0.0, 0.0,                             BFy, 0.0, -0.9958903775062702, 0.09056685922796316, BFz, 0.0, -0.0905668592279632, -0.9958903775062701
Time, 0.132, Pos_X, -0.006211075832731998, Pos_Y, 0.002358582991188932, Pos_Z, -0.0030426740772923635, BFx, 1.0, 0.0, 0.0,                             BFy, 0.0, -0.9956638539461765, 0.09302413635743213, BFz, 0.0, -0.09302413635743217, -0.9956638539461763
Time, 0.134, Pos_X, -0.006328925220811998, Pos_Y, 0.0025494798807422724, Pos_Z, -0.003210745640765624, BFx, 1.0, 0.0, 0.0,                             BFy, 0.0, -0.9954274005254744, 0.09552115097242167, BFz, 0.0, -0.09552115097242173, -0.9954274005254742
Time, 0.136, Pos_X, -0.006438201691091998, Pos_Y, 0.002749582380794005, Pos_Z, -0.003379149144197428, BFx, 1.0, 0.0, 0.0,                             BFy, 0.0, -0.995182692213255, 0.0980377943406391, BFz, 0.0, -0.09803779434063915, -0.9951826922132547
Time, 0.138, Pos_X, -0.006538470565971998, Pos_Y, 0.0029589225746449455, Pos_Z, -0.0035473876116836837, BFx, 1.0, 0.0, 0.0,                             BFy, 0.0, -0.9949317665185382, 0.10055237427480626, BFz, 0.0, -0.10055237427480633, -0.994931766518538
Time, 0.14, Pos_X, -0.006629347357251998, Pos_Y, 0.0031775092084048743, Pos_Z, -0.0037149421705081967, BFx, 1.0, 0.0, 0.0,                             BFy, 0.0, -0.9946769718072634, 0.10304232992480455, BFz, 0.0, -0.10304232992480462, -0.9946769718072632
Time, 0.142, Pos_X, -0.006710500327531997, Pos_Y, 0.0034053276281470197, Pos_Z, -0.003881278192308141, BFx, 1.0, 0.0, 0.0,                             BFy, 0.0, -0.9944210665228388, 0.10548337525686065, BFz, 0.0, -0.1054833752568607, -0.9944210665228383
Time, 0.144, Pos_X, -0.0067816505690119966, Pos_Y, 0.003642341056581988, Pos_Z, -0.0040458495890789105, BFx, 1.0, 0.0, 0.0,                             BFy, 0.0, -0.9941670947401842, 0.1078507660420699, BFz, 0.0, -0.10785076604206999, -0.9941670947401837
Time, 0.146, Pos_X, -0.0068425726428919965, Pos_Y, 0.0038884926863889126, Pos_Z, -0.0042081071383316525, BFx, 1.0, 0.0, 0.0,                             BFy, 0.0, -0.993918156371808, 0.11012128965130036, BFz, 0.0, -0.11012128965130043, -0.9939181563718076
Time, 0.148, Pos_X, -0.006893094499971997, Pos_Y, 0.004143707742905159, Pos_Z, -0.004367505886696988, BFx, 1.0, 0.0, 0.0,                             BFy, 0.0, -0.9936772130764671, 0.11227464634807316, BFz, 0.0, -0.11227464634807323, -0.9936772130764665
Time, 0.15, Pos_X, -0.0069330946726519965, Pos_Y, 0.004407895611282317, Pos_Z, -0.004523510484727156, BFx, 1.0, 0.0, 0.0,                             BFy, 0.0, -0.9934469700633325, 0.11429399665767173, BFz, 0.0, -0.1142939966576718, -0.9934469700633319
Time, 0.152, Pos_X, -0.0069625045789319965, Pos_Y, 0.004680947772043378, Pos_Z, -0.0046756024352905415, BFx, 1.0, 0.0, 0.0,                             BFy, 0.0, -0.9932298227123835, 0.11616591270560751, BFz, 0.0, -0.11616591270560758, -0.993229822712383
Time, 0.154, Pos_X, -0.006981315879211997, Pos_Y, 0.004962732572730388, Pos_Z, -0.004823289514591268, BFx, 1.0, 0.0, 0.0,                             BFy, 0.0, -0.9930278077276185, 0.11788033372738395, BFz, 0.0, -0.11788033372738403, -0.993027807727618
Time, 0.156, Pos_X, -0.006989583197291997, Pos_Y, 0.005253100048914882, Pos_Z, -0.004966112955355459, BFx, 1.0, 0.0, 0.0,                             BFy, 0.0, -0.9928425350247632, 0.11943073576597216, BFz, 0.0, -0.11943073576597224, -0.9928425350247627
Time, 0.158, Pos_X, -0.0069874172471719965, Pos_Y, 0.005551896153845023, Pos_Z, -0.005103652889714508, BFx, 1.0, 0.0, 0.0,                             BFy, 0.0, -0.992675122920093, 0.1208143217320625, BFz, 0.0, -0.12081432173206258, -0.9926751229200923
Time, 0.16, Pos_X, -0.0069749739516519966, Pos_Y, 0.005858963293778251, Pos_Z, -0.005235540908095958, BFx, 1.0, 0.0, 0.0,                             BFy, 0.0, -0.9925261871870833, 0.12203183087977966, BFz, 0.0, -0.12203183087977973, -0.9925261871870826
Time, 0.162, Pos_X, -0.006952455970931997, Pos_Y, 0.0061741183103722575, Pos_Z, -0.005361462299232227, BFx, 1.0, 0.0, 0.0,                             BFy, 0.0, -0.9923959244166961, 0.12308667353183123, BFz, 0.0, -0.1230866735318313, -0.9923959244166953
Time, 0.164, Pos_X, -0.006920120859011997, Pos_Y, 0.006497139651408955, Pos_Z, -0.005481135616689682, BFx, 1.0, 0.0, 0.0,                             BFy, 0.0, -0.9922842395446339, 0.12398382132894695, BFz, 0.0, -0.12398382132894702, -0.9922842395446331
Time, 0.166, Pos_X, -0.006878283409091997, Pos_Y, 0.006827779648890446, Pos_Z, -0.005594299212225597, BFx, 1.0, 0.0, 0.0,                             BFy, 0.0, -0.9921908754090887, 0.12472877276293057, BFz, 0.0, -0.12472877276293065, -0.9921908754090877
Time, 0.168, Pos_X, -0.006827315012971997, Pos_Y, 0.007165780423286187, Pos_Z, -0.005700722334622452, BFx, 1.0, 0.0, 0.0,                             BFy, 0.0, -0.992115524643515, 0.12532671607172732, BFz, 0.0, -0.1253267160717274, -0.992115524643514
Time, 0.17, Pos_X, -0.006767642908651997, Pos_Y, 0.0075108804446124425, Pos_Z, -0.005800221295951383, BFx, 1.0, 0.0, 0.0,                             BFy, 0.0, -0.9920578841544, 0.1257821707838411, BFz, 0.0, -0.12578217078384119, -0.9920578841543991
Time, 0.172, Pos_X, -0.006699747984931998, Pos_Y, 0.007862813466903092, Pos_Z, -0.005892663466461947, BFx, 1.0, 0.0, 0.0,                             BFy, 0.0, -0.9920176896685653, 0.12609878423142007, BFz, 0.0, -0.12609878423142012, -0.9920176896685645
Time, 0.174, Pos_X, -0.006624160763611998, Pos_Y, 0.008221303347790981, Pos_Z, -0.005977963771465746, BFx, 1.0, 0.0, 0.0,                             BFy, 0.0, -0.9919947125968822, 0.1262794131275129, BFz, 0.0, -0.12627941312751295, -0.9919947125968814
Time, 0.176, Pos_X, -0.006541458310891998, Pos_Y, 0.00858605967084465, Pos_Z, -0.006056081870913154, BFx, 1.0, 0.0, 0.0,                             BFy, 0.0, -0.9919887638332192, 0.12632613517654182, BFz, 0.0, -0.12632613517654187, -0.9919887638332183
Time, 0.178, Pos_X, -0.006452261422971998, Pos_Y, 0.008956777024769715, Pos_Z, -0.006127021043437283, BFx, 1.0, 0.0, 0.0,                             BFy, 0.0, -0.991999678324737, 0.12624039846110474, BFz, 0.0, -0.1262403984611048, -0.9919996783247362
Time, 0.18, Pos_X, -0.006357231517251998, Pos_Y, 0.009333136381109244, Pos_Z, -0.006190828205318108, BFx, 1.0, 0.0, 0.0,                             BFy, 0.0, -0.9920273071604075, 0.1260231004541253, BFz, 0.0, -0.12602310045412535, -0.9920273071604068
Time, 0.182, Pos_X, -0.006257071786331998, Pos_Y, 0.009714803883860465, Pos_Z, -0.006247593168251, BFx, 1.0, 0.0, 0.0,                             BFy, 0.0, -0.9920715020408782, 0.12567471837388786, BFz, 0.0, -0.12567471837388788, -0.9920715020408776
Time, 0.184, Pos_X, -0.006152524574011998, Pos_Y, 0.010101433411721726, Pos_Z, -0.006297449223191512, BFx, 1.0, 0.0, 0.0,                             BFy, 0.0, -0.99213210095803, 0.1251954242319007, BFz, 0.0, -0.12519542423190072, -0.9921321009580294
Time, 0.186, Pos_X, -0.006044367199291998, Pos_Y, 0.010492673633870402, Pos_Z, -0.006340569456806035, BFx, 1.0, 0.0, 0.0,                             BFy, 0.0, -0.9922088873225394, 0.12458540812698915, BFz, 0.0, -0.12458540812698918, -0.9922088873225389
Time, 0.188, Pos_X, -0.005933408978111998, Pos_Y, 0.010888174921396885, Pos_Z, -0.0063771609917599925, BFx, 1.0, 0.0, 0.0,                             BFy, 0.0, -0.992301536294202, 0.12384531104634709, BFz, 0.0, -0.1238453110463471, -0.9923015362942015
Time, 0.19, Pos_X, -0.0058204778003519975, Pos_Y, 0.011287596791721847, Pos_Z, -0.006407462222730257, BFx, 1.0, 0.0, 0.0,                             BFy, 0.0, -0.9924096056405589, 0.12297631736375234, BFz, 0.0, -0.12297631736375234, -0.9924096056405582
Time, 0.192, Pos_X, -0.0057064080986119975, Pos_Y, 0.011690606857472126, Pos_Z, -0.0064317350378696025, BFx, 1.0, 0.0, 0.0,                             BFy, 0.0, -0.9925324870687862, 0.1219805808850337, BFz, 0.0, -0.12198058088503368, -0.9925324870687855
Time, 0.194, Pos_X, -0.005592039739401997, Pos_Y, 0.012096870617537649, Pos_Z, -0.00645025485878685, BFx, 1.0, 0.0, 0.0,                             BFy, 0.0, -0.9926693308023108, 0.12086190336285972, BFz, 0.0, -0.12086190336285968, -0.9926693308023101
Time, 0.196, Pos_X, -0.005478218229861997, Pos_Y, 0.012506042565025723, Pos_Z, -0.0064633033382605915, BFx, 1.0, 0.0, 0.0,                             BFy, 0.0, -0.9928190164576969, 0.11962608645263127, BFz, 0.0, -0.11962608645263122, -0.9928190164576961
Time, 0.198, Pos_X, -0.005365790278941997, Pos_Y, 0.012917765969895223, Pos_Z, -0.0064711677586871096, BFx, 1.0, 0.0, 0.0,                             BFy, 0.0, -0.9929801276693082, 0.11828130052483192, BFz, 0.0, -0.11828130052483186, -0.9929801276693074
Time, 0.2, Pos_X, -0.005255601065841996, Pos_Y, 0.013331679722453924, Pos_Z, -0.0064741463675849625, BFx, 1.0, 0.0, 0.0,                             BFy, 0.0, -0.9931509407026053, 0.11683838830423529, BFz, 0.0, -0.11683838830423524, -0.9931509407026047
Time, 0.202, Pos_X, -0.005148494736021996, Pos_Y, 0.013747427128159798, Pos_Z, -0.00647255519456913, BFx, 1.0, 0.0, 0.0,                             BFy, 0.0, -0.9933294780270132, 0.11531065901547374, BFz, 0.0, -0.11531065901547369, -0.9933294780270125
Time, 0.204, Pos_X, -0.005045311271201997, Pos_Y, 0.014164664206441082, Pos_Z, -0.006466732531450057, BFx, 1.0, 0.0, 0.0,                             BFy, 0.0, -0.9935136174135584, 0.11371320070170896, BFz, 0.0, -0.11371320070170889, -0.9935136174135576
Time, 0.206, Pos_X, -0.0049468795243819965, Pos_Y, 0.014583064147866474, Pos_Z, -0.006457038029501474, BFx, 1.0, 0.0, 0.0,                             BFy, 0.0, -0.9937012328721155, 0.11206185697389906, BFz, 0.0, -0.11206185697389899, -0.9937012328721149
Time, 0.208, Pos_X, -0.004854009559761997, Pos_Y, 0.01500231634571365, Pos_Z, -0.006443848462242722, BFx, 1.0, 0.0, 0.0,                             BFy, 0.0, -0.9938903292151386, 0.11037215904667419, BFz, 0.0, -0.11037215904667412, -0.9938903292151379
Time, 0.21, Pos_X, -0.004767486890741996, Pos_Y, 0.015422121376735843, Pos_Z, -0.0064275527034484605, BFx, 1.0, 0.0, 0.0,                             BFy, 0.0, -0.9940791458195049, 0.10865841820477806, BFz, 0.0, -0.108658418204778, -0.9940791458195042
Time, 0.212, Pos_X, -0.0046880672981219965, Pos_Y, 0.01584218478736951, Pos_Z, -0.006408545548764583, BFx, 1.0, 0.0, 0.0,                             BFy, 0.0, -0.9942662329174304, 0.10693296068183318, BFz, 0.0, -0.10693296068183313, -0.9942662329174298
Time, 0.214, Pos_X, -0.004616471412701996, Pos_Y, 0.016262212495347154, Pos_Z, -0.006387220476048153, BFx, 1.0, 0.0, 0.0,                             BFy, 0.0, -0.9944504651912273, 0.10520585668560498, BFz, 0.0, -0.1052058566856049, -0.9944504651912265
Time, 0.216, Pos_X, -0.004553379791281996, Pos_Y, 0.016681909827793707, Pos_Z, -0.006363965172896105, BFx, 1.0, 0.0, 0.0,                             BFy, 0.0, -0.9946309623034701, 0.10348550056540744, BFz, 0.0, -0.10348550056540737, -0.9946309623034695
Time, 0.218, Pos_X, -0.004499427864061996, Pos_Y, 0.017100984868988554, Pos_Z, -0.006339161938614885, BFx, 1.0, 0.0, 0.0,                             BFy, 0.0, -0.9948070435974462, 0.10177890748533594, BFz, 0.0, -0.10177890748533588, -0.9948070435974454
Time, 0.22, Pos_X, -0.0044552005422419955, Pos_Y, 0.01751915363394009, Pos_Z, -0.00631319048270494, BFx, 1.0, 0.0, 0.0,                             BFy, 0.0, -0.99497806185964, 0.1000932386229667, BFz, 0.0, -0.10009323862296664, -0.9949780618596393
Time, 0.222, Pos_X, -0.004421225849621995, Pos_Y, 0.017936145579764935, Pos_Z, -0.006286430605684851, BFx, 1.0, 0.0, 0.0,                             BFy, 0.0, -0.9951433983883475, 0.09843585040060522, BFz, 0.0, -0.09843585040060518, -0.9951433983883469
Time, 0.224, Pos_X, -0.004397969181201995, Pos_Y, 0.01835170787099638, Pos_Z, -0.006259261509336129, BFx, 1.0, 0.0, 0.0,                             BFy, 0.0, -0.9953025000658744, 0.09681391099743825, BFz, 0.0, -0.09681391099743816, -0.9953025000658737
Time, 0.226, Pos_X, -0.004385829570981995, Pos_Y, 0.018765606820347027, Pos_Z, -0.006232055994579998, BFx, 1.0, 0.0, 0.0,                             BFy, 0.0, -0.9954548231232828, 0.09523494695012621, BFz, 0.0, -0.09523494695012615, -0.995454823123282
Time, 0.228, Pos_X, -0.0043851358801619954, Pos_Y, 0.019177629619544445, Pos_Z, -0.006205172132215936, BFx, 1.0, 0.0, 0.0,                             BFy, 0.0, -0.9955997588889586, 0.09370763096059495, BFz, 0.0, -0.09370763096059488, -0.9955997588889579
Time, 0.23, Pos_X, -0.004396140840541995, Pos_Y, 0.019587588014579486, Pos_Z, -0.006178945186374956, BFx, 1.0, 0.0, 0.0,                             BFy, 0.0, -0.9957365490234161, 0.09224275006165582, BFz, 0.0, -0.09224275006165575, -0.9957365490234156
Time, 0.232, Pos_X, -0.0044190152625219956, Pos_Y, 0.019995322035265984, Pos_Z, -0.006153680609257967, BFx, 1.0, 0.0, 0.0,                             BFy, 0.0, -0.9958642500484676, 0.09085370369666848, BFz, 0.0, -0.09085370369666838, -0.995864250048467
Time, 0.234, Pos_X, -0.004453843630301995, Pos_Y, 0.020400704058940063, Pos_Z, -0.006129648909805817, BFx, 1.0, 0.0, 0.0,                             BFy, 0.0, -0.9959817723728517, 0.08955617846375556, BFz, 0.0, -0.08955617846375546, -0.995981772372851
Time, 0.236, Pos_X, -0.004500620724881995, Pos_Y, 0.02080364236089131, Pos_Z, -0.006107082054425884, BFx, 1.0, 0.0, 0.0,                             BFy, 0.0, -0.9960880373788159, 0.08836640646092636, BFz, 0.0, -0.08836640646092625, -0.9960880373788153
Time, 0.238, Pos_X, -0.004559250295661995, Pos_Y, 0.02120408350412413, Pos_Z, -0.00608617120172318, BFx, 1.0, 0.0, 0.0,                             BFy, 0.0, -0.9961821935283722, 0.0872985526626843, BFz, 0.0, -0.08729855266268419, -0.9961821935283717
Time, 0.24, Pos_X, -0.0046295469708419945, Pos_Y, 0.021602013045455257, Pos_Z, -0.006067066157069311, BFx, 1.0, 0.0, 0.0,                             BFy, 0.0, -0.9962638726130788, 0.08636142730403351, BFz, 0.0, -0.08636142730403339, -0.9962638726130781
Time, 0.242, Pos_X, -0.004711239831621994, Pos_Y, 0.02199745529622874, Pos_Z, -0.006049876354180753, BFx, 1.0, 0.0, 0.0,                             BFy, 0.0, -0.9963334262039997, 0.08555526768468391, BFz, 0.0, -0.08555526768468379, -0.996333426203999
Time, 0.244, Pos_X, -0.004803976306401994, Pos_Y, 0.02239047319943384, Pos_Z, -0.006034670992157725, BFx, 1.0, 0.0, 0.0,                             BFy, 0.0, -0.9963920449584026, 0.08486985768582282, BFz, 0.0, -0.0848698576858227, -0.9963920449584018
Time, 0.246, Pos_X, -0.004907326824981994, Pos_Y, 0.022781168332702904, Pos_Z, -0.006021476836112579, BFx, 1.0, 0.0, 0.0,                             BFy, 0.0, -0.9964417724059574, 0.08428400918604667, BFz, 0.0, -0.08428400918604655, -0.9964417724059568
Time, 0.248, Pos_X, -0.005020788488161994, Pos_Y, 0.023169681848880363, Pos_Z, -0.006010275328014438, BFx, 1.0, 0.0, 0.0,                             BFy, 0.0, -0.99648536205429, 0.08376707713374269, BFz, 0.0, -0.08376707713374257, -0.9964853620542892
Time, 0.25, Pos_X, -0.005143789533341994, Pos_Y, 0.02355619398265535, Pos_Z, -0.006001000514768063, BFx, 1.0, 0.0, 0.0,                             BFy, 0.0, -0.9965259555490179, 0.08328277082996652, BFz, 0.0, -0.08328277082996638, -0.9965259555490171
Time, 0.252, Pos_X, -0.005275696290721994, Pos_Y, 0.023940920619347442, Pos_Z, -0.005993539784259622, BFx, 1.0, 0.0, 0.0,                             BFy, 0.0, -0.9965666735321203, 0.08279411334825948, BFz, 0.0, -0.08279411334825934, -0.9965666735321195
Time, 0.254, Pos_X, -0.005415820670701994, Pos_Y, 0.02432410861032475, Pos_Z, -0.005987738288642127, BFx, 1.0, 0.0, 0.0,                             BFy, 0.0, -0.9966102277405702, 0.08226818317484146, BFz, 0.0, -0.08226818317484133, -0.9966102277405693
Time, 0.256, Pos_X, -0.005563427263681994, Pos_Y, 0.02470603084372279, Pos_Z, -0.005983404352488292, BFx, 1.0, 0.0, 0.0,                             BFy, 0.0, -0.9966585986449007, 0.0816800939469514, BFz, 0.0, -0.08168009394695128, -0.9966585986448999
Time, 0.258, Pos_X, -0.005717739673261994, Pos_Y, 0.02508698140545423, Pos_Z, -0.0059803144728460215, BFx, 1.0, 0.0, 0.0,                             BFy, 0.0, -0.996712914105887, 0.08101460889586831, BFz, 0.0, -0.08101460889586819, -0.9967129141058866
Time, 0.26, Pos_X, -0.005877947624641994, Pos_Y, 0.02546727010894825, Pos_Z, -0.005978218962280616, BFx, 1.0, 0.0, 0.0,                             BFy, 0.0, -0.9967735061250227, 0.08026566817281806, BFz, 0.0, -0.08026566817281797, -0.9967735061250222
Time, 0.262, Pos_X, -0.006043213942621994, Pos_Y, 0.0258472165648181, Pos_Z, -0.005976847801375078, BFx, 1.0, 0.0, 0.0,                             BFy, 0.0, -0.9968401269988492, 0.07943400534354132, BFz, 0.0, -0.07943400534354121, -0.9968401269988487
Time, 0.264, Pos_X, -0.006212680481601994, Pos_Y, 0.026227144596463293, Pos_Z, -0.005975915609929329, BFx, 1.0, 0.0, 0.0,                             BFy, 0.0, -0.9969122401172104, 0.07852378941751047, BFz, 0.0, -0.07852378941751036, -0.9969122401172098
Time, 0.266, Pos_X, -0.006385474217041994, Pos_Y, 0.02660737698280884, Pos_Z, -0.005975125971908303, BFx, 1.0, 0.0, 0.0,                             BFy, 0.0, -0.9969892973100213, 0.07753928713413771, BFz, 0.0, -0.0775392871341376, -0.9969892973100207
Time, 0.268, Pos_X, -0.006560712074681994, Pos_Y, 0.026988231407126348, Pos_Z, -0.00597417540592328, BFx, 1.0, 0.0, 0.0,                             BFy, 0.0, -0.9970709450676555, 0.07648222343716678, BFz, 0.0, -0.07648222343716667, -0.997070945067655
Time, 0.27, Pos_X, -0.006737503867321994, Pos_Y, 0.02737001766140086, Pos_Z, -0.005972757442407797, BFx, 1.0, 0.0, 0.0,                             BFy, 0.0, -0.9971571203116019, 0.07535036437784473, BFz, 0.0, -0.0753503643778446, -0.9971571203116015
Time, 0.272, Pos_X, -0.006914958451217994, Pos_Y, 0.027753032846338007, Pos_Z, -0.0059705667227707695, BFx, 1.0, 0.0, 0.0,                             BFy, 0.0, -0.9972479680231616, 0.0741383185247412, BFz, 0.0, -0.07413831852474108, -0.9972479680231613
Time, 0.274, Pos_X, -0.007092191750509994, Pos_Y, 0.028137555695308805, Pos_Z, -0.005967304510320956, BFx, 1.0, 0.0, 0.0,                             BFy, 0.0, -0.9973437458724966, 0.07283853766391742, BFz, 0.0, -0.07283853766391729, -0.9973437458724962
Time, 0.276, Pos_X, -0.007268332154261994, Pos_Y, 0.0285238433861206, Pos_Z, -0.00596268493534785, BFx, 1.0, 0.0, 0.0,                             BFy, 0.0, -0.997444602488059, 0.07144413878996121, BFz, 0.0, -0.07144413878996109, -0.9974446024880586
Time, 0.278, Pos_X, -0.0074425286776739945, Pos_Y, 0.02891212755206964, Pos_Z, -0.005956439566688062, BFx, 1.0, 0.0, 0.0,                             BFy, 0.0, -0.9975504082184273, 0.06995129064749331, BFz, 0.0, -0.0699512906474932, -0.9975504082184269
Time, 0.28, Pos_X, -0.007613960228485994, Pos_Y, 0.029302610074614745, Pos_Z, -0.005948321941912083, BFx, 1.0, 0.0, 0.0,                             BFy, 0.0, -0.9976607233823233, 0.06835993724587779, BFz, 0.0, -0.06835993724587766, -0.9976607233823228
Time, 0.282, Pos_X, -0.00778184132089799, Pos_Y, 0.02969546081938068, Pos_Z, -0.005938111322666295, BFx, 1.0, 0.0, 0.0,                             BFy, 0.0, -0.9977748634653093, 0.06667324678448161, BFz, 0.0, -0.0666732467844815, -0.9977748634653089
Time, 0.284, Pos_X, -0.00794542747890999, Pos_Y, 0.030090815751885627, Pos_Z, -0.005925614370447803, BFx, 1.0, 0.0, 0.0,                             BFy, 0.0, -0.997892013854132, 0.06489629177500109, BFz, 0.0, -0.06489629177500099, -0.9978920138541316
Time, 0.286, Pos_X, -0.00810402218612199, Pos_Y, 0.03048877520112384, Pos_Z, -0.005910666305893282, BFx, 1.0, 0.0, 0.0,                             BFy, 0.0, -0.9980113382941606, 0.06303466218121567, BFz, 0.0, -0.06303466218121558, -0.9980113382941602
Time, 0.288, Pos_X, -0.00825698415393399, Pos_Y, 0.0308894024384967, Pos_Z, -0.005893132537290454, BFx, 1.0, 0.0, 0.0,                             BFy, 0.0, -0.998132063160373, 0.061093244235499125, BFz, 0.0, -0.06109324423549902, -0.9981320631603726
Time, 0.29, Pos_X, -0.008403733498145992, Pos_Y, 0.03129272260372674, Pos_Z, -0.005872910360442974, BFx, 1.0, 0.0, 0.0,                             BFy, 0.0, -0.998253500273558, 0.05907579192521001, BFz, 0.0, -0.05907579192520991, -0.9982535002735577
Time, 0.292, Pos_X, -0.008543754893557992, Pos_Y, 0.031698723184762835, Pos_Z, -0.005849931169935179, BFx, 1.0, 0.0, 0.0,                             BFy, 0.0, -0.9983750260067482, 0.05698515110119107, BFz, 0.0, -0.05698515110119096, -0.998375026006748
Time, 0.294, Pos_X, -0.008676605913769992, Pos_Y, 0.032107350299639466, Pos_Z, -0.005824160779294622, BFx, 1.0, 0.0, 0.0,                             BFy, 0.0, -0.9984960372775357, 0.0548239321926016, BFz, 0.0, -0.0548239321926015, -0.9984960372775354
Time, 0.296, Pos_X, -0.008801925982981993, Pos_Y, 0.03251850294404281, Pos_Z, -0.00579560318942397, BFx, 1.0, 0.0, 0.0,                             BFy, 0.0, -0.9986158953417401, 0.05259556607562556, BFz, 0.0, -0.05259556607562546, -0.99861589534174
Time, 0.298, Pos_X, -0.008919442676393993, Pos_Y, 0.03293203070374644, Pos_Z, -0.005764303863017695, BFx, 1.0, 0.0, 0.0,                             BFy, 0.0, -0.9987338957501147, 0.05030512379270515, BFz, 0.0, -0.050305123792705055, -0.9987338957501146
Time, 0.3, Pos_X, -0.009028984113805993, Pos_Y, 0.033347733938856886, Pos_Z, -0.0057303491176119, BFx, 1.0, 0.0, 0.0,                             BFy, 0.0, -0.9988492621270725, 0.04795989520633922, BFz, 0.0, -0.04795989520633912, -0.9988492621270724
Time, 0.302, Pos_X, -0.009130484364817993, Pos_Y, 0.03376537173056013, Pos_Z, -0.005693870072778982, BFx, 1.0, 0.0, 0.0,                             BFy, 0.0, -0.9989611721709011, 0.04556946889024645, BFz, 0.0, -0.045569468890246365, -0.998961172170901
Time, 0.304, Pos_X, -0.009223975468629993, Pos_Y, 0.03418467485773699, Pos_Z, -0.005655045633100897, BFx, 1.0, 0.0, 0.0,                             BFy, 0.0, -0.999068805236988, 0.043145363625040914, BFz, 0.0, -0.04314536362504084, -0.9990688052369878
Time, 0.306, Pos_X, -0.009309578560841993, Pos_Y, 0.03460535283321991, Pos_Z, -0.0056140988124198194, BFx, 1.0, 0.0, 0.0,                             BFy, 0.0, -0.9991713895580959, 0.04070054408166384, BFz, 0.0, -0.04070054408166376, -0.9991713895580956
Time, 0.308, Pos_X, -0.009387500274453994, Pos_Y, 0.03502709060498076, Pos_Z, -0.005571285078798261, BFx, 1.0, 0.0, 0.0,                             BFy, 0.0, -0.9992682359393923, 0.03824908682013875, BFz, 0.0, -0.03824908682013866, -0.9992682359393921
Time, 0.31, Pos_X, -0.009458026041665995, Pos_Y, 0.03544954136270286, Pos_Z, -0.005526877132045399, BFx, 1.0, 0.0, 0.0,                             BFy, 0.0, -0.9993587670665299, 0.03580579125315842, BFz, 0.0, -0.03580579125315833, -0.9993587670665297
Time, 0.312, Pos_X, -0.009521510261077995, Pos_Y, 0.03587232237795022, Pos_Z, -0.0054811516474200335, BFx, 1.0, 0.0, 0.0,                             BFy, 0.0, -0.9994425269551938, 0.03338615451674885, BFz, 0.0, -0.03338615451674876, -0.9994425269551935
