Time, 0, Pos_X, 0.0, Pos_Y, 0.0, Pos_Z, 0.0, BFx, 1, 0, 0,                         BFy, 0, -1, 0, BFz, 0, 0, -1
Time, 0.0, Pos_X, 0.0, Pos_Y, 0.0, Pos_Z, 0.0, BFx, 1.0, 0.0, 0.0,                             BFy, 0.0, -1.0, 0.0, BFz, 0.0, 0.0, -1.0
Time, 0.002, Pos_X, -2.2587164e-06, Pos_Y, 2.9063560810160962e-06, Pos_Z, 4.429612917360934e-06, BFx, 1.0, 0.0, 0.0,                             BFy, 0.0, -0.999300817217061, -0.03738818943616161, BFz, 0.0, 0.037388189436161616, -0.999300817217061
Time, 0.004, Pos_X, -9.0535426e-06, Pos_Y, 1.191649545644456e-05, Pos_Z, 1.7831075421906624e-05, BFx, 1.0, 0.0, 0.0,                             BFy, 0.0, -0.9972143537106171, -0.07458909272485031, BFz, 0.0, 0.07458909272485031, -0.9972143537106171
Time, 0.006, Pos_X, -2.04204316e-05, Pos_Y, 2.763596234912809e-05, Pos_Z, 4.041740932262977e-05, BFx, 1.0, 0.0, 0.0,                             BFy, 0.0, -0.9937604625793349, -0.1115353890660093, BFz, 0.0, 0.11153538906600931, -0.9937604625793349
Time, 0.008, Pos_X, -3.6391916799999996e-05, Pos_Y, 5.071701099672135e-05, Pos_Z, 7.237556241626998e-05, BFx, 1.0, 0.0, 0.0,                             BFy, 0.0, -0.9889632881678476, -0.14816077300094768, BFz, 0.0, 0.1481607730009477, -0.9889632881678476
Time, 0.01, Pos_X, -5.6995914199999996e-05, Pos_Y, 8.185814648944755e-05, Pos_Z, 0.00011386372318926131, BFx, 1.0, 0.0, 0.0,                             BFy, 0.0, -0.9828511218656811, -0.18440084665578726, BFz, 0.0, 0.1844008466557873, -0.9828511218656812
Time, 0.012, Pos_X, -8.22530874e-05, Pos_Y, 0.00012180494671320519, Pos_Z, 0.00016500925282582387, BFx, 1.0, 0.0, 0.0,                             BFy, 0.0, -0.9754560101637398, -0.22019439646693237, BFz, 0.0, 0.2201943964669324, -0.9754560101637401
Time, 0.014, Pos_X, -0.00011217388060000001, Pos_Y, 0.0001713512490300679, Pos_Z, 0.00022590306191102834, BFx, 1.0, 0.0, 0.0,                             BFy, 0.0, -0.9668131964420823, -0.2554843306064819, BFz, 0.0, 0.2554843306064819, -0.9668131964420825
Time, 0.016, Pos_X, -0.00014675709200000003, Pos_Y, 0.00023133719158591946, Pos_Z, 0.00029658843552775934, BFx, 1.0, 0.0, 0.0,                             BFy, 0.0, -0.9569604325967317, -0.2902184185131509, BFz, 0.0, 0.29021841851315094, -0.9569604325967321
Time, 0.018, Pos_X, -0.0001859879558, Pos_Y, 0.00030264595093155137, Pos_Z, 0.00037704931769978257, BFx, 1.0, 0.0, 0.0,                             BFy, 0.0, -0.9459372074066913, -0.3243498106113655, BFz, 0.0, 0.32434981061136553, -0.9459372074066917
Time, 0.02, Pos_X, -0.00022983483260000003, Pos_Y, 0.00038620075428480026, Pos_Z, 0.00046720256250407924, BFx, 1.0, 0.0, 0.0,                             BFy, 0.0, -0.9337840243771577, -0.3578371079387908, BFz, 0.0, 0.35783710793879087, -0.9337840243771582
Time, 0.022, Pos_X, -0.0002782444776, Pos_Y, 0.00048295903840233544, Pos_Z, 0.0005668930901402769, BFx, 1.0, 0.0, 0.0,                             BFy, 0.0, -0.9205421746868963, -0.3906431934933948, BFz, 0.0, 0.39064319349339494, -0.9205421746868968
Time, 0.024, Pos_X, -0.00033113691960000004, Pos_Y, 0.0005939036605430105, Pos_Z, 0.000675889432996744, BFx, 1.0, 0.0, 0.0,                             BFy, 0.0, -0.9062539145260746, -0.4227337724930013, BFz, 0.0, 0.4227337724930014, -0.9062539145260751
Time, 0.026, Pos_X, -0.0003884004866, Pos_Y, 0.000720033632418429, Pos_Z, 0.0007938797408030509, BFx, 1.0, 0.0, 0.0,                             BFy, 0.0, -0.8909628657222205, -0.45407617412065, BFz, 0.0, 0.4540761741206501, -0.8909628657222208
Time, 0.028, Pos_X, -0.0004498873374, Pos_Y, 0.0008623537614474104, Pos_Z, 0.0009204695625665078, BFx, 1.0, 0.0, 0.0,                             BFy, 0.0, -0.8747179318163137, -0.4846323758881459, BFz, 0.0, 0.48463237588814606, -0.8747179318163141
Time, 0.03, Pos_X, -0.0005154086923999999, Pos_Y, 0.0010218642162939738, Pos_Z, 0.0010551808480621617, BFx, 1.0, 0.0, 0.0,                             BFy, 0.0, -0.8575682628103948, -0.514370172755342, BFz, 0.0, 0.514370172755342, -0.8575682628103951
Time, 0.032, Pos_X, -0.00058473012768, Pos_Y, 0.0011995501807335511, Pos_Z, 0.001197452167183356, BFx, 1.0, 0.0, 0.0,                             BFy, 0.0, -0.8395683963479543, -0.5432539993904534, BFz, 0.0, 0.5432539993904534, -0.8395683963479547
Time, 0.034, Pos_X, -0.0006575679582400001, Pos_Y, 0.0013963703869498867, Pos_Z, 0.001346641656668029, BFx, 1.0, 0.0, 0.0,                             BFy, 0.0, -0.8207800277581105, -0.5712443838090606, BFz, 0.0, 0.5712443838090606, -0.820780027758111
Time, 0.036, Pos_X, -0.0007335852101999999, Pos_Y, 0.0016132461977817394, Pos_Z, 0.0015020335261876593, BFx, 1.0, 0.0, 0.0,                             BFy, 0.0, -0.8012735644500553, -0.5982981488467941, BFz, 0.0, 0.5982981488467943, -0.8012735644500559
Time, 0.038, Pos_X, -0.00081239316608, Pos_Y, 0.0018510447821319849, Pos_Z, 0.0016628412631494228, BFx, 1.0, 0.0, 0.0,                             BFy, 0.0, -0.7811293135678438, -0.6243692781399693, BFz, 0.0, 0.6243692781399696, -0.7811293135678447
Time, 0.04, Pos_X, -0.0008935615942800001, Pos_Y, 0.002110559518889555, Pos_Z, 0.0018282160032574554, BFx, 1.0, 0.0, 0.0,                             BFy, 0.0, -0.7604380562752279, -0.6494104730972168, BFz, 0.0, 0.649410473097217, -0.7604380562752288
Time, 0.042, Pos_X, -0.0009766143818400002, Pos_Y, 0.0023925075350525343, Pos_Z, 0.0019972640646645987, BFx, 1.0, 0.0, 0.0,                             BFy, 0.0, -0.7393008342533, -0.6733752865025361, BFz, 0.0, 0.6733752865025363, -0.7393008342533008
Time, 0.044, Pos_X, -0.0010610235097999999, Pos_Y, 0.0026975283498304452, Pos_Z, 0.002169061039064765, BFx, 1.0, 0.0, 0.0,                             BFy, 0.0, -0.7178280782765817, -0.6962204033477817, BFz, 0.0, 0.6962204033477819, -0.7178280782765826
Time, 0.046, Pos_X, -0.00114621654603, Pos_Y, 0.003026173371287266, Pos_Z, 0.002342667066791765, BFx, 1.0, 0.0, 0.0,                             BFy, 0.0, -0.6961380150662099, -0.7179079773757049, BFz, 0.0, 0.7179079773757053, -0.6961380150662108
Time, 0.048, Pos_X, -0.00123158289102, Pos_Y, 0.0033789021142591118, Pos_Z, 0.002517145560061993, BFx, 1.0, 0.0, 0.0,                             BFy, 0.0, -0.6743541431910048, -0.7384080779359904, BFz, 0.0, 0.738408077935991, -0.6743541431910058
Time, 0.05, Pos_X, -0.00131648611078, Pos_Y, 0.0037560842889154474, Pos_Z, 0.0026915743113369826, BFx, 1.0, 0.0, 0.0,                             BFy, 0.0, -0.6526023445586655, -0.7577005872219785, BFz, 0.0, 0.757700587221979, -0.6526023445586665
Time, 0.052, Pos_X, -0.0014002590065799996, Pos_Y, 0.004158014191640178, Pos_Z, 0.0028650306961774882, BFx, 1.0, 0.0, 0.0,                             BFy, 0.0, -0.6310076707319768, -0.7757765912151534, BFz, 0.0, 0.7757765912151539, -0.6310076707319777
Time, 0.054, Pos_X, -0.0014821951815799997, Pos_Y, 0.004584904352774097, Pos_Z, 0.003036607571594564, BFx, 1.0, 0.0, 0.0,                             BFy, 0.0, -0.6096909787888936, -0.792639205681525, BFz, 0.0, 0.7926392056815256, -0.6096909787888946
Time, 0.056, Pos_X, -0.0015616096852599998, Pos_Y, 0.005036842693000308, Pos_Z, 0.0032055395994011575, BFx, 1.0, 0.0, 0.0,                             BFy, 0.0, -0.588765530221773, -0.8083038725768128, BFz, 0.0, 0.8083038725768135, -0.5887655302217738
Time, 0.058, Pos_X, -0.00163787435634, Pos_Y, 0.005513753580901459, Pos_Z, 0.00337128893635638, BFx, 1.0, 0.0, 0.0,                             BFy, 0.0, -0.568334240690732, -0.8227977824827235, BFz, 0.0, 0.8227977824827242, -0.5683342406907327
Time, 0.06, Pos_X, -0.0017104008621399997, Pos_Y, 0.006015401380329297, Pos_Z, 0.003533522521628764, BFx, 1.0, 0.0, 0.0,                             BFy, 0.0, -0.5484869449323173, -0.8361591183732983, BFz, 0.0, 0.8361591183732989, -0.548486944932318
Time, 0.062, Pos_X, -0.0017786722681399998, Pos_Y, 0.006541456262112024, Pos_Z, 0.00369209837512947, BFx, 1.0, 0.0, 0.0,                             BFy, 0.0, -0.5292984403292438, -0.8484357141616731, BFz, 0.0, 0.8484357141616736, -0.5292984403292443
Time, 0.064, Pos_X, -0.0018422706695399998, Pos_Y, 0.007091587672019493, Pos_Z, 0.003847047207417705, BFx, 1.0, 0.0, 0.0,                             BFy, 0.0, -0.5108268540708212, -0.8596836192228546, BFz, 0.0, 0.8596836192228553, -0.5108268540708217
Time, 0.066, Pos_X, -0.0019008773123399998, Pos_Y, 0.007665513889969018, Pos_Z, 0.003998536344904346, BFx, 1.0, 0.0, 0.0,                             BFy, 0.0, -0.4931126408774563, -0.8699654725371916, BFz, 0.0, 0.8699654725371924, -0.4931126408774569
Time, 0.068, Pos_X, -0.00195428735894, Pos_Y, 0.008262968806837906, Pos_Z, 0.0041468482704282075, BFx, 1.0, 0.0, 0.0,                             BFy, 0.0, -0.47617960139064913, -0.8793480466910931, BFz, 0.0, 0.8793480466910939, -0.47617960139064974
Time, 0.07, Pos_X, -0.00200244159374, Pos_Y, 0.008883621826544326, Pos_Z, 0.004292386540069248, BFx, 1.0, 0.0, 0.0,                             BFy, 0.0, -0.4600374604243132, -0.8878995072677689, BFz, 0.0, 0.8878995072677698, -0.4600374604243138
Time, 0.072, Pos_X, -0.00204544771074, Pos_Y, 0.009527025058545177, Pos_Z, 0.004435705103222281, BFx, 1.0, 0.0, 0.0,                             BFy, 0.0, -0.4446807411993144, -0.8956891416146713, BFz, 0.0, 0.8956891416146723, -0.44468074119931494
Time, 0.074, Pos_X, -0.00208358253874, Pos_Y, 0.010192619611829705, Pos_Z, 0.004577550598670209, BFx, 1.0, 0.0, 0.0,                             BFy, 0.0, -0.43009071322631615, -0.902785676889303, BFz, 0.0, 0.9027856768893042, -0.4300907132263167
Time, 0.076, Pos_X, -0.00211729864414, Pos_Y, 0.010879765199542736, Pos_Z, 0.0047189007846152285, BFx, 1.0, 0.0, 0.0,                             BFy, 0.0, -0.4162381711825159, -0.9092556212917428, BFz, 0.0, 0.9092556212917441, -0.4162381711825165
Time, 0.078, Pos_X, -0.00214724164306, Pos_Y, 0.011587765497640753, Pos_Z, 0.0048609817496345995, BFx, 1.0, 0.0, 0.0,                             BFy, 0.0, -0.4030858852724849, -0.9151621545355201, BFz, 0.0, 0.9151621545355216, -0.40308588527248557
Time, 0.08, Pos_X, -0.0021742655132200002, Pos_Y, 0.012315894372378244, Pos_Z, 0.005005262262181009, BFx, 1.0, 0.0, 0.0,                             BFy, 0.0, -0.3905946617782804, -0.9205627681968833, BFz, 0.0, 0.9205627681968849, -0.390594661778281
Time, 0.082, Pos_X, -0.0021994438363000003, Pos_Y, 0.013063419085260406, Pos_Z, 0.005153433369274683, BFx, 1.0, 0.0, 0.0,                             BFy, 0.0, -0.37873348581262145, -0.9255057788713253, BFz, 0.0, 0.925505778871327, -0.378733485812622
Time, 0.084, Pos_X, -0.002224080367932, Pos_Y, 0.013829608683006428, Pos_Z, 0.005307386313404316, BFx, 1.0, 0.0, 0.0,                             BFy, 0.0, -0.36748041118793684, -0.9300312615139033, BFz, 0.0, 0.930031261513905, -0.36748041118793734
Time, 0.086, Pos_X, -0.0022497163063760002, Pos_Y, 0.01461373347200479, Pos_Z, 0.005469199313328682, BFx, 1.0, 0.0, 0.0,                             BFy, 0.0, -0.35682507153866116, -0.9341712200241595, BFz, 0.0, 0.9341712200241612, -0.35682507153866166
Time, 0.088, Pos_X, -0.0022781308886800004, Pos_Y, 0.015415068083631816, Pos_Z, 0.005641130637828416, BFx, 1.0, 0.0, 0.0,                             BFy, 0.0, -0.34677693914222313, -0.9379476288573623, BFz, 0.0, 0.9379476288573639, -0.3467769391422236
Time, 0.09, Pos_X, -0.0023113365595840004, Pos_Y, 0.016232899330411076, Pos_Z, 0.00582560779297216, BFx, 1.0, 0.0, 0.0,                             BFy, 0.0, -0.3373700219864974, -0.9413721199742575, BFz, 0.0, 0.9413721199742592, -0.33737002198649785
Time, 0.092, Pos_X, -0.0023515691310880007, Pos_Y, 0.017066534724422572, Pos_Z, 0.006025207695476758, BFx, 1.0, 0.0, 0.0,                             BFy, 0.0, -0.3286615552022973, -0.9444477656980319, BFz, 0.0, 0.9444477656980337, -0.3286615552022977
Time, 0.094, Pos_X, -0.0024012704745920007, Pos_Y, 0.017915311494109576, Pos_Z, 0.006242628835362405, BFx, 1.0, 0.0, 0.0,                             BFy, 0.0, -0.3207285873237476, -0.9471711425467474, BFz, 0.0, 0.9471711425467492, -0.320728587323748
Time, 0.096, Pos_X, -0.002463062356096001, Pos_Y, 0.018778605817487477, Pos_Z, 0.0064806578942229525, BFx, 1.0, 0.0, 0.0,                             BFy, 0.0, -0.31366498014710004, -0.9495337172682794, BFz, 0.0, 0.9495337172682812, -0.31366498014710037
Time, 0.098, Pos_X, -0.002539713091800001, Pos_Y, 0.01965583982113978, Pos_Z, 0.006742133188895737, BFx, 1.0, 0.0, 0.0,                             BFy, 0.0, -0.30757344286771104, -0.9515243440093901, BFz, 0.0, 0.951524344009392, -0.3075734428677114
Time, 0.1, Pos_X, -0.002634099668304001, Pos_Y, 0.020546483147568937, Pos_Z, 0.00702990404158407, BFx, 1.0, 0.0, 0.0,                             BFy, 0.0, -0.30255775002958646, -0.9531310549431448, BFz, 0.0, 0.9531310549431465, -0.3025577500295868
Time, 0.102, Pos_X, -0.0027491677902080004, Pos_Y, 0.021450045388652302, Pos_Z, 0.007346784232526998, BFx, 1.0, 0.0, 0.0,                             BFy, 0.0, -0.29871136166335355, -0.9543435033640785, BFz, 0.0, 0.9543435033640802, -0.2987113616633538
Time, 0.104, Pos_X, -0.0028878886095120007, Pos_Y, 0.02236606372894147, Pos_Z, 0.007695503564802826, BFx, 1.0, 0.0, 0.0,                             BFy, 0.0, -0.2960998020653567, -0.9551570065789468, BFz, 0.0, 0.9551570065789488, -0.29609980206535697
Time, 0.106, Pos_X, -0.0030532118368160007, Pos_Y, 0.02329409355966159, Pos_Z, 0.008078661191574861, BFx, 1.0, 0.0, 0.0,                             BFy, 0.0, -0.29474348919835525, -0.9555764101186135, BFz, 0.0, 0.9555764101186153, -0.2947434891983555
Time, 0.108, Pos_X, -0.003248016146120001, Pos_Y, 0.024233702647872113, Pos_Z, 0.008498680397851807, BFx, 1.0, 0.0, 0.0,                             BFy, 0.0, -0.2946064706791285, -0.9556186621419578, BFz, 0.0, 0.9556186621419597, -0.29460647067912876
Time, 0.11, Pos_X, -0.0034750587374240013, Pos_Y, 0.025184467750858613, Pos_Z, 0.00895776561430414, BFx, 1.0, 0.0, 0.0,                             BFy, 0.0, -0.2955932906437407, -0.9553138785375215, BFz, 0.0, 0.9553138785375234, -0.29559329064374096
Time, 0.112, Pos_X, -0.0037369253767280015, Pos_Y, 0.026145971180853652, Pos_Z, 0.009457861632039422, BFx, 1.0, 0.0, 0.0,                             BFy, 0.0, -0.2975543866366955, -0.9547048690528696, BFz, 0.0, 0.9547048690528716, -0.2975543866366957
Time, 0.114, Pos_X, -0.004035981568032002, Pos_Y, 0.02711779415140998, Pos_Z, 0.010000615921494545, BFx, 1.0, 0.0, 0.0,                             BFy, 0.0, -0.30029956946903075, -0.953844939482677, BFz, 0.0, 0.953844939482679, -0.300299569469031
Time, 0.116, Pos_X, -0.004374329425336002, Pos_Y, 0.02809950856734433, Pos_Z, 0.010587348184844395, BFx, 1.0, 0.0, 0.0,                             BFy, 0.0, -0.30361709025721995, -0.9527941343772726, BFz, 0.0, 0.9527941343772744, -0.30361709025722017
Time, 0.118, Pos_X, -0.00475376864064, Pos_Y, 0.029090670570246835, Pos_Z, 0.011219028182661345, BFx, 1.0, 0.0, 0.0,                             BFy, 0.0, -0.3072956111303519, -0.9516141063372383, BFz, 0.0, 0.9516141063372403, -0.30729561113035214
Time, 0.12, Pos_X, -0.005175761339944, Pos_Y, 0.030090818662460127, Pos_Z, 0.011896261598062282, BFx, 1.0, 0.0, 0.0,                             BFy, 0.0, -0.3111456245206677, -0.9503622469046425, BFz, 0.0, 0.9503622469046447, -0.3111456245206679
Time, 0.122, Pos_X, -0.005641404507248001, Pos_Y, 0.031099473656989632, Pos_Z, 0.012619285694333454, BFx, 1.0, 0.0, 0.0,                             BFy, 0.0, -0.3150155016538047, -0.949086525938388, BFz, 0.0, 0.9490865259383903, -0.315015501653805
Time, 0.124, Pos_X, -0.006151409400552001, Pos_Y, 0.03211613880850817, Pos_Z, 0.013387974147262735, BFx, 1.0, 0.0, 0.0,                             BFy, 0.0, -0.31880067073802804, -0.9478217830040522, BFz, 0.0, 0.9478217830040543, -0.3188006707380283
Time, 0.126, Pos_X, -0.006706088757856002, Pos_Y, 0.03314030174023948, Pos_Z, 0.014201849406569636, BFx, 1.0, 0.0, 0.0,                             BFy, 0.0, -0.3224480758689371, -0.9465871530759422, BFz, 0.0, 0.9465871530759444, -0.3224480758689374
Time, 0.128, Pos_X, -0.007305353729160002, Pos_Y, 0.03417143564062134, Pos_Z, 0.01506010213177463, BFx, 1.0, 0.0, 0.0,                             BFy, 0.0, -0.32594858109213737, -0.9453874985867011, BFz, 0.0, 0.9453874985867033, -0.32594858109213765
Time, 0.13, Pos_X, -0.007948720658464003, Pos_Y, 0.03520900066860542, Pos_Z, 0.01596161724363275, BFx, 1.0, 0.0, 0.0,                             BFy, 0.0, -0.32932422292328734, -0.9442169010327925, BFz, 0.0, 0.9442169010327948, -0.32932422292328756
Time, 0.132, Pos_X, -0.008635333703768004, Pos_Y, 0.03625245417382269, Pos_Z, 0.016905009597731047, BFx, 1.0, 0.0, 0.0,                             BFy, 0.0, -0.3326151099850464, -0.9430626642008648, BFz, 0.0, 0.943062664200867, -0.3326151099850467
Time, 0.134, Pos_X, -0.009363993123072005, Pos_Y, 0.03730126434472449, Pos_Z, 0.017888661847426237, BFx, 1.0, 0.0, 0.0,                             BFy, 0.0, -0.33586568824502133, -0.9419098892461507, BFz, 0.0, 0.9419098892461529, -0.33586568824502155
Time, 0.136, Pos_X, -0.010133178278376006, Pos_Y, 0.038354905365370194, Pos_Z, 0.018910749463515484, BFx, 1.0, 0.0, 0.0,                             BFy, 0.0, -0.33911341066967315, -0.9407454994332842, BFz, 0.0, 0.9407454994332863, -0.3391134106696733
Time, 0.138, Pos_X, -0.010941077904680007, Pos_Y, 0.039412833468849724, Pos_Z, 0.019969257701720783, BFx, 1.0, 0.0, 0.0,                             BFy, 0.0, -0.34239108192294737, -0.9395575272539896, BFz, 0.0, 0.9395575272539917, -0.3423910819229476
Time, 0.14, Pos_X, -0.011785628293984008, Pos_Y, 0.0404744729686049, Pos_Z, 0.021062005708668372, BFx, 1.0, 0.0, 0.0,                             BFy, 0.0, -0.3457267322740101, -0.9383352421129311, BFz, 0.0, 0.9383352421129331, -0.34572673227401035
Time, 0.142, Pos_X, -0.012664552409287997, Pos_Y, 0.04153923141374514, Pos_Z, 0.02218668304808244, BFx, 1.0, 0.0, 0.0,                             BFy, 0.0, -0.34914131915346874, -0.9370700823629861, BFz, 0.0, 0.9370700823629878, -0.349141319153469
Time, 0.144, Pos_X, -0.013575401971791997, Pos_Y, 0.04260652966771749, Pos_Z, 0.023340892511879787, BFx, 1.0, 0.0, 0.0,                             BFy, 0.0, -0.35265375311692204, -0.935753883461109, BFz, 0.0, 0.9357538834611109, -0.3526537531169224
Time, 0.146, Pos_X, -0.014515603040495997, Pos_Y, 0.043675827223500885, Pos_Z, 0.02452218972131657, BFx, 1.0, 0.0, 0.0,                             BFy, 0.0, -0.35628825670351166, -0.9343760903058096, BFz, 0.0, 0.9343760903058115, -0.356288256703512
Time, 0.148, Pos_X, -0.015482498794999999, Pos_Y, 0.044746646525900054, Pos_Z, 0.02572811729064893, BFx, 1.0, 0.0, 0.0,                             BFy, 0.0, -0.36007741766546725, -0.9329224261895341, BFz, 0.0, 0.932922426189536, -0.3600774176654676
Time, 0.15, Pos_X, -0.016473388178904, Pos_Y, 0.045818589357295325, Pos_Z, 0.02695622976434609, BFx, 1.0, 0.0, 0.0,                             BFy, 0.0, -0.3640592464775441, -0.9313757915332571, BFz, 0.0, 0.931375791533259, -0.3640592464775444
Time, 0.152, Pos_X, -0.017485578780808003, Pos_Y, 0.04689133290019086, Pos_Z, 0.028204116077766694, BFx, 1.0, 0.0, 0.0,                             BFy, 0.0, -0.3682744374189222, -0.9297171283480664, BFz, 0.0, 0.9297171283480682, -0.36827443741892246
Time, 0.154, Pos_X, -0.018516436757312005, Pos_Y, 0.04796463040278412, Pos_Z, 0.029469422042355583, BFx, 1.0, 0.0, 0.0,                             BFy, 0.0, -0.3727605016970255, -0.927927587893894, BFz, 0.0, 0.9279275878938956, -0.37276050169702585
Time, 0.156, Pos_X, -0.019563422525016007, Pos_Y, 0.04903831944080498, Pos_Z, 0.03074986711426174, BFx, 1.0, 0.0, 0.0,                             BFy, 0.0, -0.3775489591455758, -0.9259896238339232, BFz, 0.0, 0.9259896238339249, -0.3775489591455761
Time, 0.158, Pos_X, -0.020624126975720008, Pos_Y, 0.050112322631419653, Pos_Z, 0.03204326145378978, BFx, 1.0, 0.0, 0.0,                             BFy, 0.0, -0.3826659770178031, -0.9238867625596809, BFz, 0.0, 0.9238867625596826, -0.3826659770178035
Time, 0.16, Pos_X, -0.021696299696224008, Pos_Y, 0.05118664676765129, Pos_Z, 0.033347528336208916, BFx, 1.0, 0.0, 0.0,                             BFy, 0.0, -0.38813035194927353, -0.921604486694662, BFz, 0.0, 0.9216044866946637, -0.3881303519492739
Time, 0.162, Pos_X, -0.02277789009152801, Pos_Y, 0.05226137824657044, Pos_Z, 0.03466074168775668, BFx, 1.0, 0.0, 0.0,                             BFy, 0.0, -0.3939490916824388, -0.919132260973675, BFz, 0.0, 0.9191322609736766, -0.3939490916824392
Time, 0.164, Pos_X, -0.02386708440723201, Pos_Y, 0.053336684548854416, Pos_Z, 0.03598112059419774, BFx, 1.0, 0.0, 0.0,                             BFy, 0.0, -0.40011343014113443, -0.916465625662356, BFz, 0.0, 0.9164656256623576, -0.4001134301411349
Time, 0.166, Pos_X, -0.02496227866753601, Pos_Y, 0.054412821481788165, Pos_Z, 0.037306933826171215, BFx, 1.0, 0.0, 0.0,                             BFy, 0.0, -0.4065963355682301, -0.9136079136601681, BFz, 0.0, 0.9136079136601697, -0.40659633556823066
Time, 0.168, Pos_X, -0.026062089229640012, Pos_Y, 0.0554901310744059, Pos_Z, 0.038636484764221976, BFx, 1.0, 0.0, 0.0,                             BFy, 0.0, -0.4133544150923054, -0.9105702210833032, BFz, 0.0, 0.9105702210833047, -0.413354415092306
Time, 0.17, Pos_X, -0.027165406282744012, Pos_Y, 0.05656901318657844, Pos_Z, 0.0399682027259534, BFx, 1.0, 0.0, 0.0,                             BFy, 0.0, -0.42033166053963367, -0.90737053905667, BFz, 0.0, 0.9073705390566713, -0.4203316605396343
Time, 0.172, Pos_X, -0.028271386264647997, Pos_Y, 0.05764985476781123, Pos_Z, 0.041300698431230166, BFx, 1.0, 0.0, 0.0,                             BFy, 0.0, -0.4274605351944389, -0.9040340097868453, BFz, 0.0, 0.9040340097868467, -0.4274605351944395
Time, 0.174, Pos_X, -0.029379448311831997, Pos_Y, 0.058732958623818596, Pos_Z, 0.0426327951697675, BFx, 1.0, 0.0, 0.0,                             BFy, 0.0, -0.4346617853607641, -0.9005937665490426, BFz, 0.0, 0.9005937665490439, -0.43466178536076466
Time, 0.176, Pos_X, -0.030489290002015997, Pos_Y, 0.059818536510418026, Pos_Z, 0.043963540898404645, BFx, 1.0, 0.0, 0.0,                             BFy, 0.0, -0.44184585886808253, -0.897090985910083, BFz, 0.0, 0.8970909859100843, -0.44184585886808314
Time, 0.178, Pos_X, -0.03160087750206, Pos_Y, 0.06090676788522405, Pos_Z, 0.04529218228660497, BFx, 1.0, 0.0, 0.0,                             BFy, 0.0, -0.4489159780629647, -0.8935739726736506, BFz, 0.0, 0.8935739726736517, -0.44891597806296535
Time, 0.18, Pos_X, -0.032714419211903996, Pos_Y, 0.061997863584175215, Pos_Z, 0.046618115263616984, BFx, 1.0, 0.0, 0.0,                             BFy, 0.0, -0.4557729124191642, -0.8900960916131195, BFz, 0.0, 0.8900960916131206, -0.4557729124191648
Time, 0.182, Pos_X, -0.033830350410688, Pos_Y, 0.06309207260214045, Pos_Z, 0.047940831751426924, BFx, 1.0, 0.0, 0.0,                             BFy, 0.0, -0.4623216151754517, -0.8867123119375077, BFz, 0.0, 0.8867123119375085, -0.46232161517545234
Time, 0.184, Pos_X, -0.034949328099072, Pos_Y, 0.06418963339036175, Pos_Z, 0.049259872694381486, BFx, 1.0, 0.0, 0.0,                             BFy, 0.0, -0.46847831622765557, -0.8834749952457621, BFz, 0.0, 0.8834749952457629, -0.46847831622765623
Time, 0.186, Pos_X, -0.036072211108976, Pos_Y, 0.06529072469865602, Pos_Z, 0.05057479695629698, BFx, 1.0, 0.0, 0.0,                             BFy, 0.0, -0.47417695816271105, -0.8804295612640213, BFz, 0.0, 0.880429561264022, -0.4741769581627117
Time, 0.188, Pos_X, -0.03720002548668, Pos_Y, 0.06639544159382395, Pos_Z, 0.05188517570076367, BFx, 1.0, 0.0, 0.0,                             BFy, 0.0, -0.47937427453888354, -0.8776105656327967, BFz, 0.0, 0.8776105656327975, -0.47937427453888415
Time, 0.19, Pos_X, -0.038333931968584, Pos_Y, 0.06750378548794558, Pos_Z, 0.05319060549615552, BFx, 1.0, 0.0, 0.0,                             BFy, 0.0, -0.48405290286334096, -0.8750387347023966, BFz, 0.0, 0.8750387347023973, -0.48405290286334157
Time, 0.192, Pos_X, -0.039475195324688, Pos_Y, 0.06861566786696002, Pos_Z, 0.05449072512495037, BFx, 1.0, 0.0, 0.0,                             BFy, 0.0, -0.4882218341350901, -0.8727195658822865, BFz, 0.0, 0.8727195658822872, -0.4882218341350907
Time, 0.194, Pos_X, -0.040625152153592005, Pos_Y, 0.06973093271288669, Pos_Z, 0.055785223746240585, BFx, 1.0, 0.0, 0.0,                             BFy, 0.0, -0.49191419029573946, -0.8706436868120536, BFz, 0.0, 0.8706436868120543, -0.49191419029573996
Time, 0.196, Pos_X, -0.04178518100329601, Pos_Y, 0.070849385064637, Pos_Z, 0.057073834438949936, BFx, 1.0, 0.0, 0.0,                             BFy, 0.0, -0.49518174078563526, -0.868789412684401, BFz, 0.0, 0.8687894126844017, -0.49518174078563576
Time, 0.198, Pos_X, -0.04295667732060001, Pos_Y, 0.07197081352022273, Pos_Z, 0.058356321183320625, BFx, 1.0, 0.0, 0.0,                             BFy, 0.0, -0.49808698755546454, -0.8671270684437897, BFz, 0.0, 0.8671270684437905, -0.49808698755546515
Time, 0.2, Pos_X, -0.04414103054850401, Pos_Y, 0.07309500658584099, Pos_Z, 0.059632469967870694, BFx, 1.0, 0.0, 0.0,                             BFy, 0.0, -0.500695196963667, -0.8656236594141319, BFz, 0.0, 0.8656236594141326, -0.5006951969636676
Time, 0.202, Pos_X, -0.045339602702208014, Pos_Y, 0.07422176634533233, Pos_Z, 0.06090208677457905, BFx, 1.0, 0.0, 0.0,                             BFy, 0.0, -0.5030678129914403, -0.8642469412916703, BFz, 0.0, 0.864246941291671, -0.5030678129914407
Time, 0.204, Pos_X, -0.046553710767911996, Pos_Y, 0.07535091995154257, Pos_Z, 0.06216499953352728, BFx, 1.0, 0.0, 0.0,                             BFy, 0.0, -0.5052585143648822, -0.8629680374508611, BFz, 0.0, 0.8629680374508618, -0.5052585143648827
Time, 0.206, Pos_X, -0.047784613842215995, Pos_Y, 0.07648232708349563, Pos_Z, 0.06342106034448003, BFx, 1.0, 0.0, 0.0,                             BFy, 0.0, -0.5073110401564781, -0.8617630234207958, BFz, 0.0, 0.8617630234207966, -0.5073110401564787
Time, 0.208, Pos_X, -0.04903350231672, Pos_Y, 0.0776158855023603, Pos_Z, 0.06467014675140913, BFx, 1.0, 0.0, 0.0,                             BFy, 0.0, -0.50925824176352, -0.8606137595901702, BFz, 0.0, 0.8606137595901708, -0.5092582417635205
Time, 0.21, Pos_X, -0.050301486564024, Pos_Y, 0.07875153775342221, Pos_Z, 0.06591216392013383, BFx, 1.0, 0.0, 0.0,                             BFy, 0.0, -0.5111230771442861, -0.8595075334228054, BFz, 0.0, 0.8595075334228063, -0.5111230771442867
Time, 0.212, Pos_X, -0.051589585987328004, Pos_Y, 0.07988927867841052, Pos_Z, 0.06714704937050756, BFx, 1.0, 0.0, 0.0,                             BFy, 0.0, -0.5129213483544771, -0.8584356064389594, BFz, 0.0, 0.8584356064389603, -0.5129213483544778
Time, 0.214, Pos_X, -0.05289872006603201, Pos_Y, 0.08102916052160758, Pos_Z, 0.06837477785202457, BFx, 1.0, 0.0, 0.0,                             BFy, 0.0, -0.5146649518393788, -0.8573913851609244, BFz, 0.0, 0.8573913851609253, -0.5146649518393795
Time, 0.216, Pos_X, -0.05422970227213601, Pos_Y, 0.08217129132832802, Pos_Z, 0.06959536273265765, BFx, 1.0, 0.0, 0.0,                             BFy, 0.0, -0.5163640745153496, -0.8563691625402594, BFz, 0.0, 0.8563691625402601, -0.5163640745153505
Time, 0.218, Pos_X, -0.055583238442840015, Pos_Y, 0.08331582768954429, Pos_Z, 0.07080885564375833, BFx, 1.0, 0.0, 0.0,                             BFy, 0.0, -0.5180277047658534, -0.8553638390153168, BFz, 0.0, 0.8553638390153174, -0.5180277047658542
Time, 0.22, Pos_X, -0.05695992892414402, Pos_Y, 0.0844629659849566, Pos_Z, 0.07201534654537084, BFx, 1.0, 0.0, 0.0,                             BFy, 0.0, -0.5196634575144929, -0.8543710499098632, BFz, 0.0, 0.8543710499098639, -0.5196634575144939
Time, 0.222, Pos_X, -0.05836027225344802, Pos_Y, 0.08561293666936329, Pos_Z, 0.07321496469760719, BFx, 1.0, 0.0, 0.0,                             BFy, 0.0, -0.521275459687778, -0.8533884784359905, BFz, 0.0, 0.8533884784359914, -0.521275459687779
Time, 0.224, Pos_X, -0.05978467051075202, Pos_Y, 0.08676600294704503, Pos_Z, 0.07440788100303171, BFx, 1.0, 0.0, 0.0,                             BFy, 0.0, -0.5228631403117576, -0.8524166449004421, BFz, 0.0, 0.8524166449004431, -0.5228631403117586
Time, 0.226, Pos_X, -0.06123343607745602, Pos_Y, 0.0879224587980116, Pos_Z, 0.07559430818307601, BFx, 1.0, 0.0, 0.0,                             BFy, 0.0, -0.5244231280889307, -0.8514577985581082, BFz, 0.0, 0.8514577985581092, -0.5244231280889317
Time, 0.228, Pos_X, -0.06270680117956003, Pos_Y, 0.08908262302386942, Pos_Z, 0.07677449722208578, BFx, 1.0, 0.0, 0.0,                             BFy, 0.0, -0.5259509874654552, -0.8505148786377058, BFz, 0.0, 0.8505148786377068, -0.5259509874654562
Time, 0.23, Pos_X, -0.06420492962166403, Pos_Y, 0.09024682882690764, Pos_Z, 0.07794873135818628, BFx, 1.0, 0.0, 0.0,                             BFy, 0.0, -0.5274412670249156, -0.8495914958608937, BFz, 0.0, 0.8495914958608947, -0.5274412670249166
Time, 0.232, Pos_X, -0.06572792848096803, Pos_Y, 0.0914154124045982, Pos_Z, 0.07911731926690894, BFx, 1.0, 0.0, 0.0,                             BFy, 0.0, -0.5288875891545746, -0.8486918863982741, BFz, 0.0, 0.8486918863982751, -0.5288875891545755
Time, 0.234, Pos_X, -0.06727585989347204, Pos_Y, 0.09258870342170294, Pos_Z, 0.08028058854066901, BFx, 1.0, 0.0, 0.0,                             BFy, 0.0, -0.5302829743084146, -0.8478207164009501, BFz, 0.0, 0.8478207164009511, -0.5302829743084154
Time, 0.236, Pos_X, -0.06884875196097602, Pos_Y, 0.09376701660911166, Pos_Z, 0.08143887856043054, BFx, 1.0, 0.0, 0.0,                             BFy, 0.0, -0.5316200145394537, -0.8469829751187861, BFz, 0.0, 0.8469829751187871, -0.5316200145394545
Time, 0.238, Pos_X, -0.07044660829048002, Pos_Y, 0.09495064343180978, Pos_Z, 0.08259253218272826, BFx, 1.0, 0.0, 0.0,                             BFy, 0.0, -0.5328916361140569, -0.846183493197358, BFz, 0.0, 0.846183493197359, -0.5328916361140573
Time, 0.24, Pos_X, -0.07206941666898402, Pos_Y, 0.09613984294266804, Pos_Z, 0.08374188562992287, BFx, 1.0, 0.0, 0.0,                             BFy, 0.0, -0.5340922201120529, -0.8454262241117066, BFz, 0.0, 0.8454262241117075, -0.5340922201120534
Time, 0.242, Pos_X, -0.07371715187748802, Pos_Y, 0.09733483122388656, Pos_Z, 0.08488725315503877, BFx, 1.0, 0.0, 0.0,                             BFy, 0.0, -0.5352181647506038, -0.8447138664192713, BFz, 0.0, 0.8447138664192722, -0.5352181647506044
Time, 0.244, Pos_X, -0.07538978215199202, Pos_Y, 0.09853577514078263, Pos_Z, 0.08602891748195439, BFx, 1.0, 0.0, 0.0,                             BFy, 0.0, -0.5362682826750674, -0.8440475869266689, BFz, 0.0, 0.8440475869266698, -0.5362682826750681
Time, 0.246, Pos_X, -0.07708728483849601, Pos_Y, 0.09974280225762666, Pos_Z, 0.0871671392659354, BFx, 1.0, 0.0, 0.0,                             BFy, 0.0, -0.5372438897184285, -0.8434269399066001, BFz, 0.0, 0.843426939906601, -0.5372438897184292
Time, 0.248, Pos_X, -0.07880965535020001, Pos_Y, 0.10095602136073528, Pos_Z, 0.08830217070599025, BFx, 1.0, 0.0, 0.0,                             BFy, 0.0, -0.5381483571255065, -0.8428501324216051, BFz, 0.0, 0.8428501324216059, -0.5381483571255071
Time, 0.25, Pos_X, -0.08055691086910402, Pos_Y, 0.10217552693686345, Pos_Z, 0.08943425318227453, BFx, 1.0, 0.0, 0.0,                             BFy, 0.0, -0.5389865610482155, -0.8423143635302782, BFz, 0.0, 0.842314363530279, -0.5389865610482161
Time, 0.252, Pos_X, -0.08232909456500802, Pos_Y, 0.10340137918035656, Pos_Z, 0.09056359686495759, BFx, 1.0, 0.0, 0.0,                             BFy, 0.0, -0.5397640502876583, -0.8418163517163714, BFz, 0.0, 0.8418163517163721, -0.5397640502876588
Time, 0.254, Pos_X, -0.08412627656511203, Pos_Y, 0.10463358107032898, Pos_Z, 0.09169035682000476, BFx, 1.0, 0.0, 0.0,                             BFy, 0.0, -0.5404863619123735, -0.841352775348561, BFz, 0.0, 0.8413527753485618, -0.5404863619123741
Time, 0.256, Pos_X, -0.08594855212441603, Pos_Y, 0.10587206814015335, Pos_Z, 0.09281461979004445, BFx, 1.0, 0.0, 0.0,                             BFy, 0.0, -0.5411583129941345, -0.8409207336469602, BFz, 0.0, 0.8409207336469608, -0.5411583129941351
Time, 0.258, Pos_X, -0.08779603845252003, Pos_Y, 0.10711670854508987, Pos_Z, 0.09393640224274014, BFx, 1.0, 0.0, 0.0,                             BFy, 0.0, -0.5417838352684371, -0.8405178617030233, BFz, 0.0, 0.840517861703024, -0.5417838352684377
Time, 0.26, Pos_X, -0.08966887070942403, Pos_Y, 0.1083673082698031, Pos_Z, 0.09505565383621185, BFx, 1.0, 0.0, 0.0,                             BFy, 0.0, -0.542366535780302, -0.8401419766120926, BFz, 0.0, 0.8401419766120931, -0.5423665357803026
Time, 0.262, Pos_X, -0.09156719789712803, Pos_Y, 0.10962361711944407, Pos_Z, 0.09617226227117573, BFx, 1.0, 0.0, 0.0,                             BFy, 0.0, -0.5429104303191957, -0.8397906076222962, BFz, 0.0, 0.8397906076222965, -0.5429104303191963
Time, 0.264, Pos_X, -0.09349117788063203, Pos_Y, 0.11088533291932902, Pos_Z, 0.09728605631821301, BFx, 1.0, 0.0, 0.0,                             BFy, 0.0, -0.5434199149329486, -0.8394610152081311, BFz, 0.0, 0.8394610152081314, -0.5434199149329494
Time, 0.266, Pos_X, -0.09544097108993603, Pos_Y, 0.11215210424656374, Pos_Z, 0.09839680528639866, BFx, 1.0, 0.0, 0.0,                             BFy, 0.0, -0.5438991879030972, -0.8391505665840608, BFz, 0.0, 0.8391505665840613, -0.543899187903098
Time, 0.268, Pos_X, -0.09741673502144003, Pos_Y, 0.1134235316730079, Pos_Z, 0.09950421689379252, BFx, 1.0, 0.0, 0.0,                             BFy, 0.0, -0.5443521568740917, -0.8388567990464899, BFz, 0.0, 0.8388567990464904, -0.5443521568740924
Time, 0.27, Pos_X, -0.09941862018774404, Pos_Y, 0.11469916767593552, Pos_Z, 0.1006079362071287, BFx, 1.0, 0.0, 0.0,                             BFy, 0.0, -0.5447824238717592, -0.838577432703987, BFz, 0.0, 0.8385774327039875, -0.54478242387176
Time, 0.272, Pos_X, -0.10144676544664805, Pos_Y, 0.11597851600438125, Pos_Z, 0.10170754594524058, BFx, 1.0, 0.0, 0.0,                             BFy, 0.0, -0.5451933372633005, -0.8383103393157597, BFz, 0.0, 0.8383103393157603, -0.5451933372633013
Time, 0.274, Pos_X, -0.10350129144675205, Pos_Y, 0.11726103272374117, Pos_Z, 0.10280256754684604, BFx, 1.0, 0.0, 0.0,                             BFy, 0.0, -0.5455878364178413, -0.8380536455101772, BFz, 0.0, 0.8380536455101778, -0.5455878364178419
Time, 0.276, Pos_X, -0.10558229486205604, Pos_Y, 0.11854613013596162, Pos_Z, 0.103892465653048, BFx, 1.0, 0.0, 0.0,                             BFy, 0.0, -0.5459683962451402, -0.8378057712271435, BFz, 0.0, 0.837805771227144, -0.5459683962451409
Time, 0.278, Pos_X, -0.10768984805256004, Pos_Y, 0.11983318003952609, Pos_Z, 0.10497665542805633, BFx, 1.0, 0.0, 0.0,                             BFy, 0.0, -0.5463368964444747, -0.8375655171886068, BFz, 0.0, 0.8375655171886073, -0.5463368964444755
Time, 0.28, Pos_X, -0.10982399874106405, Pos_Y, 0.12112151316140506, Pos_Z, 0.10605450795854271, BFx, 1.0, 0.0, 0.0,                             BFy, 0.0, -0.5466944529062713, -0.837332177311676, BFz, 0.0, 0.8373321773116764, -0.546694452906272
Time, 0.282, Pos_X, -0.11198476724956799, Pos_Y, 0.12241041844311769, Pos_Z, 0.10712535124795337, BFx, 1.0, 0.0, 0.0,                             BFy, 0.0, -0.5470412022260308, -0.837105682137625, BFz, 0.0, 0.8371056821376253, -0.5470412022260316
Time, 0.284, Pos_X, -0.11417214603267199, Pos_Y, 0.123699144597747, Pos_Z, 0.10818847027321182, BFx, 1.0, 0.0, 0.0,                             BFy, 0.0, -0.5473762625550382, -0.8368866274420196, BFz, 0.0, 0.8368866274420197, -0.547376262555039
Time, 0.286, Pos_X, -0.116386099906376, Pos_Y, 0.12498690194649073, Pos_Z, 0.10924311068914525, BFx, 1.0, 0.0, 0.0,                             BFy, 0.0, -0.5476976663736438, -0.8366763210757576, BFz, 0.0, 0.8366763210757576, -0.5476976663736446
Time, 0.288, Pos_X, -0.11862656660408, Pos_Y, 0.1262728660340255, Pos_Z, 0.11028848613854499, BFx, 1.0, 0.0, 0.0,                             BFy, 0.0, -0.5480023734315123, -0.836476777151302, BFz, 0.0, 0.836476777151302, -0.548002373431513
Time, 0.29, Pos_X, -0.120893457299784, Pos_Y, 0.12755618361209048, Pos_Z, 0.11132378669146109, BFx, 1.0, 0.0, 0.0,                             BFy, 0.0, -0.5482863401950094, -0.8362906726465159, BFz, 0.0, 0.8362906726465159, -0.5482863401950102
Time, 0.292, Pos_X, -0.123186657563488, Pos_Y, 0.12883597774773203, Pos_Z, 0.11234818661725784, BFx, 1.0, 0.0, 0.0,                             BFy, 0.0, -0.5485444865637936, -0.836121370532092, BFz, 0.0, 0.836121370532092, -0.5485444865637944
Time, 0.294, Pos_X, -0.125506030433792, Pos_Y, 0.130111351111647, Pos_Z, 0.11336085128800578, BFx, 1.0, 0.0, 0.0,                             BFy, 0.0, -0.5487709064061435, -0.8359727820223454, BFz, 0.0, 0.8359727820223454, -0.5487709064061442
Time, 0.296, Pos_X, -0.12785142168129598, Pos_Y, 0.13138138917512154, Pos_Z, 0.11436094473649858, BFx, 1.0, 0.0, 0.0,                             BFy, 0.0, -0.5489591380813393, -0.8358491877826965, BFz, 0.0, 0.8358491877826965, -0.5489591380813401
Time, 0.298, Pos_X, -0.1302226657534, Pos_Y, 0.13264516417524685, Pos_Z, 0.11534763696157468, BFx, 1.0, 0.0, 0.0,                             BFy, 0.0, -0.5491023740148847, -0.8357550974126439, BFz, 0.0, 0.8357550974126436, -0.5491023740148855
Time, 0.3, Pos_X, -0.132619591054504, Pos_Y, 0.13390174019390852, Pos_Z, 0.11632010979958395, BFx, 1.0, 0.0, 0.0,                             BFy, 0.0, -0.5491937049194594, -0.8356950846312534, BFz, 0.0, 0.835695084631253, -0.5491937049194603
Time, 0.302, Pos_X, -0.135042025890608, Pos_Y, 0.13515017901987897, Pos_Z, 0.11727756253852914, BFx, 1.0, 0.0, 0.0,                             BFy, 0.0, -0.5492266189226964, -0.8356734536089699, BFz, 0.0, 0.8356734536089696, -0.5492266189226973
Time, 0.304, Pos_X, -0.137489804091712, Pos_Y, 0.13638954701922168, Pos_Z, 0.11821921716932161, BFx, 1.0, 0.0, 0.0,                             BFy, 0.0, -0.5491952409876043, -0.8356940751713913, BFz, 0.0, 0.835694075171391, -0.5491952409876052
Time, 0.306, Pos_X, -0.139962768917816, Pos_Y, 0.13761892259459366, Pos_Z, 0.11914432350521768, BFx, 1.0, 0.0, 0.0,                             BFy, 0.0, -0.5490946781895112, -0.8357601536230096, BFz, 0.0, 0.8357601536230096, -0.5490946781895122
Time, 0.308, Pos_X, -0.14246077451992, Pos_Y, 0.13883740234588937, Pos_Z, 0.12005216332644164, BFx, 1.0, 0.0, 0.0,                             BFy, 0.0, -0.5489211912627661, -0.8358741088122453, BFz, 0.0, 0.8358741088122454, -0.5489211912627671
Time, 0.31, Pos_X, -0.144983688848024, Pos_Y, 0.14004410618836916, Pos_Z, 0.12094205672418207, BFx, 1.0, 0.0, 0.0,                             BFy, 0.0, -0.5486723766382734, -0.8360374531766553, BFz, 0.0, 0.8360374531766556, -0.5486723766382744
Time, 0.312, Pos_X, -0.147531399270928, Pos_Y, 0.14123818189762918, Pos_Z, 0.12181337141430988, BFx, 1.0, 0.0, 0.0,                             BFy, 0.0, -0.5483471271178494, -0.836250816550633, BFz, 0.0, 0.8362508165506333, -0.5483471271178503
Time, 0.314, Pos_X, -0.150103815391832, Pos_Y, 0.14241881048667202, Pos_Z, 0.12266553073927967, BFx, 1.0, 0.0, 0.0,                             BFy, 0.0, -0.5479455445190633, -0.8365140048090686, BFz, 0.0, 0.8365140048090687, -0.5479455445190643
Time, 0.316, Pos_X, -0.152700868244936, Pos_Y, 0.14358521480519643, Pos_Z, 0.1234980193630378, BFx, 1.0, 0.0, 0.0,                             BFy, 0.0, -0.5474690263000904, -0.8368259468025773, BFz, 0.0, 0.8368259468025774, -0.5474690263000914
Time, 0.318, Pos_X, -0.15532251026304, Pos_Y, 0.14473666927159906, Pos_Z, 0.12431038742069189, BFx, 1.0, 0.0, 0.0,                             BFy, 0.0, -0.5469200089551304, -0.837184868356159, BFz, 0.0, 0.8371848683561591, -0.5469200089551314
