Time, 0, Pos_X, 0.0, Pos_Y, 0.0, Pos_Z, 0.0, BFx, 1, 0, 0,                         BFy, 0, -1, 0, BFz, 0, 0, -1
Time, 0.0, Pos_X, 0.0, Pos_Y, 0.0, Pos_Z, 0.0, BFx, 1.0, 0.0, 0.0,                             BFy, 0.0, -1.0, 0.0, BFz, 0.0, 0.0, -1.0
Time, 0.002, Pos_X, 1.2575289999999998e-06, Pos_Y, 7.264837608890058e-07, Pos_Z, 2.1124244641530984e-06, BFx, 1.0, 0.0, 0.0,                             BFy, 0.0, -0.9999935804820527, 0.0035831542926058817, BFz, 0.0, -0.0035831542926058817, -0.9999935804820528
Time, 0.004, Pos_X, 4.992735599999999e-06, Pos_Y, 2.918854863153664e-06, Pos_Z, 8.363069957882955e-06, BFx, 1.0, 0.0, 0.0,                             BFy, 0.0, -0.9999747971392637, 0.0070996539555354095, BFz, 0.0, -0.00709965395553541, -0.9999747971392641
Time, 0.006, Pos_X, 1.1128150119999997e-05, Pos_Y, 6.603718848205004e-06, Pos_Z, 1.8574377283396658e-05, BFx, 1.0, 0.0, 0.0,                             BFy, 0.0, -0.9999444195584107, 0.010543139664871167, BFz, 0.0, -0.010543139664871169, -0.9999444195584112
Time, 0.008, Pos_X, 1.9580787239999998e-05, Pos_Y, 1.1809172795981174e-05, Pos_Z, 3.2559893814491785e-05, BFx, 1.0, 0.0, 0.0,                             BFy, 0.0, -0.9999032903670257, 0.013907189262933441, BFz, 0.0, -0.013907189262933444, -0.9999032903670262
Time, 0.01, Pos_X, 3.0261963239999997e-05, Pos_Y, 1.8564859113362516e-05, Pos_Z, 5.012471996890484e-05, BFx, 1.0, 0.0, 0.0,                             BFy, 0.0, -0.9998523165418818, 0.01718560752003736, BFz, 0.0, -0.017185607520037362, -0.9998523165418822
Time, 0.012, Pos_X, 4.307728004e-05, Pos_Y, 2.69016137870222e-05, Pos_Z, 7.10679077320485e-05, BFx, 1.0, 0.0, 0.0,                             BFy, 0.0, -0.9997924518063616, 0.02037285721307347, BFz, 0.0, -0.020372857213073477, -0.9997924518063621
Time, 0.014, Pos_X, 5.792678988e-05, Pos_Y, 3.685085019174184e-05, Pos_Z, 9.518344063750511e-05, BFx, 1.0, 0.0, 0.0,                             BFy, 0.0, -0.9997246737752441, 0.023464369690703535, BFz, 0.0, -0.023464369690703545, -0.9997246737752447
Time, 0.016, Pos_X, 7.470443064e-05, Pos_Y, 4.844421976905002e-05, Pos_Z, 0.00012225721778641167, BFx, 1.0, 0.0, 0.0,                             BFy, 0.0, -0.999649956587497, 0.026456838333708124, BFz, 0.0, -0.026456838333708134, -0.9996499565874974
Time, 0.018, Pos_X, 9.329739271999999e-05, Pos_Y, 6.171377234848542e-05, Pos_Z, 0.00015206517498123897, BFx, 1.0, 0.0, 0.0,                             BFy, 0.0, -0.9995692392448633, 0.029348525609413288, BFz, 0.0, -0.0293485256094133, -0.9995692392448636
Time, 0.02, Pos_X, 0.00011358645384000001, Pos_Y, 7.669231627227424e-05, Pos_Z, 0.00018437571721279875, BFx, 1.0, 0.0, 0.0,                             BFy, 0.0, -0.9994833952080817, 0.03213942599560227, BFz, 0.0, -0.03213942599560228, -0.999483395208082
Time, 0.022, Pos_X, 0.00013544645687999998, Pos_Y, 9.341292014218442e-05, Pos_Z, 0.00021895406692865036, BFx, 1.0, 0.0, 0.0,                             BFy, 0.0, -0.9993932013100528, 0.03483143946559655, BFz, 0.0, -0.03483143946559656, -0.9993932013100533
Time, 0.024, Pos_X, 0.00015874653664, Pos_Y, 0.00011190795946677202, Pos_Z, 0.00025556702182655895, BFx, 1.0, 0.0, 0.0,                             BFy, 0.0, -0.9992993138714973, 0.03742834882753708, BFz, 0.0, -0.03742834882753709, -0.9992993138714977
Time, 0.026, Pos_X, 0.00018335088607999997, Pos_Y, 0.000132208319420642, Pos_Z, 0.00029398780265452114, BFx, 1.0, 0.0, 0.0,                             BFy, 0.0, -0.9992022518032911, 0.039935698206409444, BFz, 0.0, -0.03993569820640946, -0.9992022518032916
Time, 0.028, Pos_X, 0.00020911979034, Pos_Y, 0.000154342210721134, Pos_Z, 0.00033400000445287333, BFx, 1.0, 0.0, 0.0,                             BFy, 0.0, -0.9991024996374236, 0.042357941619647003, BFz, 0.0, -0.042357941619647024, -0.9991024996374239
Time, 0.03, Pos_X, 0.00023591040154, Pos_Y, 0.00017833375688304623, Pos_Z, 0.000375400481721393, BFx, 1.0, 0.0, 0.0,                             BFy, 0.0, -0.9990002111196542, 0.04470546032519314, BFz, 0.0, -0.04470546032519316, -0.9990002111196548
Time, 0.032, Pos_X, 0.00026357763456, Pos_Y, 0.00020420181946588812, Pos_Z, 0.00041800196811443615, BFx, 1.0, 0.0, 0.0,                             BFy, 0.0, -0.9988953615283791, 0.04698996400392156, BFz, 0.0, -0.04698996400392158, -0.9988953615283797
Time, 0.034, Pos_X, 0.00029197510616000004, Pos_Y, 0.00023195868678787764, Pos_Z, 0.0004616365049015891, BFx, 1.0, 0.0, 0.0,                             BFy, 0.0, -0.998787734592745, 0.049224599816491306, BFz, 0.0, -0.049224599816491334, -0.9987877345927453
Time, 0.036, Pos_X, 0.00032095610204, Pos_Y, 0.00026160875132341476, Pos_Z, 0.0005061594276452809, BFx, 1.0, 0.0, 0.0,                             BFy, 0.0, -0.9986769107051868, 0.051424002414683055, BFz, 0.0, -0.05142400241468309, -0.9986769107051872
Time, 0.038, Pos_X, 0.00035037456024000004, Pos_Y, 0.00029314742186702125, Pos_Z, 0.0005514531488771318, BFx, 1.0, 0.0, 0.0,                             BFy, 0.0, -0.9985622612313162, 0.05360420174390595, BFz, 0.0, -0.05360420174390598, -0.9985622612313165
Time, 0.04, Pos_X, 0.00038008576521600005, Pos_Y, 0.00032656019198390066, Pos_Z, 0.000597430715859537, BFx, 1.0, 0.0, 0.0,                             BFy, 0.0, -0.9984429684776842, 0.055782064299116266, BFz, 0.0, -0.0557820642991163, -0.9984429684776844
Time, 0.042, Pos_X, 0.00040994746598800006, Pos_Y, 0.0003618218663524019, Pos_Z, 0.0006440386384995986, BFx, 1.0, 0.0, 0.0,                             BFy, 0.0, -0.9983180473718176, 0.05797479013952638, BFz, 0.0, -0.057974790139526416, -0.998318047371818
Time, 0.044, Pos_X, 0.00043982114782799997, Pos_Y, 0.0003988959857749733, Pos_Z, 0.0006912592714327927, BFx, 1.0, 0.0, 0.0,                             BFy, 0.0, -0.9981864060606453, 0.06019882686343258, BFz, 0.0, -0.06019882686343262, -0.9981864060606457
Time, 0.046, Pos_X, 0.000469573003942, Pos_Y, 0.0004377345973772662, Pos_Z, 0.0007391121703167127, BFx, 1.0, 0.0, 0.0,                             BFy, 0.0, -0.9980469126438619, 0.062468873545603716, BFz, 0.0, -0.06246887354560376, -0.9980469126438622
Time, 0.048, Pos_X, 0.000499075407942, Pos_Y, 0.00047827811939689743, Pos_Z, 0.0007876543663979034, BFx, 1.0, 0.0, 0.0,                             BFy, 0.0, -0.9978984533071653, 0.06479719814288352, BFz, 0.0, -0.06479719814288354, -0.9978984533071656
Time, 0.05, Pos_X, 0.0005282084012820001, Pos_Y, 0.0005204553527476587, Pos_Z, 0.0008369797333620949, BFx, 1.0, 0.0, 0.0,                             BFy, 0.0, -0.9977400041489468, 0.06719288742761478, BFz, 0.0, -0.0671928874276148, -0.9977400041489473
Time, 0.052, Pos_X, 0.000556861082602, Pos_Y, 0.0005641838871534024, Pos_Z, 0.0008872174746261205, BFx, 1.0, 0.0, 0.0,                             BFy, 0.0, -0.9975706904928845, 0.06966144894811213, BFz, 0.0, -0.06966144894811216, -0.997570690492885
Time, 0.054, Pos_X, 0.000584933007962, Pos_Y, 0.0006093706289977626, Pos_Z, 0.0009385300199381283, BFx, 1.0, 0.0, 0.0,                             BFy, 0.0, -0.997389828229745, 0.07220478200119775, BFz, 0.0, -0.07220478200119776, -0.9973898282297454
Time, 0.056, Pos_X, 0.000612333985642, Pos_Y, 0.0006559133188993378, Pos_Z, 0.0009911085294300286, BFx, 1.0, 0.0, 0.0,                             BFy, 0.0, -0.9971969648884821, 0.07482120833827909, BFz, 0.0, -0.07482120833827909, -0.9971969648884825
Time, 0.058, Pos_X, 0.000638985811142, Pos_Y, 0.0007037013405958802, Pos_Z, 0.0010451709337278997, BFx, 1.0, 0.0, 0.0,                             BFy, 0.0, -0.9969919156649582, 0.0775056133368273, BFz, 0.0, -0.0775056133368273, -0.9969919156649586
Time, 0.06, Pos_X, 0.000664825304262, Pos_Y, 0.0007526161868570185, Pos_Z, 0.0011009616325575987, BFx, 1.0, 0.0, 0.0,                             BFy, 0.0, -0.9967747679178737, 0.08024999714809973, BFz, 0.0, -0.08024999714809973, -0.9967747679178741
Time, 0.062, Pos_X, 0.000689805511262, Pos_Y, 0.0008025328780770686, Pos_Z, 0.0011587481666727336, BFx, 1.0, 0.0, 0.0,                             BFy, 0.0, -0.9965458713227044, 0.0830441229086847, BFz, 0.0, -0.0830441229086847, -0.9965458713227049
Time, 0.064, Pos_X, 0.000713896303902, Pos_Y, 0.0008533209260237937, Pos_Z, 0.0012188174314853731, BFx, 1.0, 0.0, 0.0,                             BFy, 0.0, -0.9963058204032691, 0.0858761447118447, BFz, 0.0, -0.08587614471184471, -0.9963058204032695
Time, 0.066, Pos_X, 0.000737084712962, Pos_Y, 0.0009048450151173847, Pos_Z, 0.0012814715150371635, BFx, 1.0, 0.0, 0.0,                             BFy, 0.0, -0.9960554121698242, 0.08873339781165838, BFz, 0.0, -0.08873339781165841, -0.9960554121698247
Time, 0.068, Pos_X, 0.000759375091422, Pos_Y, 0.0009569658678620374, Pos_Z, 0.0013470237529126586, BFx, 1.0, 0.0, 0.0,                             BFy, 0.0, -0.9957955860333341, 0.09160322503345199, BFz, 0.0, -0.09160322503345202, -0.9957955860333346
Time, 0.07, Pos_X, 0.000780788726982, Pos_Y, 0.00100954074001375, Pos_Z, 0.0014157956101538455, BFx, 1.0, 0.0, 0.0,                             BFy, 0.0, -0.9955273702510868, 0.09447356816039022, BFz, 0.0, -0.09447356816039024, -0.9955273702510874
Time, 0.072, Pos_X, 0.0008013634102019999, Pos_Y, 0.0010624237428183555, Pos_Z, 0.0014881127215937106, BFx, 1.0, 0.0, 0.0,                             BFy, 0.0, -0.9952518518780897, 0.09733319748797689, BFz, 0.0, -0.09733319748797689, -0.9952518518780902
Time, 0.074, Pos_X, 0.0008211521428219999, Pos_Y, 0.0011154666444238262, Pos_Z, 0.001564300018827066, BFx, 1.0, 0.0, 0.0,                             BFy, 0.0, -0.9949701608617041, 0.1001717474881777, BFz, 0.0, -0.1001717474881777, -0.9949701608617044
Time, 0.076, Pos_X, 0.0008402210517619999, Pos_Y, 0.001168519660415567, Pos_Z, 0.0016446778168353756, BFx, 1.0, 0.0, 0.0,                             BFy, 0.0, -0.9946834899361441, 0.10297939040630198, BFz, 0.0, -0.10297939040630197, -0.9946834899361443
Time, 0.078, Pos_X, 0.0008586477419019999, Pos_Y, 0.0012214327650448024, Pos_Z, 0.0017295581146748943, BFx, 1.0, 0.0, 0.0,                             BFy, 0.0, -0.9943931134585421, 0.10574656451264985, BFz, 0.0, -0.10574656451264985, -0.9943931134585423
Time, 0.08, Pos_X, 0.000876519025202, Pos_Y, 0.001274056765764402, Pos_Z, 0.001819240085303133, BFx, 1.0, 0.0, 0.0,                             BFy, 0.0, -0.9941004210466522, 0.10846360161302968, BFz, 0.0, -0.10846360161302966, -0.9941004210466523
Time, 0.082, Pos_X, 0.000893927933282, Pos_Y, 0.0013262439345922573, Pos_Z, 0.0019140054762865637, BFx, 1.0, 0.0, 0.0,                             BFy, 0.0, -0.9938069847015628, 0.11112010240450977, BFz, 0.0, -0.11112010240450977, -0.993806984701563
Time, 0.084, Pos_X, 0.000910970790972, Pos_Y, 0.0013778482747124686, Pos_Z, 0.0020141149197794085, BFx, 1.0, 0.0, 0.0,                             BFy, 0.0, -0.9935146124757446, 0.11370450649456143, BFz, 0.0, -0.11370450649456142, -0.993514612475745
Time, 0.086, Pos_X, 0.0009277435847519999, Pos_Y, 0.001428725477568255, Pos_Z, 0.002119804222349593, BFx, 1.0, 0.0, 0.0,                             BFy, 0.0, -0.9932253897130482, 0.11620380901401095, BFz, 0.0, -0.11620380901401094, -0.9932253897130486
Time, 0.088, Pos_X, 0.0009443387616919999, Pos_Y, 0.0014787332536514667, Pos_Z, 0.0022312810882465007, BFx, 1.0, 0.0, 0.0,                             BFy, 0.0, -0.9929416623066486, 0.1186037742051688, BFz, 0.0, -0.11860377420516878, -0.992941662306649
Time, 0.09, Pos_X, 0.0009608424822459999, Pos_Y, 0.0015277315438964039, Pos_Z, 0.002348722017941446, BFx, 1.0, 0.0, 0.0,                             BFy, 0.0, -0.9926659785362373, 0.12088943318874469, BFz, 0.0, -0.12088943318874469, -0.9926659785362378
Time, 0.092, Pos_X, 0.0009773316994099999, Pos_Y, 0.0015755826149029865, Pos_Z, 0.0024722686237392756, BFx, 1.0, 0.0, 0.0,                             BFy, 0.0, -0.9924009981750208, 0.12304575905419711, BFz, 0.0, -0.12304575905419711, -0.9924009981750215
Time, 0.094, Pos_X, 0.000993871808376, Pos_Y, 0.0016221518625867818, Pos_Z, 0.0026020252168034398, BFx, 1.0, 0.0, 0.0,                             BFy, 0.0, -0.9921493560867476, 0.12505860712743266, BFz, 0.0, -0.12505860712743266, -0.9921493560867481
Time, 0.096, Pos_X, 0.001010514711378, Pos_Y, 0.0016673087572790417, Pos_Z, 0.002738058336992268, BFx, 1.0, 0.0, 0.0,                             BFy, 0.0, -0.9919135464545425, 0.12691539055596548, BFz, 0.0, -0.12691539055596548, -0.9919135464545431
Time, 0.098, Pos_X, 0.001027297295324, Pos_Y, 0.0017109277949300542, Pos_Z, 0.002880395984482376, BFx, 1.0, 0.0, 0.0,                             BFy, 0.0, -0.9916957714441823, 0.12860597536556867, BFz, 0.0, -0.12860597536556867, -0.9916957714441827
Time, 0.1, Pos_X, 0.001044241135524, Pos_Y, 0.0017528901909509879, Pos_Z, 0.0030290251435768326, BFx, 1.0, 0.0, 0.0,                             BFy, 0.0, -0.9914978445073648, 0.1301231122331856, BFz, 0.0, -0.1301231122331856, -0.9914978445073653
Time, 0.102, Pos_X, 0.0010613529783639998, Pos_Y, 0.0017930853100378223, Pos_Z, 0.003183890464838076, BFx, 1.0, 0.0, 0.0,                             BFy, 0.0, -0.9913211108158552, 0.13146275233243732, BFz, 0.0, -0.13146275233243732, -0.9913211108158556
Time, 0.104, Pos_X, 0.0010786257344739998, Pos_Y, 0.0018314112759335276, Pos_Z, 0.0033448963189079933, BFx, 1.0, 0.0, 0.0,                             BFy, 0.0, -0.9911663934746553, 0.13262420761853905, BFz, 0.0, -0.13262420761853908, -0.9911663934746558
Time, 0.106, Pos_X, 0.0010960413842539998, Pos_Y, 0.0018677764054523258, Pos_Z, 0.0035119109578520364, BFx, 1.0, 0.0, 0.0,                             BFy, 0.0, -0.9910339450115219, 0.13361032832419886, BFz, 0.0, -0.13361032832419886, -0.9910339450115224
Time, 0.108, Pos_X, 0.0011135749944859998, Pos_Y, 0.0019020999569007609, Pos_Z, 0.0036847738940975223, BFx, 1.0, 0.0, 0.0,                             BFy, 0.0, -0.9909234431703515, 0.13442741452328683, BFz, 0.0, -0.1344274145232868, -0.990923443170352
Time, 0.11, Pos_X, 0.001131196412162, Pos_Y, 0.0019343107030843076, Pos_Z, 0.0038633046789648233, BFx, 1.0, 0.0, 0.0,                             BFy, 0.0, -0.990833989774168, 0.13508517575294693, BFz, 0.0, -0.1350851757529469, -0.9908339897741685
Time, 0.112, Pos_X, 0.001148873530596, Pos_Y, 0.0019643483925085767, Pos_Z, 0.004047303376274765, BFx, 1.0, 0.0, 0.0,                             BFy, 0.0, -0.9907641453876413, 0.1355964904202806, BFz, 0.0, -0.13559649042028057, -0.9907641453876417
Time, 0.114, Pos_X, 0.0011665761976264, Pos_Y, 0.001992166471625279, Pos_Z, 0.004236547899743079, BFx, 1.0, 0.0, 0.0,                             BFy, 0.0, -0.9907120189867125, 0.13597681947770696, BFz, 0.0, -0.13597681947770693, -0.9907120189867127
Time, 0.116, Pos_X, 0.0011842795157852, Pos_Y, 0.0020177335972987047, Pos_Z, 0.004430797529093667, BFx, 1.0, 0.0, 0.0,                             BFy, 0.0, -0.9906753656319535, 0.13624360509762123, BFz, 0.0, -0.13624360509762123, -0.9906753656319536
Time, 0.118, Pos_X, 0.0012019687030533999, Pos_Y, 0.002041035050602176, Pos_Z, 0.004629799063044312, BFx, 1.0, 0.0, 0.0,                             BFy, 0.0, -0.9906517304410909, 0.13641535461257226, BFz, 0.0, -0.13641535461257226, -0.990651730441091
Time, 0.12, Pos_X, 0.0012196429442334, Pos_Y, 0.0020620722899881037, Pos_Z, 0.004833292675429519, BFx, 1.0, 0.0, 0.0,                             BFy, 0.0, -0.9906386132490286, 0.1365105781250808, BFz, 0.0, -0.13651057812508077, -0.9906386132490286
Time, 0.122, Pos_X, 0.0012373178192194, Pos_Y, 0.0020808620600423515, Pos_Z, 0.005041017104144964, BFx, 1.0, 0.0, 0.0,                             BFy, 0.0, -0.9906336226658111, 0.1365467892116586, BFz, 0.0, -0.13654678921165858, -0.9906336226658111
Time, 0.124, Pos_X, 0.001255027092671, Pos_Y, 0.0020974355664395245, Pos_Z, 0.005252716397128177, BFx, 1.0, 0.0, 0.0,                             BFy, 0.0, -0.9906345945107705, 0.13653973838587266, BFz, 0.0, -0.13653973838587263, -0.9906345945107706
Time, 0.126, Pos_X, 0.0012728246359066, Pos_Y, 0.0021118368660901035, Pos_Z, 0.005468149427566984, BFx, 1.0, 0.0, 0.0,                             BFy, 0.0, -0.9906397156879452, 0.1365025776375972, BFz, 0.0, -0.13650257763759718, -0.9906397156879453
Time, 0.128, Pos_X, 0.0012907835671822, Pos_Y, 0.0021241204371202837, Pos_Z, 0.005687097367918185, BFx, 1.0, 0.0, 0.0,                             BFy, 0.0, -0.990647610990398, 0.13644526682526795, BFz, 0.0, -0.13644526682526795, -0.9906476109903979
Time, 0.13, Pos_X, 0.0013089913431338, Pos_Y, 0.0021343467427169575, Pos_Z, 0.005909370222998413, BFx, 1.0, 0.0, 0.0,                             BFy, 0.0, -0.9906573631093819, 0.13637444378316513, BFz, 0.0, -0.13637444378316513, -0.9906573631093818
Time, 0.132, Pos_X, 0.0013275494020854, Pos_Y, 0.002142581918665953, Pos_Z, 0.0061348100458572166, BFx, 1.0, 0.0, 0.0,                             BFy, 0.0, -0.9906685433240985, 0.13629320330856537, BFz, 0.0, -0.13629320330856537, -0.9906685433240984
Time, 0.134, Pos_X, 0.001346573421277, Pos_Y, 0.002148900480564832, Pos_Z, 0.006363282713590566, BFx, 1.0, 0.0, 0.0,                             BFy, 0.0, -0.9906812181209266, 0.13620104280965775, BFz, 0.0, -0.13620104280965778, -0.9906812181209267
Time, 0.136, Pos_X, 0.0013661859136886, Pos_Y, 0.0021533852484127407, Pos_Z, 0.006594664475533942, BFx, 1.0, 0.0, 0.0,                             BFy, 0.0, -0.9906959102279311, 0.13609413454536629, BFz, 0.0, -0.1360941345453663, -0.9906959102279312
Time, 0.138, Pos_X, 0.0013865092517802002, Pos_Y, 0.0021561275037320776, Pos_Z, 0.006828833727799004, BFx, 1.0, 0.0, 0.0,                             BFy, 0.0, -0.9907135431545065, 0.13596571409824248, BFz, 0.0, -0.1359657140982425, -0.9907135431545067
Time, 0.14, Pos_X, 0.0014076617363918001, Pos_Y, 0.002157226420604835, Pos_Z, 0.007065667872352892, BFx, 1.0, 0.0, 0.0,                             BFy, 0.0, -0.9907353619112905, 0.13580663701935106, BFz, 0.0, -0.13580663701935108, -0.9907353619112905
Time, 0.142, Pos_X, 0.0014297511769633998, Pos_Y, 0.0021567856432003715, Pos_Z, 0.007305039441941071, BFx, 1.0, 0.0, 0.0,                             BFy, 0.0, -0.9907629303144148, 0.13560536831112435, BFz, 0.0, -0.13560536831112435, -0.9907629303144146
Time, 0.144, Pos_X, 0.001452863567615, Pos_Y, 0.0021549072373169696, Pos_Z, 0.007546811221469186, BFx, 1.0, 0.0, 0.0,                             BFy, 0.0, -0.9907980587176548, 0.13534846449564333, BFz, 0.0, -0.1353484644956434, -0.9907980587176547
Time, 0.146, Pos_X, 0.0014770524831065998, Pos_Y, 0.0021516852114373615, Pos_Z, 0.007790835238904648, BFx, 1.0, 0.0, 0.0,                             BFy, 0.0, -0.9908427658584207, 0.13502078856989796, BFz, 0.0, -0.13502078856989802, -0.9908427658584206
Time, 0.148, Pos_X, 0.0015023317779581998, Pos_Y, 0.0021471994225127594, Pos_Z, 0.008036953025031584, BFx, 1.0, 0.0, 0.0,                             BFy, 0.0, -0.9908991937677563, 0.13460604663391942, BFz, 0.0, -0.13460604663391945, -0.9908991937677561
Time, 0.15, Pos_X, 0.0015286681626297998, Pos_Y, 0.002141509593263759, Pos_Z, 0.008284993806602347, BFx, 1.0, 0.0, 0.0,                             BFy, 0.0, -0.9909694658021319, 0.1340877244487338, BFz, 0.0, -0.13408772444873382, -0.9909694658021319
Time, 0.152, Pos_X, 0.0015559728722013997, Pos_Y, 0.0021346501325431077, Pos_Z, 0.008534772372239785, BFx, 1.0, 0.0, 0.0,                             BFy, 0.0, -0.9910556119239335, 0.13344951882296108, BFz, 0.0, -0.13344951882296108, -0.9910556119239334
Time, 0.154, Pos_X, 0.0015840948622129999, Pos_Y, 0.002126626274090041, Pos_Z, 0.008786085485908016, BFx, 1.0, 0.0, 0.0,                             BFy, 0.0, -0.9911594489895901, 0.13267609686244952, BFz, 0.0, -0.13267609686244952, -0.9911594489895901
Time, 0.156, Pos_X, 0.0016128155341645998, Pos_Y, 0.0021174109273831327, Pos_Z, 0.00903870945924168, BFx, 1.0, 0.0, 0.0,                             BFy, 0.0, -0.9912824461273807, 0.13175398286093, BFz, 0.0, -0.13175398286092999, -0.9912824461273807
Time, 0.158, Pos_X, 0.0016418450415861998, Pos_Y, 0.0021069420087447095, Pos_Z, 0.009292400644530572, BFx, 1.0, 0.0, 0.0,                             BFy, 0.0, -0.9914256079716406, 0.130672353074643, BFz, 0.0, -0.13067235307464303, -0.9914256079716407
Time, 0.16, Pos_X, 0.0016708210957277999, Pos_Y, 0.002095120242882521, Pos_Z, 0.009546896913246807, BFx, 1.0, 0.0, 0.0,                             BFy, 0.0, -0.9915893373143153, 0.1294240554323591, BFz, 0.0, -0.12942405543235916, -0.9915893373143153
Time, 0.162, Pos_X, 0.0016993096467594, Pos_Y, 0.0020818073920699227, Pos_Z, 0.009801919224223252, BFx, 1.0, 0.0, 0.0,                             BFy, 0.0, -0.9917732852446788, 0.12800683839146512, BFz, 0.0, -0.12800683839146512, -0.9917732852446788
Time, 0.164, Pos_X, 0.001726808467731, Pos_Y, 0.0020668257041129732, Pos_Z, 0.01005717414702255, BFx, 1.0, 0.0, 0.0,                             BFy, 0.0, -0.9919762897657566, 0.12642405049105798, BFz, 0.0, -0.12642405049105798, -0.9919762897657566
Time, 0.166, Pos_X, 0.0017527530662426, Pos_Y, 0.002049958020500178, Pos_Z, 0.010312357261122708, BFx, 1.0, 0.0, 0.0,                             BFy, 0.0, -0.9921964143924608, 0.12468470341924805, BFz, 0.0, -0.12468470341924807, -0.9921964143924609
Time, 0.168, Pos_X, 0.0017765241043142, Pos_Y, 0.0020309483870277205, Pos_Z, 0.010567156603833915, BFx, 1.0, 0.0, 0.0,                             BFy, 0.0, -0.9924310039628637, 0.12280351124159215, BFz, 0.0, -0.1228035112415922, -0.992431003962864
Time, 0.17, Pos_X, 0.0017974568575258002, Pos_Y, 0.00200950340168569, Pos_Z, 0.0108212567912299, BFx, 1.0, 0.0, 0.0,                             BFy, 0.0, -0.9926768241351441, 0.12080034281807886, BFz, 0.0, -0.12080034281807887, -0.9926768241351445
Time, 0.172, Pos_X, 0.0018148524559373999, Pos_Y, 0.0019852946637716772, Pos_Z, 0.011074344776125011, BFx, 1.0, 0.0, 0.0,                             BFy, 0.0, -0.9929303400086237, 0.11869852522403343, BFz, 0.0, -0.11869852522403346, -0.992930340008624
Time, 0.174, Pos_X, 0.001827989901069, Pos_Y, 0.001957962724879931, Pos_Z, 0.011326115763209348, BFx, 1.0, 0.0, 0.0,                             BFy, 0.0, -0.9931880822111931, 0.11652224402942894, BFz, 0.0, -0.11652224402942896, -0.9931880822111935
Time, 0.176, Pos_X, 0.0018361385112006, Pos_Y, 0.0019271223696512875, Pos_Z, 0.01157627824598059, BFx, 1.0, 0.0, 0.0,                             BFy, 0.0, -0.9934469572591194, 0.11429410795224372, BFz, 0.0, -0.11429410795224373, -0.9934469572591197
Time, 0.178, Pos_X, 0.0018385708983322002, Pos_Y, 0.0018923692565421804, Pos_Z, 0.01182455784543915, BFx, 1.0, 0.0, 0.0,                             BFy, 0.0, -0.9937044840813465, 0.11203302333074329, BFz, 0.0, -0.1120330233307433, -0.9937044840813468
Time, 0.18, Pos_X, 0.0018345754702638, Pos_Y, 0.0018532879099822962, Pos_Z, 0.012070699333652938, BFx, 1.0, 0.0, 0.0,                             BFy, 0.0, -0.9939588890185513, 0.10975302702435648, BFz, 0.0, -0.1097530270243565, -0.9939588890185518
Time, 0.182, Pos_X, 0.0018234685645954001, Pos_Y, 0.0018094603238580323, Pos_Z, 0.012314467695935125, BFx, 1.0, 0.0, 0.0,                             BFy, 0.0, -0.9942091585422262, 0.10746231465383871, BFz, 0.0, -0.10746231465383872, -0.9942091585422266
Time, 0.184, Pos_X, 0.001804606218127, Pos_Y, 0.0017604742584336767, Pos_Z, 0.012555647806645233, BFx, 1.0, 0.0, 0.0,                             BFy, 0.0, -0.9944550228046733, 0.10516276726369884, BFz, 0.0, -0.10516276726369886, -0.9944550228046738
Time, 0.186, Pos_X, 0.0017773947852586, Pos_Y, 0.0017059313875159101, Pos_Z, 0.012794042781418402, BFx, 1.0, 0.0, 0.0,                             BFy, 0.0, -0.9946968328252327, 0.10285042910680312, BFz, 0.0, -0.10285042910680313, -0.9946968328252331
Time, 0.188, Pos_X, 0.0017412997153902, Pos_Y, 0.0016454551764291871, Pos_Z, 0.013029472045540239, BFx, 1.0, 0.0, 0.0,                             BFy, 0.0, -0.9949354037367977, 0.10051637872057272, BFz, 0.0, -0.10051637872057276, -0.9949354037367981
Time, 0.19, Pos_X, 0.0016958532385218, Pos_Y, 0.0015786986318748297, Pos_Z, 0.013261769041503026, BFx, 1.0, 0.0, 0.0,                             BFy, 0.0, -0.9951718321766428, 0.09814797217561937, BFz, 0.0, -0.09814797217561941, -0.9951718321766432
Time, 0.192, Pos_X, 0.0016406605740533998, Pos_Y, 0.001505351437806913, Pos_Z, 0.013490778257333807, BFx, 1.0, 0.0, 0.0,                             BFy, 0.0, -0.995407325199375, 0.09573012555840643, BFz, 0.0, -0.09573012555840647, -0.9954073251993754
Time, 0.194, Pos_X, 0.0015754041183849998, Pos_Y, 0.0014251458439694914, Pos_Z, 0.013716350984377191, BFx, 1.0, 0.0, 0.0,                             BFy, 0.0, -0.9956430645235176, 0.09324638366296707, BFz, 0.0, -0.09324638366296711, -0.995643064523518
Time, 0.196, Pos_X, 0.0014998471719165998, Pos_Y, 0.0013378613019537613, Pos_Z, 0.013938341300730676, BFx, 1.0, 0.0, 0.0,                             BFy, 0.0, -0.9958800535941413, 0.09068031127721381, BFz, 0.0, -0.09068031127721385, -0.9958800535941418
Time, 0.198, Pos_X, 0.0014138359216481996, Pos_Y, 0.0012433273700677965, Pos_Z, 0.014156604794970848, BFx, 1.0, 0.0, 0.0,                             BFy, 0.0, -0.9961190271072333, 0.08801638390062269, BFz, 0.0, -0.08801638390062275, -0.9961190271072338
Time, 0.2, Pos_X, 0.0013172986913797995, Pos_Y, 0.0011414259980210356, Pos_Z, 0.014370999965764715, BFx, 1.0, 0.0, 0.0,                             BFy, 0.0, -0.9963603373002297, 0.08524129430607835, BFz, 0.0, -0.08524129430607841, -0.9963603373002301
Time, 0.202, Pos_X, 0.0012102431097113994, Pos_Y, 0.0010320941698212065, Pos_Z, 0.014581389845243809, BFx, 1.0, 0.0, 0.0,                             BFy, 0.0, -0.9966038886982223, 0.08234493931981922, BFz, 0.0, -0.08234493931981927, -0.9966038886982227
Time, 0.204, Pos_X, 0.001092752216243001, Pos_Y, 0.0009153249631613856, Pos_Z, 0.014787642443312602, BFx, 1.0, 0.0, 0.0,                             BFy, 0.0, -0.9968490923381743, 0.07932141643062715, BFz, 0.0, -0.0793214164306272, -0.996849092338175
Time, 0.206, Pos_X, 0.0009649803189746009, Pos_Y, 0.0007911663437253867, Pos_Z, 0.014989630011784836, BFx, 1.0, 0.0, 0.0,                             BFy, 0.0, -0.9970948229048159, 0.07617029694321086, BFz, 0.0, -0.07617029694321091, -0.9970948229048165
Time, 0.208, Pos_X, 0.0008271472813062009, Pos_Y, 0.0006597170926512175, Pos_Z, 0.01518722829706066, BFx, 1.0, 0.0, 0.0,                             BFy, 0.0, -0.9973394623124368, 0.07289716670997838, BFz, 0.0, -0.07289716670997844, -0.9973394623124374
Time, 0.21, Pos_X, 0.0006795310446378008, Pos_Y, 0.0005211198538566763, Pos_Z, 0.015380318676006286, BFx, 1.0, 0.0, 0.0,                             BFy, 0.0, -0.9975810031545973, 0.0695136112216175, BFz, 0.0, -0.06951361122161756, -0.997581003154598
Time, 0.212, Pos_X, 0.0005224601633694007, Pos_Y, 0.00037555431152339465, Pos_Z, 0.015568791488946913, BFx, 1.0, 0.0, 0.0,                             BFy, 0.0, -0.9978171991543003, 0.06603663431664696, BFz, 0.0, -0.066036634316647, -0.997817199154301
Time, 0.214, Pos_X, 0.00035630676410100054, Pos_Y, 0.0002232307415601434, Pos_Z, 0.015752547842303573, BFx, 1.0, 0.0, 0.0,                             BFy, 0.0, -0.9980457689838234, 0.062487142785469754, BFz, 0.0, -0.06248714278546979, -0.9980457689838241
Time, 0.216, Pos_X, 0.0001814783182326004, Pos_Y, 6.438253462824563e-05, Pos_Z, 0.01593150111372727, BFx, 1.0, 0.0, 0.0,                             BFy, 0.0, -0.9982646042910072, 0.058887857999095856, BFz, 0.0, -0.05888785799909589, -0.998264604291008
Time, 0.218, Pos_X, -1.5900754357997407e-06, Pos_Y, -0.00010074050822204438, Pos_Z, 0.016105577194843297, BFx, 1.0, 0.0, 0.0,                             BFy, 0.0, -0.9984719190182275, 0.055261441639366006, BFz, 0.0, -0.05526144163936604, -0.9984719190182285
Time, 0.22, Pos_X, -0.0001924402535041999, Pos_Y, -0.0002718775307665848, Pos_Z, 0.016274715618438983, BFx, 1.0, 0.0, 0.0,                             BFy, 0.0, -0.998666344923231, 0.051628785746683545, BFz, 0.0, -0.05162878574668357, -0.998666344923232
Time, 0.222, Pos_X, -0.0003905972685726001, Pos_Y, -0.00044876421627003036, Pos_Z, 0.016438879426237556, BFx, 1.0, 0.0, 0.0,                             BFy, 0.0, -0.9988469872757761, 0.04800724955783731, BFz, 0.0, -0.04800724955783734, -0.998846987275777
Time, 0.224, Pos_X, -0.0005955756970410003, Pos_Y, -0.0006311401516939664, Pos_Z, 0.016598065485709346, BFx, 1.0, 0.0, 0.0,                             BFy, 0.0, -0.9990133986215453, 0.044409789175729075, BFz, 0.0, -0.0444097891757291, -0.9990133986215459
Time, 0.226, Pos_X, -0.0008068848323094006, Pos_Y, -0.000818754058238378, Pos_Z, 0.016752306575753207, BFx, 1.0, 0.0, 0.0,                             BFy, 0.0, -0.9991654706778994, 0.04084558978659522, BFz, 0.0, -0.04084558978659525, -0.9991654706779001
Time, 0.228, Pos_X, -0.0010240347783778009, Pos_Y, -0.0010113682484587199, Pos_Z, 0.01690167172716499, BFx, 1.0, 0.0, 0.0,                             BFy, 0.0, -0.9993033212569087, 0.03732120208292389, BFz, 0.0, -0.0373212020829239, -0.9993033212569095
Time, 0.23, Pos_X, -0.001246540461646201, Pos_Y, -0.001208760453393967, Pos_Z, 0.017046266973709905, BFx, 1.0, 0.0, 0.0,                             BFy, 0.0, -0.9994272180086462, 0.033841334245278375, BFz, 0.0, -0.03384133424527839, -0.999427218008647
Time, 0.232, Pos_X, -0.0014739246607146012, Pos_Y, -0.0014107249227920402, Pos_Z, 0.01718623564706288, BFx, 1.0, 0.0, 0.0,                             BFy, 0.0, -0.9995375119819122, 0.03040990202238504, BFz, 0.0, -0.03040990202238505, -0.9995375119819131
Time, 0.234, Pos_X, -0.0017057209063830016, Pos_Y, -0.0016170736534271743, Pos_Z, 0.01732175846920448, BFx, 1.0, 0.0, 0.0,                             BFy, 0.0, -0.9996345898215481, 0.027031219586022663, BFz, 0.0, -0.027031219586022667, -0.9996345898215491
Time, 0.236, Pos_X, -0.0019414755690513987, Pos_Y, -0.0018276362643610588, Pos_Z, 0.017453052754015347, BFx, 1.0, 0.0, 0.0,                             BFy, 0.0, -0.9997188449483653, 0.02371141191724345, BFz, 0.0, -0.023711411917243446, -0.9997188449483662
Time, 0.238, Pos_X, -0.002180748128319799, Pos_Y, -0.0020422588510578947, Pos_Z, 0.0175803713503295, BFx, 1.0, 0.0, 0.0,                             BFy, 0.0, -0.9997906832486351, 0.02045946453918518, BFz, 0.0, -0.020459464539185172, -0.999790683248636
Time, 0.24, Pos_X, -0.0024231097222481993, Pos_Y, -0.002260801179154281, Pos_Z, 0.017703999356183792, BFx, 1.0, 0.0, 0.0,                             BFy, 0.0, -0.9998505584508416, 0.017287589928712675, BFz, 0.0, -0.017287589928712665, -0.9998505584508424
Time, 0.242, Pos_X, -0.0026681471113765994, Pos_Y, -0.0024831366879155175, Pos_Z, 0.017824253808889568, BFx, 1.0, 0.0, 0.0,                             BFy, 0.0, -0.9998990215658622, 0.014210794194363644, BFz, 0.0, -0.014210794194363632, -0.999899021565863
Time, 0.244, Pos_X, -0.0029154659023849995, Pos_Y, -0.0027091528692860935, Pos_Z, 0.017941492009756373, BFx, 1.0, 0.0, 0.0,                             BFy, 0.0, -0.9999367664819282, 0.011245578583105618, BFz, 0.0, -0.011245578583105605, -0.999936766481929
Time, 0.246, Pos_X, -0.0031646869216934, Pos_Y, -0.0029387479376493855, Pos_Z, 0.018056118501263884, BFx, 1.0, 0.0, 0.0,                             BFy, 0.0, -0.9999646502757241, 0.008408222104088032, BFz, 0.0, -0.008408222104088016, -0.9999646502757249
Time, 0.248, Pos_X, -0.0034154451862818003, Pos_Y, -0.0031718283880306087, Pos_Z, 0.01816858244000451, BFx, 1.0, 0.0, 0.0,                             BFy, 0.0, -0.9999836808695901, 0.005712967224511401, BFz, 0.0, -0.005712967224511384, -0.9999836808695909
Time, 0.25, Pos_X, -0.0036673920361502007, Pos_Y, -0.003408306728060696, Pos_Z, 0.01827936795138926, BFx, 1.0, 0.0, 0.0,                             BFy, 0.0, -0.9999949752797419, 0.0031700812719987776, BFz, 0.0, -0.0031700812719987594, -0.9999949752797428
Time, 0.252, Pos_X, -0.003920195321438601, Pos_Y, -0.0036480978697312097, Pos_Z, 0.018388982383220637, BFx, 1.0, 0.0, 0.0,                             BFy, 0.0, -0.9999996925703226, 0.0007841296212450584, BFz, 0.0, -0.0007841296212450381, -0.9999996925703235
Time, 0.254, Pos_X, -0.004173536463907002, Pos_Y, -0.0038911152332291353, Pos_Z, 0.018497943027202358, BFx, 1.0, 0.0, 0.0,                             BFy, 0.0, -0.9999989526005805, -0.0014473416130848966, BFz, 0.0, 0.0014473416130849188, -0.9999989526005814
Time, 0.256, Pos_X, -0.004427109720447402, Pos_Y, -0.004137269025680874, Pos_Z, 0.018606761373104297, BFx, 1.0, 0.0, 0.0,                             BFy, 0.0, -0.999993754472454, -0.0035342631606023445, BFz, 0.0, 0.003534263160602369, -0.999993754472455
Time, 0.258, Pos_X, -0.004680626372779802, Pos_Y, -0.004386467129983486, Pos_Z, 0.018715929603276178, BFx, 1.0, 0.0, 0.0,                             BFy, 0.0, -0.9999849080479912, -0.005493967260003115, BFz, 0.0, 0.005493967260003141, -0.9999849080479921
Time, 0.26, Pos_X, -0.004933820066880202, Pos_Y, -0.004638617373729052, Pos_Z, 0.018825909801177022, BFx, 1.0, 0.0, 0.0,                             BFy, 0.0, -0.9999729870654115, -0.007350179554378404, BFz, 0.0, 0.007350179554378433, -0.9999729870654124
Time, 0.262, Pos_X, -0.005186449329408602, Pos_Y, -0.004893628784272508, Pos_Z, 0.018937124046865903, BFx, 1.0, 0.0, 0.0,                             BFy, 0.0, -0.9999583077348749, -0.009131417853118952, BFz, 0.0, 0.009131417853118984, -0.9999583077348758
Time, 0.264, Pos_X, -0.005438301613477002, Pos_Y, -0.00515141290568342, Pos_Z, 0.019049949032388963, BFx, 1.0, 0.0, 0.0,                             BFy, 0.0, -0.9999409296851174, -0.010869091059799382, BFz, 0.0, 0.010869091059799418, -0.9999409296851182
Time, 0.266, Pos_X, -0.005689196578785402, Pos_Y, -0.005411885447435276, Pos_Z, 0.019164709949854426, BFx, 1.0, 0.0, 0.0,                             BFy, 0.0, -0.9999206743910104, -0.012595432721041673, BFz, 0.0, 0.012595432721041711, -0.9999206743910111
Time, 0.268, Pos_X, -0.005938988617093802, Pos_Y, -0.0056749680390963606, Pos_Z, 0.019281670519409055, BFx, 1.0, 0.0, 0.0,                             BFy, 0.0, -0.9998971539821413, -0.014341598879394946, BFz, 0.0, 0.014341598879394986, -0.999897153982142
Time, 0.27, Pos_X, -0.006187571951642203, Pos_Y, -0.005940591468493375, Pos_Z, 0.01940102496684467, BFx, 1.0, 0.0, 0.0,                             BFy, 0.0, -0.9998698051948246, -0.016136067044560644, BFz, 0.0, 0.016136067044560685, -0.9998698051948254
Time, 0.272, Pos_X, -0.006434884680270603, Pos_Y, -0.00620869937065029, Pos_Z, 0.0195228937545424, BFx, 1.0, 0.0, 0.0,                             BFy, 0.0, -0.9998379249619019, -0.018003438779330985, BFz, 0.0, 0.018003438779331027, -0.9998379249619026
Time, 0.274, Pos_X, -0.006680913151139003, Pos_Y, -0.00647925263695694, Pos_Z, 0.019647321663789633, BFx, 1.0, 0.0, 0.0,                             BFy, 0.0, -0.9998007051515245, -0.019963716550712354, BFz, 0.0, 0.019963716550712395, -0.9998007051515252
Time, 0.276, Pos_X, -0.006925696992867403, Pos_Y, -0.006752233283648952, Pos_Z, 0.01977427741686788, BFx, 1.0, 0.0, 0.0,                             BFy, 0.0, -0.9997572659697921, -0.022032002646367236, BFz, 0.0, 0.022032002646367278, -0.9997572659697928
Time, 0.278, Pos_X, -0.007169333976795803, Pos_Y, -0.007027646810450782, Pos_Z, 0.01990365462413215, BFx, 1.0, 0.0, 0.0,                             BFy, 0.0, -0.999706685176492, -0.024218662502976804, BFz, 0.0, 0.024218662502976846, -0.9997066851764927
Time, 0.28, Pos_X, -0.007411984258044203, Pos_Y, -0.007305523569051885, Pos_Z, 0.02003527258393325, BFx, 1.0, 0.0, 0.0,                             BFy, 0.0, -0.9996480242381939, -0.02652975003044953, BFz, 0.0, 0.026529750030449568, -0.9996480242381945
Time, 0.282, Pos_X, -0.007653873471932597, Pos_Y, -0.007585919982360209, Pos_Z, 0.020168876269951817, BFx, 1.0, 0.0, 0.0,                             BFy, 0.0, -0.9995803518421696, -0.028967571715399, BFz, 0.0, 0.028967571715399047, -0.9995803518421705
Time, 0.284, Pos_X, -0.007895293917280997, Pos_Y, -0.007868919786541256, Pos_Z, 0.0203041379390251, BFx, 1.0, 0.0, 0.0,                             BFy, 0.0, -0.9995027694413755, -0.03153115727376904, BFz, 0.0, 0.03153115727376908, -0.9995027694413765
Time, 0.286, Pos_X, -0.008136605137209397, Pos_Y, -0.008154635581965995, Pos_Z, 0.020440659465420452, BFx, 1.0, 0.0, 0.0,                             BFy, 0.0, -0.9994144169579489, -0.0342172935312795, BFz, 0.0, 0.03421729353127954, -0.99941441695795
Time, 0.288, Pos_X, -0.008378234113677796, Pos_Y, -0.00844321098094081, Pos_Z, 0.02057797476079521, BFx, 1.0, 0.0, 0.0,                             BFy, 0.0, -0.9993144712397991, -0.037021447442300646, BFz, 0.0, 0.03702144744230068, -0.9993144712398002
Time, 0.29, Pos_X, -0.008620672212826197, Pos_Y, -0.00873482230257615, Pos_Z, 0.02071555644701957, BFx, 1.0, 0.0, 0.0,                             BFy, 0.0, -0.999202141745563, -0.0399384517862406, BFz, 0.0, 0.03993845178624065, -0.9992021417455641
Time, 0.292, Pos_X, -0.008864470816694597, Pos_Y, -0.009029679649974085, Pos_Z, 0.0208528252498444, BFx, 1.0, 0.0, 0.0,                             BFy, 0.0, -0.9990766653598844, -0.0429629693268002, BFz, 0.0, 0.04296296932680025, -0.9990766653598854
Time, 0.294, Pos_X, -0.009110236351062997, Pos_Y, -0.009328026280856863, Pos_Z, 0.020989159976548898, BFx, 1.0, 0.0, 0.0,                             BFy, 0.0, -0.9989373148367776, -0.04608948932989423, BFz, 0.0, 0.04608948932989428, -0.9989373148367785
Time, 0.296, Pos_X, -0.009358622502931397, Pos_Y, -0.009630136122142106, Pos_Z, 0.02112390986002769, BFx, 1.0, 0.0, 0.0,                             BFy, 0.0, -0.998783439678711, -0.04931166822938139, BFz, 0.0, 0.04931166822938144, -0.9987834396787119
Time, 0.298, Pos_X, -0.009610321343499796, Pos_Y, -0.009936310567126492, Pos_Z, 0.02125640812202612, BFx, 1.0, 0.0, 0.0,                             BFy, 0.0, -0.9986145368862387, -0.05262135231524096, BFz, 0.0, 0.05262135231524101, -0.9986145368862396
Time, 0.3, Pos_X, -0.009866054036368196, Pos_Y, -0.010246874663628943, Pos_Z, 0.021385985438457992, BFx, 1.0, 0.0, 0.0,                             BFy, 0.0, -0.9984303304631941, -0.056007813840204555, BFz, 0.0, 0.056007813840204604, -0.998430330463195
Time, 0.302, Pos_X, -0.010126561019236596, Pos_Y, -0.010562173242756006, Pos_Z, 0.021511982596831684, BFx, 1.0, 0.0, 0.0,                             BFy, 0.0, -0.9982308679502195, -0.05945699514231876, BFz, 0.0, 0.05945699514231881, -0.9982308679502204
Time, 0.304, Pos_X, -0.010392592350904997, Pos_Y, -0.010882566633832714, Pos_Z, 0.02163376259145797, BFx, 1.0, 0.0, 0.0,                             BFy, 0.0, -0.9980166398653463, -0.06295066760476609, BFz, 0.0, 0.06295066760476614, -0.9980166398653472
Time, 0.306, Pos_X, -0.010664898571373397, Pos_Y, -0.011208426420671113, Pos_Z, 0.02175072100705572, BFx, 1.0, 0.0, 0.0,                             BFy, 0.0, -0.9977887262939616, -0.06646546231446707, BFz, 0.0, 0.06646546231446715, -0.9977887262939625
Time, 0.308, Pos_X, -0.010944221616641797, Pos_Y, -0.01154013145433265, Pos_Z, 0.02186229304199632, BFx, 1.0, 0.0, 0.0,                             BFy, 0.0, -0.9975489568112492, -0.0699719855713018, BFz, 0.0, 0.06997198557130188, -0.99754895681125
Time, 0.31, Pos_X, -0.011231284665910198, Pos_Y, -0.011878064020823144, Pos_Z, 0.021967959432689307, BFx, 1.0, 0.0, 0.0,                             BFy, 0.0, -0.9973000529474121, -0.07343435429750328, BFz, 0.0, 0.07343435429750339, -0.9973000529474129
Time, 0.312, Pos_X, -0.011526781984978599, Pos_Y, -0.012222606296912384, Pos_Z, 0.022067254677516152, BFx, 1.0, 0.0, 0.0,                             BFy, 0.0, -0.9970457419150277, -0.07681008090813295, BFz, 0.0, 0.07681008090813307, -0.9970457419150285
Time, 0.314, Pos_X, -0.011831370961247, Pos_Y, -0.01257413600883188, Pos_Z, 0.022159776582869314, BFx, 1.0, 0.0, 0.0,                             BFy, 0.0, -0.996790786151935, -0.08005078789499373, BFz, 0.0, 0.08005078789499386, -0.9967907861519358
