Time, 0, Pos_X, 0.0, Pos_Y, 0.0, Pos_Z, 0.0, BFx, 1, 0, 0,                         BFy, 0, -1, 0, BFz, 0, 0, -1
Time, 0.0, Pos_X, 0.0, Pos_Y, 0.0, Pos_Z, 0.0, BFx, 1.0, 0.0, 0.0,                             BFy, 0.0, -1.0, 0.0, BFz, 0.0, 0.0, -1.0
Time, 0.002, Pos_X, 3.1190366e-07, Pos_Y, 1.3734139587587758e-07, Pos_Z, -3.0961484603811916e-07, BFx, 1.0, 0.0, 0.0,                             BFy, 0.0, -0.9999998545275451, -0.000539393073844387, BFz, 0.0, 0.000539393073844387, -0.9999998545275453
Time, 0.004, Pos_X, 1.2636360600000002e-06, Pos_Y, 5.786853975114753e-07, Pos_Z, -1.1958611549003983e-06, BFx, 1.0, 0.0, 0.0,                             BFy, 0.0, -0.9999994253915031, -0.0010720152346702654, BFz, 0.0, 0.0010720152346702652, -0.9999994253915031
Time, 0.006, Pos_X, 2.8812488400000006e-06, Pos_Y, 1.3810680235729345e-06, Pos_Z, -2.5763114585279896e-06, BFx, 1.0, 0.0, 0.0,                             BFy, 0.0, -0.999998722928042, -0.0015981684156742967, BFz, 0.0, 0.0015981684156742963, -0.999998722928042
Time, 0.008, Pos_X, 5.177704160000001e-06, Pos_Y, 2.5978236978852814e-06, Pos_Z, -4.374251665868421e-06, BFx, 1.0, 0.0, 0.0,                             BFy, 0.0, -0.9999977557077842, -0.002118626771059387, BFz, 0.0, 0.0021186267710593867, -0.9999977557077842
Time, 0.01, Pos_X, 8.150798920000002e-06, Pos_Y, 4.277704635340702e-06, Pos_Z, -6.519525476840077e-06, BFx, 1.0, 0.0, 0.0,                             BFy, 0.0, -0.9999965290936602, -0.002634729707695753, BFz, 0.0, 0.0026347297076957524, -0.9999965290936602
Time, 0.012, Pos_X, 1.1781408180000003e-05, Pos_Y, 6.463847929477239e-06, Pos_Z, -8.949896912743672e-06, BFx, 1.0, 0.0, 0.0,                             BFy, 0.0, -0.9999950434750225, -0.0031484957341237716, BFz, 0.0, 0.003148495734123771, -0.9999950434750228
Time, 0.014, Pos_X, 1.603166638e-05, Pos_Y, 9.19273508083988e-06, Pos_Z, -1.1612323878823615e-05, BFx, 1.0, 0.0, 0.0,                             BFy, 0.0, -0.9999932921096504, -0.0036627497462034674, BFz, 0.0, 0.0036627497462034674, -0.9999932921096506
Time, 0.016, Pos_X, 2.0842927420000003e-05, Pos_Y, 1.2492987601827519e-05, Pos_Z, -1.4464510371208104e-05, BFx, 1.0, 0.0, 0.0,                             BFy, 0.0, -0.9999912593950016, -0.004181044558337755, BFz, 0.0, 0.0041810445583377554, -0.9999912593950017
Time, 0.018, Pos_X, 2.6133983019999997e-05, Pos_Y, 1.638410268872955e-05, Pos_Z, -1.7476859663765754e-05, BFx, 1.0, 0.0, 0.0,                             BFy, 0.0, -0.9999889192474622, -0.004707587736051346, BFz, 0.0, 0.0047075877360513475, -0.9999889192474622
Time, 0.02, Pos_X, 3.179941278e-05, Pos_Y, 2.0875272900433113e-05, Pos_Z, -2.0634052580611217e-05, BFx, 1.0, 0.0, 0.0,                             BFy, 0.0, -0.9999862339546095, -0.00524708502666387, BFz, 0.0, 0.005247085026663872, -0.9999862339546095
Time, 0.022, Pos_X, 3.770827120999999e-05, Pos_Y, 2.5964336896617012e-05, Pos_Z, -2.393617423005094e-05, BFx, 1.0, 0.0, 0.0,                             BFy, 0.0, -0.999983154336031, -0.0058043986907970815, BFz, 0.0, 0.005804398690797082, -0.999983154336031
Time, 0.024, Pos_X, 4.370308142296e-05, Pos_Y, 3.163680267628486e-05, Pos_Z, -2.740003797763247e-05, BFx, 1.0, 0.0, 0.0,                             BFy, 0.0, -0.9999796204378513, -0.006384254770207503, BFz, 0.0, 0.0063842547702075035, -0.9999796204378514
Time, 0.026, Pos_X, 4.9599108812879995e-05, Pos_Y, 3.78649523320041e-05, Pos_Z, -3.1060528841670146e-05, BFx, 1.0, 0.0, 0.0,                             BFy, 0.0, -0.9999755634217168, -0.0069908911749568935, BFz, 0.0, 0.006990891174956894, -0.9999755634217169
Time, 0.028, Pos_X, 5.51844264568e-05, Pos_Y, 4.460750034515766e-05, Pos_Z, -3.497159687702981e-05, BFx, 1.0, 0.0, 0.0,                             BFy, 0.0, -0.9999709070668436, -0.0076279105863748834, BFz, 0.0, 0.007627910586374886, -0.9999709070668437
Time, 0.03, Pos_X, 6.022054685072e-05, Pos_Y, 5.180920754172879e-05, Pos_Z, -3.920729921256414e-05, BFx, 1.0, 0.0, 0.0,                             BFy, 0.0, -0.9999655706469462, -0.008298043186602292, BFz, 0.0, 0.008298043186602294, -0.9999655706469464
Time, 0.032, Pos_X, 6.444361382464e-05, Pos_Y, 5.940079183464803e-05, Pos_Z, -4.3862735540171415e-05, BFx, 1.0, 0.0, 0.0,                             BFy, 0.0, -0.9999594722810408, -0.00900298813850396, BFz, 0.0, 0.00900298813850396, -0.9999594722810408
Time, 0.034, Pos_X, 6.756619075856e-05, Pos_Y, 6.72991988504112e-05, Pos_Z, -4.9054611024159385e-05, BFx, 1.0, 0.0, 0.0,                             BFy, 0.0, -0.999952530990281, -0.009743498659661738, BFz, 0.0, 0.009743498659661738, -0.9999525309902809
Time, 0.036, Pos_X, 6.927967513247999e-05, Pos_Y, 7.540786567864554e-05, Pos_Z, -5.492150856272046e-05, BFx, 1.0, 0.0, 0.0,                             BFy, 0.0, -0.9999446682285476, -0.010519528568322169, BFz, 0.0, 0.010519528568322169, -0.9999446682285476
Time, 0.038, Pos_X, 6.925748726639999e-05, Pos_Y, 8.361756289205768e-05, Pos_Z, -6.162330832566462e-05, BFx, 1.0, 0.0, 0.0,                             BFy, 0.0, -0.9999358091370232, -0.011330384172062344, BFz, 0.0, 0.011330384172062346, -0.9999358091370232
Time, 0.04, Pos_X, 6.715853160031998e-05, Pos_Y, 9.180733132698619e-05, Pos_Z, -6.933989071228257e-05, BFx, 1.0, 0.0, 0.0,                             BFy, 0.0, -0.9999258828868814, -0.012174922295051259, BFz, 0.0, 0.012174922295051259, -0.9999258828868816
Time, 0.042, Pos_X, 6.263090457423998e-05, Pos_Y, 9.984550816632107e-05, Pos_Z, -7.826955213177072e-05, BFx, 1.0, 0.0, 0.0,                             BFy, 0.0, -0.9999148236656702, -0.0130516440976405, BFz, 0.0, 0.0130516440976405, -0.9999148236656704
Time, 0.044, Pos_X, 5.531626044816e-05, Pos_Y, 0.00010759119443414905, Pos_Z, -8.862711617868476e-05, BFx, 1.0, 0.0, 0.0,                             BFy, 0.0, -0.9999025715229832, -0.01395877722886365, BFz, 0.0, 0.01395877722886365, -0.9999025715229835
Time, 0.046, Pos_X, 4.485488424207999e-05, Pos_Y, 0.00011489583380270145, Pos_Z, -0.00010064179860212517, BFx, 1.0, 0.0, 0.0,                             BFy, 0.0, -0.9998890717431533, -0.014894435491639943, BFz, 0.0, 0.014894435491639945, -0.9998890717431537
Time, 0.048, Pos_X, 3.089115449599998e-05, Pos_Y, 0.00012160485438808706, Pos_Z, -0.00011455487733606393, BFx, 1.0, 0.0, 0.0,                             BFy, 0.0, -0.9998742744830681, -0.015856709209591393, BFz, 0.0, 0.015856709209591393, -0.9998742744830684
Time, 0.05, Pos_X, 1.3078689089919954e-05, Pos_Y, 0.0001275595495050398, Pos_Z, -0.0001306169617755134, BFx, 1.0, 0.0, 0.0,                             BFy, 0.0, -0.999858137501819, -0.016843540939868503, BFz, 0.0, 0.01684354093986851, -0.9998581375018192
Time, 0.052, Pos_X, -8.914886716159994e-06, Pos_Y, 0.00013259874155986025, Pos_Z, -0.00014908509507458782, BFx, 1.0, 0.0, 0.0,                             BFy, 0.0, -0.9998406275173074, -0.017852718722833748, BFz, 0.0, 0.017852718722833758, -0.9998406275173077
Time, 0.054, Pos_X, -3.5403201522240016e-05, Pos_Y, 0.00013656002579339084, Pos_Z, -0.0001702195041078434, BFx, 1.0, 0.0, 0.0,                             BFy, 0.0, -0.9998217233922353, -0.018881775154371394, BFz, 0.0, 0.018881775154371404, -0.9998217233922356
Time, 0.056, Pos_X, -6.667766112832004e-05, Pos_Y, 0.00013928113179126835, Pos_Z, -0.0001942796314467958, BFx, 1.0, 0.0, 0.0,                             BFy, 0.0, -0.9998014189142473, -0.01992793860531643, BFz, 0.0, 0.01992793860531645, -0.9998014189142478
Time, 0.058, Pos_X, -0.00010300296473440007, Pos_Y, 0.00014060149162001476, Pos_Z, -0.00022152131728960618, BFx, 1.0, 0.0, 0.0,                             BFy, 0.0, -0.9997797293959261, -0.020987917691109068, BFz, 0.0, 0.02098791769110908, -0.9997797293959265
Time, 0.06, Pos_X, -0.00014461209574047996, Pos_Y, 0.00014036353333821039, Pos_Z, -0.0002521942419259015, BFx, 1.0, 0.0, 0.0,                             BFy, 0.0, -0.9997566975141129, -0.02205778265543281, BFz, 0.0, 0.02205778265543282, -0.9997566975141133
Time, 0.062, Pos_X, -0.00019170326734656, Pos_Y, 0.0001384138288219996, Pos_Z, -0.0002865381831840914, BFx, 1.0, 0.0, 0.0,                             BFy, 0.0, -0.9997324015619141, -0.023132774741643103, BFz, 0.0, 0.023132774741643113, -0.9997324015619146
Time, 0.064, Pos_X, -0.00024443697515264006, Pos_Y, 0.0001346039582456915, Pos_Z, -0.0003247792342451687, BFx, 1.0, 0.0, 0.0,                             BFy, 0.0, -0.9997069646025947, -0.02420712550193007, BFz, 0.0, 0.02420712550193008, -0.9997069646025951
Time, 0.066, Pos_X, -0.0003029335061587201, Pos_Y, 0.0001287910747423774, Pos_Z, -0.00036712632399696197, BFx, 1.0, 0.0, 0.0,                             BFy, 0.0, -0.9996805644954366, -0.025273879205311194, BFz, 0.0, 0.025273879205311205, -0.9996805644954371
Time, 0.068, Pos_X, -0.0003672711009648002, Pos_Y, 0.0001208383282827075, Pos_Z, -0.0004137676140734995, BFx, 1.0, 0.0, 0.0,                             BFy, 0.0, -0.9996534421809891, -0.026324808369656477, BFz, 0.0, 0.026324808369656488, -0.9996534421809895
Time, 0.07, Pos_X, -0.00043748457177088024, Pos_Y, 0.00011061478876186325, Pos_Z, -0.0004648672183406565, BFx, 1.0, 0.0, 0.0,                             BFy, 0.0, -0.9996259071328958, -0.02735042575051388, BFz, 0.0, 0.0273504257505139, -0.999625907132896
Time, 0.072, Pos_X, -0.0005135642453769597, Pos_Y, 9.799569909544595e-05, Pos_Z, -0.0005205620794080551, BFx, 1.0, 0.0, 0.0,                             BFy, 0.0, -0.9995983423318567, -0.028339971901944438, BFz, 0.0, 0.02833997190194446, -0.999598342331857
Time, 0.074, Pos_X, -0.0005954551037830398, Pos_Y, 8.286292462061622e-05, Pos_Z, -0.0005809584480981688, BFx, 1.0, 0.0, 0.0,                             BFy, 0.0, -0.9995712035834575, -0.029281546521942686, BFz, 0.0, 0.029281546521942706, -0.9995712035834577
Time, 0.076, Pos_X, -0.0006830565505891199, Pos_Y, 6.510514422532432e-05, Pos_Z, -0.0006461287294954288, BFx, 1.0, 0.0, 0.0,                             BFy, 0.0, -0.9995450138097126, -0.03016231702207029, BFz, 0.0, 0.030162317022070312, -0.9995450138097131
Time, 0.078, Pos_X, -0.0007762225947952, Pos_Y, 4.461790057884133e-05, Pos_Z, -0.0007161087866564731, BFx, 1.0, 0.0, 0.0,                             BFy, 0.0, -0.9995203541971146, -0.03096871882518073, BFz, 0.0, 0.03096871882518075, -0.999520354197115
Time, 0.08, Pos_X, -0.0008747620490012801, Pos_Y, 2.1303343058509466e-05, Pos_Z, -0.0007908954330480217, BFx, 1.0, 0.0, 0.0,                             BFy, 0.0, -0.9994978429573885, -0.03168693616502177, BFz, 0.0, 0.03168693616502179, -0.999497842957389
Time, 0.082, Pos_X, -0.0009784392584073602, Pos_Y, -4.929867698014388e-06, Pos_Z, -0.0008704444969813117, BFx, 1.0, 0.0, 0.0,                             BFy, 0.0, -0.9994781171496044, -0.03230314751041899, BFz, 0.0, 0.03230314751041901, -0.999478117149605
Time, 0.084, Pos_X, -0.0010869757892134403, Pos_Y, -3.4166464388405956e-05, Pos_Z, -0.0009546702446461607, BFx, 1.0, 0.0, 0.0,                             BFy, 0.0, -0.999461801327444, -0.0328040803452812, BFz, 0.0, 0.03280408034528122, -0.9994618013274444
Time, 0.086, Pos_X, -0.0012000528292195195, Pos_Y, -6.648487692808449e-05, Pos_Z, -0.0010434453155289448, BFx, 1.0, 0.0, 0.0,                             BFy, 0.0, -0.9994494791559663, -0.033177381073049864, BFz, 0.0, 0.03317738107304988, -0.9994494791559667
Time, 0.088, Pos_X, -0.0013173140276255995, Pos_Y, -0.00010195784796649036, Pos_Z, -0.001136600761605563, BFx, 1.0, 0.0, 0.0,                             BFy, 0.0, -0.9994416658449792, -0.033411922617709006, BFz, 0.0, 0.03341192261770902, -0.9994416658449796
Time, 0.09, Pos_X, -0.0014383687934916795, Pos_Y, -0.00014065311538958138, Pos_Z, -0.0012339268994811172, BFx, 1.0, 0.0, 0.0,                             BFy, 0.0, -0.9994387785909514, -0.03349817679554723, BFz, 0.0, 0.03349817679554723, -0.9994387785909519
Time, 0.092, Pos_X, -0.0015627964770177595, Pos_Y, -0.00018263436845616625, Pos_Z, -0.001335174743367388, BFx, 1.0, 0.0, 0.0,                             BFy, 0.0, -0.999441108438801, -0.0334285919927776, BFz, 0.0, 0.03342859199277759, -0.9994411084388015
Time, 0.094, Pos_X, -0.0016901511088638396, Pos_Y, -0.00022796266168830935, Pos_Z, -0.0014400576488250662, BFx, 1.0, 0.0, 0.0,                             BFy, 0.0, -0.9994488010701521, -0.033197801725932057, BFz, 0.0, 0.03319780172593205, -0.9994488010701527
Time, 0.096, Pos_X, -0.0018199659726299197, Pos_Y, -0.0002766979695422177, Pos_Z, -0.0015482533149121882, BFx, 1.0, 0.0, 0.0,                             BFy, 0.0, -0.9994618420709155, -0.03280283896572448, BFz, 0.0, 0.03280283896572447, -0.9994618420709158
Time, 0.098, Pos_X, -0.001951758674516, Pos_Y, -0.0003289009199379583, Pos_Z, -0.00165940655606112, BFx, 1.0, 0.0, 0.0,                             BFy, 0.0, -0.9994800523260177, -0.0322432163777137, BFz, 0.0, 0.03224321637771368, -0.999480052326018
Time, 0.1, Pos_X, -0.00208503700100208, Pos_Y, -0.0003846350273723003, Pos_Z, -0.0017731329121620442, BFx, 1.0, 0.0, 0.0,                             BFy, 0.0, -0.9995030952415874, -0.03152082807423331, BFz, 0.0, 0.03152082807423328, -0.9995030952415878
Time, 0.102, Pos_X, -0.0022193050523881593, Pos_Y, -0.00044396901971756764, Pos_Z, -0.0018890229387930385, BFx, 1.0, 0.0, 0.0,                             BFy, 0.0, -0.999530488948518, -0.03063987046864879, BFz, 0.0, 0.030639870468648762, -0.9995304889485184
Time, 0.104, Pos_X, -0.0023540697422822394, Pos_Y, -0.0005069787891953876, Pos_Z, -0.002006647300220604, BFx, 1.0, 0.0, 0.0,                             BFy, 0.0, -0.9995616277982063, -0.029606624822818953, BFz, 0.0, 0.02960662482281893, -0.9995616277982067
Time, 0.106, Pos_X, -0.0024888477051763194, Pos_Y, -0.0005737494246048062, Pos_Z, -0.002125562158118957, BFx, 1.0, 0.0, 0.0,                             BFy, 0.0, -0.9995958112703504, -0.02842910640116942, BFz, 0.0, 0.028429106401169395, -0.9995958112703507
Time, 0.108, Pos_X, -0.0026231721498623994, Pos_Y, -0.0006443772117735486, Pos_Z, -0.0022453144469430507, BFx, 1.0, 0.0, 0.0,                             BFy, 0.0, -0.9996322758569882, -0.027116656596587817, BFz, 0.0, 0.02711665659658779, -0.9996322758569886
Time, 0.11, Pos_X, -0.0027565996329884795, Pos_Y, -0.0007189719808269027, Pos_Z, -0.0023654473869102505, BFx, 1.0, 0.0, 0.0,                             BFy, 0.0, -0.9996702302413516, -0.025679384128167438, BFz, 0.0, 0.025679384128167403, -0.9996702302413519
Time, 0.112, Pos_X, -0.0028887169253745595, Pos_Y, -0.0007976592995547074, Pos_Z, -0.0024855064739684025, BFx, 1.0, 0.0, 0.0,                             BFy, 0.0, -0.9997088866064837, -0.024127619858235375, BFz, 0.0, 0.024127619858235343, -0.9997088866064842
Time, 0.114, Pos_X, -0.0030191476763206395, Pos_Y, -0.0008805822670215411, Pos_Z, -0.002605045004679724, BFx, 1.0, 0.0, 0.0,                             BFy, 0.0, -0.999747483059703, -0.02247154012940779, BFz, 0.0, 0.02247154012940776, -0.9997474830597034
Time, 0.116, Pos_X, -0.0031475586801267197, Pos_Y, -0.0009679035614280717, Pos_Z, -0.0027236286701657537, BFx, 1.0, 0.0, 0.0,                             BFy, 0.0, -0.9997853024530285, -0.020720738377404836, BFz, 0.0, 0.0207207383774048, -0.9997853024530291
Time, 0.118, Pos_X, -0.003273665220332799, Pos_Y, -0.001059806368261861, Pos_Z, -0.0028408404662124227, BFx, 1.0, 0.0, 0.0,                             BFy, 0.0, -0.9998216827278624, -0.018883928278407517, BFz, 0.0, 0.018883928278407482, -0.9998216827278629
Time, 0.12, Pos_X, -0.003397236659738879, Pos_Y, -0.0011564960283096458, Pos_Z, -0.002956286457121132, BFx, 1.0, 0.0, 0.0,                             BFy, 0.0, -0.9998560195588985, -0.016968799363355425, BFz, 0.0, 0.01696879936335539, -0.999856019558899
Time, 0.122, Pos_X, -0.003518101128144959, Pos_Y, -0.0012582010885330655, Pos_Z, -0.003069601615435757, BFx, 1.0, 0.0, 0.0,                             BFy, 0.0, -0.9998877665045863, -0.014981802110163846, BFz, 0.0, 0.014981802110163808, -0.9998877665045869
Time, 0.124, Pos_X, -0.0036361487342110393, Pos_Y, -0.0013651735732127205, Pos_Z, -0.003180455639104065, BFx, 1.0, 0.0, 0.0,                             BFy, 0.0, -0.9999164284657684, -0.012928112169237676, BFz, 0.0, 0.012928112169237638, -0.999916428465769
Time, 0.126, Pos_X, -0.0037513351941371193, Pos_Y, -0.0014776915196056271, Pos_Z, -0.0032885622549428876, BFx, 1.0, 0.0, 0.0,                             BFy, 0.0, -0.9999415508489325, -0.010811793830351408, BFz, 0.0, 0.010811793830351368, -0.9999415508489332
Time, 0.128, Pos_X, -0.0038636836424631995, Pos_Y, -0.0015960589170822012, Pos_Z, -0.003393679149749699, BFx, 1.0, 0.0, 0.0,                             BFy, 0.0, -0.9999627097105018, -0.008635924295026463, BFz, 0.0, 0.00863592429502642, -0.9999627097105025
Time, 0.13, Pos_X, -0.003973285698729279, Pos_Y, -0.001720602329899237, Pos_Z, -0.00349560113388534, BFx, 1.0, 0.0, 0.0,                             BFy, 0.0, -0.9999795020894937, -0.006402765093872684, BFz, 0.0, 0.006402765093872641, -0.9999795020894943
Time, 0.132, Pos_X, -0.004080304232795359, Pos_Y, -0.0018516681547238332, Pos_Z, -0.003594168032663376, BFx, 1.0, 0.0, 0.0,                             BFy, 0.0, -0.9999915374438245, -0.004114005436960021, BFz, 0.0, 0.004114005436959977, -0.999991537443825
Time, 0.134, Pos_X, -0.0041849742473214395, Pos_Y, -0.0019896212820929783, Pos_Z, -0.003689271068007275, BFx, 1.0, 0.0, 0.0,                             BFy, 0.0, -0.999998431994969, -0.0017708776364177465, BFz, 0.0, 0.001770877636417702, -0.9999984319949693
Time, 0.136, Pos_X, -0.00428760071744752, Pos_Y, -0.0021348450008360173, Pos_Z, -0.003780849739285265, BFx, 1.0, 0.0, 0.0,                             BFy, 0.0, -0.9999998043915704, 0.0006254732772173752, BFz, 0.0, -0.0006254732772174207, -0.9999998043915708
Time, 0.138, Pos_X, -0.0043885561335736, Pos_Y, -0.002287739183757937, Pos_Z, -0.003868891994627113, BFx, 1.0, 0.0, 0.0,                             BFy, 0.0, -0.9999952755206186, 0.003073912237112519, BFz, 0.0, -0.0030739122371125664, -0.9999952755206191
Time, 0.14, Pos_X, -0.00448827747083968, Pos_Y, -0.0024487163346675225, Pos_Z, -0.0039534354824364275, BFx, 1.0, 0.0, 0.0,                             BFy, 0.0, -0.9999844704537152, 0.005573046868857693, BFz, 0.0, -0.005573046868857742, -0.9999844704537156
Time, 0.142, Pos_X, -0.004587263037645759, Pos_Y, -0.0026181987675748535, Pos_Z, -0.00403456651558794, BFx, 1.0, 0.0, 0.0,                             BFy, 0.0, -0.9999670229334615, 0.008121148046275898, BFz, 0.0, -0.008121148046275948, -0.999967022933462
Time, 0.144, Pos_X, -0.004686070162925839, Pos_Y, -0.002796617339371403, Pos_Z, -0.004112418844800289, BFx, 1.0, 0.0, 0.0,                             BFy, 0.0, -0.9999425812797205, 0.010716069412291834, BFz, 0.0, -0.010716069412291886, -0.999942581279721
Time, 0.146, Pos_X, -0.004785312677239919, Pos_Y, -0.0029844101900528, Pos_Z, -0.004187172829823259, BFx, 1.0, 0.0, 0.0,                             BFy, 0.0, -0.9999108131589107, 0.013355363262948089, BFz, 0.0, -0.013355363262948143, -0.9999108131589113
Time, 0.148, Pos_X, -0.004885658098513999, Pos_Y, -0.0031820211802784343, Pos_Z, -0.004259053991275135, BFx, 1.0, 0.0, 0.0,                             BFy, 0.0, -0.9998714042252568, 0.016036677106332886, BFz, 0.0, -0.016036677106332945, -0.9998714042252573
Time, 0.15, Pos_X, -0.00498782456378808, Pos_Y, -0.0033898981036156375, Pos_Z, -0.004328330491892239, BFx, 1.0, 0.0, 0.0,                             BFy, 0.0, -0.9998240562713213, 0.018757838392561708, BFz, 0.0, -0.01875783839256177, -0.9998240562713219
Time, 0.152, Pos_X, -0.00509257669006216, Pos_Y, -0.0036084908651268233, Pos_Z, -0.004395308553657929, BFx, 1.0, 0.0, 0.0,                             BFy, 0.0, -0.9997684842572435, 0.021516920922235394, BFz, 0.0, -0.02151692092223546, -0.9997684842572442
Time, 0.154, Pos_X, -0.00520071978373624, Pos_Y, -0.00383824987181822, Pos_Z, -0.004460325447773515, BFx, 1.0, 0.0, 0.0,                             BFy, 0.0, -0.9997044171037228, 0.02431210446066303, BFz, 0.0, -0.024312104460663096, -0.9997044171037234
Time, 0.156, Pos_X, -0.005313094733810321, Pos_Y, -0.004079625099396375, Pos_Z, -0.00452374133411762, BFx, 1.0, 0.0, 0.0,                             BFy, 0.0, -0.9996315815532101, 0.027142239432814387, BFz, 0.0, -0.02714223943281445, -0.9996315815532107
Time, 0.158, Pos_X, -0.0054305732486844005, Pos_Y, -0.004333066193135462, Pos_Z, -0.004585931777229311, BFx, 1.0, 0.0, 0.0,                             BFy, 0.0, -0.9995496588820467, 0.030007989415898446, BFz, 0.0, -0.030007989415898512, -0.9995496588820473
Time, 0.16, Pos_X, -0.005554051524358481, Pos_Y, -0.004599022698201547, Pos_Z, -0.0046472799330800505, BFx, 1.0, 0.0, 0.0,                             BFy, 0.0, -0.9994582869330043, 0.03291098116047651, BFz, 0.0, -0.032910981160476575, -0.9994582869330049
Time, 0.162, Pos_X, -0.005684444132232561, Pos_Y, -0.004877943547071042, Pos_Z, -0.0047081677714072385, BFx, 1.0, 0.0, 0.0,                             BFy, 0.0, -0.9993570287768774, 0.03585427497876451, BFz, 0.0, -0.03585427497876458, -0.9993570287768778
Time, 0.164, Pos_X, -0.005822679397706641, Pos_Y, -0.005170276827352241, Pos_Z, -0.004768968454628504, BFx, 1.0, 0.0, 0.0,                             BFy, 0.0, -0.9992453251834671, 0.03884301866472782, BFz, 0.0, -0.03884301866472789, -0.9992453251834674
Time, 0.166, Pos_X, -0.005969694292380721, Pos_Y, -0.005476469503416969, Pos_Z, -0.0048300400280856075, BFx, 1.0, 0.0, 0.0,                             BFy, 0.0, -0.9991224669905884, 0.041884316332514306, BFz, 0.0, -0.041884316332514375, -0.9991224669905887
Time, 0.168, Pos_X, -0.0061264282226548014, Pos_Y, -0.005796966436630063, Pos_Z, -0.004891718761973063, BFx, 1.0, 0.0, 0.0,                             BFy, 0.0, -0.9989875509391619, 0.044987476797179606, BFz, 0.0, -0.044987476797179675, -0.9989875509391622
Time, 0.17, Pos_X, -0.006293819107528882, Pos_Y, -0.006132209734734937, Pos_Z, -0.0049543120443104795, BFx, 1.0, 0.0, 0.0,                             BFy, 0.0, -0.9988394378872328, 0.04816406670037328, BFz, 0.0, -0.04816406670037335, -0.9988394378872333
Time, 0.172, Pos_X, -0.006472800342402959, Pos_Y, -0.006482638848729599, Pos_Z, -0.005018093554556565, BFx, 1.0, 0.0, 0.0,                             BFy, 0.0, -0.9986767131639298, 0.05142783860994982, BFz, 0.0, -0.05142783860994991, -0.9986767131639303
Time, 0.174, Pos_X, -0.006664289931277039, Pos_Y, -0.006848689023317842, Pos_Z, -0.005083303045479447, BFx, 1.0, 0.0, 0.0,                             BFy, 0.0, -0.9984976573218222, 0.054794418719740924, BFz, 0.0, -0.054794418719741, -0.9984976573218226
Time, 0.176, Pos_X, -0.006869185675551119, Pos_Y, -0.007230790688588784, Pos_Z, -0.0051501451609602365, BFx, 1.0, 0.0, 0.0,                             BFy, 0.0, -0.9983002539957844, 0.05828038153575644, BFz, 0.0, -0.05828038153575651, -0.9983002539957848
Time, 0.178, Pos_X, -0.0070883653004252, Pos_Y, -0.007629369270652023, Pos_Z, -0.005218786825455205, BFx, 1.0, 0.0, 0.0,                             BFy, 0.0, -0.9980822287766853, 0.061902056509981866, BFz, 0.0, -0.061902056509981936, -0.9980822287766858
Time, 0.18, Pos_X, -0.007322681243899279, Pos_Y, -0.008044844255842147, Pos_Z, -0.0052893555461517704, BFx, 1.0, 0.0, 0.0,                             BFy, 0.0, -0.9978411146651833, 0.06567427109412707, BFz, 0.0, -0.06567427109412713, -0.9978411146651839
Time, 0.182, Pos_X, -0.00757295826737336, Pos_Y, -0.008477630869981203, Pos_Z, -0.005361937686934951, BFx, 1.0, 0.0, 0.0,                             BFy, 0.0, -0.9975743578827012, 0.06960891103096334, BFz, 0.0, -0.0696089110309634, -0.9975743578827019
Time, 0.184, Pos_X, -0.00783999156344744, Pos_Y, -0.008928141815981018, Pos_Z, -0.005436578873830307, BFx, 1.0, 0.0, 0.0,                             BFy, 0.0, -0.9972794667986569, 0.07371339838717846, BFz, 0.0, -0.07371339838717851, -0.9972794667986576
Time, 0.186, Pos_X, -0.008124544712521522, Pos_Y, -0.00939678846711339, Pos_Z, -0.005513288207014143, BFx, 1.0, 0.0, 0.0,                             BFy, 0.0, -0.9969541778631549, 0.07798953289513554, BFz, 0.0, -0.07798953289513559, -0.9969541778631557
Time, 0.188, Pos_X, -0.008427346568595602, Pos_Y, -0.009883981853416261, Pos_Z, -0.005592046486059906, BFx, 1.0, 0.0, 0.0,                             BFy, 0.0, -0.9965966329636763, 0.08243270689152676, BFz, 0.0, -0.08243270689152683, -0.996596632963677
Time, 0.19, Pos_X, -0.008749090772669683, Pos_Y, -0.010390134947482461, Pos_Z, -0.005672817223699743, BFx, 1.0, 0.0, 0.0,                             BFy, 0.0, -0.9962055411202144, 0.08703171744474131, BFz, 0.0, -0.08703171744474138, -0.9962055411202151
Time, 0.192, Pos_X, -0.009090439862743762, Pos_Y, -0.01091566615838942, Pos_Z, -0.005755558762616088, BFx, 1.0, 0.0, 0.0,                             BFy, 0.0, -0.9957803272131547, 0.09176894864420877, BFz, 0.0, -0.09176894864420884, -0.9957803272131552
Time, 0.194, Pos_X, -0.009452028708017843, Pos_Y, -0.01146100096452952, Pos_Z, -0.005840235942569231, BFx, 1.0, 0.0, 0.0,                             BFy, 0.0, -0.9953212240267438, 0.09662122438628554, BFz, 0.0, -0.09662122438628559, -0.9953212240267444
Time, 0.196, Pos_X, -0.009834466908491924, Pos_Y, -0.01202657233322244, Pos_Z, -0.005926831248205085, BFx, 1.0, 0.0, 0.0,                             BFy, 0.0, -0.9948293119430127, 0.1015610166303601, BFz, 0.0, -0.10156101663036017, -0.9948293119430134
Time, 0.198, Pos_X, -0.010238342044966004, Pos_Y, -0.01261282163894271, Pos_Z, -0.00601535634749513, BFx, 1.0, 0.0, 0.0,                             BFy, 0.0, -0.9943065250797051, 0.10655765661801371, BFz, 0.0, -0.10655765661801381, -0.9943065250797056
Time, 0.2, Pos_X, -0.010664223889440085, Pos_Y, -0.013220199980288212, Pos_Z, -0.006105864827784211, BFx, 1.0, 0.0, 0.0,                             BFy, 0.0, -0.9937556267317473, 0.11157846718337894, BFz, 0.0, -0.11157846718337903, -0.993755626731748
Time, 0.202, Pos_X, -0.011112669020514165, Pos_Y, -0.013849169155307036, Pos_Z, -0.006198465117431366, BFx, 1.0, 0.0, 0.0,                             BFy, 0.0, -0.9931801689408329, 0.11658967373939771, BFz, 0.0, -0.11658967373939781, -0.9931801689408336
Time, 0.204, Pos_X, -0.01158422484258824, Pos_Y, -0.014500201687523064, Pos_Z, -0.006293332690933021, BFx, 1.0, 0.0, 0.0,                             BFy, 0.0, -0.9925843387525789, 0.12155793048216225, BFz, 0.0, -0.12155793048216236, -0.9925843387525796
Time, 0.206, Pos_X, -0.01207943372446232, Pos_Y, -0.015173780761117249, Pos_Z, -0.006390721023742402, BFx, 1.0, 0.0, 0.0,                             BFy, 0.0, -0.9919728100919573, 0.12645135048020076, BFz, 0.0, -0.12645135048020087, -0.9919728100919579
Time, 0.208, Pos_X, -0.0125988372717364, Pos_Y, -0.015870400062095523, Pos_Z, -0.006490970533138535, BFx, 1.0, 0.0, 0.0,                             BFy, 0.0, -0.9913506396889081, 0.1312398917570181, BFz, 0.0, -0.13123989175701822, -0.9913506396889087
Time, 0.21, Pos_X, -0.013142980439010481, Pos_Y, -0.016590563016117502, Pos_Z, -0.00659451570161548, BFx, 1.0, 0.0, 0.0,                             BFy, 0.0, -0.9907231237685057, 0.13589588673089126, BFz, 0.0, -0.13589588673089137, -0.9907231237685062
Time, 0.212, Pos_X, -0.013712414912284561, Pos_Y, -0.017334781360222977, Pos_Z, -0.006701890177340965, BFx, 1.0, 0.0, 0.0,                             BFy, 0.0, -0.9900956345357799, 0.14039456710710663, BFz, 0.0, -0.14039456710710674, -0.9900956345357806
Time, 0.214, Pos_X, -0.014307700597558641, Pos_Y, -0.018103572401955963, Pos_Z, -0.0068137292861411266, BFx, 1.0, 0.0, 0.0,                             BFy, 0.0, -0.989473164411454, 0.14471647076122265, BFz, 0.0, -0.1447164707612228, -0.9894731644114549
Time, 0.216, Pos_X, -0.01492940587683272, Pos_Y, -0.018897455309506143, Pos_Z, -0.006930770001126718, BFx, 1.0, 0.0, 0.0,                             BFy, 0.0, -0.9888600885414742, 0.14884799390568879, BFz, 0.0, -0.14884799390568892, -0.9888600885414749
Time, 0.218, Pos_X, -0.015578108240706802, Pos_Y, -0.019716947219845033, Pos_Z, -0.007053848155658476, BFx, 1.0, 0.0, 0.0,                             BFy, 0.0, -0.9882598923415905, 0.15278214944485047, BFz, 0.0, -0.15278214944485063, -0.9882598923415911
Time, 0.22, Pos_X, -0.016254394055180883, Pos_Y, -0.020562559053152504, Pos_Z, -0.007183893190545634, BFx, 1.0, 0.0, 0.0,                             BFy, 0.0, -0.9876748124783159, 0.1565198543186279, BFz, 0.0, -0.15651985431862808, -0.9876748124783163
Time, 0.222, Pos_X, -0.016958856438854964, Pos_Y, -0.02143479097949476, Pos_Z, -0.007321920361559452, BFx, 1.0, 0.0, 0.0,                             BFy, 0.0, -0.987105646139951, 0.16007012013061978, BFz, 0.0, -0.16007012013061994, -0.9871056461399516
Time, 0.224, Pos_X, -0.017692091708729044, Pos_Y, -0.022334127167202737, Pos_Z, -0.007469021186022908, BFx, 1.0, 0.0, 0.0,                             BFy, 0.0, -0.9865516580654285, 0.16344976588651036, BFz, 0.0, -0.1634497658865105, -0.986551658065429
Time, 0.226, Pos_X, -0.018454695225603127, Pos_Y, -0.023261030572387997, Pos_Z, -0.007626352516710918, BFx, 1.0, 0.0, 0.0,                             BFy, 0.0, -0.9860106020446446, 0.16668261053738734, BFz, 0.0, -0.16668261053738745, -0.9860106020446451
Time, 0.228, Pos_X, -0.01924725663047721, Pos_Y, -0.024215938573143518, Pos_Z, -0.007795123721052355, BFx, 1.0, 0.0, 0.0,                             BFy, 0.0, -0.9854788481728858, 0.16979823262873875, BFz, 0.0, -0.1697982326287388, -0.9854788481728862
Time, 0.23, Pos_X, -0.02007035329535129, Pos_Y, -0.0251992567624835, Pos_Z, -0.007976581956528546, BFx, 1.0, 0.0, 0.0,                             BFy, 0.0, -0.9849515991322813, 0.17283040058613233, BFz, 0.0, -0.1728304005861324, -0.9849515991322817
Time, 0.232, Pos_X, -0.02092454333102537, Pos_Y, -0.02621135250653333, Pos_Z, -0.008171997111872244, BFx, 1.0, 0.0, 0.0,                             BFy, 0.0, -0.9844232218555325, 0.17581501719584136, BFz, 0.0, -0.17581501719584142, -0.9844232218555332
Time, 0.234, Pos_X, -0.02181035731349945, Pos_Y, -0.027252548646109934, Pos_Z, -0.00838264736151429, BFx, 1.0, 0.0, 0.0,                             BFy, 0.0, -0.9838876492488006, 0.17878784538013281, BFz, 0.0, -0.17878784538013287, -0.983887649248801
Time, 0.236, Pos_X, -0.022728288211973518, Pos_Y, -0.028323115417186653, Pos_Z, -0.008609802147024342, BFx, 1.0, 0.0, 0.0,                             BFy, 0.0, -0.9833387944211297, 0.18178232968690916, BFz, 0.0, -0.1817823296869092, -0.9833387944211303
Time, 0.238, Pos_X, -0.023678782512447597, Pos_Y, -0.02942326384763847, Pos_Z, -0.008854714563733011, BFx, 1.0, 0.0, 0.0,                             BFy, 0.0, -0.9827708853586243, 0.18482799271600286, BFz, 0.0, -0.1848279927160029, -0.9827708853586249
Time, 0.24, Pos_X, -0.02466223056492168, Pos_Y, -0.03055314075559302, Pos_Z, -0.009118618342794425, BFx, 1.0, 0.0, 0.0,                             BFy, 0.0, -0.9821787017147021, 0.18794945570025845, BFz, 0.0, -0.18794945570025848, -0.9821787017147027
Time, 0.242, Pos_X, -0.02567895407539576, Pos_Y, -0.03171282404137312, Pos_Z, -0.009402710023738667, BFx, 1.0, 0.0, 0.0,                             BFy, 0.0, -0.9815577539911701, 0.19116583266842122, BFz, 0.0, -0.19116583266842122, -0.9815577539911706
Time, 0.244, Pos_X, -0.02672919463986984, Pos_Y, -0.0329023145503422, Pos_Z, -0.009708135239570386, BFx, 1.0, 0.0, 0.0,                             BFy, 0.0, -0.9809043378016505, 0.19449082261614858, BFz, 0.0, -0.19449082261614864, -0.9809043378016513
Time, 0.246, Pos_X, -0.02781310541334392, Pos_Y, -0.03412152572090227, Pos_Z, -0.010035985217724974, BFx, 1.0, 0.0, 0.0,                             BFy, 0.0, -0.9802155313228071, 0.19793310019687946, BFz, 0.0, -0.19793310019687949, -0.9802155313228077
Time, 0.248, Pos_X, -0.028930743223818, Pos_Y, -0.03537027737317665, Pos_Z, -0.010387290649103686, BFx, 1.0, 0.0, 0.0,                             BFy, 0.0, -0.9794891316753948, 0.20149699980342617, BFz, 0.0, -0.20149699980342622, -0.9794891316753954
Time, 0.25, Pos_X, -0.030082059734292083, Pos_Y, -0.036648291031244146, Pos_Z, -0.010763016220979972, BFx, 1.0, 0.0, 0.0,                             BFy, 0.0, -0.9787235501078269, 0.20518336303007748, BFz, 0.0, -0.20518336303007753, -0.9787235501078275
Time, 0.252, Pos_X, -0.031266891658766165, Pos_Y, -0.03795518359790377, Pos_Z, -0.011164058471810297, BFx, 1.0, 0.0, 0.0,                             BFy, 0.0, -0.9779176192230388, 0.208990741453165, BFz, 0.0, -0.20899074145316507, -0.9779176192230394
Time, 0.254, Pos_X, -0.03248495150124025, Pos_Y, -0.03929046132714785, Pos_Z, -0.011591244252814959, BFx, 1.0, 0.0, 0.0,                             BFy, 0.0, -0.9770704415645108, 0.21291630332346995, BFz, 0.0, -0.21291630332347003, -0.9770704415645115
Time, 0.256, Pos_X, -0.03373582194371433, Pos_Y, -0.040653516534631444, Pos_Z, -0.012045328756640276, BFx, 1.0, 0.0, 0.0,                             BFy, 0.0, -0.9761812351572811, 0.21695666877698153, BFz, 0.0, -0.21695666877698164, -0.976181235157282
Time, 0.258, Pos_X, -0.03501895244758841, Pos_Y, -0.0420436269374873, Pos_Z, -0.012526994320940107, BFx, 1.0, 0.0, 0.0,                             BFy, 0.0, -0.975249253232552, 0.22110833107178404, BFz, 0.0, -0.22110833107178418, -0.9752492532325528
Time, 0.26, Pos_X, -0.03633365577986249, Pos_Y, -0.043459956015171164, Pos_Z, -0.013036849840038023, BFx, 1.0, 0.0, 0.0,                             BFy, 0.0, -0.9742736346787093, 0.225368331337695, BFz, 0.0, -0.22536833133769513, -0.9742736346787102
Time, 0.262, Pos_X, -0.03767910632113657, Pos_Y, -0.044901554591782585, Pos_Z, -0.013575431202404663, BFx, 1.0, 0.0, 0.0,                             BFy, 0.0, -0.9732531871352279, 0.22973513821599262, BFz, 0.0, -0.22973513821599278, -0.9732531871352288
Time, 0.264, Pos_X, -0.03905434199901065, Pos_Y, -0.04636736273255513, Pos_Z, -0.014143203332015401, BFx, 1.0, 0.0, 0.0,                             BFy, 0.0, -0.9721863330429003, 0.2342087398979785, BFz, 0.0, -0.2342087398979787, -0.9721863330429011
Time, 0.266, Pos_X, -0.04045826676348473, Pos_Y, -0.047856211195468484, Pos_Z, -0.014740561992819317, BFx, 1.0, 0.0, 0.0,                             BFy, 0.0, -0.9710710097439752, 0.23879090023452748, BFz, 0.0, -0.2387909002345277, -0.9710710097439761
Time, 0.268, Pos_X, -0.041889654595958815, Pos_Y, -0.049366824402000895, Pos_Z, -0.015367833304615518, BFx, 1.0, 0.0, 0.0,                             BFy, 0.0, -0.969904556490442, 0.24348542317575936, BFz, 0.0, -0.24348542317575958, -0.9699045564904428
Time, 0.27, Pos_X, -0.0433471620014329, Pos_Y, -0.05089782816651251, Pos_Z, -0.016025271804212978, BFx, 1.0, 0.0, 0.0,                             BFy, 0.0, -0.9686836082037754, 0.24829834312236937, BFz, 0.0, -0.24829834312236962, -0.9686836082037762
Time, 0.272, Pos_X, -0.04482933986290698, Pos_Y, -0.052447759307536694, Pos_Z, -0.016713058863708947, BFx, 1.0, 0.0, 0.0,                             BFy, 0.0, -0.9674039649664826, 0.25323816570005386, BFz, 0.0, -0.25323816570005414, -0.9674039649664834
Time, 0.274, Pos_X, -0.04633463892598106, Pos_Y, -0.054015072827516615, Pos_Z, -0.01743129883695798, BFx, 1.0, 0.0, 0.0,                             BFy, 0.0, -0.9660605388920658, 0.2583157664479098, BFz, 0.0, -0.25831576644791004, -0.9660605388920666
Time, 0.276, Pos_X, -0.04786142166885514, Pos_Y, -0.05559815114553982, Pos_Z, -0.018180011432210437, BFx, 1.0, 0.0, 0.0,                             BFy, 0.0, -0.964647288073266, 0.2635443219135892, BFz, 0.0, -0.2635443219135894, -0.9646472880732666
Time, 0.278, Pos_X, -0.04940797771752922, Pos_Y, -0.057195313506932174, Pos_Z, -0.018959127621926336, BFx, 1.0, 0.0, 0.0,                             BFy, 0.0, -0.9631572625038367, 0.2689388177376323, BFz, 0.0, -0.2689388177376325, -0.9631572625038373
Time, 0.28, Pos_X, -0.05097253607600331, Pos_Y, -0.05880482655558748, Pos_Z, -0.019768488198719104, BFx, 1.0, 0.0, 0.0,                             BFy, 0.0, -0.961582687106133, 0.27451545650062964, BFz, 0.0, -0.27451545650062986, -0.9615826871061335
Time, 0.282, Pos_X, -0.05255327960047734, Pos_Y, -0.060424920320524246, Pos_Z, -0.020607835673251647, BFx, 1.0, 0.0, 0.0,                             BFy, 0.0, -0.9599150312711704, 0.28029115708432234, BFz, 0.0, -0.28029115708432256, -0.9599150312711708
Time, 0.284, Pos_X, -0.054148367774751426, Pos_Y, -0.062053806366950647, Pos_Z, -0.021476801621711797, BFx, 1.0, 0.0, 0.0,                             BFy, 0.0, -0.9581451063794194, 0.28628299830966475, BFz, 0.0, -0.28628299830966497, -0.95814510637942
Time, 0.286, Pos_X, -0.05575595317582551, Pos_Y, -0.06368969342983936, Pos_Z, -0.022374898911065887, BFx, 1.0, 0.0, 0.0,                             BFy, 0.0, -0.9562632713041539, 0.292507360513678, BFz, 0.0, -0.29250736051367815, -0.9562632713041544
Time, 0.288, Pos_X, -0.05737419420229959, Pos_Y, -0.06533080264372781, Pos_Z, -0.02330151820008944, BFx, 1.0, 0.0, 0.0,                             BFy, 0.0, -0.9542598027766913, 0.2989786427231732, BFz, 0.0, -0.29897864272317337, -0.9542598027766919
Time, 0.29, Pos_X, -0.059001273935773674, Pos_Y, -0.06697538298686863, Pos_Z, -0.024255926477010116, BFx, 1.0, 0.0, 0.0,                             BFy, 0.0, -0.9521253138251502, 0.30570800901082057, BFz, 0.0, -0.30570800901082074, -0.9521253138251509
Time, 0.292, Pos_X, -0.060635415783647756, Pos_Y, -0.06862172340882629, Pos_Z, -0.025237268056700107, BFx, 1.0, 0.0, 0.0,                             BFy, 0.0, -0.9498511922078751, 0.31270227479389906, BFz, 0.0, -0.31270227479389917, -0.9498511922078757
Time, 0.294, Pos_X, -0.062274897664521836, Pos_Y, -0.07026816453397532, Pos_Z, -0.02624456621855978, BFx, 1.0, 0.0, 0.0,                             BFy, 0.0, -0.9474301173542995, 0.3199627677246514, BFz, 0.0, -0.3199627677246515, -0.9474301173543
Time, 0.296, Pos_X, -0.06391806557325592, Pos_Y, -0.07191311013584127, Pos_Z, -0.027276725373810415, BFx, 1.0, 0.0, 0.0,                             BFy, 0.0, -0.944856665575872, 0.3274841698721416, BFz, 0.0, -0.3274841698721417, -0.9448566655758728
Time, 0.298, Pos_X, -0.06556334678755, Pos_Y, -0.07355503722577768, Pos_Z, -0.02833253503498493, BFx, 1.0, 0.0, 0.0,                             BFy, 0.0, -0.9421281350337045, 0.3352530047261542, BFz, 0.0, -0.33525300472615444, -0.9421281350337053
Time, 0.3, Pos_X, -0.06720925833216009, Pos_Y, -0.07519250173831593, Pos_Z, -0.02941067706571247, BFx, 1.0, 0.0, 0.0,                             BFy, 0.0, -0.9392455495248122, 0.3432459725879304, BFz, 0.0, -0.3432459725879306, -0.939245549524813
Time, 0.302, Pos_X, -0.06885441009088616, Pos_Y, -0.07682414053524625, Pos_Z, -0.030509737335424992, BFx, 1.0, 0.0, 0.0,                             BFy, 0.0, -0.936214443552349, 0.3514292470526136, BFz, 0.0, -0.3514292470526138, -0.9362144435523496
Time, 0.304, Pos_X, -0.07049750817683224, Pos_Y, -0.07844867320190972, Pos_Z, -0.03162822140318013, BFx, 1.0, 0.0, 0.0,                             BFy, 0.0, -0.9330450588663771, 0.3597595281921527, BFz, 0.0, -0.3597595281921528, -0.9330450588663778
Time, 0.306, Pos_X, -0.07213735779199833, Pos_Y, -0.08006490113533195, Pos_Z, -0.03276457219058015, BFx, 1.0, 0.0, 0.0,                             BFy, 0.0, -0.9297529312927347, 0.3681840392420198, BFz, 0.0, -0.36818403924202, -0.9297529312927353
Time, 0.308, Pos_X, -0.0737728753336644, Pos_Y, -0.08167170835231885, Pos_Z, -0.033917187748484845, BFx, 1.0, 0.0, 0.0,                             BFy, 0.0, -0.9263593752916333, 0.3766408206890177, BFz, 0.0, -0.37664082068901794, -0.9263593752916338
Time, 0.31, Pos_X, -0.07540309709493048, Pos_Y, -0.08326805160844247, Pos_Z, -0.035084453119559655, BFx, 1.0, 0.0, 0.0,                             BFy, 0.0, -0.9228913303725182, 0.3850605047563893, BFz, 0.0, -0.3850605047563895, -0.9228913303725188
