Time, 0, Pos_X, 0.0, Pos_Y, 0.0, Pos_Z, 0.0, BFx, 1, 0, 0,                         BFy, 0, -1, 0, BFz, 0, 0, -1
Time, 0.0, Pos_X, 0.0, Pos_Y, 0.0, Pos_Z, 0.0, BFx, 1.0, 0.0, 0.0,                             BFy, 0.0, -1.0, 0.0, BFz, 0.0, 0.0, -1.0
Time, 0.002, Pos_X, -9.6979536e-08, Pos_Y, -1.254463903375518e-07, Pos_Z, 2.9879141716102075e-07, BFx, 1.0, 0.0, 0.0,                             BFy, 0.0, -0.9999996975072174, 0.0007778081215728762, BFz, 0.0, -0.0007778081215728762, -0.9999996975072174
Time, 0.004, Pos_X, -3.9033816799999996e-07, Pos_Y, -5.016065511818179e-07, Pos_Z, 1.1802778667918461e-06, BFx, 1.0, 0.0, 0.0,                             BFy, 0.0, -0.9999987967456588, 0.0015512921178000422, BFz, 0.0, -0.0015512921178000424, -0.9999987967456588
Time, 0.006, Pos_X, -8.8554038e-07, Pos_Y, -1.1284530138121343e-06, Pos_Z, 2.613990393193716e-06, BFx, 1.0, 0.0, 0.0,                             BFy, 0.0, -0.9999973075181419, 0.00232055089731736, BFz, 0.0, -0.00232055089731736, -0.9999973075181419
Time, 0.008, Pos_X, -1.589601572e-06, Pos_Y, -2.0066664033557542e-06, Pos_Z, 4.567798437331024e-06, BFx, 1.0, 0.0, 0.0,                             BFy, 0.0, -0.9999952386098682, 0.003085896562271526, BFz, 0.0, -0.003085896562271527, -0.9999952386098684
Time, 0.01, Pos_X, -2.5108633580000002e-06, Pos_Y, -3.1378054488621094e-06, Pos_Z, 7.007621450061997e-06, BFx, 1.0, 0.0, 0.0,                             BFy, 0.0, -0.9999925972779662, 0.003847777185296903, BFz, 0.0, -0.0038477771852969034, -0.9999925972779664
Time, 0.012, Pos_X, -3.658936644e-06, Pos_Y, -4.524579659038582e-06, Pos_Z, 9.897658388608057e-06, BFx, 1.0, 0.0, 0.0,                             BFy, 0.0, -0.999989387600315, 0.004607025802731093, BFz, 0.0, -0.004607025802731095, -0.9999893876003153
Time, 0.014, Pos_X, -5.045100256e-06, Pos_Y, -6.171323295121928e-06, Pos_Z, 1.3200659285440168e-05, BFx, 1.0, 0.0, 0.0,                             BFy, 0.0, -0.999985609360875, 0.00536479926555513, BFz, 0.0, -0.0053647992655551325, -0.9999856093608754
Time, 0.016, Pos_X, -6.682286128e-06, Pos_Y, -8.083975808085025e-06, Pos_Z, 1.6878357150416734e-05, BFx, 1.0, 0.0, 0.0,                             BFy, 0.0, -0.9999812565234055, 0.00612263030658725, BFz, 0.0, -0.006122630306587253, -0.9999812565234061
Time, 0.018, Pos_X, -8.585090079999998e-06, Pos_Y, -1.0270089575427142e-05, Pos_Z, 2.0892020143007795e-05, BFx, 1.0, 0.0, 0.0,                             BFy, 0.0, -0.9999763163850758, 0.0068823447265511815, BFz, 0.0, -0.006882344726551185, -0.9999763163850762
Time, 0.02, Pos_X, -1.076986604e-05, Pos_Y, -1.2739074881905792e-05, Pos_Z, 2.5202838835883923e-05, BFx, 1.0, 0.0, 0.0,                             BFy, 0.0, -0.9999707686679674, 0.0076460322778928, BFz, 0.0, -0.007646032277892803, -0.9999707686679679
Time, 0.022, Pos_X, -1.3254933647999997e-05, Pos_Y, -1.550224095663234e-05, Pos_Z, 2.9772431823409332e-05, BFx, 1.0, 0.0, 0.0,                             BFy, 0.0, -0.9999645861671318, 0.008415842892841476, BFz, 0.0, -0.008415842892841483, -0.9999645861671324
Time, 0.024, Pos_X, -1.6060228396e-05, Pos_Y, -1.8572669440069985e-05, Pos_Z, 3.456303351468689e-05, BFx, 1.0, 0.0, 0.0,                             BFy, 0.0, -0.9999577352338739, 0.009193897211838392, BFz, 0.0, -0.0091938972118384, -0.9999577352338744
Time, 0.026, Pos_X, -1.9207040744e-05, Pos_Y, -2.1965238975033197e-05, Pos_Z, 3.953781077976932e-05, BFx, 1.0, 0.0, 0.0,                             BFy, 0.0, -0.9999501774970483, 0.009982110178791526, BFz, 0.0, -0.009982110178791534, -0.9999501774970488
Time, 0.028, Pos_X, -2.2718172372000003e-05, Pos_Y, -2.5696789670256545e-05, Pos_Z, 4.466145919173777e-05, BFx, 1.0, 0.0, 0.0,                             BFy, 0.0, -0.9999418729470471, 0.010781963047230274, BFz, 0.0, -0.010781963047230282, -0.9999418729470476
Time, 0.03, Pos_X, -2.661782314e-05, Pos_Y, -2.978608742945001e-05, Pos_Z, 4.9900429316640845e-05, BFx, 1.0, 0.0, 0.0,                             BFy, 0.0, -0.9999327801479921, 0.011594618816827433, BFz, 0.0, -0.01159461881682744, -0.9999327801479926
Time, 0.032, Pos_X, -3.0931232028e-05, Pos_Y, -3.4253656695426884e-05, Pos_Z, 5.522321212426421e-05, BFx, 1.0, 0.0, 0.0,                             BFy, 0.0, -0.9999228614546022, 0.012420593401309436, BFz, 0.0, -0.012420593401309441, -0.9999228614546029
Time, 0.034, Pos_X, -3.5684278356000006e-05, Pos_Y, -3.912153924196037e-05, Pos_Z, 6.060110512087264e-05, BFx, 1.0, 0.0, 0.0,                             BFy, 0.0, -0.9999120843559184, 0.013259847623653072, BFz, 0.0, -0.013259847623653079, -0.9999120843559192
Time, 0.036, Pos_X, -4.090311314399999e-05, Pos_Y, -4.441317499866939e-05, Pos_Z, 6.600880574750237e-05, BFx, 1.0, 0.0, 0.0,                             BFy, 0.0, -0.9999004227583502, 0.014111859114673752, BFz, 0.0, -0.014111859114673761, -0.999900422758351
Time, 0.038, Pos_X, -4.6613654292e-05, Pos_Y, -5.015320089854228e-05, Pos_Z, 7.142482747748764e-05, BFx, 1.0, 0.0, 0.0,                             BFy, 0.0, -0.9998878586792012, 0.014975649098531699, BFz, 0.0, -0.01497564909853171, -0.9998878586792017
Time, 0.04, Pos_X, -5.2840964500000004e-05, Pos_Y, -5.636729753173051e-05, Pos_Z, 7.683199881242677e-05, BFx, 1.0, 0.0, 0.0,                             BFy, 0.0, -0.9998743826589028, 0.015849886513117157, BFz, 0.0, -0.015849886513117167, -0.9998743826589033
Time, 0.042, Pos_X, -5.960867630800001e-05, Pos_Y, -6.308189189792566e-05, Pos_Z, 8.221779801762464e-05, BFx, 1.0, 0.0, 0.0,                             BFy, 0.0, -0.9998599949623922, 0.016732915878759917, BFz, 0.0, -0.016732915878759923, -0.9998599949623926
Time, 0.044, Pos_X, -6.693841509599999e-05, Pos_Y, -7.03237911059815e-05, Pos_Z, 8.757462590414283e-05, BFx, 1.0, 0.0, 0.0,                             BFy, 0.0, -0.9998447048997294, 0.017622885234085933, BFz, 0.0, -0.017622885234085943, -0.9998447048997298
Time, 0.046, Pos_X, -7.484910740399999e-05, Pos_Y, -7.811991212874236e-05, Pos_Z, 9.289978347115595e-05, BFx, 1.0, 0.0, 0.0,                             BFy, 0.0, -0.9998285302434173, 0.018517832251337272, BFz, 0.0, -0.01851783225133728, -0.9998285302434177
Time, 0.048, Pos_X, -8.3356551592e-05, Pos_Y, -8.649684503693902e-05, Pos_Z, 9.819536434175232e-05, BFx, 1.0, 0.0, 0.0,                             BFy, 0.0, -0.999811496242147, 0.019415766326366084, BFz, 0.0, -0.01941576632636609, -0.9998114962421474
Time, 0.05, Pos_X, -9.247288536000001e-05, Pos_Y, -9.548048192906439e-05, Pos_Z, 0.00010346785668728196, BFx, 1.0, 0.0, 0.0,                             BFy, 0.0, -0.9997936355440099, 0.020314682515170927, BFz, 0.0, -0.020314682515170934, -0.9997936355440104
Time, 0.052, Pos_X, -0.000102205948208, Pos_Y, -0.00010509579081305722, Pos_Z, 0.00010872761745368168, BFx, 1.0, 0.0, 0.0,                             BFy, 0.0, -0.9997749856817357, 0.021212685004164088, BFz, 0.0, -0.021212685004164095, -0.9997749856817362
Time, 0.054, Pos_X, -0.000112558943036, Pos_Y, -0.00011536661277378699, Pos_Z, 0.00011398835105019093, BFx, 1.0, 0.0, 0.0,                             BFy, 0.0, -0.99975559002095, 0.022107922151632372, BFz, 0.0, -0.02210792215163238, -0.9997555900209506
Time, 0.056, Pos_X, -0.000123530456804, Pos_Y, -0.00012631590151823802, Pos_Z, 0.00011926622648797427, BFx, 1.0, 0.0, 0.0,                             BFy, 0.0, -0.9997354943108016, 0.022998726380776224, BFz, 0.0, -0.02299872638077623, -0.9997354943108021
Time, 0.058, Pos_X, -0.00013511459219200003, Pos_Y, -0.00013796583668823056, Pos_Z, 0.00012457919538057453, BFx, 1.0, 0.0, 0.0,                             BFy, 0.0, -0.9997147435536127, 0.023883708286924567, BFz, 0.0, -0.02388370828692458, -0.9997147435536132
Time, 0.06, Pos_X, -0.00014730102018, Pos_Y, -0.00015033767794697198, Pos_Z, 0.000129946428628757, BFx, 1.0, 0.0, 0.0,                             BFy, 0.0, -0.9996933824618951, 0.024761685360563966, BFz, 0.0, -0.02476168536056398, -0.9996933824618958
Time, 0.062, Pos_X, -0.000160075259848, Pos_Y, -0.00016345166025961028, Pos_Z, 0.0001353874119480071, BFx, 1.0, 0.0, 0.0,                             BFy, 0.0, -0.9996714511358985, 0.02563181195013977, BFz, 0.0, -0.025631811950139787, -0.9996714511358991
Time, 0.064, Pos_X, -0.000173419082456, Pos_Y, -0.00017732719161878572, Pos_Z, 0.0001409209285429979, BFx, 1.0, 0.0, 0.0,                             BFy, 0.0, -0.9996489792251664, 0.02649374141346254, BFz, 0.0, -0.02649374141346256, -0.9996489792251668
Time, 0.066, Pos_X, -0.000187311218444, Pos_Y, -0.00019198349258227012, Pos_Z, 0.0001465638223470267, BFx, 1.0, 0.0, 0.0,                             BFy, 0.0, -0.9996259857960801, 0.027347550552394354, BFz, 0.0, -0.02734755055239437, -0.9996259857960804
Time, 0.068, Pos_X, -0.00020172835167200004, Pos_Y, -0.000207440044839942, Pos_Z, 0.00015233006303291905, BFx, 1.0, 0.0, 0.0,                             BFy, 0.0, -0.9996024737589109, 0.02819387265110703, BFz, 0.0, -0.02819387265110705, -0.9996024737589112
Time, 0.07, Pos_X, -0.00021664601825000006, Pos_Y, -0.00022371710411505733, Pos_Z, 0.00015823023935229567, BFx, 1.0, 0.0, 0.0,                             BFy, 0.0, -0.9995784264763398, 0.029033933992584863, BFz, 0.0, -0.029033933992584877, -0.9995784264763401
Time, 0.072, Pos_X, -0.00023203960517799996, Pos_Y, -0.0002408363338594079, Pos_Z, 0.00016427095962575613, BFx, 1.0, 0.0, 0.0,                             BFy, 0.0, -0.9995538040772853, 0.029869595822990334, BFz, 0.0, -0.029869595822990345, -0.9995538040772857
Time, 0.074, Pos_X, -0.000247885561526, Pos_Y, -0.00025882136466177865, Pos_Z, 0.0001704541588564825, BFx, 1.0, 0.0, 0.0,                             BFy, 0.0, -0.9995285436301669, 0.030703264786636843, BFz, 0.0, -0.030703264786636857, -0.9995285436301671
Time, 0.076, Pos_X, -0.00026416242984400004, Pos_Y, -0.0002776984024340604, Pos_Z, 0.0001767764654197154, BFx, 1.0, 0.0, 0.0,                             BFy, 0.0, -0.9995025590785185, 0.03153782483770121, BFz, 0.0, -0.03153782483770123, -0.9995025590785188
Time, 0.078, Pos_X, -0.0002808520961040001, Pos_Y, -0.0002974965339663047, Pos_Z, 0.00018322904637537997, BFx, 1.0, 0.0, 0.0,                             BFy, 0.0, -0.9994757452144329, 0.03237645329641406, BFz, 0.0, -0.03237645329641407, -0.9994757452144334
Time, 0.08, Pos_X, -0.0002979411372660001, Pos_Y, -0.00031824846308532793, Pos_Z, 0.00018979752905950173, BFx, 1.0, 0.0, 0.0,                             BFy, 0.0, -0.9994479837603578, 0.033222398428717326, BFz, 0.0, -0.03322239842871735, -0.999447983760358
Time, 0.082, Pos_X, -0.0003154214094980001, Pos_Y, -0.00033999095144077944, Pos_Z, 0.00019646198402959247, BFx, 1.0, 0.0, 0.0,                             BFy, 0.0, -0.9994191501998362, 0.03407876485200494, BFz, 0.0, -0.03407876485200498, -0.9994191501998364
Time, 0.084, Pos_X, -0.0003332907618100001, Pos_Y, -0.0003627649146573197, Pos_Z, 0.0002031968629578721, BFx, 1.0, 0.0, 0.0,                             BFy, 0.0, -0.9993891211141555, 0.0349483132450899, BFz, 0.0, -0.034948313245089936, -0.9993891211141558
Time, 0.086, Pos_X, -0.00035155325850199997, Pos_Y, -0.00038661535064972295, Pos_Z, 0.00020997093781694866, BFx, 1.0, 0.0, 0.0,                             BFy, 0.0, -0.9993577847434302, 0.0358331979134523, BFz, 0.0, -0.03583319791345234, -0.9993577847434305
Time, 0.088, Pos_X, -0.00037021954829399997, Pos_Y, -0.0004115912251206895, Pos_Z, 0.00021674765286081236, BFx, 1.0, 0.0, 0.0,                             BFy, 0.0, -0.9993250463481957, 0.03673488452653, BFz, 0.0, -0.036734884526530044, -0.9993250463481961
Time, 0.09, Pos_X, -0.00038930735486599995, Pos_Y, -0.0004377454738057182, Pos_Z, 0.00022348593513422442, BFx, 1.0, 0.0, 0.0,                             BFy, 0.0, -0.9992908353998428, 0.03765403412497993, BFz, 0.0, -0.037654034124979974, -0.9992908353998431
Time, 0.092, Pos_X, -0.00040884115311799995, Pos_Y, -0.0004651348853406474, Pos_Z, 0.0002301409546930208, BFx, 1.0, 0.0, 0.0,                             BFy, 0.0, -0.9992551120438705, 0.0385904269760349, BFz, 0.0, -0.038590426976034944, -0.9992551120438709
Time, 0.094, Pos_X, -0.00042885188174999995, Pos_Y, -0.0004938199548564801, Pos_Z, 0.00023666455277506014, BFx, 1.0, 0.0, 0.0,                             BFy, 0.0, -0.999217868591182, 0.03954302831215249, BFz, 0.0, -0.03954302831215254, -0.9992178685911826
Time, 0.096, Pos_X, -0.000449376376202, Pos_Y, -0.0005238643490222554, Pos_Z, 0.00024300608050514501, BFx, 1.0, 0.0, 0.0,                             BFy, 0.0, -0.999179129789042, 0.04051008015312909, BFz, 0.0, -0.04051008015312914, -0.9991791297890424
Time, 0.098, Pos_X, -0.00047045655359399997, Pos_Y, -0.0005553344022816984, Pos_Z, 0.00024911308584197223, BFx, 1.0, 0.0, 0.0,                             BFy, 0.0, -0.9991389521456986, 0.04148920709287269, BFz, 0.0, -0.04148920709287274, -0.999138952145699
Time, 0.1, Pos_X, -0.000492138498866, Pos_Y, -0.0005882982490457836, Pos_Z, 0.00025493221863534754, BFx, 1.0, 0.0, 0.0,                             BFy, 0.0, -0.9990974203405585, 0.04247757842487687, BFz, 0.0, -0.04247757842487692, -0.9990974203405589
Time, 0.102, Pos_X, -0.0005144716311579998, Pos_Y, -0.0006228249778522961, Pos_Z, 0.00026041023904837656, BFx, 1.0, 0.0, 0.0,                             BFy, 0.0, -0.9990546402656106, 0.043472126285146566, BFz, 0.0, -0.043472126285146614, -0.9990546402656111
Time, 0.104, Pos_X, -0.0005375077647299998, Pos_Y, -0.0006589839666292867, Pos_Z, 0.0002654945862052333, BFx, 1.0, 0.0, 0.0,                             BFy, 0.0, -0.9990107311323031, 0.04446975469352072, BFz, 0.0, -0.044469754693520776, -0.9990107311323035
Time, 0.106, Pos_X, -0.0005612997125019998, Pos_Y, -0.0006968440226426592, Pos_Z, 0.00027013435671520024, BFx, 1.0, 0.0, 0.0,                             BFy, 0.0, -0.9989658221285421, 0.045467419313684074, BFz, 0.0, -0.04546741931368413, -0.9989658221285426
Time, 0.108, Pos_X, -0.0005859001439939999, Pos_Y, -0.0007364727264798923, Pos_Z, 0.00027428109047750724, BFx, 1.0, 0.0, 0.0,                             BFy, 0.0, -0.9989200375175065, 0.04646244339274733, BFz, 0.0, -0.04646244339274738, -0.9989200375175068
Time, 0.11, Pos_X, -0.0006113606940859999, Pos_Y, -0.0007779356135572553, Pos_Z, 0.0002778892444320576, BFx, 1.0, 0.0, 0.0,                             BFy, 0.0, -0.998873492479959, 0.04745256600954112, BFz, 0.0, -0.047452566009541175, -0.9988734924799594
Time, 0.112, Pos_X, -0.0006377307139779999, Pos_Y, -0.0008212954102410706, Pos_Z, 0.00028091677087534054, BFx, 1.0, 0.0, 0.0,                             BFy, 0.0, -0.9988262862511462, 0.04843603920371401, BFz, 0.0, -0.04843603920371406, -0.9988262862511464
Time, 0.114, Pos_X, -0.0006650560386899999, Pos_Y, -0.000866611304298525, Pos_Z, 0.0002833257126182466, BFx, 1.0, 0.0, 0.0,                             BFy, 0.0, -0.9987784945506752, 0.04941172758654445, BFz, 0.0, -0.049411727586544496, -0.9987784945506755
Time, 0.116, Pos_X, -0.0006933780465019999, Pos_Y, -0.0009139383878172772, Pos_Z, 0.00028508275305849315, BFx, 1.0, 0.0, 0.0,                             BFy, 0.0, -0.9987301693311531, 0.0503790518744288, BFz, 0.0, -0.05037905187442885, -0.9987301693311532
Time, 0.118, Pos_X, -0.0007227328758539997, Pos_Y, -0.0009633274726371926, Pos_Z, 0.0002861599401379137, BFx, 1.0, 0.0, 0.0,                             BFy, 0.0, -0.9986813407244385, 0.05133789719922179, BFz, 0.0, -0.05133789719922184, -0.9986813407244386
Time, 0.12, Pos_X, -0.0007531508605659997, Pos_Y, -0.0010148245786496125, Pos_Z, 0.00028653528769397827, BFx, 1.0, 0.0, 0.0,                             BFy, 0.0, -0.9986320139837085, 0.05228862827462347, BFz, 0.0, -0.05228862827462353, -0.9986320139837086
Time, 0.122, Pos_X, -0.0007846561483379998, Pos_Y, -0.0010684706221229564, Pos_Z, 0.0002861929352953984, BFx, 1.0, 0.0, 0.0,                             BFy, 0.0, -0.9985821725541709, 0.05323198903846792, BFz, 0.0, -0.05323198903846798, -0.9985821725541711
Time, 0.124, Pos_X, -0.0008172660360099998, Pos_Y, -0.001124301334727356, Pos_Z, 0.000285123471048975, BFx, 1.0, 0.0, 0.0,                             BFy, 0.0, -0.99853177601508, 0.05416910824602666, BFz, 0.0, -0.05416910824602672, -0.9985317760150803
Time, 0.126, Pos_X, -0.0008509907803419998, Pos_Y, -0.0011823476506877268, Pos_Z, 0.0002833240876551427, BFx, 1.0, 0.0, 0.0,                             BFy, 0.0, -0.9984807629382026, 0.05510141597404396, BFz, 0.0, -0.05510141597404402, -0.9984807629382028
Time, 0.128, Pos_X, -0.0008858338063939998, Pos_Y, -0.001242635883763092, Pos_Z, 0.00028079872629107553, BFx, 1.0, 0.0, 0.0,                             BFy, 0.0, -0.998429052393942, 0.056030592855464134, BFz, 0.0, -0.0560305928554642, -0.9984290523939421
Time, 0.13, Pos_X, -0.0009217917068059998, Pos_Y, -0.0013051878695231568, Pos_Z, 0.0002775584246907469, BFx, 1.0, 0.0, 0.0,                             BFy, 0.0, -0.9983765451996512, 0.05695852873107227, BFz, 0.0, -0.056958528731072315, -0.9983765451996515
Time, 0.132, Pos_X, -0.0009588542596179998, Pos_Y, -0.0013700215473909894, Pos_Z, 0.00027362172312841765, BFx, 1.0, 0.0, 0.0,                             BFy, 0.0, -0.9983231292288225, 0.0578872148817974, BFz, 0.0, -0.05788721488179744, -0.9983231292288226
Time, 0.134, Pos_X, -0.0009970050650699998, Pos_Y, -0.0014371516898771107, Pos_Z, 0.00026901550721299047, BFx, 1.0, 0.0, 0.0,                             BFy, 0.0, -0.9982686801416214, 0.0588187236201589, BFz, 0.0, -0.05881872362015895, -0.9982686801416215
Time, 0.136, Pos_X, -0.001036222088882, Pos_Y, -0.001506590313355852, Pos_Z, 0.00026377537467624256, BFx, 1.0, 0.0, 0.0,                             BFy, 0.0, -0.9982130668515486, 0.05975510996412798, BFz, 0.0, -0.05975510996412802, -0.9982130668515486
Time, 0.138, Pos_X, -0.001076477780254, Pos_Y, -0.0015783472434648437, Pos_Z, 0.00025794568535471594, BFx, 1.0, 0.0, 0.0,                             BFy, 0.0, -0.998156165320383, 0.06069818475792893, BFz, 0.0, -0.06069818475792898, -0.9981561653203831
Time, 0.14, Pos_X, -0.001117739699586, Pos_Y, -0.001652431084076879, Pos_Z, 0.0002515799121405207, BFx, 1.0, 0.0, 0.0,                             BFy, 0.0, -0.998097854283081, 0.06164960077331198, BFz, 0.0, -0.06164960077331203, -0.9980978542830812
Time, 0.142, Pos_X, -0.0011599712853579995, Pos_Y, -0.0017288498460419465, Pos_Z, 0.0002447403683005904, BFx, 1.0, 0.0, 0.0,                             BFy, 0.0, -0.9980380277365021, 0.06261066356326225, BFz, 0.0, -0.0626106635632623, -0.9980380277365023
Time, 0.144, Pos_X, -0.0012031324536099996, Pos_Y, -0.0018076115181750647, Pos_Z, 0.00023749746608207003, BFx, 1.0, 0.0, 0.0,                             BFy, 0.0, -0.9979765991663914, 0.06358228932873242, BFz, 0.0, -0.06358228932873246, -0.9979765991663916
Time, 0.146, Pos_X, -0.0012471802390619997, Pos_Y, -0.0018887246790662332, Pos_Z, 0.00022992931774501853, BFx, 1.0, 0.0, 0.0,                             BFy, 0.0, -0.9979135100039581, 0.06456490185525636, BFz, 0.0, -0.0645649018552564, -0.9979135100039582
Time, 0.148, Pos_X, -0.0012920695233539998, Pos_Y, -0.0019721991782078187, Pos_Z, 0.0002221210224944571, BFx, 1.0, 0.0, 0.0,                             BFy, 0.0, -0.9978487263951499, 0.06555851761271113, BFz, 0.0, -0.06555851761271116, -0.9978487263951498
Time, 0.15, Pos_X, -0.0013377538325459997, Pos_Y, -0.0020580466175741997, Pos_Z, 0.00021416392556187724, BFx, 1.0, 0.0, 0.0,                             BFy, 0.0, -0.9977822378245598, 0.06656279652938397, BFz, 0.0, -0.06656279652938402, -0.9977822378245599
Time, 0.152, Pos_X, -0.0013841860540179996, Pos_Y, -0.0021462807643947116, Pos_Z, 0.00020615493974418734, BFx, 1.0, 0.0, 0.0,                             BFy, 0.0, -0.997714057016694, 0.0675770703070765, BFz, 0.0, -0.06757707030707656, -0.9977140570166941
Time, 0.154, Pos_X, -0.0014313191495499997, Pos_Y, -0.002236918292722763, Pos_Z, 0.0001981956722622388, BFx, 1.0, 0.0, 0.0,                             BFy, 0.0, -0.9976442199395023, 0.06860036750120391, BFz, 0.0, -0.06860036750120396, -0.9976442199395025
Time, 0.156, Pos_X, -0.0014791068843219997, Pos_Y, -0.0023299793574851776, Pos_Z, 0.0001903917675871261, BFx, 1.0, 0.0, 0.0,                             BFy, 0.0, -0.9975727809402729, 0.06963150671275369, BFz, 0.0, -0.06963150671275374, -0.9975727809402731
Time, 0.158, Pos_X, -0.0015275042480739998, Pos_Y, -0.002425487915465467, Pos_Z, 0.00018285181553134538, BFx, 1.0, 0.0, 0.0,                             BFy, 0.0, -0.9974998022615946, 0.07066926126738464, BFz, 0.0, -0.07066926126738471, -0.9974998022615948
Time, 0.16, Pos_X, -0.0015764680653459998, Pos_Y, -0.0025234720065433172, Pos_Z, 0.0001756864893058726, BFx, 1.0, 0.0, 0.0,                             BFy, 0.0, -0.9974253469861077, 0.07171246188523278, BFz, 0.0, -0.07171246188523286, -0.997425346986108
Time, 0.162, Pos_X, -0.001625957453058, Pos_Y, -0.0026239637652529873, Pos_Z, 0.00016900758723429937, BFx, 1.0, 0.0, 0.0,                             BFy, 0.0, -0.9973494782604199, 0.07276000421706012, BFz, 0.0, -0.07276000421706022, -0.9973494782604202
Time, 0.164, Pos_X, -0.001675934288858, Pos_Y, -0.0027269994118149093, Pos_Z, 0.0001629267445366773, BFx, 1.0, 0.0, 0.0,                             BFy, 0.0, -0.9972722485378545, 0.0738109903486595, BFz, 0.0, -0.0738109903486596, -0.9972722485378548
Time, 0.166, Pos_X, -0.001726363664646, Pos_Y, -0.002832619148033782, Pos_Z, 0.00015755422474549198, BFx, 1.0, 0.0, 0.0,                             BFy, 0.0, -0.9971936967619707, 0.0748647523083677, BFz, 0.0, -0.07486475230836778, -0.997193696761971
Time, 0.168, Pos_X, -0.001777213968914, Pos_Y, -0.002940866989227787, Pos_Z, 0.00015299790599173106, BFx, 1.0, 0.0, 0.0,                             BFy, 0.0, -0.9971138394975706, 0.07592095285500029, BFz, 0.0, -0.07592095285500038, -0.9971138394975709
Time, 0.17, Pos_X, -0.001828457045262, Pos_Y, -0.003051790603427464, Pos_Z, 0.00014936227571833523, BFx, 1.0, 0.0, 0.0,                             BFy, 0.0, -0.9970326653460188, 0.07697963518367905, BFz, 0.0, -0.07697963518367912, -0.997032665346019
Time, 0.172, Pos_X, -0.0018800682805499994, Pos_Y, -0.0031654412465995274, Pos_Z, 0.0001467471589163215, BFx, 1.0, 0.0, 0.0,                             BFy, 0.0, -0.9969501314966513, 0.07804124107680312, BFz, 0.0, -0.0780412410768032, -0.9969501314966517
Time, 0.174, Pos_X, -0.0019320267193879994, Pos_Y, -0.003281873383036385, Pos_Z, 0.00014524663626383892, BFx, 1.0, 0.0, 0.0,                             BFy, 0.0, -0.9968661606718476, 0.0791066223989374, BFz, 0.0, -0.0791066223989375, -0.996866160671848
Time, 0.176, Pos_X, -0.0019843149315959996, Pos_Y, -0.003401144082636894, Pos_Z, 0.00014494834130213436, BFx, 1.0, 0.0, 0.0,                             BFy, 0.0, -0.9967806420968081, 0.08017700132252943, BFz, 0.0, -0.08017700132252951, -0.9967806420968084
Time, 0.178, Pos_X, -0.0020369187057039996, Pos_Y, -0.0035233125099823153, Pos_Z, 0.00014593266739992155, BFx, 1.0, 0.0, 0.0,                             BFy, 0.0, -0.9966934409098829, 0.08125382973876398, BFz, 0.0, -0.08125382973876406, -0.996693440909883
Time, 0.18, Pos_X, -0.0020898268725719994, Pos_Y, -0.0036484394691823387, Pos_Z, 0.00014827179184921045, BFx, 1.0, 0.0, 0.0,                             BFy, 0.0, -0.9966043970292557, 0.08233878686227684, BFz, 0.0, -0.08233878686227691, -0.9966043970292559
Time, 0.182, Pos_X, -0.0021430306981999993, Pos_Y, -0.0037765868526636634, Pos_Z, 0.000152029034364, BFx, 1.0, 0.0, 0.0,                             BFy, 0.0, -0.9965133285777749, 0.08343372200041096, BFz, 0.0, -0.08343372200041103, -0.996513328577775
Time, 0.184, Pos_X, -0.0021965231957279995, Pos_Y, -0.003907817047023644, Pos_Z, 0.0001572583485929519, BFx, 1.0, 0.0, 0.0,                             BFy, 0.0, -0.9964200416336201, 0.08454052655888222, BFz, 0.0, -0.08454052655888228, -0.9964200416336202
Time, 0.186, Pos_X, -0.0022502985974559996, Pos_Y, -0.004042192568799623, Pos_Z, 0.00016400378193784804, BFx, 1.0, 0.0, 0.0,                             BFy, 0.0, -0.9963243336210829, 0.08566108938428967, BFz, 0.0, -0.08566108938428971, -0.9963243336210831
Time, 0.188, Pos_X, -0.0023043515868939996, Pos_Y, -0.004179775564670164, Pos_Z, 0.00017229895315850466, BFx, 1.0, 0.0, 0.0,                             BFy, 0.0, -0.9962259962694966, 0.08679726007684496, BFz, 0.0, -0.086797260076845, -0.9962259962694966
Time, 0.19, Pos_X, -0.0023586768477219995, Pos_Y, -0.0043206271956084735, Pos_Z, 0.00018216695812408142, BFx, 1.0, 0.0, 0.0,                             BFy, 0.0, -0.9961248230868855, 0.08795076366990393, BFz, 0.0, -0.08795076366990395, -0.9961248230868855
Time, 0.192, Pos_X, -0.0024132686638499994, Pos_Y, -0.004464807431898972, Pos_Z, 0.00019362056726783162, BFx, 1.0, 0.0, 0.0,                             BFy, 0.0, -0.9960206070214235, 0.0891232314757143, BFz, 0.0, -0.08912323147571433, -0.9960206070214234
Time, 0.194, Pos_X, -0.0024681205006479995, Pos_Y, -0.0046123748203681725, Pos_Z, 0.00020666277459199393, BFx, 1.0, 0.0, 0.0,                             BFy, 0.0, -0.9959131596520366, 0.09031599211598938, BFz, 0.0, -0.09031599211598942, -0.9959131596520366
Time, 0.196, Pos_X, -0.0025232243553619995, Pos_Y, -0.004763386211413476, Pos_Z, 0.0002212873733974934, BFx, 1.0, 0.0, 0.0,                             BFy, 0.0, -0.9958023048125608, 0.09153015748915953, BFz, 0.0, -0.0915301574891596, -0.9958023048125608
Time, 0.198, Pos_X, -0.0025785696546019995, Pos_Y, -0.004917896574966501, Pos_Z, 0.0002374792423735217, BFx, 1.0, 0.0, 0.0,                             BFy, 0.0, -0.9956878767691326, 0.0927666537877443, BFz, 0.0, -0.09276665378774437, -0.9956878767691326
Time, 0.2, Pos_X, -0.0026341425922619998, Pos_Y, -0.005075958728114264, Pos_Z, 0.0002552143712804405, BFx, 1.0, 0.0, 0.0,                             BFy, 0.0, -0.9955697275191999, 0.09402615406015989, BFz, 0.0, -0.09402615406015997, -0.9955697275192
Time, 0.202, Pos_X, -0.002689925779942, Pos_Y, -0.005237623237720154, Pos_Z, 0.00027446026410347235, BFx, 1.0, 0.0, 0.0,                             BFy, 0.0, -0.9954477415869173, 0.09530893856037367, BFz, 0.0, -0.09530893856037376, -0.9954477415869174
Time, 0.204, Pos_X, -0.0027458975989219994, Pos_Y, -0.005402938280834196, Pos_Z, 0.0002951769177446065, BFx, 1.0, 0.0, 0.0,                             BFy, 0.0, -0.995321828368973, 0.09661499869194254, BFz, 0.0, -0.09661499869194261, -0.9953218283689731
Time, 0.206, Pos_X, -0.0028020315509419995, Pos_Y, -0.005571949719263232, Pos_Z, 0.000317317662881159, BFx, 1.0, 0.0, 0.0,                             BFy, 0.0, -0.995191928630244, 0.09794399006174473, BFz, 0.0, -0.0979439900617448, -0.995191928630244
Time, 0.208, Pos_X, -0.0028582960311719996, Pos_Y, -0.005744701229153881, Pos_Z, 0.00034083008308850724, BFx, 1.0, 0.0, 0.0,                             BFy, 0.0, -0.995058006559536, 0.09929533514602919, BFz, 0.0, -0.09929533514602926, -0.995058006559536
Time, 0.21, Pos_X, -0.0029146541216879996, Pos_Y, -0.005921234578571689, Pos_Z, 0.0003656568750811731, BFx, 1.0, 0.0, 0.0,                             BFy, 0.0, -0.9949200551330273, 0.10066818710046477, BFz, 0.0, -0.10066818710046484, -0.9949200551330273
Time, 0.212, Pos_X, -0.0029710633566253997, Pos_Y, -0.006101589865560889, Pos_Z, 0.00039173668035011094, BFx, 1.0, 0.0, 0.0,                             BFy, 0.0, -0.9947780945876542, 0.10206146446409933, BFz, 0.0, -0.1020614644640994, -0.9947780945876542
Time, 0.214, Pos_X, -0.0030274756674602, Pos_Y, -0.0062858056663976924, Pos_Z, 0.00041900527576771017, BFx, 1.0, 0.0, 0.0,                             BFy, 0.0, -0.9946321545606425, 0.10347404077378479, BFz, 0.0, -0.10347404077378487, -0.9946321545606426
Time, 0.216, Pos_X, -0.003083837534227, Pos_Y, -0.006473919448046222, Pos_Z, 0.0004473966086205474, BFx, 1.0, 0.0, 0.0,                             BFy, 0.0, -0.9944822707843284, 0.10490478109050445, BFz, 0.0, -0.10490478109050455, -0.9944822707843285
Time, 0.218, Pos_X, -0.0031400899521418003, Pos_Y, -0.006665967943303065, Pos_Z, 0.00047684383460856484, BFx, 1.0, 0.0, 0.0,                             BFy, 0.0, -0.994328487058741, 0.10635252617345634, BFz, 0.0, -0.10635252617345645, -0.9943284870587411
Time, 0.22, Pos_X, -0.0031961682882526003, Pos_Y, -0.006861987558224656, Pos_Z, 0.0005072804876200423, BFx, 1.0, 0.0, 0.0,                             BFy, 0.0, -0.9941708402821274, 0.10781623408712308, BFz, 0.0, -0.10781623408712318, -0.9941708402821275
Time, 0.222, Pos_X, -0.0032520026705314003, Pos_Y, -0.007062014956304397, Pos_Z, 0.0005386414246817371, BFx, 1.0, 0.0, 0.0,                             BFy, 0.0, -0.9940093585723204, 0.1092949910592649, BFz, 0.0, -0.109294991059265, -0.9940093585723205
Time, 0.224, Pos_X, -0.0033075183235822003, Pos_Y, -0.007266087682179571, Pos_Z, 0.0005708636359582598, BFx, 1.0, 0.0, 0.0,                             BFy, 0.0, -0.993844050989223, 0.11078809644240155, BFz, 0.0, -0.11078809644240167, -0.9938440509892232
Time, 0.226, Pos_X, -0.0033626358249450004, Pos_Y, -0.007474244387299022, Pos_Z, 0.0006038868273592405, BFx, 1.0, 0.0, 0.0,                             BFy, 0.0, -0.9936748911582588, 0.11229519438347557, BFz, 0.0, -0.11229519438347568, -0.993674891158259
Time, 0.228, Pos_X, -0.0034172717404478007, Pos_Y, -0.007686525192210355, Pos_Z, 0.0006376540595449636, BFx, 1.0, 0.0, 0.0,                             BFy, 0.0, -0.9935018261502245, 0.11381617387774533, BFz, 0.0, -0.11381617387774544, -0.9935018261502249
Time, 0.23, Pos_X, -0.003471339421150601, Pos_Y, -0.007902972188291064, Pos_Z, 0.0006721125052531436, BFx, 1.0, 0.0, 0.0,                             BFy, 0.0, -0.9933247652680247, 0.11535124925731778, BFz, 0.0, -0.11535124925731788, -0.9933247652680248
Time, 0.232, Pos_X, -0.003524749270553401, Pos_Y, -0.00812362966701778, Pos_Z, 0.0007072140339826918, BFx, 1.0, 0.0, 0.0,                             BFy, 0.0, -0.9931435888650885, 0.1169008635390351, BFz, 0.0, -0.11690086353903517, -0.9931435888650888
Time, 0.234, Pos_X, -0.0035774096151562013, Pos_Y, -0.00834854461166768, Pos_Z, 0.0007429157916373946, BFx, 1.0, 0.0, 0.0,                             BFy, 0.0, -0.9929581592329684, 0.11846558155293616, BFz, 0.0, -0.11846558155293624, -0.9929581592329685
Time, 0.236, Pos_X, -0.0036292276757990006, Pos_Y, -0.008577767045336873, Pos_Z, 0.0007791805801419642, BFx, 1.0, 0.0, 0.0,                             BFy, 0.0, -0.9927683394403923, 0.12004592539843398, BFz, 0.0, -0.12004592539843408, -0.9927683394403924
Time, 0.238, Pos_X, -0.0036801097899818004, Pos_Y, -0.008811350504111987, Pos_Z, 0.0008159767779763129, BFx, 1.0, 0.0, 0.0,                             BFy, 0.0, -0.9925739923859173, 0.12164238422146187, BFz, 0.0, -0.12164238422146197, -0.9925739923859174
Time, 0.24, Pos_X, -0.0037299626324446005, Pos_Y, -0.00904935259311861, Pos_Z, 0.0008532784358697496, BFx, 1.0, 0.0, 0.0,                             BFy, 0.0, -0.9923750166653904, 0.12325512686443015, BFz, 0.0, -0.12325512686443026, -0.9923750166653906
Time, 0.242, Pos_X, -0.0037786943027274004, Pos_Y, -0.009291835022171504, Pos_Z, 0.00089106527698379, BFx, 1.0, 0.0, 0.0,                             BFy, 0.0, -0.9921713710389829, 0.12488382797874642, BFz, 0.0, -0.12488382797874653, -0.9921713710389832
Time, 0.244, Pos_X, -0.0038262150597702005, Pos_Y, -0.0095388638413334, Pos_Z, 0.0009293219981011357, BFx, 1.0, 0.0, 0.0,                             BFy, 0.0, -0.9919630769992387, 0.126527680252988, BFz, 0.0, -0.12652768025298808, -0.991963076999239
Time, 0.246, Pos_X, -0.0038724384873130005, Pos_Y, -0.009790509665541791, Pos_Z, 0.0009680377201292438, BFx, 1.0, 0.0, 0.0,                             BFy, 0.0, -0.9917502423092507, 0.12818524439085116, BFz, 0.0, -0.12818524439085127, -0.991750242309251
Time, 0.248, Pos_X, -0.003917282247315801, Pos_Y, -0.010046847457395506, Pos_Z, 0.0010072056496886312, BFx, 1.0, 0.0, 0.0,                             BFy, 0.0, -0.9915330503113516, 0.12985457304333206, BFz, 0.0, -0.1298545730433322, -0.991533050311352
Time, 0.25, Pos_X, -0.003960668995118601, Pos_Y, -0.010307956390840655, Pos_Z, 0.0010468223869465022, BFx, 1.0, 0.0, 0.0,                             BFy, 0.0, -0.9913117731385984, 0.13153314577249053, BFz, 0.0, -0.13153314577249062, -0.9913117731385989
Time, 0.252, Pos_X, -0.004002527556581401, Pos_Y, -0.01057392012879603, Pos_Z, 0.0010868875525775208, BFx, 1.0, 0.0, 0.0,                             BFy, 0.0, -0.991086764589914, 0.13321796070611278, BFz, 0.0, -0.1332179607061129, -0.9910867645899144
Time, 0.254, Pos_X, -0.0040427935253042014, Pos_Y, -0.010844826821704758, Pos_Z, 0.0011274034361105007, BFx, 1.0, 0.0, 0.0,                             BFy, 0.0, -0.9908584239793756, 0.13490583245029394, BFz, 0.0, -0.13490583245029408, -0.990858423979376
Time, 0.256, Pos_X, -0.004081410069467001, Pos_Y, -0.01112076875511331, Pos_Z, 0.0011683743042836083, BFx, 1.0, 0.0, 0.0,                             BFy, 0.0, -0.9906271669262127, 0.13659361678989426, BFz, 0.0, -0.1365936167898944, -0.990627166926213
Time, 0.258, Pos_X, -0.004118328775629802, Pos_Y, -0.011401842126496163, Pos_Z, 0.0012098057684030638, BFx, 1.0, 0.0, 0.0,                             BFy, 0.0, -0.9903934212013876, 0.13827823849402315, BFz, 0.0, -0.1382782384940233, -0.990393421201388
Time, 0.26, Pos_X, -0.004153509616872602, Pos_Y, -0.011688146698457838, Pos_Z, 0.0012517040162721195, BFx, 1.0, 0.0, 0.0,                             BFy, 0.0, -0.9901575999740316, 0.13995687626431544, BFz, 0.0, -0.13995687626431555, -0.990157599974032
Time, 0.262, Pos_X, -0.004186921288435402, Pos_Y, -0.011979785432232423, Pos_Z, 0.0012940749702012564, BFx, 1.0, 0.0, 0.0,                             BFy, 0.0, -0.9899200769457807, 0.1416271204948375, BFz, 0.0, -0.1416271204948376, -0.9899200769457809
Time, 0.264, Pos_X, -0.004218541565058202, Pos_Y, -0.012276863609116409, Pos_Z, 0.0013369235630206228, BFx, 1.0, 0.0, 0.0,                             BFy, 0.0, -0.9896811653642522, 0.1432870926610463, BFz, 0.0, -0.1432870926610464, -0.9896811653642525
Time, 0.266, Pos_X, -0.004248357139741002, Pos_Y, -0.012579488114033085, Pos_Z, 0.0013802531084800844, BFx, 1.0, 0.0, 0.0,                             BFy, 0.0, -0.9894411214683322, 0.1449353895619991, BFz, 0.0, -0.14493538956199922, -0.9894411214683326
Time, 0.268, Pos_X, -0.004276363516623802, Pos_Y, -0.012887766977381943, Pos_Z, 0.0014240650918392222, BFx, 1.0, 0.0, 0.0,                             BFy, 0.0, -0.9892001446385706, 0.1465710539193537, BFz, 0.0, -0.14657105391935385, -0.9892001446385712
Time, 0.27, Pos_X, -0.004302564607106602, Pos_Y, -0.013201808594466732, Pos_Z, 0.0014683591126837675, BFx, 1.0, 0.0, 0.0,                             BFy, 0.0, -0.9889583687236776, 0.14819360624332523, BFz, 0.0, -0.1481936062433254, -0.9889583687236783
Time, 0.272, Pos_X, -0.004326972190389402, Pos_Y, -0.013521721060582503, Pos_Z, 0.0015131325526562998, BFx, 1.0, 0.0, 0.0,                             BFy, 0.0, -0.9887158668448357, 0.1498029861159781, BFz, 0.0, -0.14980298611597825, -0.9887158668448364
Time, 0.274, Pos_X, -0.004349605146232202, Pos_Y, -0.013847611681377256, Pos_Z, 0.0015583806066421112, BFx, 1.0, 0.0, 0.0,                             BFy, 0.0, -0.9884726628058234, 0.15139945470695715, BFz, 0.0, -0.15139945470695737, -0.9884726628058241
Time, 0.276, Pos_X, -0.004370488587375002, Pos_Y, -0.014179586101236602, Pos_Z, 0.001604096540500147, BFx, 1.0, 0.0, 0.0,                             BFy, 0.0, -0.9882287387813653, 0.15298352802374246, BFz, 0.0, -0.15298352802374268, -0.9882287387813662
Time, 0.278, Pos_X, -0.004389653084197803, Pos_Y, -0.01451774757695724, Pos_Z, 0.0016502718153481746, BFx, 1.0, 0.0, 0.0,                             BFy, 0.0, -0.9879840523514107, 0.15455585494986632, BFz, 0.0, -0.15455585494986648, -0.9879840523514115
Time, 0.28, Pos_X, -0.004407133601020603, Pos_Y, -0.014862196615336392, Pos_Z, 0.0016968962113821954, BFx, 1.0, 0.0, 0.0,                             BFy, 0.0, -0.9877385605491815, 0.1561170586586545, BFz, 0.0, -0.15611705865865466, -0.9877385605491823
Time, 0.282, Pos_X, -0.004422968515243402, Pos_Y, -0.015213030336176495, Pos_Z, 0.0017439580499308425, BFx, 1.0, 0.0, 0.0,                             BFy, 0.0, -0.9874922273324716, 0.15766769154761273, BFz, 0.0, -0.15766769154761295, -0.9874922273324723
Time, 0.284, Pos_X, -0.004437198357906202, Pos_Y, -0.015570342026019634, Pos_Z, 0.001791444607292839, BFx, 1.0, 0.0, 0.0,                             BFy, 0.0, -0.9872450287178737, 0.1592082073005158, BFz, 0.0, -0.15920820730051602, -0.9872450287178743
Time, 0.286, Pos_X, -0.004449864583929002, Pos_Y, -0.015934220672466505, Pos_Z, 0.0018393422014919107, BFx, 1.0, 0.0, 0.0,                             BFy, 0.0, -0.9869969644594032, 0.16073889432219676, BFz, 0.0, -0.16073889432219698, -0.986996964459404
Time, 0.288, Pos_X, -0.004461008721411802, Pos_Y, -0.016304750856593865, Pos_Z, 0.0018876361919274475, BFx, 1.0, 0.0, 0.0,                             BFy, 0.0, -0.9867480735493623, 0.1622597896788389, BFz, 0.0, -0.16225978967883914, -0.9867480735493631
Time, 0.29, Pos_X, -0.004470671070594602, Pos_Y, -0.016682012493549548, Pos_Z, 0.0019363112455509392, BFx, 1.0, 0.0, 0.0,                             BFy, 0.0, -0.9864984205459398, 0.1637707735231323, BFz, 0.0, -0.16377077352313257, -0.9864984205459405
Time, 0.292, Pos_X, -0.004478889914237402, Pos_Y, -0.017066080448344643, Pos_Z, 0.0019853515094931965, BFx, 1.0, 0.0, 0.0,                             BFy, 0.0, -0.9862481012926476, 0.16527154230733737, BFz, 0.0, -0.16527154230733768, -0.9862481012926484
Time, 0.294, Pos_X, -0.0044857008362002015, Pos_Y, -0.017457024900590288, Pos_Z, 0.002034740736177719, BFx, 1.0, 0.0, 0.0,                             BFy, 0.0, -0.985997222182945, 0.1667617397591982, BFz, 0.0, -0.1667617397591985, -0.9859972221829458
Time, 0.296, Pos_X, -0.004491135864803001, Pos_Y, -0.017854911567856794, Pos_Z, 0.0020844626148840005, BFx, 1.0, 0.0, 0.0,                             BFy, 0.0, -0.9857458769155589, 0.16824109528879663, BFz, 0.0, -0.16824109528879694, -0.9857458769155598
Time, 0.298, Pos_X, -0.004495222848285801, Pos_Y, -0.018259802017826187, Pos_Z, 0.0021345012275700544, BFx, 1.0, 0.0, 0.0,                             BFy, 0.0, -0.9854941540888218, 0.16970937586578985, BFz, 0.0, -0.16970937586579013, -0.9854941540888226
Time, 0.3, Pos_X, -0.004497984660768601, Pos_Y, -0.018671754054474868, Pos_Z, 0.002184840894515638, BFx, 1.0, 0.0, 0.0,                             BFy, 0.0, -0.9852421083857172, 0.17116655007233392, BFz, 0.0, -0.1711665500723342, -0.985242108385718
Time, 0.302, Pos_X, -0.004499438827571402, Pos_Y, -0.019090822030693778, Pos_Z, 0.002235465480907304, BFx, 1.0, 0.0, 0.0,                             BFy, 0.0, -0.984989759877891, 0.17261278323372523, BFz, 0.0, -0.1726127832337255, -0.9849897598778916
Time, 0.304, Pos_X, -0.004499597071494201, Pos_Y, -0.01951705738849512, Pos_Z, 0.0022863580567989905, BFx, 1.0, 0.0, 0.0,                             BFy, 0.0, -0.9847370812585573, 0.1740485012701217, BFz, 0.0, -0.17404850127012197, -0.9847370812585581
Time, 0.306, Pos_X, -0.004498465262017001, Pos_Y, -0.019950509361458486, Pos_Z, 0.0023375008652109543, BFx, 1.0, 0.0, 0.0,                             BFy, 0.0, -0.9844840026065795, 0.1754743531451993, BFz, 0.0, -0.1754743531451996, -0.9844840026065804
Time, 0.308, Pos_X, -0.004496043859179801, Pos_Y, -0.020391225731306452, Pos_Z, 0.002388875404196094, BFx, 1.0, 0.0, 0.0,                             BFy, 0.0, -0.9842304205537419, 0.17689115087138352, BFz, 0.0, -0.17689115087138382, -0.9842304205537428
Time, 0.31, Pos_X, -0.004492327866242601, Pos_Y, -0.020839253537985054, Pos_Z, 0.00244046275369823, BFx, 1.0, 0.0, 0.0,                             BFy, 0.0, -0.9839762186900971, 0.1782997505672287, BFz, 0.0, -0.17829975056722897, -0.9839762186900982
