Time, 0, Pos_X, 0.0, Pos_Y, 0.0, Pos_Z, 0.0, BFx, 1, 0, 0,                         BFy, 0, -1, 0, BFz, 0, 0, -1
Time, 0.0, Pos_X, 0.0, Pos_Y, 0.0, Pos_Z, 0.0, BFx, 1.0, 0.0, 0.0,                             BFy, 0.0, -1.0, 0.0, BFz, 0.0, 0.0, -1.0
Time, 0.002, Pos_X, 1.2706607999999999e-06, Pos_Y, 6.756328106718075e-07, Pos_Z, -1.2255977359749458e-06, BFx, 1.0, 0.0, 0.0,                             BFy, 0.0, -0.9999999343893688, 0.00036224474807763094, BFz, 0.0, -0.00036224474807763094, -0.999999934389369
Time, 0.004, Pos_X, 5.0949107999999995e-06, Pos_Y, 2.680965322523446e-06, Pos_Z, -4.886139223262707e-06, BFx, 1.0, 0.0, 0.0,                             BFy, 0.0, -0.9999997329259069, 0.0007308543729359034, BFz, 0.0, -0.0007308543729359034, -0.9999997329259072
Time, 0.006, Pos_X, 1.149735428e-05, Pos_Y, 5.971044068256213e-06, Pos_Z, -1.0948621687453447e-05, BFx, 1.0, 0.0, 0.0,                             BFy, 0.0, -0.9999993876145032, 0.001106693552092251, BFz, 0.0, -0.001106693552092251, -0.9999993876145035
Time, 0.008, Pos_X, 2.0502716140000004e-05, Pos_Y, 1.0497435471852491e-05, Pos_Z, -1.9379266309702055e-05, BFx, 1.0, 0.0, 0.0,                             BFy, 0.0, -0.999998888876291, 0.001490720021874968, BFz, 0.0, -0.001490720021874968, -0.9999988888762911
Time, 0.01, Pos_X, 3.213564540000001e-05, Pos_Y, 1.620836493009255e-05, Pos_Z, -3.0143478707315727e-05, BFx, 1.0, 0.0, 0.0,                             BFy, 0.0, -0.9999982252059554, 0.0018840342194083048, BFz, 0.0, -0.0018840342194083048, -0.9999982252059555
Time, 0.012, Pos_X, 4.642047556000001e-05, Pos_Y, 2.3048566297493375e-05, Pos_Z, -4.3205884282001834e-05, BFx, 1.0, 0.0, 0.0,                             BFy, 0.0, -0.9999973827495312, 0.002287901677993998, BFz, 0.0, -0.002287901677993998, -0.9999973827495312
Time, 0.014, Pos_X, 6.338095152e-05, Pos_Y, 3.095894200606168e-05, Pos_Z, -5.853108657029336e-05, BFx, 1.0, 0.0, 0.0,                             BFy, 0.0, -0.9999963450746122, 0.0027036711000898036, BFz, 0.0, -0.002703671100089804, -0.9999963450746122
Time, 0.016, Pos_X, 8.303983878000001e-05, Pos_Y, 3.9876277870011786e-05, Pos_Z, -7.608417761138737e-05, BFx, 1.0, 0.0, 0.0,                             BFy, 0.0, -0.9999950925522654, 0.0031328695131921424, BFz, 0.0, -0.0031328695131921424, -0.9999950925522653
Time, 0.018, Pos_X, 0.00010541858673999998, Pos_Y, 4.973312858365543e-05, Pos_Z, -9.583085079471548e-05, BFx, 1.0, 0.0, 0.0,                             BFy, 0.0, -0.9999936018838448, 0.0035771764529169913, BFz, 0.0, -0.003577176452916991, -0.9999936018838446
Time, 0.02, Pos_X, 0.00013053717022, Pos_Y, 6.045792389534824e-05, Pos_Z, -0.00011773762564540622, BFx, 1.0, 0.0, 0.0,                             BFy, 0.0, -0.9999918457467278, 0.0040383709653309795, BFz, 0.0, -0.004038370965330978, -0.9999918457467276
Time, 0.022, Pos_X, 0.00015841396822, Pos_Y, 7.197496025495312e-05, Pos_Z, -0.0001417721483816034, BFx, 1.0, 0.0, 0.0,                             BFy, 0.0, -0.999989792425993, 0.0045183009883066555, BFz, 0.0, -0.004518300988306652, -0.9999897924259924
Time, 0.024, Pos_X, 0.00018906524888, Pos_Y, 8.42039138536777e-05, Pos_Z, -0.00016790354025171596, BFx, 1.0, 0.0, 0.0,                             BFy, 0.0, -0.9999874057247385, 0.0050188038324948765, BFz, 0.0, -0.005018803832494873, -0.9999874057247378
Time, 0.026, Pos_X, 0.00022250469059999998, Pos_Y, 9.705969740728007e-05, Pos_Z, -0.0001961028085081171, BFx, 1.0, 0.0, 0.0,                             BFy, 0.0, -0.9999846447666421, 0.005541681237222919, BFz, 0.0, -0.005541681237222916, -0.9999846447666413
Time, 0.028, Pos_X, 0.00025874323632, Pos_Y, 0.00011045251807446394, Pos_Z, -0.0002263432932947697, BFx, 1.0, 0.0, 0.0,                             BFy, 0.0, -0.9999814617475248, 0.006089019731125954, BFz, 0.0, -0.006089019731125951, -0.999981461747524
Time, 0.03, Pos_X, 0.00029778880913999996, Pos_Y, 0.0001242878920478549, Pos_Z, -0.00025860089328166126, BFx, 1.0, 0.0, 0.0,                             BFy, 0.0, -0.9999778081358647, 0.006662074436278959, BFz, 0.0, -0.006662074436278954, -0.9999778081358639
Time, 0.032, Pos_X, 0.00033964622916, Pos_Y, 0.0001384667357192999, Pos_Z, -0.0002928543723092829, BFx, 1.0, 0.0, 0.0,                             BFy, 0.0, -0.9999736334199648, 0.007261712255154432, BFz, 0.0, -0.007261712255154427, -0.9999736334199639
Time, 0.034, Pos_X, 0.00038431717828000004, Pos_Y, 0.00015288542976155567, Pos_Z, -0.00032908570866783715, BFx, 1.0, 0.0, 0.0,                             BFy, 0.0, -0.9999688866278694, 0.00788833165011579, BFz, 0.0, -0.007888331650115784, -0.9999688866278685
Time, 0.036, Pos_X, 0.0004318000473999999, Pos_Y, 0.00016743608359926483, Pos_Z, -0.00036728013160162185, BFx, 1.0, 0.0, 0.0,                             BFy, 0.0, -0.999963518474514, 0.008541763288299186, BFz, 0.0, -0.008541763288299177, -0.999963518474513
Time, 0.038, Pos_X, 0.00048208998411999995, Pos_Y, 0.00018200669084891236, Pos_Z, -0.0004074264021553249, BFx, 1.0, 0.0, 0.0,                             BFy, 0.0, -0.9999574838746577, 0.009221195316612217, BFz, 0.0, -0.009221195316612207, -0.9999574838746567
Time, 0.04, Pos_X, 0.0005351789951199999, Pos_Y, 0.0001964813230431001, Pos_Z, -0.00044951679726499394, BFx, 1.0, 0.0, 0.0,                             BFy, 0.0, -0.999950744264727, 0.00992517226157016, BFz, 0.0, -0.009925172261570149, -0.9999507442647261
Time, 0.042, Pos_X, 0.0005910563635, Pos_Y, 0.00021074053560877676, Pos_Z, -0.0004935469051275613, BFx, 1.0, 0.0, 0.0,                             BFy, 0.0, -0.9999432689872074, 0.010651704426102346, BFz, 0.0, -0.01065170442610233, -0.9999432689872064
Time, 0.044, Pos_X, 0.0006497092090599998, Pos_Y, 0.0002246617831649787, Pos_Z, -0.0005395158639429568, BFx, 1.0, 0.0, 0.0,                             BFy, 0.0, -0.9999350378765761, 0.01139824665348433, BFz, 0.0, -0.011398246653484314, -0.9999350378765753
Time, 0.046, Pos_X, 0.0007111228408999998, Pos_Y, 0.0002381196566050252, Pos_Z, -0.0005874264502562048, BFx, 1.0, 0.0, 0.0,                             BFy, 0.0, -0.9999260409778189, 0.01216193136094597, BFz, 0.0, -0.012161931360945955, -0.9999260409778182
Time, 0.048, Pos_X, 0.0007752812981399998, Pos_Y, 0.00025098599190059737, Pos_Z, -0.0006372850188040108, BFx, 1.0, 0.0, 0.0,                             BFy, 0.0, -0.999916277538569, 0.012939780269154644, BFz, 0.0, -0.012939780269154629, -0.9999162775385685
Time, 0.05, Pos_X, 0.0008421681301799999, Pos_Y, 0.00026313032552543407, Pos_Z, -0.0006891015003071167, BFx, 1.0, 0.0, 0.0,                             BFy, 0.0, -0.9999057562658531, 0.013728750358841411, BFz, 0.0, -0.013728750358841395, -0.9999057562658525
Time, 0.052, Pos_X, 0.0009117672742199997, Pos_Y, 0.00027442052622940943, Pos_Z, -0.0007428892117247838, BFx, 1.0, 0.0, 0.0,                             BFy, 0.0, -0.9998944920703728, 0.01452600176698133, BFz, 0.0, -0.014526001766981312, -0.9998944920703722
Time, 0.054, Pos_X, 0.0009840638604599998, Pos_Y, 0.0002847231860261118, Pos_Z, -0.00079866449845701, BFx, 1.0, 0.0, 0.0,                             BFy, 0.0, -0.9998825019999422, 0.015329128949116467, BFz, 0.0, -0.015329128949116448, -0.9998825019999414
Time, 0.056, Pos_X, 0.00105904520624, Pos_Y, 0.0002939028310534773, Pos_Z, -0.0008564462280646644, BFx, 1.0, 0.0, 0.0,                             BFy, 0.0, -0.9998698039065241, 0.01613614687376585, BFz, 0.0, -0.01613614687376583, -0.9998698039065234
Time, 0.058, Pos_X, 0.00113670181256, Pos_Y, 0.0003018225201709497, Pos_Z, -0.0009162550112061434, BFx, 1.0, 0.0, 0.0,                             BFy, 0.0, -0.9998564115219246, 0.01694568790290114, BFz, 0.0, -0.01694568790290112, -0.9998564115219238
Time, 0.06, Pos_X, 0.0012170279498799996, Pos_Y, 0.0003083456038482884, Pos_Z, -0.000978112627663386, BFx, 1.0, 0.0, 0.0,                             BFy, 0.0, -0.9998423325249483, 0.017756973026772652, BFz, 0.0, -0.01775697302677263, -0.9998423325249474
Time, 0.062, Pos_X, 0.0013000223359999996, Pos_Y, 0.00031333585750931755, Pos_Z, -0.0010420417686006214, BFx, 1.0, 0.0, 0.0,                             BFy, 0.0, -0.9998275651124262, 0.018569869179939465, BFz, 0.0, -0.018569869179939438, -0.9998275651124253
Time, 0.064, Pos_X, 0.0013856889483199997, Pos_Y, 0.00031665756583299545, Pos_Z, -0.001108065784017377, BFx, 1.0, 0.0, 0.0,                             BFy, 0.0, -0.9998120963711365, 0.01938483814625707, BFz, 0.0, -0.019384838146257043, -0.9998120963711356
Time, 0.066, Pos_X, 0.0014740375251599998, Pos_Y, 0.00031817567124386146, Pos_Z, -0.0011762083447340442, BFx, 1.0, 0.0, 0.0,                             BFy, 0.0, -0.9997959020861779, 0.020202825834245767, BFz, 0.0, -0.02020282583424574, -0.999795902086177
Time, 0.068, Pos_X, 0.0015650839321999998, Pos_Y, 0.0003177561258068526, Pos_Z, -0.0012464930664032488, BFx, 1.0, 0.0, 0.0,                             BFy, 0.0, -0.9997789439011396, 0.02102530218390524, BFz, 0.0, -0.021025302183905206, -0.9997789439011389
Time, 0.07, Pos_X, 0.00165885026142, Pos_Y, 0.0003152658404237519, Pos_Z, -0.0013189428075902417, BFx, 1.0, 0.0, 0.0,                             BFy, 0.0, -0.9997611717975007, 0.021854046904199054, BFz, 0.0, -0.021854046904199016, -0.9997611717975
Time, 0.072, Pos_X, 0.0017553648327399993, Pos_Y, 0.00031057208412491104, Pos_Z, -0.0013935790318133528, BFx, 1.0, 0.0, 0.0,                             BFy, 0.0, -0.9997425247241647, 0.022691061194995126, BFz, 0.0, -0.022691061194995085, -0.9997425247241641
Time, 0.074, Pos_X, 0.0018546624136599992, Pos_Y, 0.0003035425240288019, Pos_Z, -0.0014704212122810987, BFx, 1.0, 0.0, 0.0,                             BFy, 0.0, -0.9997229291850493, 0.02353858240563271, BFz, 0.0, -0.02353858240563267, -0.9997229291850488
Time, 0.076, Pos_X, 0.0019567839066999995, Pos_Y, 0.00029404485163240585, Pos_Z, -0.0015494862172413723, BFx, 1.0, 0.0, 0.0,                             BFy, 0.0, -0.9997023016616825, 0.02439893547546883, BFz, 0.0, -0.02439893547546879, -0.999702301661682
Time, 0.078, Pos_X, 0.0020617757399599996, Pos_Y, 0.0002819460375636783, Pos_Z, -0.001630787771282222, BFx, 1.0, 0.0, 0.0,                             BFy, 0.0, -0.9996805499854376, 0.02527445312591785, BFz, 0.0, -0.025274453125917813, -0.9996805499854371
Time, 0.08, Pos_X, 0.00216968930612, Pos_Y, 0.00026711204010265716, Pos_Z, -0.0017143357701502604, BFx, 1.0, 0.0, 0.0,                             BFy, 0.0, -0.9996575759247063, 0.026167363190460924, BFz, 0.0, -0.02616736319046089, -0.9996575759247058
Time, 0.082, Pos_X, 0.0022805803269399997, Pos_Y, 0.0002494072083026645, Pos_Z, -0.001800136133543001, BFx, 1.0, 0.0, 0.0,                             BFy, 0.0, -0.9996332775511027, 0.027079704807126435, BFz, 0.0, -0.027079704807126407, -0.9996332775511023
Time, 0.084, Pos_X, 0.0023945082622199997, Pos_Y, 0.00022869369218848784, Pos_Z, -0.001888190583029953, BFx, 1.0, 0.0, 0.0,                             BFy, 0.0, -0.9996075475875995, 0.02801340403995909, BFz, 0.0, -0.028013404039959063, -0.9996075475875991
Time, 0.086, Pos_X, 0.002511535385579999, Pos_Y, 0.0002048311748156228, Pos_Z, -0.0019784963183466235, BFx, 1.0, 0.0, 0.0,                             BFy, 0.0, -0.999580278373728, 0.02897010677062792, BFz, 0.0, -0.02897010677062789, -0.9995802783737276
Time, 0.088, Pos_X, 0.002631725842019999, Pos_Y, 0.00017767627573225524, Pos_Z, -0.0020710462983923403, BFx, 1.0, 0.0, 0.0,                             BFy, 0.0, -0.9995513643765263, 0.029951126406638287, BFz, 0.0, -0.029951126406638252, -0.9995513643765258
Time, 0.09, Pos_X, 0.0027551447874599993, Pos_Y, 0.00014708185678837467, Pos_Z, -0.0021658293344342656, BFx, 1.0, 0.0, 0.0,                             BFy, 0.0, -0.9995207035100837, 0.030957442638380427, BFz, 0.0, -0.030957442638380392, -0.9995207035100833
Time, 0.092, Pos_X, 0.0028818573041799996, Pos_Y, 0.00011289665596839557, Pos_Z, -0.0022628300280769934, BFx, 1.0, 0.0, 0.0,                             BFy, 0.0, -0.9994881987198412, 0.031989695524794616, BFz, 0.0, -0.03198969552479458, -0.9994881987198406
Time, 0.094, Pos_X, 0.0030119273423799995, Pos_Y, 7.496518567257607e-05, Pos_Z, -0.00236202910420234, BFx, 1.0, 0.0, 0.0,                             BFy, 0.0, -0.9994537578598441, 0.03304823595651994, BFz, 0.0, -0.03304823595651991, -0.9994537578598436
Time, 0.096, Pos_X, 0.0031454166763799996, Pos_Y, 3.3127481585465486e-05, Pos_Z, -0.002463403792759294, BFx, 1.0, 0.0, 0.0,                             BFy, 0.0, -0.9994172958322817, 0.034133104038327824, BFz, 0.0, -0.03413310403832779, -0.9994172958322812
Time, 0.098, Pos_X, 0.0032823841855799995, Pos_Y, -1.278129222040247e-05, Pos_Z, -0.0025669284293414196, BFx, 1.0, 0.0, 0.0,                             BFy, 0.0, -0.9993787338229648, 0.03524409712859188, BFz, 0.0, -0.03524409712859185, -0.9993787338229643
Time, 0.1, Pos_X, 0.0034228849639799997, Pos_Y, -6.293121041974056e-05, Pos_Z, -0.0026725750907489894, BFx, 1.0, 0.0, 0.0,                             BFy, 0.0, -0.9993380015148027, 0.03638074667185822, BFz, 0.0, -0.036380746671858186, -0.9993380015148021
Time, 0.102, Pos_X, 0.003566969254259999, Pos_Y, -0.00011749774735938128, Pos_Z, -0.002780314378270741, BFx, 1.0, 0.0, 0.0,                             BFy, 0.0, -0.9992950370158892, 0.03754236267756915, BFz, 0.0, -0.037542362677569115, -0.9992950370158888
Time, 0.104, Pos_X, 0.003714682051919999, Pos_Y, -0.00017666148651774742, Pos_Z, -0.0028901162857580685, BFx, 1.0, 0.0, 0.0,                             BFy, 0.0, -0.9992497867019772, 0.03872807477857208, BFz, 0.0, -0.038728074778572055, -0.999249786701977
Time, 0.106, Pos_X, 0.003866062391079999, Pos_Y, -0.00024060814282983467, Pos_Z, -0.003001950874257817, BFx, 1.0, 0.0, 0.0,                             BFy, 0.0, -0.9992022095987675, 0.03993675416132847, BFz, 0.0, -0.039936754161328455, -0.9992022095987673
Time, 0.108, Pos_X, 0.004021142403839999, Pos_Y, -0.0003095285885141888, Pos_Z, -0.0031157887620067554, BFx, 1.0, 0.0, 0.0,                             BFy, 0.0, -0.9991522777509937, 0.041167048291112306, BFz, 0.0, -0.041167048291112285, -0.9991522777509935
Time, 0.11, Pos_X, 0.004179947534479999, Pos_Y, -0.00038361827211670245, Pos_Z, -0.003231601438514569, BFx, 1.0, 0.0, 0.0,                             BFy, 0.0, -0.9990999746836693, 0.042417456160089705, BFz, 0.0, -0.04241745616008968, -0.9990999746836691
Time, 0.112, Pos_X, 0.0043424965015199995, Pos_Y, -0.00046307684237420276, Pos_Z, -0.00334936164060642, BFx, 1.0, 0.0, 0.0,                             BFy, 0.0, -0.9990452976898867, 0.043686304074931175, BFz, 0.0, -0.04368630407493115, -0.9990452976898864
Time, 0.114, Pos_X, 0.00450880108068, Pos_Y, -0.000548107684172606, Pos_Z, -0.0034690433492063793, BFx, 1.0, 0.0, 0.0,                             BFy, 0.0, -0.9989882571095334, 0.044971792906863456, BFz, 0.0, -0.04497179290686343, -0.9989882571095333
Time, 0.116, Pos_X, 0.00467886620938, Pos_Y, -0.000638917584543487, Pos_Z, -0.003590621628175523, BFx, 1.0, 0.0, 0.0,                             BFy, 0.0, -0.9989288764584326, 0.046272019379904696, BFz, 0.0, -0.046272019379904654, -0.9989288764584325
Time, 0.118, Pos_X, 0.004852689978739998, Pos_Y, -0.0007357166662580569, Pos_Z, -0.0037140727965482906, BFx, 1.0, 0.0, 0.0,                             BFy, 0.0, -0.9988671907679061, 0.04758503133793381, BFz, 0.0, -0.04758503133793377, -0.9988671907679059
Time, 0.12, Pos_X, 0.005030263767419998, Pos_Y, -0.000838717905567799, Pos_Z, -0.0038393745024210505, BFx, 1.0, 0.0, 0.0,                             BFy, 0.0, -0.9988032455501151, 0.048908860941109356, BFz, 0.0, -0.048908860941109314, -0.998803245550115
Time, 0.122, Pos_X, 0.005211572738039998, Pos_Y, -0.0009481364967536664, Pos_Z, -0.003966505543375487, BFx, 1.0, 0.0, 0.0,                             BFy, 0.0, -0.9987370978649476, 0.050241510211205355, BFz, 0.0, -0.05024151021120531, -0.9987370978649475
Time, 0.124, Pos_X, 0.005396596413539998, Pos_Y, -0.0010641892583520168, Pos_Z, -0.004095445272497921, BFx, 1.0, 0.0, 0.0,                             BFy, 0.0, -0.9986688119025722, 0.051581044319653095, BFz, 0.0, -0.05158104431965306, -0.998668811902572
Time, 0.126, Pos_X, 0.0055853091592599985, Pos_Y, -0.001187094298392954, Pos_Z, -0.004226173258020368, BFx, 1.0, 0.0, 0.0,                             BFy, 0.0, -0.9985984595241033, 0.05292557638882352, BFz, 0.0, -0.05292557638882348, -0.9985984595241031
Time, 0.128, Pos_X, 0.005777680926659999, Pos_Y, -0.0013170707546764097, Pos_Z, -0.004358669322031508, BFx, 1.0, 0.0, 0.0,                             BFy, 0.0, -0.9985261226411722, 0.05427321994490797, BFz, 0.0, -0.054273219944907934, -0.998526122641172
Time, 0.13, Pos_X, 0.005973677985599999, Pos_Y, -0.0014543383529563487, Pos_Z, -0.004492913154586676, BFx, 1.0, 0.0, 0.0,                             BFy, 0.0, -0.9984518870320822, 0.055622201341511024, BFz, 0.0, -0.05562220134151099, -0.9984518870320819
Time, 0.132, Pos_X, 0.0061732638034799996, Pos_Y, -0.0015991168615327165, Pos_Z, -0.004628883727953148, BFx, 1.0, 0.0, 0.0,                             BFy, 0.0, -0.9983758459859563, 0.05697078331765602, BFz, 0.0, -0.05697078331765598, -0.998375845985956
Time, 0.134, Pos_X, 0.00637639992124, Pos_Y, -0.0017516253804559167, Pos_Z, -0.004766558849422264, BFx, 1.0, 0.0, 0.0,                             BFy, 0.0, -0.9982981008490885, 0.05831725165938248, BFz, 0.0, -0.05831725165938243, -0.9982981008490883
Time, 0.136, Pos_X, 0.00658304655208, Pos_Y, -0.0019120818891828256, Pos_Z, -0.004905914842588895, BFx, 1.0, 0.0, 0.0,                             BFy, 0.0, -0.9982187536492941, 0.05966003572618926, BFz, 0.0, -0.05966003572618921, -0.998218753649294
Time, 0.138, Pos_X, 0.0067931630642200005, Pos_Y, -0.0020807032246604944, Pos_Z, -0.005046926086370605, BFx, 1.0, 0.0, 0.0,                             BFy, 0.0, -0.998137908645053, 0.060997666559306274, BFz, 0.0, -0.06099766655930623, -0.9981379086450529
Time, 0.14, Pos_X, 0.00700670856286, Pos_Y, -0.002257705027261343, Pos_Z, -0.005189564830949964, BFx, 1.0, 0.0, 0.0,                             BFy, 0.0, -0.9980556579494951, 0.062328995138706385, BFz, 0.0, -0.06232899513870634, -0.9980556579494948
Time, 0.142, Pos_X, 0.007223642508899997, Pos_Y, -0.0024433013126770975, Pos_Z, -0.005333800552200727, BFx, 1.0, 0.0, 0.0,                             BFy, 0.0, -0.9979720811971969, 0.06365316292955116, BFz, 0.0, -0.06365316292955112, -0.9979720811971965
Time, 0.144, Pos_X, 0.007443925319139997, Pos_Y, -0.0026377040701595095, Pos_Z, -0.00547959931271681, BFx, 1.0, 0.0, 0.0,                             BFy, 0.0, -0.9978872328951588, 0.06496976546705097, BFz, 0.0, -0.06496976546705094, -0.9978872328951583
Time, 0.146, Pos_X, 0.0076675186999799975, Pos_Y, -0.0028411233311642302, Pos_Z, -0.00562692369199877, BFx, 1.0, 0.0, 0.0,                             BFy, 0.0, -0.9978011324997293, 0.06627895580241126, BFz, 0.0, -0.06627895580241125, -0.9978011324997288
Time, 0.148, Pos_X, 0.007894385461219998, Pos_Y, -0.0030537675111190817, Pos_Z, -0.005775732187380282, BFx, 1.0, 0.0, 0.0,                             BFy, 0.0, -0.9977137568418052, 0.06758150197066717, BFz, 0.0, -0.06758150197066716, -0.9977137568418047
Time, 0.15, Pos_X, 0.008124489493059998, Pos_Y, -0.00327584356191561, Pos_Z, -0.0059259790724841815, BFx, 1.0, 0.0, 0.0,                             BFy, 0.0, -0.9976250342757123, 0.06887881377016168, BFz, 0.0, -0.06887881377016167, -0.9976250342757115
Time, 0.152, Pos_X, 0.008357795740099998, Pos_Y, -0.0035075566640833536, Pos_Z, -0.006077614569956596, BFx, 1.0, 0.0, 0.0,                             BFy, 0.0, -0.9975348433253979, 0.07017290325884114, BFz, 0.0, -0.07017290325884112, -0.9975348433253971
Time, 0.154, Pos_X, 0.008594269744599998, Pos_Y, -0.0037491101955414033, Pos_Z, -0.006230584749802088, BFx, 1.0, 0.0, 0.0,                             BFy, 0.0, -0.9974430132439003, 0.07146632305449352, BFz, 0.0, -0.07146632305449352, -0.9974430132438995
Time, 0.156, Pos_X, 0.008833876876759999, Pos_Y, -0.004000705993915537, Pos_Z, -0.006384831580175951, BFx, 1.0, 0.0, 0.0,                             BFy, 0.0, -0.997349333864919, 0.07276198347490878, BFz, 0.0, -0.07276198347490877, -0.9973493338649182
Time, 0.158, Pos_X, 0.009076581733219999, Pos_Y, -0.004262544204782014, Pos_Z, -0.006540292996489631, BFx, 1.0, 0.0, 0.0,                             BFy, 0.0, -0.997253563914316, 0.0740630087168744, BFz, 0.0, -0.07406300871687438, -0.9972535639143153
Time, 0.16, Pos_X, 0.00932234745138, Pos_Y, -0.0045348234021544255, Pos_Z, -0.006696903053665047, BFx, 1.0, 0.0, 0.0,                             BFy, 0.0, -0.9971554429450465, 0.07537255870055098, BFz, 0.0, -0.07537255870055097, -0.997155442945046
Time, 0.162, Pos_X, 0.00957113423554, Pos_Y, -0.004817740953430671, Pos_Z, -0.006854592527957284, BFx, 1.0, 0.0, 0.0,                             BFy, 0.0, -0.9970547121301506, 0.07669355265641857, BFz, 0.0, -0.07669355265641854, -0.9970547121301501
Time, 0.164, Pos_X, 0.0098228979813, Pos_Y, -0.005111493177875457, Pos_Z, -0.007013289495587446, BFx, 1.0, 0.0, 0.0,                             BFy, 0.0, -0.9969511253960165, 0.07802854331343487, BFz, 0.0, -0.07802854331343484, -0.9969511253960158
Time, 0.166, Pos_X, 0.0100775886722, Pos_Y, -0.005416275847560931, Pos_Z, -0.007172919591573747, BFx, 1.0, 0.0, 0.0,                             BFy, 0.0, -0.9968444627750092, 0.07937957567790423, BFz, 0.0, -0.07937957567790419, -0.9968444627750085
Time, 0.168, Pos_X, 0.0103351485197, Pos_Y, -0.005732284205926023, Pos_Z, -0.0073334064433195935, BFx, 1.0, 0.0, 0.0,                             BFy, 0.0, -0.9967345457124659, 0.08074803640563107, BFz, 0.0, -0.08074803640563102, -0.9967345457124652
Time, 0.17, Pos_X, 0.01059551014456, Pos_Y, -0.006059713026151101, Pos_Z, -0.007494672192475961, BFx, 1.0, 0.0, 0.0,                             BFy, 0.0, -0.9966212377688205, 0.0821346968591529, BFz, 0.0, -0.08213469685915287, -0.9966212377688198
Time, 0.172, Pos_X, 0.010858594317319996, Pos_Y, -0.006398757571823373, Pos_Z, -0.0076566381757333015, BFx, 1.0, 0.0, 0.0,                             BFy, 0.0, -0.9965044495991022, 0.0835397027118903, BFz, 0.0, -0.08353970271189025, -0.9965044495991017
Time, 0.174, Pos_X, 0.011124308170959996, Pos_Y, -0.006749614179999875, Pos_Z, -0.007819225709765823, BFx, 1.0, 0.0, 0.0,                             BFy, 0.0, -0.9963841341601721, 0.08496268118347443, BFz, 0.0, -0.08496268118347437, -0.9963841341601716
Time, 0.176, Pos_X, 0.011392544061479996, Pos_Y, -0.007112480396048726, Pos_Z, -0.00798235650404603, BFx, 1.0, 0.0, 0.0,                             BFy, 0.0, -0.9962602740789649, 0.08640292988149549, BFz, 0.0, -0.08640292988149544, -0.9962602740789643
Time, 0.178, Pos_X, 0.011663178084999996, Pos_Y, -0.007487555301075347, Pos_Z, -0.008145952789894108, BFx, 1.0, 0.0, 0.0,                             BFy, 0.0, -0.9961328716712989, 0.08785955825004006, BFz, 0.0, -0.08785955825004, -0.9961328716712984
Time, 0.18, Pos_X, 0.011936068371999996, Pos_Y, -0.007875039555382848, Pos_Z, -0.008309937728567484, BFx, 1.0, 0.0, 0.0,                             BFy, 0.0, -0.9960019327531291, 0.08933168503969947, BFz, 0.0, -0.08933168503969942, -0.9960019327531284
Time, 0.182, Pos_X, 0.012211053773279997, Pos_Y, -0.008275135198708811, Pos_Z, -0.008474236063063906, BFx, 1.0, 0.0, 0.0,                             BFy, 0.0, -0.9958674560503338, 0.09081855526178158, BFz, 0.0, -0.09081855526178152, -0.9958674560503331
Time, 0.184, Pos_X, 0.012487952946719998, Pos_Y, -0.008688045758080177, Pos_Z, -0.008638774577824894, BFx, 1.0, 0.0, 0.0,                             BFy, 0.0, -0.9957294283102095, 0.09231958403840393, BFz, 0.0, -0.09231958403840387, -0.9957294283102088
Time, 0.186, Pos_X, 0.012766564003479999, Pos_Y, -0.009113976320578502, Pos_Z, -0.008803482600976254, BFx, 1.0, 0.0, 0.0,                             BFy, 0.0, -0.9955878146272368, 0.09383444658420158, BFz, 0.0, -0.09383444658420151, -0.9955878146272361
Time, 0.188, Pos_X, 0.013046663910839999, Pos_Y, -0.009553133523203647, Pos_Z, -0.008968292798217634, BFx, 1.0, 0.0, 0.0,                             BFy, 0.0, -0.9954425730130037, 0.0953629059606053, BFz, 0.0, -0.09536290596060525, -0.995442573013003
Time, 0.19, Pos_X, 0.01332800794164, Pos_Y, -0.010005725836962272, Pos_Z, -0.009133141897055073, BFx, 1.0, 0.0, 0.0,                             BFy, 0.0, -0.9952936784819135, 0.09690455909781348, BFz, 0.0, -0.09690455909781344, -0.9952936784819129
Time, 0.192, Pos_X, 0.0136103299454, Pos_Y, -0.01047196328406418, Pos_Z, -0.009297971675920686, BFx, 1.0, 0.0, 0.0,                             BFy, 0.0, -0.9951411521388771, 0.09845855635600605, BFz, 0.0, -0.098458556356006, -0.9951411521388763
Time, 0.194, Pos_X, 0.01389334300708, Pos_Y, -0.0109520570736782, Pos_Z, -0.00946273047398042, BFx, 1.0, 0.0, 0.0,                             BFy, 0.0, -0.9949850911092344, 0.10002333962805299, BFz, 0.0, -0.10002333962805295, -0.9949850911092337
Time, 0.196, Pos_X, 0.014176740480580001, Pos_Y, -0.011446219980146837, Pos_Z, -0.009627372479608477, BFx, 1.0, 0.0, 0.0,                             BFy, 0.0, -0.9948256796129878, 0.10159659040813022, BFz, 0.0, -0.10159659040813018, -0.9948256796129872
Time, 0.198, Pos_X, 0.014460195349062002, Pos_Y, -0.01195466736855983, Pos_Z, -0.009791856687074453, BFx, 1.0, 0.0, 0.0,                             BFy, 0.0, -0.994663208680147, 0.10317510018465942, BFz, 0.0, -0.10317510018465938, -0.9946632086801465
Time, 0.2, Pos_X, 0.014743361596118002, Pos_Y, -0.0124776178976479, Pos_Z, -0.009956148205353335, BFx, 1.0, 0.0, 0.0,                             BFy, 0.0, -0.9944980833185515, 0.10475477209047558, BFz, 0.0, -0.10475477209047554, -0.9944980833185509
Time, 0.202, Pos_X, 0.015025878241946003, Pos_Y, -0.013015291854007955, Pos_Z, -0.01012022351972107, BFx, 1.0, 0.0, 0.0,                             BFy, 0.0, -0.9943308267652966, 0.10633064912922136, BFz, 0.0, -0.10633064912922131, -0.9943308267652962
Time, 0.204, Pos_X, 0.015307371996953999, Pos_Y, -0.013567907571824512, Pos_Z, -0.010284070228465399, BFx, 1.0, 0.0, 0.0,                             BFy, 0.0, -0.9941620584058611, 0.10789718080756798, BFz, 0.0, -0.10789718080756797, -0.9941620584058606
Time, 0.206, Pos_X, 0.015587460879062, Pos_Y, -0.014135678559646559, Pos_Z, -0.010447680908520223, BFx, 1.0, 0.0, 0.0,                             BFy, 0.0, -0.9939924794317324, 0.10944839346996932, BFz, 0.0, -0.1094483934699693, -0.9939924794317319
Time, 0.208, Pos_X, 0.01586575760733, Pos_Y, -0.01471881384127987, Pos_Z, -0.010611051550087899, BFx, 1.0, 0.0, 0.0,                             BFy, 0.0, -0.9938228435294787, 0.11097817658882943, BFz, 0.0, -0.1109781765888294, -0.9938228435294783
Time, 0.21, Pos_X, 0.016141872446318, Pos_Y, -0.015317520168443744, Pos_Z, -0.010774181816379975, BFx, 1.0, 0.0, 0.0,                             BFy, 0.0, -0.99365392700389, 0.11248054653916267, BFz, 0.0, -0.11248054653916263, -0.9936539270038894
Time, 0.212, Pos_X, 0.016415416717506, Pos_Y, -0.015932002543369444, Pos_Z, -0.010937076273570656, BFx, 1.0, 0.0, 0.0,                             BFy, 0.0, -0.9934865041940317, 0.11394983977313526, BFz, 0.0, -0.11394983977313523, -0.9934865041940312
Time, 0.214, Pos_X, 0.016686007023494, Pos_Y, -0.016562462280708193, Pos_Z, -0.011099745151585875, BFx, 1.0, 0.0, 0.0,                             BFy, 0.0, -0.993321313558108, 0.11538096910320988, BFz, 0.0, -0.11538096910320986, -0.9933213135581075
Time, 0.216, Pos_X, 0.016953269733022, Pos_Y, -0.01720909489035474, Pos_Z, -0.011262203690295921, BFx, 1.0, 0.0, 0.0,                             BFy, 0.0, -0.9931590375379584, 0.11676954293255089, BFz, 0.0, -0.11676954293255086, -0.9931590375379581
Time, 0.218, Pos_X, 0.01721684452579, Pos_Y, -0.017872089342921803, Pos_Z, -0.011424471495320016, BFx, 1.0, 0.0, 0.0,                             BFy, 0.0, -0.9930002792797632, 0.11811200341334166, BFz, 0.0, -0.11811200341334163, -0.993000279279763
Time, 0.22, Pos_X, 0.017476387207658, Pos_Y, -0.01855162794154326, Pos_Z, -0.011586572661815633, BFx, 1.0, 0.0, 0.0,                             BFy, 0.0, -0.9928455332658772, 0.11940580837629856, BFz, 0.0, -0.11940580837629854, -0.9928455332658768
Time, 0.222, Pos_X, 0.017731572485526002, Pos_Y, -0.019247886000848174, Pos_Z, -0.01174853542203017, BFx, 1.0, 0.0, 0.0,                             BFy, 0.0, -0.9926951515077967, 0.12064964224113349, BFz, 0.0, -0.12064964224113345, -0.9926951515077963
Time, 0.224, Pos_X, 0.017982096920194004, Pos_Y, -0.019961031395432316, Pos_Z, -0.01191039045553967, BFx, 1.0, 0.0, 0.0,                             BFy, 0.0, -0.9925493003165119, 0.12184369676435386, BFz, 0.0, -0.1218436967643538, -0.9925493003165116
Time, 0.226, Pos_X, 0.018227681438862005, Pos_Y, -0.02069122395582732, Pos_Z, -0.012072168196208061, BFx, 1.0, 0.0, 0.0,                             BFy, 0.0, -0.9924079366334986, 0.12298978537603454, BFz, 0.0, -0.1229897853760345, -0.9924079366334982
Time, 0.228, Pos_X, 0.018468073555730005, Pos_Y, -0.021438615609673705, Pos_Z, -0.012233895914982267, BFx, 1.0, 0.0, 0.0,                             BFy, 0.0, -0.992270777157693, 0.12409151783610792, BFz, 0.0, -0.12409151783610789, -0.9922707771576926
Time, 0.23, Pos_X, 0.018703049388398004, Pos_Y, -0.022203351147020902, Pos_Z, -0.012395595674781688, BFx, 1.0, 0.0, 0.0,                             BFy, 0.0, -0.9921372895895983, 0.12515429919026735, BFz, 0.0, -0.12515429919026733, -0.9921372895895979
Time, 0.232, Pos_X, 0.018932414813466004, Pos_Y, -0.022985568509059622, Pos_Z, -0.012557282392143222, BFx, 1.0, 0.0, 0.0,                             BFy, 0.0, -0.9920066067017008, 0.12618594319566054, BFz, 0.0, -0.12618594319566054, -0.9920066067017004
Time, 0.234, Pos_X, 0.019156006552934004, Pos_Y, -0.02378539855317869, Pos_Z, -0.01271896142193025, BFx, 1.0, 0.0, 0.0,                             BFy, 0.0, -0.9918775028853077, 0.1271967738191805, BFz, 0.0, -0.12719677381918051, -0.9918775028853072
Time, 0.236, Pos_X, 0.019373693195402, Pos_Y, -0.0246029643733854, Pos_Z, -0.012880625670173665, BFx, 1.0, 0.0, 0.0,                             BFy, 0.0, -0.99174846084904, 0.12819902653125703, BFz, 0.0, -0.128199026531257, -0.9917484608490393
Time, 0.238, Pos_X, 0.019585375185870002, Pos_Y, -0.02543838093583814, Pos_Z, -0.013042252446554452, BFx, 1.0, 0.0, 0.0,                             BFy, 0.0, -0.991617673497889, 0.12920677074610343, BFz, 0.0, -0.12920677074610343, -0.9916176734978883
Time, 0.24, Pos_X, 0.019790984595338002, Pos_Y, -0.026291755380039902, Pos_Z, -0.013203801314089107, BFx, 1.0, 0.0, 0.0,                             BFy, 0.0, -0.9914830660797055, 0.13023566975751444, BFz, 0.0, -0.13023566975751444, -0.9914830660797048
Time, 0.242, Pos_X, 0.019990484955406004, Pos_Y, -0.027163187428572377, Pos_Z, -0.01336521293629905, BFx, 1.0, 0.0, 0.0,                             BFy, 0.0, -0.9913423309109275, 0.13130263875524914, BFz, 0.0, -0.13130263875524914, -0.9913423309109267
Time, 0.244, Pos_X, 0.020183870193074004, Pos_Y, -0.02805276997823044, Pos_Z, -0.013526407606066966, BFx, 1.0, 0.0, 0.0,                             BFy, 0.0, -0.9911930049021854, 0.13242517522351474, BFz, 0.0, -0.13242517522351477, -0.9911930049021846
Time, 0.246, Pos_X, 0.020371163443142003, Pos_Y, -0.02896058969915102, Pos_Z, -0.013687284144307464, BFx, 1.0, 0.0, 0.0,                             BFy, 0.0, -0.9910325625541381, 0.13362058208741848, BFz, 0.0, -0.1336205820874185, -0.9910325625541372
Time, 0.248, Pos_X, 0.020552417071210003, Pos_Y, -0.029886727137110786, Pos_Z, -0.013847719725164461, BFx, 1.0, 0.0, 0.0,                             BFy, 0.0, -0.9908585637496519, 0.13490480585946127, BFz, 0.0, -0.13490480585946127, -0.990858563749651
Time, 0.25, Pos_X, 0.020727711579678003, Pos_Y, -0.03083125692276203, Pos_Z, -0.014007570506212385, BFx, 1.0, 0.0, 0.0,                             BFy, 0.0, -0.99066883315339, 0.13629109662227615, BFz, 0.0, -0.13629109662227615, -0.990668833153389
Time, 0.252, Pos_X, 0.020897152157146003, Pos_Y, -0.031794248696108134, Pos_Z, -0.014166675469375573, BFx, 1.0, 0.0, 0.0,                             BFy, 0.0, -0.9904616432965931, 0.13778872652802224, BFz, 0.0, -0.13778872652802227, -0.9904616432965923
Time, 0.254, Pos_X, 0.021060864636214004, Pos_Y, -0.03277576824904539, Pos_Z, -0.014324863002589996, BFx, 1.0, 0.0, 0.0,                             BFy, 0.0, -0.9902358952084646, 0.13940183585840082, BFz, 0.0, -0.13940183585840085, -0.9902358952084638
Time, 0.256, Pos_X, 0.021218992437882004, Pos_Y, -0.03377587755716103, Pos_Z, -0.014481957352727132, BFx, 1.0, 0.0, 0.0,                             BFy, 0.0, -0.9899912893660685, 0.1411284768546413, BFz, 0.0, -0.14112847685464136, -0.9899912893660677
Time, 0.258, Pos_X, 0.021371694988950005, Pos_Y, -0.03479463315815914, Pos_Z, -0.014637784415863222, BFx, 1.0, 0.0, 0.0,                             BFy, 0.0, -0.9897284529027358, 0.14296009763132742, BFz, 0.0, -0.14296009763132747, -0.9897284529027351
Time, 0.26, Pos_X, 0.021519144550418007, Pos_Y, -0.035832085577874435, Pos_Z, -0.014792178360162249, BFx, 1.0, 0.0, 0.0,                             BFy, 0.0, -0.9894489973441953, 0.14488161254820578, BFz, 0.0, -0.14488161254820583, -0.9894489973441947
Time, 0.262, Pos_X, 0.021661520966886005, Pos_Y, -0.03688828057778098, Pos_Z, -0.01494498931017463, BFx, 1.0, 0.0, 0.0,                             BFy, 0.0, -0.9891555065597514, 0.14687199815663737, BFz, 0.0, -0.14687199815663743, -0.9891555065597508
Time, 0.264, Pos_X, 0.021799006824354004, Pos_Y, -0.03796325975427094, Pos_Z, -0.015096091100167642, BFx, 1.0, 0.0, 0.0,                             BFy, 0.0, -0.9888514227877555, 0.14890555278643436, BFz, 0.0, -0.14890555278643441, -0.988851422787755
Time, 0.266, Pos_X, 0.021931782257822004, Pos_Y, -0.03905706067907272, Pos_Z, -0.015245388909254379, BFx, 1.0, 0.0, 0.0,                             BFy, 0.0, -0.9885408483659059, 0.15095360582648198, BFz, 0.0, -0.15095360582648204, -0.9885408483659054
Time, 0.268, Pos_X, 0.022060024592490002, Pos_Y, -0.04016971506228226, Pos_Z, -0.015392828893389839, BFx, 1.0, 0.0, 0.0,                             BFy, 0.0, -0.9882282874055913, 0.152986443750465, BFz, 0.0, -0.15298644375046508, -0.9882282874055908
Time, 0.27, Pos_X, 0.022183906662758, Pos_Y, -0.041301247797866786, Pos_Z, -0.015538409712106656, BFx, 1.0, 0.0, 0.0,                             BFy, 0.0, -0.9879183177644028, 0.15497547362584402, BFz, 0.0, -0.1549754736258441, -0.9879183177644023
Time, 0.272, Pos_X, 0.022303589398626002, Pos_Y, -0.042451678927717354, Pos_Z, -0.01568218998977922, BFx, 1.0, 0.0, 0.0,                             BFy, 0.0, -0.9876152704907175, 0.1568951162195598, BFz, 0.0, -0.15689511621955987, -0.9876152704907171
Time, 0.274, Pos_X, 0.022419219464894002, Pos_Y, -0.04362102280128842, Pos_Z, -0.01582429086497207, BFx, 1.0, 0.0, 0.0,                             BFy, 0.0, -0.9873229280748158, 0.15872440170866695, BFz, 0.0, -0.15872440170866703, -0.9873229280748153
Time, 0.276, Pos_X, 0.022530929555362, Pos_Y, -0.04480928630528199, Pos_Z, -0.015964897084787995, BFx, 1.0, 0.0, 0.0,                             BFy, 0.0, -0.9870442891472404, 0.1604480329010627, BFz, 0.0, -0.16044803290106274, -0.98704428914724
Time, 0.278, Pos_X, 0.02263883679963, Pos_Y, -0.0460164699565201, Pos_Z, -0.016104258160768277, BFx, 1.0, 0.0, 0.0,                             BFy, 0.0, -0.9867814108660421, 0.16205692570583038, BFz, 0.0, -0.16205692570583044, -0.9867814108660417
Time, 0.28, Pos_X, 0.022743040355298, Pos_Y, -0.04724256911841627, Pos_Z, -0.016242689629260898, BFx, 1.0, 0.0, 0.0,                             BFy, 0.0, -0.9865353238436688, 0.16354832560643634, BFz, 0.0, -0.16354832560643637, -0.9865353238436684
Time, 0.282, Pos_X, 0.022843620156705997, Pos_Y, -0.04848757369275389, Pos_Z, -0.0163805725775614, BFx, 1.0, 0.0, 0.0,                             BFy, 0.0, -0.9863060719634985, 0.16492523278120816, BFz, 0.0, -0.1649252327812082, -0.9863060719634981
Time, 0.284, Pos_X, 0.022940637020153996, Pos_Y, -0.0497514681178016, Pos_Z, -0.01651835127491864, BFx, 1.0, 0.0, 0.0,                             BFy, 0.0, -0.9860927834983181, 0.16619573500105436, BFz, 0.0, -0.16619573500105442, -0.9860927834983175
Time, 0.286, Pos_X, 0.023034133086301995, Pos_Y, -0.05103423177951109, Pos_Z, -0.016656529635402914, BFx, 1.0, 0.0, 0.0,                             BFy, 0.0, -0.9858938856264516, 0.1673715814718219, BFz, 0.0, -0.16737158147182196, -0.9858938856264512
Time, 0.288, Pos_X, 0.023124132300949996, Pos_Y, -0.05233583941371724, Pos_Z, -0.016795666747897727, BFx, 1.0, 0.0, 0.0,                             BFy, 0.0, -0.9857072639821218, 0.1684671770193872, BFz, 0.0, -0.16846717701938727, -0.9857072639821214
Time, 0.29, Pos_X, 0.023210640945757997, Pos_Y, -0.05365626191760905, Pos_Z, -0.016936371784880375, BFx, 1.0, 0.0, 0.0,                             BFy, 0.0, -0.9855304005138736, 0.1694987600632111, BFz, 0.0, -0.16949876006321118, -0.9855304005138731
Time, 0.292, Pos_X, 0.023293649264425998, Pos_Y, -0.054995466937727694, Pos_Z, -0.017079297354250757, BFx, 1.0, 0.0, 0.0,                             BFy, 0.0, -0.985360620068773, 0.17048298571319437, BFz, 0.0, -0.17048298571319442, -0.9853606200687723
Time, 0.294, Pos_X, 0.023373132849814, Pos_Y, -0.05635341987313638, Pos_Z, -0.017225131715726132, BFx, 1.0, 0.0, 0.0,                             BFy, 0.0, -0.9851953044937539, 0.17143573724128067, BFz, 0.0, -0.17143573724128075, -0.9851953044937536
Time, 0.296, Pos_X, 0.023449054085922, Pos_Y, -0.05773008522035021, Pos_Z, -0.017374589847612667, BFx, 1.0, 0.0, 0.0,                             BFy, 0.0, -0.9850320852351673, 0.17237108532831136, BFz, 0.0, -0.17237108532831144, -0.9850320852351669
Time, 0.298, Pos_X, 0.02352136471203, Pos_Y, -0.05912542779267961, Pos_Z, -0.01752840361757917, BFx, 1.0, 0.0, 0.0,                             BFy, 0.0, -0.984868995324436, 0.17330049638889636, BFz, 0.0, -0.17330049638889639, -0.9848689953244357
Time, 0.3, Pos_X, 0.023590008045738, Pos_Y, -0.06053941401214401, Pos_Z, -0.01768731258057279, BFx, 1.0, 0.0, 0.0,                             BFy, 0.0, -0.9847044605865043, 0.17423296272819064, BFz, 0.0, -0.17423296272819064, -0.9847044605865041
Time, 0.302, Pos_X, 0.023654920726386, Pos_Y, -0.06197201351925107, Pos_Z, -0.017852054446706993, BFx, 1.0, 0.0, 0.0,                             BFy, 0.0, -0.9845372983124255, 0.17517507879738942, BFz, 0.0, -0.17517507879738942, -0.9845372983124253
Time, 0.304, Pos_X, 0.023716034540054, Pos_Y, -0.06342320045494862, Pos_Z, -0.018023356203605186, BFx, 1.0, 0.0, 0.0,                             BFy, 0.0, -0.984366787505214, 0.17613071184965645, BFz, 0.0, -0.17613071184965648, -0.9843667875052137
Time, 0.306, Pos_X, 0.023773278319282, Pos_Y, -0.06489295364539938, Pos_Z, -0.018201927988253718, BFx, 1.0, 0.0, 0.0,                             BFy, 0.0, -0.9841927190700482, 0.177100795394902, BFz, 0.0, -0.17710079539490198, -0.9841927190700479
Time, 0.308, Pos_X, 0.023826581362709997, Pos_Y, -0.06638125604794858, Pos_Z, -0.018388456435933606, BFx, 1.0, 0.0, 0.0,                             BFy, 0.0, -0.9840153469255203, 0.17808367981106543, BFz, 0.0, -0.17808367981106538, -0.9840153469255198
Time, 0.31, Pos_X, 0.023875874742657996, Pos_Y, -0.06788809518200906, Pos_Z, -0.01858359679042862, BFx, 1.0, 0.0, 0.0,                             BFy, 0.0, -0.983835244960025, 0.179075991619341, BFz, 0.0, -0.17907599161934093, -0.9838352449600244
Time, 0.312, Pos_X, 0.023921091360205995, Pos_Y, -0.06941346559539835, Pos_Z, -0.018787963246428382, BFx, 1.0, 0.0, 0.0,                             BFy, 0.0, -0.9836532862652106, 0.1800727975560284, BFz, 0.0, -0.1800727975560283, -0.9836532862652101
