Time, 0, Pos_X, 0.0, Pos_Y, 0.0, Pos_Z, 0.0, BFx, 1, 0, 0,                         BFy, 0, -1, 0, BFz, 0, 0, -1
Time, 0.0, Pos_X, 0.0, Pos_Y, 0.0, Pos_Z, 0.0, BFx, 1.0, 0.0, 0.0,                             BFy, 0.0, -1.0, 0.0, BFz, 0.0, 0.0, -1.0
Time, 0.002, Pos_X, -1.03459192e-06, Pos_Y, -1.1357555863766694e-06, Pos_Z, 1.581236200525496e-06, BFx, 1.0, 0.0, 0.0,                             BFy, 0.0, -0.999989809815674, 0.0045144506655760246, BFz, 0.0, -0.0045144506655760246, -0.999989809815674
Time, 0.004, Pos_X, -4.20822216e-06, Pos_Y, -4.620768345215544e-06, Pos_Z, 6.307231134087871e-06, BFx, 1.0, 0.0, 0.0,                             BFy, 0.0, -0.9999591707610989, 0.009036415814664736, BFz, 0.0, -0.009036415814664736, -0.9999591707610987
Time, 0.006, Pos_X, -9.666024000000001e-06, Pos_Y, -1.0614958644998097e-05, Pos_Z, 1.4139979478171057e-05, BFx, 1.0, 0.0, 0.0,                             BFy, 0.0, -0.9999079614754461, 0.013567187550034061, BFz, 0.0, -0.013567187550034061, -0.9999079614754461
Time, 0.008, Pos_X, -1.756433144e-05, Pos_Y, -1.9287152145851243e-05, Pos_Z, 2.50364757125969e-05, BFx, 1.0, 0.0, 0.0,                             BFy, 0.0, -0.9998360311803502, 0.01810830620255003, BFz, 0.0, -0.01810830620255003, -0.9998360311803504
Time, 0.01, Pos_X, -2.807149328e-05, Pos_Y, -3.081563026728376e-05, Pos_Z, 3.89484366674265e-05, BFx, 1.0, 0.0, 0.0,                             BFy, 0.0, -0.9997431949734633, 0.022661511517355876, BFz, 0.0, -0.022661511517355872, -0.9997431949734633
Time, 0.012, Pos_X, -4.136813084e-05, Pos_Y, -4.538853718676231e-05, Pos_Z, 5.582176415594447e-05, BFx, 1.0, 0.0, 0.0,                             BFy, 0.0, -0.9996292290931819, 0.027228741112487548, BFz, 0.0, -0.02722874111248754, -0.9996292290931819
Time, 0.014, Pos_X, -5.764743232e-05, Pos_Y, -6.320402171026004e-05, Pos_Z, 7.559589738357246e-05, BFx, 1.0, 0.0, 0.0,                             BFy, 0.0, -0.9994938680800584, 0.03181206799884211, BFz, 0.0, -0.031812067998842106, -0.9994938680800584
Time, 0.016, Pos_X, -7.711549866000001e-05, Pos_Y, -8.447053311772906e-05, Pos_Z, 9.820365568771527e-05, BFx, 1.0, 0.0, 0.0,                             BFy, 0.0, -0.9993368071075147, 0.0364135408901462, BFz, 0.0, -0.03641354089014618, -0.9993368071075147
Time, 0.018, Pos_X, -9.999111525999999e-05, Pos_Y, -0.0001094070395803842, Pos_Z, 0.0001235714029257293, BFx, 1.0, 0.0, 0.0,                             BFy, 0.0, -0.9991577065198045, 0.041035076484447416, BFz, 0.0, -0.041035076484447396, -0.9991577065198046
Time, 0.02, Pos_X, -0.00012650555666, Pos_Y, -0.00013824331749931197, Pos_Z, 0.00015161912818782838, BFx, 1.0, 0.0, 0.0,                             BFy, 0.0, -0.9989562090903975, 0.04567813831300979, BFz, 0.0, -0.04567813831300978, -0.9989562090903975
Time, 0.022, Pos_X, -0.00015690215386, Pos_Y, -0.00017121993830210638, Pos_Z, 0.0001822608639678024, BFx, 1.0, 0.0, 0.0,                             BFy, 0.0, -0.9987319576636192, 0.05034358689441104, BFz, 0.0, -0.05034358689441103, -0.9987319576636192
Time, 0.024, Pos_X, -0.00019143569886, Pos_Y, -0.00020858793378396225, Pos_Z, 0.00021540557508740446, BFx, 1.0, 0.0, 0.0,                             BFy, 0.0, -0.9984846230072376, 0.05503142391484056, BFz, 0.0, -0.05503142391484055, -0.9984846230072376
Time, 0.026, Pos_X, -0.00023037137505999998, Pos_Y, -0.00025060817837916716, Pos_Z, 0.00025095815346419623, BFx, 1.0, 0.0, 0.0,                             BFy, 0.0, -0.9982139301644651, 0.059740686517752266, BFz, 0.0, -0.059740686517752266, -0.9982139301644651
Time, 0.028, Pos_X, -0.00027398354226000003, Pos_Y, -0.0002975509296292256, Pos_Z, 0.0002888195560279114, BFx, 1.0, 0.0, 0.0,                             BFy, 0.0, -0.9979196587731416, 0.06446979629327584, BFz, 0.0, -0.06446979629327583, -0.9979196587731418
Time, 0.03, Pos_X, -0.00032255504506, Pos_Y, -0.00034969611932142013, Pos_Z, 0.00032888672250433953, BFx, 1.0, 0.0, 0.0,                             BFy, 0.0, -0.9976017367155174, 0.06921542387491056, BFz, 0.0, -0.06921542387491053, -0.9976017367155176
Time, 0.032, Pos_X, -0.00037637621026000005, Pos_Y, -0.0004073339161176253, Pos_Z, 0.000371052544499223, BFx, 1.0, 0.0, 0.0,                             BFy, 0.0, -0.9972602229510842, 0.0739732905821713, BFz, 0.0, -0.07397329058217128, -0.9972602229510842
Time, 0.034, Pos_X, -0.0004357437112600001, Pos_Y, -0.00047076489442213323, Pos_Z, 0.00041520556277178044, BFx, 1.0, 0.0, 0.0,                             BFy, 0.0, -0.9968953208996834, 0.07873829543695739, BFz, 0.0, -0.07873829543695737, -0.9968953208996835
Time, 0.036, Pos_X, -0.0005009595798599999, Pos_Y, -0.0005402994094146701, Pos_Z, 0.00046122968314668246, BFx, 1.0, 0.0, 0.0,                             BFy, 0.0, -0.9965073815309352, 0.08350472174889195, BFz, 0.0, -0.08350472174889195, -0.9965073815309352
Time, 0.038, Pos_X, -0.0005723300596599999, Pos_Y, -0.0006162562162371089, Pos_Z, 0.0005090040289534986, BFx, 1.0, 0.0, 0.0,                             BFy, 0.0, -0.9960968932668735, 0.08826652380196973, BFz, 0.0, -0.08826652380196973, -0.9960968932668733
Time, 0.04, Pos_X, -0.0006501645620600001, Pos_Y, -0.0006989609812526449, Pos_Z, 0.0005584032396134839, BFx, 1.0, 0.0, 0.0,                             BFy, 0.0, -0.9956644606240376, 0.09301764268269416, BFz, 0.0, -0.09301764268269416, -0.9956644606240374
Time, 0.042, Pos_X, -0.0007347749396600001, Pos_Y, -0.0007887452872986428, Pos_Z, 0.0006092978943083029, BFx, 1.0, 0.0, 0.0,                             BFy, 0.0, -0.9952107895334671, 0.09775215801287428, BFz, 0.0, -0.09775215801287428, -0.9952107895334669
Time, 0.044, Pos_X, -0.0008264749704599999, Pos_Y, -0.0008859460870609295, Pos_Z, 0.0006615547497459535, BFx, 1.0, 0.0, 0.0,                             BFy, 0.0, -0.9947366640205334, 0.10246447800726477, BFz, 0.0, -0.10246447800726476, -0.9947366640205332
Time, 0.046, Pos_X, -0.00092557921526, Pos_Y, -0.000990905345482281, Pos_Z, 0.0007150385410273645, BFx, 1.0, 0.0, 0.0,                             BFy, 0.0, -0.9942429117656922, 0.10714957957770234, BFz, 0.0, -0.10714957957770231, -0.9942429117656921
Time, 0.048, Pos_X, -0.00103240213606, Pos_Y, -0.0011039698934456447, Pos_Z, 0.0007696135184940233, BFx, 1.0, 0.0, 0.0,                             BFy, 0.0, -0.9937303837073109, 0.11180306121444497, BFz, 0.0, -0.11180306121444494, -0.9937303837073109
Time, 0.05, Pos_X, -0.0011472576126600003, Pos_Y, -0.0012254915699605332, Pos_Z, 0.0008251440815660278, BFx, 1.0, 0.0, 0.0,                             BFy, 0.0, -0.9931999397955285, 0.11642113034221578, BFz, 0.0, -0.11642113034221577, -0.9931999397955285
Time, 0.052, Pos_X, -0.00127045865686, Pos_Y, -0.0013558275593812748, Pos_Z, 0.0008814959333003814, BFx, 1.0, 0.0, 0.0,                             BFy, 0.0, -0.9926524254675887, 0.12100067030109282, BFz, 0.0, -0.12100067030109281, -0.9926524254675888
Time, 0.054, Pos_X, -0.0014023176166600001, Pos_Y, -0.001495340592495035, Pos_Z, 0.0009385361191500054, BFx, 1.0, 0.0, 0.0,                             BFy, 0.0, -0.9920886642317921, 0.1255391664094495, BFz, 0.0, -0.12553916640944948, -0.9920886642317921
Time, 0.056, Pos_X, -0.0015431506312600003, Pos_Y, -0.0016444030794394158, Pos_Z, 0.0009961317833783803, BFx, 1.0, 0.0, 0.0,                             BFy, 0.0, -0.991509478279432, 0.13003443575472487, BFz, 0.0, -0.13003443575472484, -0.991509478279432
Time, 0.058, Pos_X, -0.0016932787694600006, Pos_Y, -0.0018033971358154888, Pos_Z, 0.001054149238009386, BFx, 1.0, 0.0, 0.0,                             BFy, 0.0, -0.9909156971599218, 0.13448450141955828, BFz, 0.0, -0.13448450141955828, -0.9909156971599218
Time, 0.06, Pos_X, -0.0018530248844600002, Pos_Y, -0.0019727102104836196, Pos_Z, 0.00111245103547677, BFx, 1.0, 0.0, 0.0,                             BFy, 0.0, -0.9903081628779572, 0.13888751757190554, BFz, 0.0, -0.13888751757190554, -0.9903081628779573
Time, 0.062, Pos_X, -0.0020227155280600003, Pos_Y, -0.0021527344121622274, Pos_Z, 0.0011708934704028594, BFx, 1.0, 0.0, 0.0,                             BFy, 0.0, -0.9896877458231093, 0.14324163419751249, BFz, 0.0, -0.1432416341975125, -0.9896877458231093
Time, 0.064, Pos_X, -0.0022026811850600005, Pos_Y, -0.0023438635634752936, Pos_Z, 0.001229327121831313, BFx, 1.0, 0.0, 0.0,                             BFy, 0.0, -0.9890553579049548, 0.1475449050272601, BFz, 0.0, -0.1475449050272601, -0.9890553579049547
Time, 0.066, Pos_X, -0.0023932546850600005, Pos_Y, -0.0025464917357139443, Pos_Z, 0.001287600153043479, BFx, 1.0, 0.0, 0.0,                             BFy, 0.0, -0.9884119616480268, 0.15179523731362984, BFz, 0.0, -0.15179523731362984, -0.9884119616480265
Time, 0.068, Pos_X, -0.0025947717686600007, Pos_Y, -0.0027610155542832004, Pos_Z, 0.0013455615862635365, BFx, 1.0, 0.0, 0.0,                             BFy, 0.0, -0.9877585631606012, 0.15599045131964448, BFz, 0.0, -0.15599045131964448, -0.9877585631606007
Time, 0.07, Pos_X, -0.002807572159460001, Pos_Y, -0.0029878355067690554, Pos_Z, 0.0014030608023660905, BFx, 1.0, 0.0, 0.0,                             BFy, 0.0, -0.9870961900971233, 0.1601284218861404, BFz, 0.0, -0.1601284218861404, -0.9870961900971228
Time, 0.072, Pos_X, -0.00303200012526, Pos_Y, -0.003227356686921634, Pos_Z, 0.0014599465016654105, BFx, 1.0, 0.0, 0.0,                             BFy, 0.0, -0.9864258648088212, 0.16420722650410635, BFz, 0.0, -0.16420722650410638, -0.9864258648088206
Time, 0.074, Pos_X, -0.00326840455066, Pos_Y, -0.0034799897829555886, Pos_Z, 0.0015160666360050147, BFx, 1.0, 0.0, 0.0,                             BFy, 0.0, -0.985748533292654, 0.1682255304981476, BFz, 0.0, -0.16822553049814765, -0.9857485332926532
Time, 0.076, Pos_X, -0.0035171385992600005, Pos_Y, -0.0037461512632488607, Pos_Z, 0.0015712685216526065, BFx, 1.0, 0.0, 0.0,                             BFy, 0.0, -0.9850650095460101, 0.17218283006188634, BFz, 0.0, -0.17218283006188637, -0.9850650095460094
Time, 0.078, Pos_X, -0.0037785589460600007, Pos_Y, -0.004026262366059637, Pos_Z, 0.0016253983729861883, BFx, 1.0, 0.0, 0.0,                             BFy, 0.0, -0.9843759038388061, 0.17607975449078497, BFz, 0.0, -0.17607975449078503, -0.9843759038388055
Time, 0.08, Pos_X, -0.004053024605060001, Pos_Y, -0.004320747120915494, Pos_Z, 0.0016783006278880419, BFx, 1.0, 0.0, 0.0,                             BFy, 0.0, -0.9836815344051799, 0.1799184228206554, BFz, 0.0, -0.17991842282065548, -0.9836815344051792
Time, 0.082, Pos_X, -0.004340895505460001, Pos_Y, -0.00463003018027764, Pos_Z, 0.0017298180131760034, BFx, 1.0, 0.0, 0.0,                             BFy, 0.0, -0.9829818757474165, 0.18370256381469507, BFz, 0.0, -0.18370256381469513, -0.9829818757474159
Time, 0.084, Pos_X, -0.004642530174060001, Pos_Y, -0.004954535224160431, Pos_Z, 0.001779792913209932, BFx, 1.0, 0.0, 0.0,                             BFy, 0.0, -0.9822769173624961, 0.18743547587592124, BFz, 0.0, -0.18743547587592127, -0.9822769173624956
Time, 0.086, Pos_X, -0.004958282936059999, Pos_Y, -0.0052946838675850625, Pos_Z, 0.0018280693956675322, BFx, 1.0, 0.0, 0.0,                             BFy, 0.0, -0.98156573573081, 0.19112484516471093, BFz, 0.0, -0.19112484516471093, -0.9815657357308093
Time, 0.088, Pos_X, -0.0052885009770599995, Pos_Y, -0.005650895242387498, Pos_Z, 0.0018744957994862, BFx, 1.0, 0.0, 0.0,                             BFy, 0.0, -0.9808473380004998, 0.19477807766104982, BFz, 0.0, -0.19477807766104982, -0.9808473380004992
Time, 0.09, Pos_X, -0.00563352069946, Pos_Y, -0.0060235860523985335, Pos_Z, 0.001918926957162499, BFx, 1.0, 0.0, 0.0,                             BFy, 0.0, -0.980120535217562, 0.19840296480859487, BFz, 0.0, -0.1984029648085949, -0.9801205352175614
Time, 0.092, Pos_X, -0.00599366332986, Pos_Y, -0.00641316968658249, Pos_Z, 0.00196122635660473, BFx, 1.0, 0.0, 0.0,                             BFy, 0.0, -0.9793840875006319, 0.202006953223287, BFz, 0.0, -0.202006953223287, -0.9793840875006312
Time, 0.094, Pos_X, -0.00636922977166, Pos_Y, -0.006820054431885988, Pos_Z, 0.002001269071881912, BFx, 1.0, 0.0, 0.0,                             BFy, 0.0, -0.9786369194081852, 0.20559615748174362, BFz, 0.0, -0.20559615748174365, -0.9786369194081845
Time, 0.096, Pos_X, -0.0067604954694600004, Pos_Y, -0.007244641562806245, Pos_Z, 0.0020389443556027365, BFx, 1.0, 0.0, 0.0,                             BFy, 0.0, -0.977878284179416, 0.20917471484460592, BFz, 0.0, -0.20917471484460592, -0.9778782841794154
Time, 0.098, Pos_X, -0.007167705507460001, Pos_Y, -0.007687323334798012, Pos_Z, 0.002074157516953672, BFx, 1.0, 0.0, 0.0,                             BFy, 0.0, -0.9771079442745821, 0.21274413090729705, BFz, 0.0, -0.21274413090729705, -0.9771079442745815
Time, 0.1, Pos_X, -0.007591070116860002, Pos_Y, -0.008148480845269703, Pos_Z, 0.002106831311996243, BFx, 1.0, 0.0, 0.0,                             BFy, 0.0, -0.9763263186819955, 0.21630284198055244, BFz, 0.0, -0.2163028419805524, -0.9763263186819947
Time, 0.102, Pos_X, -0.00803076027826, Pos_Y, -0.008628481747543413, Pos_Z, 0.002136906346903929, BFx, 1.0, 0.0, 0.0,                             BFy, 0.0, -0.9755346088187538, 0.21984591648889512, BFz, 0.0, -0.2198459164888951, -0.975534608818753
Time, 0.104, Pos_X, -0.00848690382286, Pos_Y, -0.009127677494659585, Pos_Z, 0.0021643398759044166, BFx, 1.0, 0.0, 0.0,                             BFy, 0.0, -0.974734924697438, 0.22336478365015508, BFz, 0.0, -0.22336478365015505, -0.9747349246974374
Time, 0.106, Pos_X, -0.00895958245946, Pos_Y, -0.009646400323675836, Pos_Z, 0.0021891028493008914, BFx, 1.0, 0.0, 0.0,                             BFy, 0.0, -0.9739303031539586, 0.22684744785524738, BFz, 0.0, -0.2268474478552473, -0.9739303031539578
Time, 0.108, Pos_X, -0.00944882954326, Pos_Y, -0.010184960291652197, Pos_Z, 0.002211175543228158, BFx, 1.0, 0.0, 0.0,                             BFy, 0.0, -0.9731246389611302, 0.23027904170108568, BFz, 0.0, -0.2302790417010856, -0.9731246389611296
Time, 0.11, Pos_X, -0.00995462849226, Pos_Y, -0.010743642495893673, Pos_Z, 0.002230543818345645, BFx, 1.0, 0.0, 0.0,                             BFy, 0.0, -0.9723225141126147, 0.23364273699330937, BFz, 0.0, -0.23364273699330926, -0.9723225141126138
Time, 0.112, Pos_X, -0.01047691169666, Pos_Y, -0.0113227044321889, Pos_Z, 0.002247195975275768, BFx, 1.0, 0.0, 0.0,                             BFy, 0.0, -0.9715290175196301, 0.23692059454032927, BFz, 0.0, -0.23692059454032918, -0.9715290175196291
Time, 0.114, Pos_X, -0.011015559791260001, Pos_Y, -0.011922372963229651, Pos_Z, 0.0022611187023042706, BFx, 1.0, 0.0, 0.0,                             BFy, 0.0, -0.970749513579222, 0.2400945269799058, BFz, 0.0, -0.24009452697990571, -0.970749513579221
Time, 0.116, Pos_X, -0.011570402534660002, Pos_Y, -0.01254284269077773, Pos_Z, 0.002272291810968705, BFx, 1.0, 0.0, 0.0,                             BFy, 0.0, -0.9699893639599223, 0.24314734998479043, BFz, 0.0, -0.24314734998479032, -0.9699893639599214
Time, 0.118, Pos_X, -0.01214122148406, Pos_Y, -0.013184275444801519, Pos_Z, 0.002280682228990658, BFx, 1.0, 0.0, 0.0,                             BFy, 0.0, -0.9692536321435468, 0.24606380590518162, BFz, 0.0, -0.24606380590518148, -0.9692536321435461
Time, 0.12, Pos_X, -0.01272775389546, Pos_Y, -0.013846799765929592, Pos_Z, 0.002286237704430426, BFx, 1.0, 0.0, 0.0,                             BFy, 0.0, -0.9685468194501636, 0.2488313857474026, BFz, 0.0, -0.24883138574740246, -0.968546819450163
Time, 0.122, Pos_X, -0.01332969801486, Pos_Y, -0.014530511331086689, Pos_Z, 0.0022888809577949355, BFx, 1.0, 0.0, 0.0,                             BFy, 0.0, -0.9678726560993346, 0.2514408908177426, BFz, 0.0, -0.2514408908177425, -0.9678726560993339
Time, 0.124, Pos_X, -0.01394671824906, Pos_Y, -0.015235473279509299, Pos_Z, 0.0022885050948373183, BFx, 1.0, 0.0, 0.0,                             BFy, 0.0, -0.9672339608716467, 0.25388671673907387, BFz, 0.0, -0.2538867167390737, -0.967233960871646
Time, 0.126, Pos_X, -0.014578451142060002, Pos_Y, -0.015961716433257257, Pos_Z, 0.00228496906887616, BFx, 1.0, 0.0, 0.0,                             BFy, 0.0, -0.966632557853263, 0.25616693404508606, BFz, 0.0, -0.2561669340450859, -0.9666325578532622
Time, 0.128, Pos_X, -0.015224512383660002, Pos_Y, -0.016709240107632174, Pos_Z, 0.0022780936297824537, BFx, 1.0, 0.0, 0.0,                             BFy, 0.0, -0.9660692240994169, 0.2582832829432672, BFz, 0.0, -0.25828328294326697, -0.966069224099416
Time, 0.13, Pos_X, -0.01588450360646, Pos_Y, -0.01747801387745336, Pos_Z, 0.002267658432317617, BFx, 1.0, 0.0, 0.0,                             BFy, 0.0, -0.9655436651298528, 0.26024110114970733, BFz, 0.0, -0.26024110114970717, -0.965543665129852
Time, 0.132, Pos_X, -0.016558019721460003, Pos_Y, -0.018267980786360685, Pos_Z, 0.0022534004271986398, BFx, 1.0, 0.0, 0.0,                             BFy, 0.0, -0.9650545659402414, 0.26204901212920806, BFz, 0.0, -0.2620490121292079, -0.9650545659402406
Time, 0.134, Pos_X, -0.017244656650060003, Pos_Y, -0.0190790616648533, Pos_Z, 0.0022350136291761843, BFx, 1.0, 0.0, 0.0,                             BFy, 0.0, -0.9645996957045184, 0.26371846171012037, BFz, 0.0, -0.2637184617101202, -0.9645996957045176
Time, 0.136, Pos_X, -0.017944018684660005, Pos_Y, -0.019911160446685484, Pos_Z, 0.0022121506950536864, BFx, 1.0, 0.0, 0.0,                             BFy, 0.0, -0.9641760041478225, 0.2652633277057723, BFz, 0.0, -0.26526332770577216, -0.9641760041478217
Time, 0.138, Pos_X, -0.018655724837860006, Pos_Y, -0.020764169989323372, Pos_Z, 0.0021844266891692943, BFx, 1.0, 0.0, 0.0,                             BFy, 0.0, -0.9637794436746558, 0.26670055108711804, BFz, 0.0, -0.2667005510871179, -0.9637794436746551
Time, 0.14, Pos_X, -0.019379414574060005, Pos_Y, -0.021637977788911272, Pos_Z, 0.0021514231497747655, BFx, 1.0, 0.0, 0.0,                             BFy, 0.0, -0.963406357597102, 0.268045127061632, BFz, 0.0, -0.2680451270616318, -0.9634063575971012
Time, 0.142, Pos_X, -0.020114754431059995, Pos_Y, -0.022532472188251745, Pos_Z, 0.0021126921920811806, BFx, 1.0, 0.0, 0.0,                             BFy, 0.0, -0.9630524223766522, 0.2693140021507687, BFz, 0.0, -0.2693140021507684, -0.9630524223766513
Time, 0.144, Pos_X, -0.020861443869859997, Pos_Y, -0.023447548919601383, Pos_Z, 0.0020677619002992587, BFx, 1.0, 0.0, 0.0,                             BFy, 0.0, -0.9627135618227531, 0.27052282321931787, BFz, 0.0, -0.2705228232193176, -0.9627135618227521
Time, 0.146, Pos_X, -0.021619219369259996, Pos_Y, -0.024383117174829914, Pos_Z, 0.0020161420223661, BFx, 1.0, 0.0, 0.0,                             BFy, 0.0, -0.9623861718466474, 0.2716852153473897, BFz, 0.0, -0.27168521534738943, -0.9623861718466464
Time, 0.148, Pos_X, -0.022387857757859998, Pos_Y, -0.025339105172571853, Pos_Z, 0.0019573289726971615, BFx, 1.0, 0.0, 0.0,                             BFy, 0.0, -0.9620673888286367, 0.2728119120428048, BFz, 0.0, -0.2728119120428045, -0.9620673888286357
Time, 0.15, Pos_X, -0.02316717959846, Pos_Y, -0.026315465354046486, Pos_Z, 0.001890810043016817, BFx, 1.0, 0.0, 0.0,                             BFy, 0.0, -0.9617553523301171, 0.27390991633085154, BFz, 0.0, -0.2739099163308512, -0.9617553523301163
Time, 0.152, Pos_X, -0.02395705154426, Pos_Y, -0.027312178648009094, Pos_Z, 0.0018160677971701253, BFx, 1.0, 0.0, 0.0,                             BFy, 0.0, -0.9614492926849906, 0.2749822859668109, BFz, 0.0, -0.27498228596681057, -0.9614492926849898
Time, 0.154, Pos_X, -0.024757386898660003, Pos_Y, -0.028329257306581573, Pos_Z, 0.0017325851506146618, BFx, 1.0, 0.0, 0.0,                             BFy, 0.0, -0.9611496132056447, 0.27602793524323077, BFz, 0.0, -0.27602793524323044, -0.9611496132056438
Time, 0.156, Pos_X, -0.025568146314460003, Pos_Y, -0.029366746467951566, Pos_Z, 0.0016398489538990131, BFx, 1.0, 0.0, 0.0,                             BFy, 0.0, -0.9608578207297583, 0.27704196133882203, BFz, 0.0, -0.27704196133882164, -0.9608578207297575
Time, 0.158, Pos_X, -0.026389338216260005, Pos_Y, -0.030424725114165493, Pos_Z, 0.0015373536005571255, BFx, 1.0, 0.0, 0.0,                             BFy, 0.0, -0.9605763649352919, 0.27801627133623485, BFz, 0.0, -0.2780162713362344, -0.9605763649352909
Time, 0.16, Pos_X, -0.027221018433060004, Pos_Y, -0.03150330667525493, Pos_Z, 0.0014246045146275338, BFx, 1.0, 0.0, 0.0,                             BFy, 0.0, -0.9603085072426372, 0.2789400848164711, BFz, 0.0, -0.2789400848164707, -0.960308507242636
Time, 0.162, Pos_X, -0.028063288647060005, Pos_Y, -0.03260263827818216, Pos_Z, 0.0013011199499668408, BFx, 1.0, 0.0, 0.0,                             BFy, 0.0, -0.9600581837341197, 0.2798004357486695, BFz, 0.0, -0.2798004357486691, -0.9600581837341184
Time, 0.164, Pos_X, -0.028916293933660006, Pos_Y, -0.03372289887247142, Pos_Z, 0.001166432239963685, BFx, 1.0, 0.0, 0.0,                             BFy, 0.0, -0.9598298403234394, 0.28058274648431814, BFz, 0.0, -0.2805827464843177, -0.9598298403234381
Time, 0.166, Pos_X, -0.029780219536660008, Pos_Y, -0.034864296641582575, Pos_Z, 0.0010200876951837392, BFx, 1.0, 0.0, 0.0,                             BFy, 0.0, -0.9596282997428456, 0.28127126823167964, BFz, 0.0, -0.2812712682316792, -0.9596282997428442
Time, 0.168, Pos_X, -0.03065528728106001, Pos_Y, -0.03602706522203964, Pos_Z, 0.0008616459444493745, BFx, 1.0, 0.0, 0.0,                             BFy, 0.0, -0.9594586282968003, 0.28184949988748303, BFz, 0.0, -0.28184949988748265, -0.9594586282967991
Time, 0.17, Pos_X, -0.03154175257746001, Pos_Y, -0.03721145976127044, Pos_Z, 0.0006906802907884707, BFx, 1.0, 0.0, 0.0,                             BFy, 0.0, -0.9593260261387088, 0.28230050579642113, BFz, 0.0, -0.28230050579642074, -0.9593260261387074
Time, 0.172, Pos_X, -0.03243989926446, Pos_Y, -0.03841775182642415, Pos_Z, 0.0005067748033817653, BFx, 1.0, 0.0, 0.0,                             BFy, 0.0, -0.9592356895603749, 0.2826073103683523, BFz, 0.0, -0.2826073103683519, -0.9592356895603735
Time, 0.174, Pos_X, -0.03335003585806, Pos_Y, -0.039646224142931986, Pos_Z, 0.00030951803912937417, BFx, 1.0, 0.0, 0.0,                             BFy, 0.0, -0.9591927578449223, 0.28275298990082115, BFz, 0.0, -0.2827529899008208, -0.959192757844921
Time, 0.176, Pos_X, -0.03427249279986, Pos_Y, -0.040897162759424066, Pos_Z, 9.849604726435329e-05, BFx, 1.0, 0.0, 0.0,                             BFy, 0.0, -0.9592022347096614, 0.28272083921775804, BFz, 0.0, -0.28272083921775765, -0.9592022347096599
Time, 0.178, Pos_X, -0.03520761642326, Pos_Y, -0.042170846835899875, Pos_Z, -0.00012671167473980727, BFx, 1.0, 0.0, 0.0,                             BFy, 0.0, -0.9592688980069073, 0.2824945686497628, BFz, 0.0, -0.28249456864976236, -0.9592688980069058
Time, 0.18, Pos_X, -0.03615576126626, Pos_Y, -0.04346754087304249, Pos_Z, -0.0003665309657675494, BFx, 1.0, 0.0, 0.0,                             BFy, 0.0, -0.9593972390930683, 0.2820583939906765, BFz, 0.0, -0.28205839399067606, -0.9593972390930667
Time, 0.182, Pos_X, -0.037117282428260005, Pos_Y, -0.04478748781301351, Pos_Z, -0.00062139140443939, BFx, 1.0, 0.0, 0.0,                             BFy, 0.0, -0.9595913816280432, 0.2813971931366501, BFz, 0.0, -0.2813971931366497, -0.9595913816280417
Time, 0.184, Pos_X, -0.03809252795606, Pos_Y, -0.046130902452980765, Pos_Z, -0.0008917250723881685, BFx, 1.0, 0.0, 0.0,                             BFy, 0.0, -0.9598549356878596, 0.2804968848947473, BFz, 0.0, -0.28049688489474683, -0.959854935687858
Time, 0.186, Pos_X, -0.039081830786260006, Pos_Y, -0.04749796628156985, Pos_Z, -0.0011779646078412809, BFx, 1.0, 0.0, 0.0,                             BFy, 0.0, -0.9601907451536784, 0.27934518596393554, BFz, 0.0, -0.2793451859639351, -0.9601907451536769
Time, 0.188, Pos_X, -0.04008550059846001, Pos_Y, -0.048888823534315576, Pos_Z, -0.0014805406364699091, BFx, 1.0, 0.0, 0.0,                             BFy, 0.0, -0.9606006026351036, 0.27793251378181316, BFz, 0.0, -0.2779325137818127, -0.9606006026351019
Time, 0.19, Pos_X, -0.04110381465026001, Pos_Y, -0.0503035770576315, Pos_Z, -0.001799878234801243, BFx, 1.0, 0.0, 0.0,                             BFy, 0.0, -0.9610849632108188, 0.276252952002437, BFz, 0.0, -0.27625295200243655, -0.9610849632108173
Time, 0.192, Pos_X, -0.04213700911426001, Pos_Y, -0.051742283635736665, Pos_Z, -0.002136393180158146, BFx, 1.0, 0.0, 0.0,                             BFy, 0.0, -0.961642586364336, 0.27430555242377436, BFz, 0.0, -0.2743055524237739, -0.9616425863643345
Time, 0.194, Pos_X, -0.043185270919660006, Pos_Y, -0.053204949110686836, Pos_Z, -0.0024904891594639063, BFx, 1.0, 0.0, 0.0,                             BFy, 0.0, -0.9622702362349245, 0.2720955575829636, BFz, 0.0, -0.2720955575829633, -0.962270236234923
Time, 0.196, Pos_X, -0.04424872934566001, Pos_Y, -0.05469152303660875, Pos_Z, -0.002862554665421358, BFx, 1.0, 0.0, 0.0,                             BFy, 0.0, -0.9629624779677141, 0.2696354316967287, BFz, 0.0, -0.2696354316967285, -0.9629624779677126
Time, 0.198, Pos_X, -0.04532744798646001, Pos_Y, -0.056201893344830785, Pos_Z, -0.0032529587550787532, BFx, 1.0, 0.0, 0.0,                             BFy, 0.0, -0.9637116487782326, 0.26694542140509175, BFz, 0.0, -0.2669454214050916, -0.963711648778231
Time, 0.2, Pos_X, -0.04642141744426001, Pos_Y, -0.057735881711038696, Pos_Z, -0.0036620463344407923, BFx, 1.0, 0.0, 0.0,                             BFy, 0.0, -0.9645080846247905, 0.2640533178989037, BFz, 0.0, -0.26405331789890346, -0.964508084624789
Time, 0.202, Pos_X, -0.04753054923486001, Pos_Y, -0.059293240264720416, Pos_Z, -0.00409013363182444, BFx, 1.0, 0.0, 0.0,                             BFy, 0.0, -0.9653404299820646, 0.2609939735741894, BFz, 0.0, -0.26099397357418913, -0.965340429982063
Time, 0.204, Pos_X, -0.048654670273259995, Pos_Y, -0.060873649643114515, Pos_Z, -0.00453750417488267, BFx, 1.0, 0.0, 0.0,                             BFy, 0.0, -0.966196113653304, 0.25780820382845354, BFz, 0.0, -0.2578082038284533, -0.9661961136533025
Time, 0.206, Pos_X, -0.049793517320659994, Pos_Y, -0.06247671753664384, Pos_Z, -0.005004404413334731, BFx, 1.0, 0.0, 0.0,                             BFy, 0.0, -0.9670619377465851, 0.2545411726260048, BFz, 0.0, -0.2545411726260045, -0.9670619377465836
Time, 0.208, Pos_X, -0.05094673183125999, Pos_Y, -0.06410197762975998, Pos_Z, -0.005491039214790405, BFx, 1.0, 0.0, 0.0,                             BFy, 0.0, -0.9679246654228357, 0.251240605926058, BFz, 0.0, -0.25124060592605774, -0.9679246654228343
Time, 0.21, Pos_X, -0.05211385596506, Pos_Y, -0.0657488895384802, Pos_Z, -0.005997567568370071, BFx, 1.0, 0.0, 0.0,                             BFy, 0.0, -0.9687716049862504, 0.2479547889684031, BFz, 0.0, -0.24795478896840284, -0.9687716049862491
Time, 0.212, Pos_X, -0.053294330631859996, Pos_Y, -0.06741684003124832, Pos_Z, -0.006524097150313677, BFx, 1.0, 0.0, 0.0,                             BFy, 0.0, -0.9695911090085167, 0.24473063014595306, BFz, 0.0, -0.2447306301459528, -0.9695911090085155
Time, 0.214, Pos_X, -0.054487494608259995, Pos_Y, -0.06910514510778182, Pos_Z, -0.007070678537591358, BFx, 1.0, 0.0, 0.0,                             BFy, 0.0, -0.9703729054840937, 0.2416121360825213, BFz, 0.0, -0.24161213608252108, -0.9703729054840925
Time, 0.216, Pos_X, -0.055692585385059994, Pos_Y, -0.07081305316912521, Pos_Z, -0.007637299750085122, BFx, 1.0, 0.0, 0.0,                             BFy, 0.0, -0.9711082857294525, 0.2386392620412761, BFz, 0.0, -0.23863926204127586, -0.9711082857294513
Time, 0.218, Pos_X, -0.056908742190059994, Pos_Y, -0.07253974820836298, Pos_Z, -0.008223881498269189, BFx, 1.0, 0.0, 0.0,                             BFy, 0.0, -0.9717901506080432, 0.23584720303874232, BFz, 0.0, -0.2358472030387421, -0.9717901506080417
Time, 0.22, Pos_X, -0.058135010030859996, Pos_Y, -0.07428435308939414, Pos_Z, -0.00883027538643869, BFx, 1.0, 0.0, 0.0,                             BFy, 0.0, -0.9724129268799471, 0.2332661562181184, BFz, 0.0, -0.2332661562181182, -0.9724129268799456
Time, 0.222, Pos_X, -0.05937034702586, Pos_Y, -0.07604593390079696, Pos_Z, -0.009456264362528052, BFx, 1.0, 0.0, 0.0,                             BFy, 0.0, -0.9729725117239041, 0.2309209635994055, BFz, 0.0, -0.23092096359940534, -0.9729725117239026
Time, 0.224, Pos_X, -0.06061363405166, Pos_Y, -0.07782350540207296, Pos_Z, -0.010101563458179082, BFx, 1.0, 0.0, 0.0,                             BFy, 0.0, -0.973466142799697, 0.22883109234254115, BFz, 0.0, -0.22883109234254095, -0.9734661427996956
Time, 0.226, Pos_X, -0.061863684678260006, Pos_Y, -0.079616036413139, Pos_Z, -0.010765820198886257, BFx, 1.0, 0.0, 0.0,                             BFy, 0.0, -0.973892276458732, 0.22701064700588314, BFz, 0.0, -0.22701064700588294, -0.9738922764587306
Time, 0.228, Pos_X, -0.06311926177786001, Pos_Y, -0.08142245807439262, Pos_Z, -0.011448617853730372, BFx, 1.0, 0.0, 0.0,                             BFy, 0.0, -0.9742504593395154, 0.22546849553040504, BFz, 0.0, -0.22546849553040482, -0.974250459339514
Time, 0.23, Pos_X, -0.06437909237506001, Pos_Y, -0.08324167049255596, Pos_Z, -0.012149481777377555, BFx, 1.0, 0.0, 0.0,                             BFy, 0.0, -0.9745413097716051, 0.22420801847535587, BFz, 0.0, -0.2242080184753557, -0.9745413097716037
Time, 0.232, Pos_X, -0.06564187404592, Pos_Y, -0.08507254166145861, Pos_Z, -0.012867880654201991, BFx, 1.0, 0.0, 0.0,                             BFy, 0.0, -0.9747665045555853, 0.22322692847523395, BFz, 0.0, -0.22322692847523382, -0.9747665045555839
Time, 0.234, Pos_X, -0.0669062826137, Pos_Y, -0.08691390353485903, Pos_Z, -0.013603226637240588, BFx, 1.0, 0.0, 0.0,                             BFy, 0.0, -0.9749287894538203, 0.22251709034163983, BFz, 0.0, -0.22251709034163972, -0.974928789453819
Time, 0.236, Pos_X, -0.06817098409516, Pos_Y, -0.08876455393068773, Pos_Z, -0.01435488233350875, BFx, 1.0, 0.0, 0.0,                             BFy, 0.0, -0.9750320340009724, 0.22206425347616723, BFz, 0.0, -0.22206425347616712, -0.975032034000971
Time, 0.238, Pos_X, -0.0694346499663, Pos_Y, -0.0906232705665598, Pos_Z, -0.015122166734640195, BFx, 1.0, 0.0, 0.0,                             BFy, 0.0, -0.9750812618630166, 0.22184799472528155, BFz, 0.0, -0.22184799472528144, -0.9750812618630151
Time, 0.24, Pos_X, -0.0706959721739, Pos_Y, -0.0924888275833752, Pos_Z, -0.01590435506211877, BFx, 1.0, 0.0, 0.0,                             BFy, 0.0, -0.9750826309584051, 0.22184197709909703, BFz, 0.0, -0.22184197709909692, -0.9750826309584035
Time, 0.242, Pos_X, -0.0719536755361, Pos_Y, -0.09436000317636808, Pos_Z, -0.016700678978457468, BFx, 1.0, 0.0, 0.0,                             BFy, 0.0, -0.9750433490883447, 0.2220145657351924, BFz, 0.0, -0.22201456573519227, -0.975043349088343
Time, 0.244, Pos_X, -0.07320652900190001, Pos_Y, -0.0962355802266705, Pos_Z, -0.01751033081539348, BFx, 1.0, 0.0, 0.0,                             BFy, 0.0, -0.9749715000363689, 0.22232987679759558, BFz, 0.0, -0.22232987679759542, -0.9749715000363672
Time, 0.246, Pos_X, -0.07445335764970001, Pos_Y, -0.09811434669946804, Pos_Z, -0.018332470715182413, BFx, 1.0, 0.0, 0.0,                             BFy, 0.0, -0.9748758620380561, 0.22274885771998557, BFz, 0.0, -0.2227488577199854, -0.9748758620380544
Time, 0.248, Pos_X, -0.07569306240570002, Pos_Y, -0.0999951014110972, Pos_Z, -0.019166234271477654, BFx, 1.0, 0.0, 0.0,                             BFy, 0.0, -0.9747657000558344, 0.22323044146052395, BFz, 0.0, -0.22323044146052382, -0.9747657000558329
Time, 0.25, Pos_X, -0.07692463600090002, Pos_Y, -0.10187665360948317, Pos_Z, -0.02001075069154143, BFx, 1.0, 0.0, 0.0,                             BFy, 0.0, -0.9746504364093334, 0.2237331598290639, BFz, 0.0, -0.22373315982906375, -0.9746504364093319
Time, 0.252, Pos_X, -0.07814714913970003, Pos_Y, -0.10375780362705289, Pos_Z, -0.020865169519026533, BFx, 1.0, 0.0, 0.0,                             BFy, 0.0, -0.9745393424911454, 0.22421656927383177, BFz, 0.0, -0.22421656927383163, -0.974539342491144
Time, 0.254, Pos_X, -0.07935974147150003, Pos_Y, -0.10563733683811619, Pos_Z, -0.021728666360812502, BFx, 1.0, 0.0, 0.0,                             BFy, 0.0, -0.9744413575070273, 0.2246420280799282, BFz, 0.0, -0.22464202807992806, -0.9744413575070258
Time, 0.256, Pos_X, -0.08056163727190004, Pos_Y, -0.10751404229732443, Pos_Z, -0.022600450980979358, BFx, 1.0, 0.0, 0.0,                             BFy, 0.0, -0.9743650216094935, 0.22497289762087444, BFz, 0.0, -0.22497289762087427, -0.9743650216094919
Time, 0.258, Pos_X, -0.08175215071850003, Pos_Y, -0.10938673067376739, Pos_Z, -0.02347979575997664, BFx, 1.0, 0.0, 0.0,                             BFy, 0.0, -0.9743186084937843, 0.22517381984310939, BFz, 0.0, -0.22517381984310925, -0.9743186084937827
Time, 0.26, Pos_X, -0.08293067752170004, Pos_Y, -0.1112542492671881, Pos_Z, -0.024366035398329197, BFx, 1.0, 0.0, 0.0,                             BFy, 0.0, -0.9743096565859488, 0.22521255090107992, BFz, 0.0, -0.22521255090107978, -0.9743096565859473
Time, 0.262, Pos_X, -0.08409669046830004, Pos_Y, -0.1131154979604759, Pos_Z, -0.025258545205120216, BFx, 1.0, 0.0, 0.0,                             BFy, 0.0, -0.9743445127411294, 0.22506170374200146, BFz, 0.0, -0.22506170374200138, -0.9743445127411278
Time, 0.264, Pos_X, -0.08524973412410004, Pos_Y, -0.11496944176486702, Pos_Z, -0.026156740238489073, BFx, 1.0, 0.0, 0.0,                             BFy, 0.0, -0.9744285171407522, 0.22469771913145165, BFz, 0.0, -0.22469771913145156, -0.9744285171407504
Time, 0.266, Pos_X, -0.08638941382310004, Pos_Y, -0.11681511508138885, Pos_Z, -0.027060087700965654, BFx, 1.0, 0.0, 0.0,                             BFy, 0.0, -0.974566012189059, 0.22410062000341976, BFz, 0.0, -0.22410062000341965, -0.9745660121890571
Time, 0.268, Pos_X, -0.08751539038210004, Pos_Y, -0.11865161318144374, Pos_Z, -0.027968121473021395, BFx, 1.0, 0.0, 0.0,                             BFy, 0.0, -0.9747601594872963, 0.22325463371742768, BFz, 0.0, -0.2232546337174276, -0.9747601594872946
Time, 0.27, Pos_X, -0.08862737836150004, Pos_Y, -0.1204780744952356, Pos_Z, -0.028880451901863384, BFx, 1.0, 0.0, 0.0,                             BFy, 0.0, -0.9750126611056473, 0.22214929818409454, BFz, 0.0, -0.22214929818409448, -0.9750126611056458
Time, 0.272, Pos_X, -0.08972513848990005, Pos_Y, -0.12229367502273901, Pos_Z, -0.02979675074203901, BFx, 1.0, 0.0, 0.0,                             BFy, 0.0, -0.9753234328736167, 0.2207808897699844, BFz, 0.0, -0.22078088976998436, -0.9753234328736148
Time, 0.274, Pos_X, -0.09080846186450005, Pos_Y, -0.12409764570631453, Pos_Z, -0.030716712026300757, BFx, 1.0, 0.0, 0.0,                             BFy, 0.0, -0.9756902909481491, 0.21915395535905413, BFz, 0.0, -0.21915395535905416, -0.9756902909481473
Time, 0.276, Pos_X, -0.09187715111970005, Pos_Y, -0.1258892998072389, Pos_Z, -0.03164001561556524, BFx, 1.0, 0.0, 0.0,                             BFy, 0.0, -0.9761088037402192, 0.21728231235155823, BFz, 0.0, -0.2172823123515583, -0.9761088037402175
Time, 0.278, Pos_X, -0.09293100691750004, Pos_Y, -0.1276680642316922, Pos_Z, -0.032566314832763614, BFx, 1.0, 0.0, 0.0,                             BFy, 0.0, -0.9765724654524902, 0.21518880017335232, BFz, 0.0, -0.2151888001733524, -0.9765724654524883
Time, 0.28, Pos_X, -0.09396982273730005, Pos_Y, -0.12943350956878472, Pos_Z, -0.03349524442309115, BFx, 1.0, 0.0, 0.0,                             BFy, 0.0, -0.9770731080448547, 0.2129040665078283, BFz, 0.0, -0.21290406650782842, -0.9770731080448528
Time, 0.282, Pos_X, -0.09499338727070002, Pos_Y, -0.1311853723853045, Pos_Z, -0.0344264348122678, BFx, 1.0, 0.0, 0.0,                             BFy, 0.0, -0.9776008802532787, 0.21046738209997487, BFz, 0.0, -0.21046738209997498, -0.9776008802532768
Time, 0.284, Pos_X, -0.09600149122910001, Pos_Y, -0.1329235794884395, Pos_Z, -0.03535952385961277, BFx, 1.0, 0.0, 0.0,                             BFy, 0.0, -0.9781443908202805, 0.2079267917004075, BFz, 0.0, -0.20792679170040762, -0.9781443908202787
Time, 0.286, Pos_X, -0.09699393210070001, Pos_Y, -0.13464827630229503, Pos_Z, -0.03629415570141672, BFx, 1.0, 0.0, 0.0,                             BFy, 0.0, -0.9786913799138387, 0.20533675482569716, BFz, 0.0, -0.20533675482569727, -0.9786913799138368
Time, 0.288, Pos_X, -0.09797051576890001, Pos_Y, -0.1363598477125762, Pos_Z, -0.03722996489471248, BFx, 1.0, 0.0, 0.0,                             BFy, 0.0, -0.9792288381415397, 0.20275818738579274, BFz, 0.0, -0.20275818738579288, -0.9792288381415378
Time, 0.29, Pos_X, -0.09893106011430002, Pos_Y, -0.13805892842491613, Pos_Z, -0.038166552056239526, BFx, 1.0, 0.0, 0.0,                             BFy, 0.0, -0.979742522928936, 0.200261301216299, BFz, 0.0, -0.20026130121629912, -0.9797425229289344
Time, 0.292, Pos_X, -0.09987540404510002, Pos_Y, -0.13974640894838386, Pos_Z, -0.039103454648709034, BFx, 1.0, 0.0, 0.0,                             BFy, 0.0, -0.9802168038595791, 0.19792679816364867, BFz, 0.0, -0.19792679816364875, -0.9802168038595774
Time, 0.294, Pos_X, -0.10080342360470003, Pos_Y, -0.14142343975058172, Pos_Z, -0.04004011756291731, BFx, 1.0, 0.0, 0.0,                             BFy, 0.0, -0.9806342446122907, 0.19584810005125006, BFz, 0.0, -0.19584810005125014, -0.9806342446122889
Time, 0.296, Pos_X, -0.10171505086470004, Pos_Y, -0.14309142937619668, Pos_Z, -0.040975865473013115, BFx, 1.0, 0.0, 0.0,                             BFy, 0.0, -0.9809750413050011, 0.19413389280765453, BFz, 0.0, -0.19413389280765453, -0.9809750413049992
Time, 0.298, Pos_X, -0.10261029248450004, Pos_Y, -0.1447520315029134, Pos_Z, -0.04190988107477365, BFx, 1.0, 0.0, 0.0,                             BFy, 0.0, -0.9812165763008361, 0.19290938388908901, BFz, 0.0, -0.19290938388908901, -0.9812165763008343
Time, 0.3, Pos_X, -0.10348924884990005, Pos_Y, -0.14640712358674604, Pos_Z, -0.042841193926160495, BFx, 1.0, 0.0, 0.0,                             BFy, 0.0, -0.9813322862221471, 0.19231990021320308, BFz, 0.0, -0.19231990021320308, -0.9813322862221452
Time, 0.302, Pos_X, -0.10435213160850004, Pos_Y, -0.148058781385383, Pos_Z, -0.04376867856492171, BFx, 1.0, 0.0, 0.0,                             BFy, 0.0, -0.9812907428077643, 0.19253175862643707, BFz, 0.0, -0.19253175862643704, -0.9812907428077624
Time, 0.304, Pos_X, -0.10519927737350004, Pos_Y, -0.14970924951948783, Pos_Z, -0.04469105856722467, BFx, 1.0, 0.0, 0.0,                             BFy, 0.0, -0.9810558849271295, 0.19372493553966966, BFz, 0.0, -0.1937249355396696, -0.9810558849271276
Time, 0.306, Pos_X, -0.10603115457010004, Pos_Y, -0.1513609071276907, Pos_Z, -0.045606912903927085, BFx, 1.0, 0.0, 0.0,                             BFy, 0.0, -0.9805881337944976, 0.19607884093248606, BFz, 0.0, -0.19607884093248598, -0.9805881337944955
Time, 0.308, Pos_X, -0.10684836377630004, Pos_Y, -0.15301622946678498, Pos_Z, -0.04651468599072261, BFx, 1.0, 0.0, 0.0,                             BFy, 0.0, -0.9798458675313242, 0.1997550396905895, BFz, 0.0, -0.19975503969058944, -0.9798458675313222
Time, 0.31, Pos_X, -0.10765163332090004, Pos_Y, -0.154677748182339, Pos_Z, -0.04741270748720142, BFx, 1.0, 0.0, 0.0,                             BFy, 0.0, -0.9787873712944318, 0.20487870019730872, BFz, 0.0, -0.2048787001973087, -0.9787873712944297
Time, 0.312, Pos_X, -0.10844180997970004, Pos_Y, -0.15634801030502768, Pos_Z, -0.04829922521649306, BFx, 1.0, 0.0, 0.0,                             BFy, 0.0, -0.9773736608704715, 0.21152003932643085, BFz, 0.0, -0.2115200393264308, -0.9773736608704694
Time, 0.314, Pos_X, -0.10921984404810005, Pos_Y, -0.1580295342223376, Pos_Z, -0.049172447774078525, BFx, 1.0, 0.0, 0.0,                             BFy, 0.0, -0.9755727527184741, 0.21967658990730307, BFz, 0.0, -0.219676589907303, -0.9755727527184721
