Time, 0, Pos_X, 0.0, Pos_Y, 0.0, Pos_Z, 0.0, BFx, 1, 0, 0,                         BFy, 0, -1, 0, BFz, 0, 0, -1
Time, 0.0, Pos_X, 0.0, Pos_Y, 0.0, Pos_Z, 0.0, BFx, 1.0, 0.0, 0.0,                             BFy, 0.0, -1.0, 0.0, BFz, 0.0, 0.0, -1.0
Time, 0.002, Pos_X, -7.56254e-07, Pos_Y, -6.652911825905476e-08, Pos_Z, 6.876313964747178e-07, BFx, 1.0, 0.0, 0.0,                             BFy, 0.0, -0.9999999248939346, -0.00038757209029699474, BFz, 0.0, 0.00038757209029699474, -0.9999999248939345
Time, 0.004, Pos_X, -3.0482876e-06, Pos_Y, -2.5508507707541613e-07, Pos_Z, 2.748833633409108e-06, BFx, 1.0, 0.0, 0.0,                             BFy, 0.0, -0.9999996987564815, -0.0007762003260582181, BFz, 0.0, 0.0007762003260582181, -0.9999996987564813
Time, 0.006, Pos_X, -6.923278e-06, Pos_Y, -5.429529756074148e-07, Pos_Z, 6.1800039960158495e-06, BFx, 1.0, 0.0, 0.0,                             BFy, 0.0, -0.9999993199781001, -0.0011662089596507171, BFz, 0.0, 0.0011662089596507174, -0.9999993199780998
Time, 0.008, Pos_X, -1.24300262e-05, Pos_Y, -9.064072047827734e-07, Pos_Z, 1.0976965044087812e-05, BFx, 1.0, 0.0, 0.0,                             BFy, 0.0, -0.9999987865363495, -0.0015578593738644533, BFz, 0.0, 0.0015578593738644535, -0.9999987865363493
Time, 0.01, Pos_X, -1.96190044e-05, Pos_Y, -1.3207777362995704e-06, Pos_Z, 1.7134843149484288e-05, BFx, 1.0, 0.0, 0.0,                             BFy, 0.0, -0.9999980957811091, -0.0019515209852913479, BFz, 0.0, 0.001951520985291348, -0.999998095781109
Time, 0.012, Pos_X, -2.854194816e-05, Pos_Y, -1.760368653126705e-06, Pos_Z, 2.4648025175737205e-05, BFx, 1.0, 0.0, 0.0,                             BFy, 0.0, -0.9999972444983602, -0.0023475509977707487, BFz, 0.0, 0.0023475509977707496, -0.9999972444983602
Time, 0.014, Pos_X, -3.925205468e-05, Pos_Y, -2.1986043018825624e-06, Pos_Z, 3.350982779634535e-05, BFx, 1.0, 0.0, 0.0,                             BFy, 0.0, -0.9999962289725567, -0.002746277601898725, BFz, 0.0, 0.0027462776018987254, -0.9999962289725566
Time, 0.016, Pos_X, -5.180377554e-05, Pos_Y, -2.60806675066076e-06, Pos_Z, 4.371216379101535e-05, BFx, 1.0, 0.0, 0.0,                             BFy, 0.0, -0.999995045130433, -0.0031479699147295864, BFz, 0.0, 0.0031479699147295864, -0.999995045130433
Time, 0.018, Pos_X, -6.625260184e-05, Pos_Y, -2.960614142436666e-06, Pos_Z, 5.524544342991182e-05, BFx, 1.0, 0.0, 0.0,                             BFy, 0.0, -0.9999936886274395, -0.0035528446755389988, BFz, 0.0, 0.0035528446755389988, -0.9999936886274395
Time, 0.02, Pos_X, -8.265508844000001e-05, Pos_Y, -3.227763651380871e-06, Pos_Z, 6.809823541861789e-05, BFx, 1.0, 0.0, 0.0,                             BFy, 0.0, -0.9999921549201598, -0.003961072851656572, BFz, 0.0, 0.003961072851656571, -0.9999921549201599
Time, 0.022, Pos_X, -0.00010106844284, Pos_Y, -3.380840632501127e-06, Pos_Z, 8.225690401915181e-05, BFx, 1.0, 0.0, 0.0,                             BFy, 0.0, -0.9999904389413369, -0.0043728738735121595, BFz, 0.0, 0.004372873873512159, -0.999990438941337
Time, 0.024, Pos_X, -0.00012155030416000002, Pos_Y, -3.391128221084019e-06, Pos_Z, 9.770558632719453e-05, BFx, 1.0, 0.0, 0.0,                             BFy, 0.0, -0.9999885349123832, -0.004788532529601074, BFz, 0.0, 0.004788532529601073, -0.9999885349123832
Time, 0.026, Pos_X, -0.00014415832372, Pos_Y, -3.2302935389136244e-06, Pos_Z, 0.0001144260700830776, BFx, 1.0, 0.0, 0.0,                             BFy, 0.0, -0.9999864360998076, -0.005208417841052318, BFz, 0.0, 0.005208417841052316, -0.9999864360998075
Time, 0.028, Pos_X, -0.00016894944260000002, Pos_Y, -2.870504579159745e-06, Pos_Z, 0.00013239740841876246, BFx, 1.0, 0.0, 0.0,                             BFy, 0.0, -0.9999841338750842, -0.005633116197902508, BFz, 0.0, 0.0056331161979025065, -0.9999841338750841
Time, 0.03, Pos_X, -0.00019597975708, Pos_Y, -2.284760808518615e-06, Pos_Z, 0.00015159551837437, BFx, 1.0, 0.0, 0.0,                             BFy, 0.0, -0.9999816180533281, -0.006063295758000405, BFz, 0.0, 0.0060632957580004036, -0.9999816180533281
Time, 0.032, Pos_X, -0.00022530453242000002, Pos_Y, -1.4473581858965578e-06, Pos_Z, 0.00017199299615669754, BFx, 1.0, 0.0, 0.0,                             BFy, 0.0, -0.9999788765857595, -0.006499721708175281, BFz, 0.0, 0.00649972170817528, -0.9999788765857595
Time, 0.034, Pos_X, -0.0002569775637400001, Pos_Y, -3.3409686023360486e-07, Pos_Z, 0.0001935589189535092, BFx, 1.0, 0.0, 0.0,                             BFy, 0.0, -0.9999758949271256, -0.00694331078779123, BFz, 0.0, 0.006943310787791229, -0.9999758949271256
Time, 0.036, Pos_X, -0.00029105065298, Pos_Y, 1.0774404742610019e-06, Pos_Z, 0.00021625824853186744, BFx, 1.0, 0.0, 0.0,                             BFy, 0.0, -0.9999726567308379, -0.007394984156248731, BFz, 0.0, 0.0073949841562487295, -0.9999726567308379
Time, 0.038, Pos_X, -0.00032757363714, Pos_Y, 2.8076013777316178e-06, Pos_Z, 0.00024005160128109186, BFx, 1.0, 0.0, 0.0,                             BFy, 0.0, -0.9999691437251338, -0.007855672958068044, BFz, 0.0, 0.007855672958068044, -0.9999691437251338
Time, 0.04, Pos_X, -0.00036659413762, Pos_Y, 4.8743154335385195e-06, Pos_Z, 0.0002648952432790108, BFx, 1.0, 0.0, 0.0,                             BFy, 0.0, -0.9999653369422751, -0.0083261584132962, BFz, 0.0, 0.0083261584132962, -0.9999653369422752
Time, 0.042, Pos_X, -0.00040815705960000004, Pos_Y, 7.292867547174643e-06, Pos_Z, 0.00029074084668246426, BFx, 1.0, 0.0, 0.0,                             BFy, 0.0, -0.9999612172174241, -0.008807046102315705, BFz, 0.0, 0.008807046102315705, -0.9999612172174245
Time, 0.044, Pos_X, -0.0004523044774799999, Pos_Y, 1.0076005775877511e-05, Pos_Z, 0.0003175353870968115, BFx, 1.0, 0.0, 0.0,                             BFy, 0.0, -0.9999567664472071, -0.009298668530856948, BFz, 0.0, 0.009298668530856946, -0.9999567664472073
Time, 0.046, Pos_X, -0.00049907562196, Pos_Y, 1.323390212389321e-05, Pos_Z, 0.0003452209164690492, BFx, 1.0, 0.0, 0.0,                             BFy, 0.0, -0.9999519679363597, -0.009801113212420495, BFz, 0.0, 0.009801113212420495, -0.9999519679363599
Time, 0.048, Pos_X, -0.00054850661604, Pos_Y, 1.677410365444305e-05, Pos_Z, 0.0003737345373505117, BFx, 1.0, 0.0, 0.0,                             BFy, 0.0, -0.9999468072214146, -0.01031420029378458, BFz, 0.0, 0.010314200293784579, -0.9999468072214146
Time, 0.05, Pos_X, -0.0006006304938200001, Pos_Y, 2.0701533925798617e-05, Pos_Z, 0.00040300857407370725, BFx, 1.0, 0.0, 0.0,                             BFy, 0.0, -0.999941274116535, -0.010837357528551434, BFz, 0.0, 0.010837357528551432, -0.9999412741165351
Time, 0.052, Pos_X, -0.0006554774366199999, Pos_Y, 2.501834054370729e-05, Pos_Z, 0.00043297077557000803, BFx, 1.0, 0.0, 0.0,                             BFy, 0.0, -0.9999353594689414, -0.011369999284068089, BFz, 0.0, 0.011369999284068087, -0.9999353594689415
Time, 0.054, Pos_X, -0.00071307509274, Pos_Y, 2.972387873711772e-05, Pos_Z, 0.00046354460879223747, BFx, 1.0, 0.0, 0.0,                             BFy, 0.0, -0.9999290581503149, -0.011911283164520293, BFz, 0.0, 0.011911283164520288, -0.9999290581503149
Time, 0.056, Pos_X, -0.0007734497565400001, Pos_Y, 3.481517096710496e-05, Pos_Z, 0.0004946490715655821, BFx, 1.0, 0.0, 0.0,                             BFy, 0.0, -0.9999223679603381, -0.012460258929548577, BFz, 0.0, 0.012460258929548572, -0.9999223679603382
Time, 0.058, Pos_X, -0.0008366261438200001, Pos_Y, 4.028703367394646e-05, Pos_Z, 0.0005261991125645887, BFx, 1.0, 0.0, 0.0,                             BFy, 0.0, -0.9999152887844323, -0.013015961552904253, BFz, 0.0, 0.013015961552904253, -0.9999152887844324
Time, 0.06, Pos_X, -0.0009026266284999999, Pos_Y, 4.613188414633011e-05, Pos_Z, 0.000558106349926277, BFx, 1.0, 0.0, 0.0,                             BFy, 0.0, -0.9999078215271122, -0.0135774978882769, BFz, 0.0, 0.013577497888276904, -0.9999078215271122
Time, 0.062, Pos_X, -0.0009714716628399999, Pos_Y, 5.2340026147619914e-05, Pos_Z, 0.0005902796411675219, BFx, 1.0, 0.0, 0.0,                             BFy, 0.0, -0.9998999656578297, -0.014144210033545216, BFz, 0.0, 0.01414421003354522, -0.9998999656578296
Time, 0.064, Pos_X, -0.00104318014614, Pos_Y, 5.890000397415486e-05, Pos_Z, 0.0006226259228968297, BFx, 1.0, 0.0, 0.0,                             BFy, 0.0, -0.9998917199178547, -0.014715584926079535, BFz, 0.0, 0.014715584926079536, -0.9998917199178545
Time, 0.066, Pos_X, -0.00111776999748, Pos_Y, 6.579914313182327e-05, Pos_Z, 0.000655050465518716, BFx, 1.0, 0.0, 0.0,                             BFy, 0.0, -0.9998830784301244, -0.015291483548038613, BFz, 0.0, 0.015291483548038614, -0.9998830784301241
Time, 0.068, Pos_X, -0.0011952583973600002, Pos_Y, 7.302412187352712e-05, Pos_Z, 0.0006874571447034045, BFx, 1.0, 0.0, 0.0,                             BFy, 0.0, -0.9998740301818169, -0.01587210660162195, BFz, 0.0, 0.01587210660162195, -0.9998740301818165
Time, 0.07, Pos_X, -0.0012756623459800002, Pos_Y, 8.056125820093194e-05, Pos_Z, 0.0007197490470586056, BFx, 1.0, 0.0, 0.0,                             BFy, 0.0, -0.9998645582579565, -0.01645798103120216, BFz, 0.0, 0.01645798103120216, -0.9998645582579562
Time, 0.072, Pos_X, -0.0013589992744399996, Pos_Y, 8.839667132675125e-05, Pos_Z, 0.0007518287747630495, BFx, 1.0, 0.0, 0.0,                             BFy, 0.0, -0.9998546379221241, -0.01705001541407166, BFz, 0.0, 0.01705001541407166, -0.9998546379221237
Time, 0.074, Pos_X, -0.0014452871051999997, Pos_Y, 9.651641739251145e-05, Pos_Z, 0.0007835986642267571, BFx, 1.0, 0.0, 0.0,                             BFy, 0.0, -0.9998442359053223, -0.017649473842128734, BFz, 0.0, 0.017649473842128734, -0.999844235905322
Time, 0.076, Pos_X, -0.0015345448191599997, Pos_Y, 0.00010490635767582655, Pos_Z, 0.0008149609174575975, BFx, 1.0, 0.0, 0.0,                             BFy, 0.0, -0.9998333090679705, -0.01825798669608019, BFz, 0.0, 0.01825798669608019, -0.9998333090679701
Time, 0.078, Pos_X, -0.0016267928871199998, Pos_Y, 0.00011355213989578319, Pos_Z, 0.0008458175347961864, BFx, 1.0, 0.0, 0.0,                             BFy, 0.0, -0.9998218040454904, -0.01887750394579145, BFz, 0.0, 0.018877503945791452, -0.9998218040454898
Time, 0.08, Pos_X, -0.00172205342308, Pos_Y, 0.00012243936601631904, Pos_Z, 0.0008760702403850424, BFx, 1.0, 0.0, 0.0,                             BFy, 0.0, -0.9998096556986319, -0.01951031449734786, BFz, 0.0, 0.01951031449734786, -0.9998096556986314
Time, 0.082, Pos_X, -0.00182035050338, Pos_Y, 0.0001315537737577576, Pos_Z, 0.0009056203106328368, BFx, 1.0, 0.0, 0.0,                             BFy, 0.0, -0.999796787854867, -0.020158943302957328, BFz, 0.0, 0.020158943302957328, -0.9997967878548667
Time, 0.084, Pos_X, -0.0019217099760200002, Pos_Y, 0.0001408816037909372, Pos_Z, 0.0009343683349586071, BFx, 1.0, 0.0, 0.0,                             BFy, 0.0, -0.9997831111776354, -0.02082619994070401, BFz, 0.0, 0.02082619994070401, -0.999783111177635
Time, 0.086, Pos_X, -0.0020261592242599995, Pos_Y, 0.0001504098877119141, Pos_Z, 0.0009622138439703182, BFx, 1.0, 0.0, 0.0,                             BFy, 0.0, -0.9997685252192179, -0.021515017568954735, BFz, 0.0, 0.02151501756895473, -0.9997685252192174
Time, 0.088, Pos_X, -0.0021337273722999996, Pos_Y, 0.0001601266455624626, Pos_Z, 0.000989055137236813, BFx, 1.0, 0.0, 0.0,                             BFy, 0.0, -0.999752919504772, -0.02222835895173302, BFz, 0.0, 0.022228358951733015, -0.9997529195047715
Time, 0.09, Pos_X, -0.0022444453493999997, Pos_Y, 0.00017002085436778282, Pos_Z, 0.00101478936591303, BFx, 1.0, 0.0, 0.0,                             BFy, 0.0, -0.9997361731856926, -0.02296919728742519, BFz, 0.0, 0.02296919728742519, -0.9997361731856922
Time, 0.092, Pos_X, -0.0023583456966799997, Pos_Y, 0.0001800820679177451, Pos_Z, 0.0010393125109609538, BFx, 1.0, 0.0, 0.0,                             BFy, 0.0, -0.9997181580882726, -0.02374035359031441, BFz, 0.0, 0.02374035359031441, -0.9997181580882722
Time, 0.094, Pos_X, -0.0024754619966, Pos_Y, 0.00019029992227092006, Pos_Z, 0.0010625195172832905, BFx, 1.0, 0.0, 0.0,                             BFy, 0.0, -0.9996987390699258, -0.02454447192346694, BFz, 0.0, 0.02454447192346694, -0.9996987390699256
Time, 0.096, Pos_X, -0.0025958281774400003, Pos_Y, 0.00020066424442254855, Pos_Z, 0.0010843051030415417, BFx, 1.0, 0.0, 0.0,                             BFy, 0.0, -0.9996777741381536, -0.02538400863118417, BFz, 0.0, 0.02538400863118417, -0.9996777741381534
Time, 0.098, Pos_X, -0.0027194777356800005, Pos_Y, 0.00021116513464831285, Pos_Z, 0.001104564443276128, BFx, 1.0, 0.0, 0.0,                             BFy, 0.0, -0.9996551192299009, -0.02626104715074199, BFz, 0.0, 0.026261047150741994, -0.9996551192299008
Time, 0.1, Pos_X, -0.0028464429666600006, Pos_Y, 0.00022179280017288602, Pos_Z, 0.0011231934330686348, BFx, 1.0, 0.0, 0.0,                             BFy, 0.0, -0.9996306290648767, -0.027177296321745394, BFz, 0.0, 0.0271772963217454, -0.9996306290648765
Time, 0.102, Pos_X, -0.0029767547669799998, Pos_Y, 0.00023253714550986902, Pos_Z, 0.0011400887185930822, BFx, 1.0, 0.0, 0.0,                             BFy, 0.0, -0.9996041560305697, -0.028134165109580923, BFz, 0.0, 0.02813416510958093, -0.9996041560305697
Time, 0.104, Pos_X, -0.00311044204144, Pos_Y, 0.00024338728158973115, Pos_Z, 0.0011551478389579969, BFx, 1.0, 0.0, 0.0,                             BFy, 0.0, -0.9995755514198637, -0.02913274795957616, BFz, 0.0, 0.029132747959576166, -0.9995755514198637
Time, 0.106, Pos_X, -0.00324753058504, Pos_Y, 0.0002543314447338426, Pos_Z, 0.0011682695561102822, BFx, 1.0, 0.0, 0.0,                             BFy, 0.0, -0.9995446658362777, -0.03017384626202995, BFz, 0.0, 0.03017384626202995, -0.9995446658362777
Time, 0.108, Pos_X, -0.0033880427024400002, Pos_Y, 0.0002653569881638254, Pos_Z, 0.0011793538421433296, BFx, 1.0, 0.0, 0.0,                             BFy, 0.0, -0.9995113455299568, -0.031258121455011646, BFz, 0.0, 0.031258121455011646, -0.9995113455299567
Time, 0.11, Pos_X, -0.0035319969536400002, Pos_Y, 0.00027645042433583174, Pos_Z, 0.0011883022597346487, BFx, 1.0, 0.0, 0.0,                             BFy, 0.0, -0.9994754297638874, -0.032386189931721696, BFz, 0.0, 0.032386189931721696, -0.9994754297638873
Time, 0.112, Pos_X, -0.0036794073447600005, Pos_Y, 0.0002875975760258124, Pos_Z, 0.0011950185885279397, BFx, 1.0, 0.0, 0.0,                             BFy, 0.0, -0.9994367467612569, -0.03355874287389964, BFz, 0.0, 0.03355874287389965, -0.9994367467612567
Time, 0.114, Pos_X, -0.0038302823776800005, Pos_Y, 0.00029878393627297706, Pos_Z, 0.0011994093169000325, BFx, 1.0, 0.0, 0.0,                             BFy, 0.0, -0.9993951114878595, -0.03477658888060365, BFz, 0.0, 0.03477658888060366, -0.9993951114878593
Time, 0.116, Pos_X, -0.003984624614800001, Pos_Y, 0.00030999472674888347, Pos_Z, 0.0012013841572353764, BFx, 1.0, 0.0, 0.0,                             BFy, 0.0, -0.9993503269603626, -0.036040588289009336, BFz, 0.0, 0.03604058828900934, -0.9993503269603624
Time, 0.118, Pos_X, -0.00414243051144, Pos_Y, 0.0003212149097594446, Pos_Z, 0.001200856384307958, BFx, 1.0, 0.0, 0.0,                             BFy, 0.0, -0.9993021870275998, -0.03735155956392973, BFz, 0.0, 0.037351559563929736, -0.9993021870275995
Time, 0.12, Pos_X, -0.00430369080768, Pos_Y, 0.0003324290210964637, Pos_Z, 0.00119774322437342, BFx, 1.0, 0.0, 0.0,                             BFy, 0.0, -0.9992504830111413, -0.0387101046498569, BFz, 0.0, 0.038710104649856907, -0.999250483011141
Time, 0.122, Pos_X, -0.00446839125952, Pos_Y, 0.0003436209495876382, Pos_Z, 0.0011919663192378176, BFx, 1.0, 0.0, 0.0,                             BFy, 0.0, -0.999195008870781, -0.04011650841887599, BFz, 0.0, 0.040116508418876005, -0.9991950088707808
Time, 0.124, Pos_X, -0.00463651211516, Pos_Y, 0.0003547745460154162, Pos_Z, 0.0011834521800502247, BFx, 1.0, 0.0, 0.0,                             BFy, 0.0, -0.9991355678759258, -0.04157062671230162, BFz, 0.0, 0.041570626712301634, -0.9991355678759255
Time, 0.126, Pos_X, -0.0048080271474000005, Pos_Y, 0.00036587403780304723, Pos_Z, 0.0011721325068661118, BFx, 1.0, 0.0, 0.0,                             BFy, 0.0, -0.999071979931709, -0.043071787928262065, BFz, 0.0, 0.04307178792826208, -0.9990719799317087
Time, 0.128, Pos_X, -0.004982903217380001, Pos_Y, 0.00037690386163224244, Pos_Z, 0.0011579438914219703, BFx, 1.0, 0.0, 0.0,                             BFy, 0.0, -0.9990040885503775, -0.04461872991953241, BFz, 0.0, 0.044618729919532425, -0.9990040885503773
Time, 0.13, Pos_X, -0.005161100737840001, Pos_Y, 0.0003878485744088985, Pos_Z, 0.0011408271851102766, BFx, 1.0, 0.0, 0.0,                             BFy, 0.0, -0.9989317655166747, -0.046209607677860975, BFz, 0.0, 0.046209607677860996, -0.9989317655166745
Time, 0.132, Pos_X, -0.005342574412100001, Pos_Y, 0.00039869316859832783, Pos_Z, 0.001120727041844836, BFx, 1.0, 0.0, 0.0,                             BFy, 0.0, -0.9988549112829818, -0.04784209658730567, BFz, 0.0, 0.04784209658730569, -0.9988549112829815
Time, 0.134, Pos_X, -0.005527273505620001, Pos_Y, 0.00040942366658810303, Pos_Z, 0.0010975916951663984, BFx, 1.0, 0.0, 0.0,                             BFy, 0.0, -0.9987734506766793, -0.04951357615241807, BFz, 0.0, 0.04951357615241808, -0.9987734506766791
Time, 0.136, Pos_X, -0.005715142031640001, Pos_Y, 0.0004200275686178861, Pos_Z, 0.0010713734758383605, BFx, 1.0, 0.0, 0.0,                             BFy, 0.0, -0.9986873265182157, -0.05122132223889975, BFz, 0.0, 0.05122132223889977, -0.9986873265182153
Time, 0.138, Pos_X, -0.005906118364560001, Pos_Y, 0.0004304943648689531, Pos_Z, 0.0010420296657494654, BFx, 1.0, 0.0, 0.0,                             BFy, 0.0, -0.9985964893308864, -0.05296273686311217, BFz, 0.0, 0.05296273686311218, -0.9985964893308861
Time, 0.14, Pos_X, -0.006100134229760001, Pos_Y, 0.0004408163138874056, Pos_Z, 0.001009523010717746, BFx, 1.0, 0.0, 0.0,                             BFy, 0.0, -0.9985008809292647, -0.05473564454251618, BFz, 0.0, 0.054735644542516185, -0.9985008809292643
Time, 0.142, Pos_X, -0.0062971142208399986, Pos_Y, 0.0004509892293839796, Pos_Z, 0.0009738220705689028, BFx, 1.0, 0.0, 0.0,                             BFy, 0.0, -0.9984004315847117, -0.05653828978191177, BFz, 0.0, 0.05653828978191178, -0.9984004315847113
Time, 0.144, Pos_X, -0.0064969765623199985, Pos_Y, 0.00046101288352735914, Pos_Z, 0.0009349011407835987, BFx, 1.0, 0.0, 0.0,                             BFy, 0.0, -0.9982950513146228, -0.05836943138952822, BFz, 0.0, 0.058369431389528235, -0.9982950513146223
Time, 0.146, Pos_X, -0.006699632856319999, Pos_Y, 0.0004708914975869205, Pos_Z, 0.000892740351557559, BFx, 1.0, 0.0, 0.0,                             BFy, 0.0, -0.9981846187581593, -0.060228455688573046, BFz, 0.0, 0.06022845568857305, -0.9981846187581587
Time, 0.148, Pos_X, -0.006904986511639999, Pos_Y, 0.000480634564963251, Pos_Z, 0.0008473260028056554, BFx, 1.0, 0.0, 0.0,                             BFy, 0.0, -0.9980689820624815, -0.06211527223448665, BFz, 0.0, 0.06211527223448667, -0.9980689820624808
Time, 0.15, Pos_X, -0.007112931564219999, Pos_Y, 0.000490257031760002, Pos_Z, 0.0007986504903319204, BFx, 1.0, 0.0, 0.0,                             BFy, 0.0, -0.997947956473177, -0.06403027542508963, BFz, 0.0, 0.06403027542508964, -0.9979479564731764
Time, 0.152, Pos_X, -0.007323351348959999, Pos_Y, 0.0004997785697809132, Pos_Z, 0.0007467119493312291, BFx, 1.0, 0.0, 0.0,                             BFy, 0.0, -0.997821313745061, -0.06597443320016315, BFz, 0.0, 0.06597443320016315, -0.9978213137450606
Time, 0.154, Pos_X, -0.0075361178522, Pos_Y, 0.0005092230168172225, Pos_Z, 0.0006915136630387522, BFx, 1.0, 0.0, 0.0,                             BFy, 0.0, -0.9976887845212248, -0.0679491665921193, BFz, 0.0, 0.0679491665921193, -0.9976887845212243
Time, 0.156, Pos_X, -0.00775109191244, Pos_Y, 0.0005186179161207785, Pos_Z, 0.0006330628011555682, BFx, 1.0, 0.0, 0.0,                             BFy, 0.0, -0.9975500570221804, -0.06995629875177369, BFz, 0.0, 0.06995629875177367, -0.9975500570221799
Time, 0.158, Pos_X, -0.00796812325116, Pos_Y, 0.0005279938590579316, Pos_Z, 0.0005713688659962906, BFx, 1.0, 0.0, 0.0,                             BFy, 0.0, -0.9974047826330789, -0.0719979137243812, BFz, 0.0, 0.07199791372438122, -0.9974047826330783
Time, 0.16, Pos_X, -0.00818704964756, Pos_Y, 0.0005373848051167326, Pos_Z, 0.0005064426786179862, BFx, 1.0, 0.0, 0.0,                             BFy, 0.0, -0.9972525689014263, -0.07407640528203571, BFz, 0.0, 0.07407640528203571, -0.9972525689014258
Time, 0.162, Pos_X, -0.00840769563656, Pos_Y, 0.0005468293726997091, Pos_Z, 0.00043829567136460226, BFx, 1.0, 0.0, 0.0,                             BFy, 0.0, -0.9970929777020618, -0.07619444741737122, BFz, 0.0, 0.0761944474173712, -0.9970929777020613
Time, 0.164, Pos_X, -0.00862987159308, Pos_Y, 0.0005563716674739504, Pos_Z, 0.00036693799537146186, BFx, 1.0, 0.0, 0.0,                             BFy, 0.0, -0.9969255127708817, -0.07835510185378791, BFz, 0.0, 0.07835510185378788, -0.9969255127708814
Time, 0.166, Pos_X, -0.00885337442762, Pos_Y, 0.0005660600086586341, Pos_Z, 0.00029237591452469956, BFx, 1.0, 0.0, 0.0,                             BFy, 0.0, -0.9967496242487789, -0.08056169412271255, BFz, 0.0, 0.08056169412271252, -0.9967496242487784
Time, 0.168, Pos_X, -0.009077988853980002, Pos_Y, 0.0005759447758766085, Pos_Z, 0.0002146108499771066, BFx, 1.0, 0.0, 0.0,                             BFy, 0.0, -0.9965647129329932, -0.08281770907713142, BFz, 0.0, 0.08281770907713139, -0.9965647129329926
Time, 0.17, Pos_X, -0.009303488106500002, Pos_Y, 0.0005860767029253585, Pos_Z, 0.0001336375916511997, BFx, 1.0, 0.0, 0.0,                             BFy, 0.0, -0.9963701361538251, -0.08512668078112368, BFz, 0.0, 0.08512668078112365, -0.9963701361538246
Time, 0.172, Pos_X, -0.009529634536539999, Pos_Y, 0.0005965055338899503, Pos_Z, 4.9440223574991895e-05, BFx, 1.0, 0.0, 0.0,                             BFy, 0.0, -0.996165207861276, -0.08749216334452133, BFz, 0.0, 0.08749216334452128, -0.9961652078612755
Time, 0.174, Pos_X, -0.00975618053809, Pos_Y, 0.0006072793796430489, Pos_Z, -3.8010973600358195e-05, BFx, 1.0, 0.0, 0.0,                             BFy, 0.0, -0.995949207038103, -0.08991761229135127, BFz, 0.0, 0.08991761229135121, -0.9959492070381023
Time, 0.176, Pos_X, -0.0099828703563504, Pos_Y, 0.0006184440725812499, Pos_Z, -0.00012876101671359256, BFx, 1.0, 0.0, 0.0,                             BFy, 0.0, -0.9957213818705403, -0.09240632925198382, BFz, 0.0, 0.09240632925198376, -0.9957213818705395
Time, 0.178, Pos_X, -0.0102094414520832, Pos_Y, 0.0006300426539488321, Pos_Z, -0.00022287205728405184, BFx, 1.0, 0.0, 0.0,                             BFy, 0.0, -0.9954809567899777, -0.09496138514425204, BFz, 0.0, 0.09496138514425197, -0.995480956789977
Time, 0.18, Pos_X, -0.010435625347648001, Pos_Y, 0.0006421145213778731, Pos_Z, -0.0003204261203545078, BFx, 1.0, 0.0, 0.0,                             BFy, 0.0, -0.9952271387710633, -0.09758556375595404, BFz, 0.0, 0.09758556375595395, -0.9952271387710625
Time, 0.182, Pos_X, -0.010661148780032801, Pos_Y, 0.0006546945426800009, Pos_Z, -0.000421527941065976, BFx, 1.0, 0.0, 0.0,                             BFy, 0.0, -0.9949591010456015, -0.10028153990906352, BFz, 0.0, 0.10028153990906344, -0.9949591010456007
Time, 0.184, Pos_X, -0.0108857357375576, Pos_Y, 0.0006678117986638723, Pos_Z, -0.0005263079427026896, BFx, 1.0, 0.0, 0.0,                             BFy, 0.0, -0.9946759655998115, -0.103052042474118, BFz, 0.0, 0.10305204247411794, -0.9946759655998108
Time, 0.186, Pos_X, -0.011109109732042401, Pos_Y, 0.000681488075572597, Pos_Z, -0.0006349254788362662, BFx, 1.0, 0.0, 0.0,                             BFy, 0.0, -0.9943767732810116, -0.105900107456263, BFz, 0.0, 0.1059001074562629, -0.9943767732810109
Time, 0.188, Pos_X, -0.011330995341447202, Pos_Y, 0.0006957368366968839, Pos_Z, -0.0007475711655720176, BFx, 1.0, 0.0, 0.0,                             BFy, 0.0, -0.9940604759178403, -0.10882908718720992, BFz, 0.0, 0.10882908718720981, -0.9940604759178397
Time, 0.19, Pos_X, -0.011551120054572003, Pos_Y, 0.00071056206039651, Pos_Z, -0.0008644680912014444, BFx, 1.0, 0.0, 0.0,                             BFy, 0.0, -0.9937259131269486, -0.11184278957544382, BFz, 0.0, 0.1118427895754437, -0.9937259131269481
Time, 0.192, Pos_X, -0.011769216320296804, Pos_Y, 0.0007259571602518173, Pos_Z, -0.0009858722452355017, BFx, 1.0, 0.0, 0.0,                             BFy, 0.0, -0.9933718175543743, -0.11494534391928991, BFz, 0.0, 0.11494534391928979, -0.9933718175543739
Time, 0.194, Pos_X, -0.011985023112901604, Pos_Y, 0.000741904169436507, Pos_Z, -0.001112072112376991, BFx, 1.0, 0.0, 0.0,                             BFy, 0.0, -0.992996815798843, -0.11814111821615576, BFz, 0.0, 0.11814111821615562, -0.9929968157988426
Time, 0.196, Pos_X, -0.012198286790386405, Pos_Y, 0.0007583733947539293, Pos_Z, -0.0012433878528571793, BFx, 1.0, 0.0, 0.0,                             BFy, 0.0, -0.9925994212686441, -0.12143471042975296, BFz, 0.0, 0.12143471042975283, -0.9925994212686435
Time, 0.198, Pos_X, -0.012408762237591206, Pos_Y, 0.000775322787357873, Pos_Z, -0.0013801719552485382, BFx, 1.0, 0.0, 0.0,                             BFy, 0.0, -0.9921780643401343, -0.12483063983761983, BFz, 0.0, 0.1248306398376197, -0.9921780643401338
Time, 0.2, Pos_X, -0.012616214902576006, Pos_Y, 0.0007926973846076084, Pos_Z, -0.00152281005519257, BFx, 1.0, 0.0, 0.0,                             BFy, 0.0, -0.9917311159905047, -0.12833313514534508, BFz, 0.0, 0.12833313514534495, -0.991731115990504
Time, 0.202, Pos_X, -0.012820421998220807, Pos_Y, 0.0008104297053330169, Pos_Z, -0.0016717187949953996, BFx, 1.0, 0.0, 0.0,                             BFy, 0.0, -0.9912570001729261, -0.13194529020839274, BFz, 0.0, 0.1319452902083926, -0.9912570001729254
Time, 0.204, Pos_X, -0.013021172732945605, Pos_Y, 0.0008284409685406285, Pos_Z, -0.0018273411447162688, BFx, 1.0, 0.0, 0.0,                             BFy, 0.0, -0.9907542972194595, -0.13566842868250525, BFz, 0.0, 0.13566842868250506, -0.9907542972194588
Time, 0.206, Pos_X, -0.013218268242150404, Pos_Y, 0.0008466425143083027, Pos_Z, -0.001990141482864707, BFx, 1.0, 0.0, 0.0,                             BFy, 0.0, -0.9902218491604968, -0.13950157506340682, BFz, 0.0, 0.13950157506340663, -0.9902218491604962
Time, 0.208, Pos_X, -0.013411521337355204, Pos_Y, 0.0008649373588904497, Pos_Z, -0.0021605997775943223, BFx, 1.0, 0.0, 0.0,                             BFy, 0.0, -0.9896588816221872, -0.14344092172851577, BFz, 0.0, 0.14344092172851555, -0.9896588816221867
Time, 0.21, Pos_X, -0.013600755537760004, Pos_Y, 0.0008832220160745263, Pos_Z, -0.0023392039796192796, BFx, 1.0, 0.0, 0.0,                             BFy, 0.0, -0.98906512388529, -0.14747942471334952, BFz, 0.0, 0.1474794247133493, -0.9890651238852894
Time, 0.212, Pos_X, -0.013785803792364805, Pos_Y, 0.0009013884365106787, Pos_Z, -0.0025264418473574407, BFx, 1.0, 0.0, 0.0,                             BFy, 0.0, -0.9884409022180726, -0.1516066714308031, BFz, 0.0, 0.1516066714308029, -0.988440902218072
Time, 0.214, Pos_X, -0.013966507546569605, Pos_Y, 0.0009193259289116517, Pos_Z, -0.002722792375074246, BFx, 1.0, 0.0, 0.0,                             BFy, 0.0, -0.9877872500002249, -0.15580869275171344, BFz, 0.0, 0.15580869275171325, -0.9877872500002244
Time, 0.216, Pos_X, -0.014142716036374405, Pos_Y, 0.0009369230634082424, Pos_Z, -0.002928717067107288, BFx, 1.0, 0.0, 0.0,                             BFy, 0.0, -0.9871060119990834, -0.16006786396797562, BFz, 0.0, 0.16006786396797545, -0.9871060119990829
Time, 0.218, Pos_X, -0.014314284819579205, Pos_Y, 0.0009540701216394387, Pos_Z, -0.0031446508689250384, BFx, 1.0, 0.0, 0.0,                             BFy, 0.0, -0.9863998656835116, -0.16436333222332405, BFz, 0.0, 0.1643633322233239, -0.9863998656835111
Time, 0.22, Pos_X, -0.014481074169584005, Pos_Y, 0.0009706616627689859, Pos_Z, -0.0033709934763830446, BFx, 1.0, 0.0, 0.0,                             BFy, 0.0, -0.9856723099923471, -0.16867156640748726, BFz, 0.0, 0.16867156640748712, -0.9856723099923466
Time, 0.222, Pos_X, -0.014642948694388805, Pos_Y, 0.0009865985975038333, Pos_Z, -0.003608101159784098, BFx, 1.0, 0.0, 0.0,                             BFy, 0.0, -0.9849275779972625, -0.17296723996309663, BFz, 0.0, 0.1729672399630965, -0.9849275779972618
Time, 0.224, Pos_X, -0.014799776694593605, Pos_Y, 0.0010017897682049572, Pos_Z, -0.003856279169967085, BFx, 1.0, 0.0, 0.0,                             BFy, 0.0, -0.9841705230307614, -0.1772240999338488, BFz, 0.0, 0.17722409993384866, -0.9841705230307604
Time, 0.226, Pos_X, -0.014951429659398406, Pos_Y, 0.0010161529684160242, Pos_Z, -0.0041157749902475185, BFx, 1.0, 0.0, 0.0,                             BFy, 0.0, -0.9834064531288677, -0.18141595283906345, BFz, 0.0, 0.18141595283906334, -0.9834064531288667
Time, 0.228, Pos_X, -0.015097782119403207, Pos_Y, 0.0010296158142613777, Pos_Z, -0.004386772413458051, BFx, 1.0, 0.0, 0.0,                             BFy, 0.0, -0.9826408658212226, -0.1855180013317396, BFz, 0.0, 0.18551800133173948, -0.9826408658212216
Time, 0.23, Pos_X, -0.015238710779408006, Pos_Y, 0.0010421166013669676, Pos_Z, -0.004669387325673815, BFx, 1.0, 0.0, 0.0,                             BFy, 0.0, -0.9818791410223099, -0.18950818564192914, BFz, 0.0, 0.18950818564192903, -0.9818791410223089
Time, 0.232, Pos_X, -0.015374094119412806, Pos_Y, 0.0010536044027922278, Pos_Z, -0.004963665565923739, BFx, 1.0, 0.0, 0.0,                             BFy, 0.0, -0.9811261990695959, -0.1933685121710685, BFz, 0.0, 0.1933685121710684, -0.981126199069595
Time, 0.234, Pos_X, -0.015503813505817607, Pos_Y, 0.0010640380429212922, Pos_Z, -0.0052695818035943575, BFx, 1.0, 0.0, 0.0,                             BFy, 0.0, -0.9803861473882118, -0.1970862806217228, BFz, 0.0, 0.19708628062172268, -0.980386147388211
Time, 0.236, Pos_X, -0.015627755045022406, Pos_Y, 0.0010733849271676273, Pos_Z, -0.0055870394312600765, BFx, 1.0, 0.0, 0.0,                             BFy, 0.0, -0.9796620262136281, -0.20065471436029966, BFz, 0.0, 0.20065471436029955, -0.9796620262136274
Time, 0.238, Pos_X, -0.015745810332027207, Pos_Y, 0.001081620131968157, Pos_Z, -0.005915871794572957, BFx, 1.0, 0.0, 0.0,                             BFy, 0.0, -0.9789556019742679, -0.2040733430980235, BFz, 0.0, 0.2040733430980234, -0.9789556019742672
Time, 0.24, Pos_X, -0.015857876507432006, Pos_Y, 0.0010887250550599638, Pos_Z, -0.006255844735741903, BFx, 1.0, 0.0, 0.0,                             BFy, 0.0, -0.9782672785239599, -0.20734785209721796, BFz, 0.0, 0.20734785209721787, -0.9782672785239594
Time, 0.242, Pos_X, -0.015963857057836806, Pos_Y, 0.001094684673283504, Pos_Z, -0.006606660386850932, BFx, 1.0, 0.0, 0.0,                             BFy, 0.0, -0.9775961107326918, -0.210489534847506, BFz, 0.0, 0.2104895348475059, -0.9775961107326914
Time, 0.244, Pos_X, -0.016063662999041606, Pos_Y, 0.0010994847109910603, Pos_Z, -0.006967962133132372, BFx, 1.0, 0.0, 0.0,                             BFy, 0.0, -0.9769399592476039, -0.2135142056756288, BFz, 0.0, 0.2135142056756287, -0.9769399592476036
Time, 0.246, Pos_X, -0.016157214600846407, Pos_Y, 0.0011031090463704903, Pos_Z, -0.007339340984301745, BFx, 1.0, 0.0, 0.0,                             BFy, 0.0, -0.9762957578317789, -0.2164407384012462, BFz, 0.0, 0.21644073840124609, -0.9762957578317788
Time, 0.248, Pos_X, -0.016244443589451207, Pos_Y, 0.0011055370592302416, Pos_Z, -0.007720342228438831, BFx, 1.0, 0.0, 0.0,                             BFy, 0.0, -0.975659863788993, -0.21928937546367247, BFz, 0.0, 0.21928937546367236, -0.975659863788993
Time, 0.25, Pos_X, -0.016325295202456007, Pos_Y, 0.0011067416341139274, Pos_Z, -0.008110471709729445, BFx, 1.0, 0.0, 0.0,                             BFy, 0.0, -0.9750284478745309, -0.22207999872880826, BFz, 0.0, 0.22207999872880815, -0.9750284478745308
Time, 0.252, Pos_X, -0.016399729432260805, Pos_Y, 0.0011066873980571626, Pos_Z, -0.008509202303161743, BFx, 1.0, 0.0, 0.0,                             BFy, 0.0, -0.9743978703209092, -0.22483058135867823, BFz, 0.0, 0.22483058135867812, -0.9743978703209092
Time, 0.254, Pos_X, -0.016467721393065606, Pos_Y, 0.0011053297268667746, Pos_Z, -0.008915980082218361, BFx, 1.0, 0.0, 0.0,                             BFy, 0.0, -0.9737650241827254, -0.2275558781451737, BFz, 0.0, 0.22755587814517364, -0.9737650241827255
Time, 0.256, Pos_X, -0.016529262781470405, Pos_Y, 0.0011026141831578637, Pos_Z, -0.009330230192299192, BFx, 1.0, 0.0, 0.0,                             BFy, 0.0, -0.9731275106484139, -0.23026690604432498, BFz, 0.0, 0.23026690604432493, -0.9731275106484141
Time, 0.258, Pos_X, -0.016584363768475205, Pos_Y, 0.0010984763488611547, Pos_Z, -0.00975136322151132, BFx, 1.0, 0.0, 0.0,                             BFy, 0.0, -0.9724838416221314, -0.23297033670376607, BFz, 0.0, 0.232970336703766, -0.9724838416221315
Time, 0.26, Pos_X, -0.016633054389480005, Pos_Y, 0.0010928430558993052, Pos_Z, -0.010178780880423843, BFx, 1.0, 0.0, 0.0,                             BFy, 0.0, -0.9718335593065277, -0.23566826898335438, BFz, 0.0, 0.2356682689833543, -0.9718335593065277
Time, 0.262, Pos_X, -0.016675385502484805, Pos_Y, 0.0010856342994859484, Pos_Z, -0.010611880500720941, BFx, 1.0, 0.0, 0.0,                             BFy, 0.0, -0.9711772103704484, -0.2383586081035859, BFz, 0.0, 0.23835860810358586, -0.9711772103704482
Time, 0.264, Pos_X, -0.016711428275889603, Pos_Y, 0.0010767646075372855, Pos_Z, -0.011050058851078405, BFx, 1.0, 0.0, 0.0,                             BFy, 0.0, -0.9705162765979058, -0.2410355925139317, BFz, 0.0, 0.24103559251393167, -0.9705162765979056
Time, 0.266, Pos_X, -0.0167412729836944, Pos_Y, 0.0010661447549675269, Pos_Z, -0.01149271512139589, BFx, 1.0, 0.0, 0.0,                             BFy, 0.0, -0.9698529972010824, -0.24369071344653756, BFz, 0.0, 0.24369071344653753, -0.9698529972010822
Time, 0.268, Pos_X, -0.0167650283792992, Pos_Y, 0.0010536835413689923, Pos_Z, -0.011939254094556614, BFx, 1.0, 0.0, 0.0,                             BFy, 0.0, -0.9691901811095923, -0.2463136066902534, BFz, 0.0, 0.24631360669025334, -0.969190181109592
Time, 0.27, Pos_X, -0.016782821504504, Pos_Y, 0.001039288763211476, Pos_Z, -0.012389089419055822, BFx, 1.0, 0.0, 0.0,                             BFy, 0.0, -0.9685309308353705, -0.24889322211578174, BFz, 0.0, 0.2488932221157817, -0.9685309308353701
Time, 0.272, Pos_X, -0.016794797127908802, Pos_Y, 0.0010228682856312185, Pos_Z, -0.012841646255017, BFx, 1.0, 0.0, 0.0,                             BFy, 0.0, -0.967878436664737, -0.25141863860785946, BFz, 0.0, 0.2514186386078594, -0.9678784366647369
Time, 0.274, Pos_X, -0.0168011167743136, Pos_Y, 0.0010043322137431479, Pos_Z, -0.013296362197969735, BFx, 1.0, 0.0, 0.0,                             BFy, 0.0, -0.9672357522966164, -0.25387989183707177, BFz, 0.0, 0.25387989183707177, -0.9672357522966164
Time, 0.276, Pos_X, -0.016801956568518402, Pos_Y, 0.0009835961128273941, Pos_Z, -0.01375268774653282, BFx, 1.0, 0.0, 0.0,                             BFy, 0.0, -0.9666056465644204, -0.25626846085654675, BFz, 0.0, 0.25626846085654675, -0.9666056465644204
Time, 0.278, Pos_X, -0.016797504360323203, Pos_Y, 0.0009605830123562632, Pos_Z, -0.014210089623767363, BFx, 1.0, 0.0, 0.0,                             BFy, 0.0, -0.9659904637987193, -0.25857769403013076, BFz, 0.0, 0.2585776940301307, -0.9659904637987193
Time, 0.28, Pos_X, -0.016787956422128002, Pos_Y, 0.0009352243724207945, Pos_Z, -0.014668053754707592, BFx, 1.0, 0.0, 0.0,                             BFy, 0.0, -0.9653920575746284, -0.26080294318091923, BFz, 0.0, 0.2608029431809191, -0.9653920575746285
Time, 0.282, Pos_X, -0.0167735141025328, Pos_Y, 0.000907461499533979, Pos_Z, -0.015126086373725282, BFx, 1.0, 0.0, 0.0,                             BFy, 0.0, -0.9648118363473195, -0.26294128706636705, BFz, 0.0, 0.262941287066367, -0.9648118363473196
Time, 0.284, Pos_X, -0.016754380642337603, Pos_Y, 0.0008772468419057859, Pos_Z, -0.015583716778916366, BFx, 1.0, 0.0, 0.0,                             BFy, 0.0, -0.964250810096212, -0.264991273872939, BFz, 0.0, 0.264991273872939, -0.9642508100962123
Time, 0.286, Pos_X, -0.016730757404142402, Pos_Y, 0.0008445451754543671, Pos_Z, -0.016040501675146486, BFx, 1.0, 0.0, 0.0,                             BFy, 0.0, -0.9637096818858772, -0.26695252206979786, BFz, 0.0, 0.26695252206979786, -0.9637096818858774
Time, 0.288, Pos_X, -0.016702840916747203, Pos_Y, 0.0008093341626705374, Pos_Z, -0.016496028625733662, BFx, 1.0, 0.0, 0.0,                             BFy, 0.0, -0.9631889633881625, -0.26882526073128127, BFz, 0.0, 0.26882526073128127, -0.9631889633881626
Time, 0.29, Pos_X, -0.016670820601952, Pos_Y, 0.0007716044467828864, Pos_Z, -0.016949917837693743, BFx, 1.0, 0.0, 0.0,                             BFy, 0.0, -0.9626890421001378, -0.2706100667386991, BFz, 0.0, 0.2706100667386991, -0.9626890421001381
Time, 0.292, Pos_X, -0.016634875489156802, Pos_Y, 0.0007313595363910904, Pos_Z, -0.017401822261479634, BFx, 1.0, 0.0, 0.0,                             BFy, 0.0, -0.9622103124014283, -0.2723073901096888, BFz, 0.0, 0.2723073901096888, -0.9622103124014284
Time, 0.294, Pos_X, -0.016595170327561602, Pos_Y, 0.000688616182341628, Pos_Z, -0.01785142682542629, BFx, 1.0, 0.0, 0.0,                             BFy, 0.0, -0.9617532680932364, -0.2739172344194206, BFz, 0.0, 0.2739172344194206, -0.9617532680932365
Time, 0.296, Pos_X, -0.016551851811086402, Pos_Y, 0.0006434051470166806, Pos_Z, -0.01829844743538732, BFx, 1.0, 0.0, 0.0,                             BFy, 0.0, -0.9613186103159695, -0.27543879439936764, BFz, 0.0, 0.27543879439936764, -0.9613186103159697
Time, 0.298, Pos_X, -0.0165050453237312, Pos_Y, 0.0005957711543421449, Pos_Z, -0.018742630987349546, BFx, 1.0, 0.0, 0.0,                             BFy, 0.0, -0.9609072888191194, -0.2768703348036653, BFz, 0.0, 0.27687033480366513, -0.9609072888191196
Time, 0.3, Pos_X, -0.016454852132376, Pos_Y, 0.0005457721167469605, Pos_Z, -0.019183756454783967, BFx, 1.0, 0.0, 0.0,                             BFy, 0.0, -0.9605205444453516, -0.27820906473084167, BFz, 0.0, 0.2782090647308415, -0.9605205444453518
Time, 0.302, Pos_X, -0.016401346814620802, Pos_Y, 0.0004934777292406917, Pos_Z, -0.019621635552852925, BFx, 1.0, 0.0, 0.0,                             BFy, 0.0, -0.9601599312370462, -0.27945108059707785, BFz, 0.0, 0.2794510805970777, -0.9601599312370465
Time, 0.304, Pos_X, -0.016344575312265602, Pos_Y, 0.0004389680464145643, Pos_Z, -0.020056113047787285, BFx, 1.0, 0.0, 0.0,                             BFy, 0.0, -0.9598272869683596, -0.2805914809664801, BFz, 0.0, 0.28059148096647996, -0.9598272869683597
Time, 0.306, Pos_X, -0.016284553289110403, Pos_Y, 0.00038233211317378267, Pos_Z, -0.020487066310697067, BFx, 1.0, 0.0, 0.0,                             BFy, 0.0, -0.9595246250894722, -0.28162473940851196, BFz, 0.0, 0.2816247394085118, -0.9595246250894724
Time, 0.308, Pos_X, -0.016221264560475204, Pos_Y, 0.00032366741369100726, Pos_Z, -0.020914402861345906, BFx, 1.0, 0.0, 0.0,                             BFy, 0.0, -0.9592539809943511, -0.28254521752543144, BFz, 0.0, 0.2825452175254313, -0.9592539809943513
Time, 0.31, Pos_X, -0.016154659176160005, Pos_Y, 0.00026307956163887716, Pos_Z, -0.021338057761268084, BFx, 1.0, 0.0, 0.0,                             BFy, 0.0, -0.9590172624996313, -0.28334764905980264, BFz, 0.0, 0.28334764905980253, -0.9590172624996316
Time, 0.312, Pos_X, -0.016084652470744806, Pos_Y, 0.00020068084712985217, Pos_Z, -0.02175799364023271, BFx, 1.0, 0.0, 0.0,                             BFy, 0.0, -0.9588160875734443, -0.2840276574743327, BFz, 0.0, 0.2840276574743325, -0.9588160875734447
