Time, 0, Pos_X, 0.0, Pos_Y, 0.0, Pos_Z, 0.0, BFx, 1, 0, 0,                         BFy, 0, -1, 0, BFz, 0, 0, -1
Time, 0.0, Pos_X, 0.0, Pos_Y, 0.0, Pos_Z, 0.0, BFx, 1.0, 0.0, 0.0,                             BFy, 0.0, -1.0, 0.0, BFz, 0.0, 0.0, -1.0
Time, 0.002, Pos_X, 6.782882e-08, Pos_Y, 1.0382842133062577e-07, Pos_Z, -1.9386202297054485e-07, BFx, 1.0, 0.0, 0.0,                             BFy, 0.0, -0.9999978525905823, 0.0020723933565730554, BFz, 0.0, -0.0020723933565730554, -0.9999978525905823
Time, 0.004, Pos_X, 1.85155822e-07, Pos_Y, 3.3109952271953104e-07, Pos_Z, -8.047611434398651e-07, BFx, 1.0, 0.0, 0.0,                             BFy, 0.0, -0.9999912754867006, 0.004177194091962469, BFz, 0.0, -0.004177194091962469, -0.9999912754867005
Time, 0.006, Pos_X, 1.7245168000000002e-07, Pos_Y, 5.08192705039488e-07, Pos_Z, -1.8934559363823606e-06, BFx, 1.0, 0.0, 0.0,                             BFy, 0.0, -0.9999800404376523, 0.0063181268039824365, BFz, 0.0, -0.0063181268039824365, -0.9999800404376523
Time, 0.008, Pos_X, -1.63707068e-07, Pos_Y, 4.510159563784837e-07, Pos_Z, -3.5253877821456254e-06, BFx, 1.0, 0.0, 0.0,                             BFy, 0.0, -0.9999638841483026, 0.008498846924156872, BFz, 0.0, -0.00849884692415687, -0.9999638841483024
Time, 0.01, Pos_X, -1.031233636e-06, Pos_Y, -3.674454139027965e-08, Pos_Z, -5.769588034380583e-06, BFx, 1.0, 0.0, 0.0,                             BFy, 0.0, -0.9999425082050201, 0.010722886022619291, BFz, 0.0, -0.01072288602261929, -0.9999425082050197
Time, 0.012, Pos_X, -2.655043924e-06, Pos_Y, -1.1663346164946632e-06, Pos_Z, -8.696385208638651e-06, BFx, 1.0, 0.0, 0.0,                             BFy, 0.0, -0.9999155814530658, 0.012993458638020561, BFz, 0.0, -0.01299345863802056, -0.9999155814530656
Time, 0.014, Pos_X, -5.277196532e-06, Pos_Y, -3.1632092985632372e-06, Pos_Z, -1.2377176008787559e-05, BFx, 1.0, 0.0, 0.0,                             BFy, 0.0, -0.9998827447809795, 0.015313284731075025, BFz, 0.0, -0.015313284731075023, -0.9998827447809795
Time, 0.016, Pos_X, -9.15336476e-06, Pos_Y, -6.264407470668863e-06, Pos_Z, -1.688340655317192e-05, BFx, 1.0, 0.0, 0.0,                             BFy, 0.0, -0.9998436174262939, 0.017684476014373833, BFz, 0.0, -0.01768447601437383, -0.999843617426294
Time, 0.018, Pos_X, -1.4550586967999993e-05, Pos_Y, -1.0718782737218745e-05, Pos_Z, -2.2282258309013747e-05, BFx, 1.0, 0.0, 0.0,                             BFy, 0.0, -0.999797807056, 0.0201083317561158, BFz, 0.0, -0.0201083317561158, -0.9997978070560001
Time, 0.02, Pos_X, -2.1746859056e-05, Pos_Y, -1.6788133996848867e-05, Pos_Z, -2.863295002175535e-05, BFx, 1.0, 0.0, 0.0,                             BFy, 0.0, -0.9997449207631336, 0.02258524758147027, BFz, 0.0, -0.022585247581470267, -0.9997449207631337
Time, 0.022, Pos_X, -3.103068354399999e-05, Pos_Y, -2.474722344686796e-05, Pos_Z, -3.5986683205441274e-05, BFx, 1.0, 0.0, 0.0,                             BFy, 0.0, -0.9996845750347679, 0.025114745420889352, BFz, 0.0, -0.025114745420889345, -0.9996845750347679
Time, 0.024, Pos_X, -4.2700665492e-05, Pos_Y, -3.488457297689437e-05, Pos_Z, -4.4387896808440166e-05, BFx, 1.0, 0.0, 0.0,                             BFy, 0.0, -0.9996164043627502, 0.027695561537680935, BFz, 0.0, -0.027695561537680928, -0.9996164043627501
Time, 0.026, Pos_X, -5.7064283099999993e-05, Pos_Y, -4.7503578638505494e-05, Pos_Z, -5.3874355220985127e-05, BFx, 1.0, 0.0, 0.0,                             BFy, 0.0, -0.9995400686031741, 0.03032575236928033, BFz, 0.0, -0.03032575236928032, -0.999540068603174
Time, 0.028, Pos_X, -7.443566524800001e-05, Pos_Y, -6.29222860277705e-05, Pos_Z, -6.447643973405091e-05, BFx, 1.0, 0.0, 0.0,                             BFy, 0.0, -0.9994552150504415, 0.03300413774781305, BFz, 0.0, -0.033004137747813043, -0.9994552150504415
Time, 0.03, Pos_X, -9.5132926336e-05, Pos_Y, -8.147171345685399e-05, Pos_Z, -7.621590402400419e-05, BFx, 1.0, 0.0, 0.0,                             BFy, 0.0, -0.999361583090762, 0.035727107947988966, BFz, 0.0, -0.03572710794798896, -0.9993615830907618
Time, 0.032, Pos_X, -0.00011947552032400002, Pos_Y, -0.00010349372889032915, Pos_Z, -8.910432782786744e-05, BFx, 1.0, 0.0, 0.0,                             BFy, 0.0, -0.999258952174365, 0.03849086254412899, BFz, 0.0, -0.03849086254412899, -0.9992589521743651
Time, 0.034, Pos_X, -0.00014778153861200007, Pos_Y, -0.00012933975664561093, Pos_Z, -0.00010314197868380211, BFx, 1.0, 0.0, 0.0,                             BFy, 0.0, -0.9991471530077648, 0.041291241643708426, BFz, 0.0, -0.041291241643708426, -0.9991471530077649
Time, 0.036, Pos_X, -0.0001803646705, Pos_Y, -0.00015936971919775465, Pos_Z, -0.00011831731554728276, BFx, 1.0, 0.0, 0.0,                             BFy, 0.0, -0.99902608848404, 0.04412340114134404, BFz, 0.0, -0.04412340114134404, -0.9990260884840402
Time, 0.038, Pos_X, -0.00021753054478800004, Pos_Y, -0.00019395129246211235, Pos_Z, -0.00013460636570038065, BFx, 1.0, 0.0, 0.0,                             BFy, 0.0, -0.9988957543624589, 0.0469816125378302, BFz, 0.0, -0.046981612537830196, -0.9988957543624593
Time, 0.04, Pos_X, -0.0002595717228760001, Pos_Y, -0.00023345891227315003, Pos_Z, -0.00015197084722850407, BFx, 1.0, 0.0, 0.0,                             BFy, 0.0, -0.9987562672754507, 0.04985898693323833, BFz, 0.0, -0.049858986933238314, -0.9987562672754511
Time, 0.042, Pos_X, -0.00030676289356400017, Pos_Y, -0.00027827237978561277, Pos_Z, -0.00017035592361830333, BFx, 1.0, 0.0, 0.0,                             BFy, 0.0, -0.9986079025003298, 0.05274710479156721, BFz, 0.0, -0.0527471047915672, -0.9986079025003299
Time, 0.044, Pos_X, -0.00035935765665200006, Pos_Y, -0.0003287761916143669, Pos_Z, -0.0001896889904028066, BFx, 1.0, 0.0, 0.0,                             BFy, 0.0, -0.9984511310852382, 0.05563576938094082, BFz, 0.0, -0.055635769380940815, -0.9984511310852384
Time, 0.046, Pos_X, -0.0004175848329400001, Pos_Y, -0.0003853581838008485, Pos_Z, -0.00020987879397789668, BFx, 1.0, 0.0, 0.0,                             BFy, 0.0, -0.9982866344651086, 0.058513207469148, BFz, 0.0, -0.05851320746914801, -0.9982866344651087
Time, 0.048, Pos_X, -0.00048164485382800015, Pos_Y, -0.00044840755426774076, Pos_Z, -0.0002308149916926713, BFx, 1.0, 0.0, 0.0,                             BFy, 0.0, -0.9981153239381881, 0.06136611540391239, BFz, 0.0, -0.061366115403912395, -0.9981153239381885
Time, 0.05, Pos_X, -0.0005517072959160003, Pos_Y, -0.0005183130143649029, Pos_Z, -0.0002523687401726504, BFx, 1.0, 0.0, 0.0,                             BFy, 0.0, -0.9979383560057159, 0.06417972898516457, BFz, 0.0, -0.06417972898516458, -0.9979383560057163
Time, 0.052, Pos_X, -0.0006279092152040001, Pos_Y, -0.000595460827593664, Pos_Z, -0.0002743941472227013, BFx, 1.0, 0.0, 0.0,                             BFy, 0.0, -0.9977571540794182, 0.06693774333916808, BFz, 0.0, -0.0669377433391681, -0.9977571540794187
Time, 0.054, Pos_X, -0.0007103546478920001, Pos_Y, -0.0006802332291108848, Pos_Z, -0.0002967307646899201, BFx, 1.0, 0.0, 0.0,                             BFy, 0.0, -0.9975734146097331, 0.06962242787979667, BFz, 0.0, -0.0696224278797967, -0.9975734146097336
Time, 0.056, Pos_X, -0.0007991183009800002, Pos_Y, -0.0007730115287989774, Pos_Z, -0.0003192069061455365, BFx, 1.0, 0.0, 0.0,                             BFy, 0.0, -0.9973890833785805, 0.0722150701532256, BFz, 0.0, -0.07221507015322565, -0.9973890833785809
Time, 0.058, Pos_X, -0.0008942465488680003, Pos_Y, -0.0008741742277390094, Pos_Z, -0.00034164353701275396, BFx, 1.0, 0.0, 0.0,                             BFy, 0.0, -0.9972062758066795, 0.07469701126399138, BFz, 0.0, -0.0746970112639914, -0.9972062758066801
Time, 0.06, Pos_X, -0.0009957569097560001, Pos_Y, -0.0009840913618253397, Pos_Z, -0.000363858759670542, BFx, 1.0, 0.0, 0.0,                             BFy, 0.0, -0.9970271344763142, 0.07705123696573439, BFz, 0.0, -0.07705123696573442, -0.9970271344763147
Time, 0.062, Pos_X, -0.0011036416730440001, Pos_Y, -0.0011031243938735996, Pos_Z, -0.0003856729983334039, BFx, 1.0, 0.0, 0.0,                             BFy, 0.0, -0.9968536384362929, 0.0792642639297477, BFz, 0.0, -0.07926426392974774, -0.9968536384362935
Time, 0.064, Pos_X, -0.0012178725979320002, Pos_Y, -0.001231626259412317, Pos_Z, -0.0004069141502995453, BFx, 1.0, 0.0, 0.0,                             BFy, 0.0, -0.9966873869034582, 0.08132805658293421, BFz, 0.0, -0.08132805658293427, -0.9966873869034586
Time, 0.066, Pos_X, -0.0013384062520200002, Pos_Y, -0.0013699419206285855, Pos_Z, -0.00042742249283301084, BFx, 1.0, 0.0, 0.0,                             BFy, 0.0, -0.9965293846790481, 0.08324172914589384, BFz, 0.0, -0.08324172914589388, -0.9965293846790485
Time, 0.068, Pos_X, -0.0014651895319080003, Pos_Y, -0.0015184091225453754, Pos_Z, -0.00044705571432310676, BFx, 1.0, 0.0, 0.0,                             BFy, 0.0, -0.9963798395043657, 0.08501303093793806, BFz, 0.0, -0.0850130309379381, -0.9963798395043661
Time, 0.07, Pos_X, -0.0015981664515960004, Pos_Y, -0.0016773595193932706, Pos_Z, -0.0004656939986948557, BFx, 1.0, 0.0, 0.0,                             BFy, 0.0, -0.9962380375263565, 0.08665894406023167, BFz, 0.0, -0.08665894406023168, -0.9962380375263569
Time, 0.072, Pos_X, -0.0017372837816839997, Pos_Y, -0.0018471201490473372, Pos_Z, -0.00048324363913417636, BFx, 1.0, 0.0, 0.0,                             BFy, 0.0, -0.996102293947796, 0.08820555533490486, BFz, 0.0, -0.08820555533490486, -0.9961022939477964
Time, 0.074, Pos_X, -0.0018824962455719998, Pos_Y, -0.0020280146236299054, Pos_Z, -0.0004996389117775319, BFx, 1.0, 0.0, 0.0,                             BFy, 0.0, -0.9959699980053125, 0.0896870284561716, BFz, 0.0, -0.0896870284561716, -0.995969998005313
Time, 0.076, Pos_X, -0.0020337726026599997, Pos_Y, -0.0022203647588437602, Pos_Z, -0.0005148442900707283, BFx, 1.0, 0.0, 0.0,                             BFy, 0.0, -0.9958377624471845, 0.09114357291759607, BFz, 0.0, -0.09114357291759603, -0.995837762447185
Time, 0.078, Pos_X, -0.002191101107948, Pos_Y, -0.0024244921710930636, Pos_Z, -0.0005288565179697709, BFx, 1.0, 0.0, 0.0,                             BFy, 0.0, -0.9957016492574097, 0.09261871120931357, BFz, 0.0, -0.09261871120931353, -0.9957016492574102
Time, 0.08, Pos_X, -0.002354493671436, Pos_Y, -0.0026407194862584984, Pos_Z, -0.0005417060304511761, BFx, 1.0, 0.0, 0.0,                             BFy, 0.0, -0.995557418398929, 0.09415639474225765, BFz, 0.0, -0.09415639474225761, -0.9955574183989297
Time, 0.082, Pos_X, -0.0025239893017240003, Pos_Y, -0.002869371666661279, Pos_Z, -0.0005534565372154744, BFx, 1.0, 0.0, 0.0,                             BFy, 0.0, -0.9954007759726918, 0.09579820036390432, BFz, 0.0, -0.09579820036390428, -0.9954007759726927
Time, 0.084, Pos_X, -0.0026996559678120003, Pos_Y, -0.0031107770394835734, Pos_Z, -0.0005642023656470853, BFx, 1.0, 0.0, 0.0,                             BFy, 0.0, -0.995227590714654, 0.09758095449576497, BFz, 0.0, -0.09758095449576494, -0.995227590714655
Time, 0.086, Pos_X, -0.0028815905972999992, Pos_Y, -0.003365267474780858, Pos_Z, -0.0005740647115930739, BFx, 1.0, 0.0, 0.0,                             BFy, 0.0, -0.9950340546873846, 0.0995350692589393, BFz, 0.0, -0.09953506925893928, -0.9950340546873857
Time, 0.088, Pos_X, -0.0030699180175879992, Pos_Y, -0.003633178048964395, Pos_Z, -0.0005831869237216163, BFx, 1.0, 0.0, 0.0,                             BFy, 0.0, -0.9948167929400227, 0.10168357037656955, BFz, 0.0, -0.10168357037656954, -0.9948167929400237
Time, 0.09, Pos_X, -0.0032647884246759995, Pos_Y, -0.0039148461466288476, Pos_Z, -0.0005917290646554328, BFx, 1.0, 0.0, 0.0,                             BFy, 0.0, -0.9945729242017676, 0.10404181104125246, BFz, 0.0, -0.10404181104125246, -0.9945729242017685
Time, 0.092, Pos_X, -0.0034663735769639996, Pos_Y, -0.004210609827291594, Pos_Z, -0.0005998621772249989, BFx, 1.0, 0.0, 0.0,                             BFy, 0.0, -0.9943001366453226, 0.10661725126400294, BFz, 0.0, -0.10661725126400294, -0.9943001366453235
Time, 0.094, Pos_X, -0.0036748619492519997, Pos_Y, -0.004520806155344508, Pos_Z, -0.0006077621124426141, BFx, 1.0, 0.0, 0.0,                             BFy, 0.0, -0.9939967232306399, 0.10940984510887967, BFz, 0.0, -0.10940984510887967, -0.9939967232306409
Time, 0.096, Pos_X, -0.0038904527723399997, Pos_Y, -0.004845769237614949, Pos_Z, -0.0006156030165777183, BFx, 1.0, 0.0, 0.0,                             BFy, 0.0, -0.9936616204552183, 0.1124125617282537, BFz, 0.0, -0.11241256172825369, -0.9936616204552193
Time, 0.098, Pos_X, -0.004113349992428, Pos_Y, -0.005185827934878709, Pos_Z, -0.0006235509793985356, BFx, 1.0, 0.0, 0.0,                             BFy, 0.0, -0.9932944829182101, 0.11561172174241029, BFz, 0.0, -0.1156117217424103, -0.993294482918211
Time, 0.1, Pos_X, -0.004343755588716, Pos_Y, -0.005541303032958148, Pos_Z, -0.0006317582747693503, BFx, 1.0, 0.0, 0.0,                             BFy, 0.0, -0.9928957981643637, 0.11898711689737596, BFz, 0.0, -0.11898711689737594, -0.9928957981643646
Time, 0.102, Pos_X, -0.0045818623948039984, Pos_Y, -0.00591250398938107, Pos_Z, -0.0006403585895437526, BFx, 1.0, 0.0, 0.0,                             BFy, 0.0, -0.9924669681885993, 0.12251251795032447, BFz, 0.0, -0.12251251795032447, -0.9924669681886003
Time, 0.104, Pos_X, -0.004827847654291999, Pos_Y, -0.006299725780819014, Pos_Z, -0.000649462863069043, BFx, 1.0, 0.0, 0.0,                             BFy, 0.0, -0.9920104196911237, 0.12615596388692643, BFz, 0.0, -0.12615596388692643, -0.9920104196911246
Time, 0.106, Pos_X, -0.005081867750379999, Pos_Y, -0.00670324629953986, Pos_Z, -0.0006591563658820838, BFx, 1.0, 0.0, 0.0,                             BFy, 0.0, -0.9915296325670095, 0.12988066731246076, BFz, 0.0, -0.12988066731246076, -0.9915296325670104
Time, 0.108, Pos_X, -0.005344053220667999, Pos_Y, -0.007123323643932009, Pos_Z, -0.0006694974841779988, BFx, 1.0, 0.0, 0.0,                             BFy, 0.0, -0.9910291392248055, 0.1336459696636596, BFz, 0.0, -0.1336459696636596, -0.9910291392248064
Time, 0.11, Pos_X, -0.005614504100955999, Pos_Y, -0.007560193224308827, Pos_Z, -0.0006805188416504668, BFx, 1.0, 0.0, 0.0,                             BFy, 0.0, -0.9905144831061877, 0.13740836494508027, BFz, 0.0, -0.13740836494508027, -0.9905144831061886
Time, 0.112, Pos_X, -0.005893287840843999, Pos_Y, -0.008014065404661926, Pos_Z, -0.0006922315144232947, BFx, 1.0, 0.0, 0.0,                             BFy, 0.0, -0.9899921870865768, 0.14112217936077562, BFz, 0.0, -0.14112217936077562, -0.9899921870865778
Time, 0.114, Pos_X, -0.0061804387477319995, Pos_Y, -0.008485123628085834, Pos_Z, -0.0007046310324135217, BFx, 1.0, 0.0, 0.0,                             BFy, 0.0, -0.9894696365953499, 0.14474058952437854, BFz, 0.0, -0.14474058952437854, -0.9894696365953509
Time, 0.116, Pos_X, -0.006475957680819999, Pos_Y, -0.008973522731052251, Pos_Z, -0.0007177032449935416, BFx, 1.0, 0.0, 0.0,                             BFy, 0.0, -0.9889548911625521, 0.1482168116161696, BFz, 0.0, -0.14821681161616962, -0.9889548911625531
Time, 0.118, Pos_X, -0.006779814113107997, Pos_Y, -0.009479387578222413, Pos_Z, -0.0007314311561962633, BFx, 1.0, 0.0, 0.0,                             BFy, 0.0, -0.9884564364918984, 0.1515053568615173, BFz, 0.0, -0.1515053568615174, -0.9884564364918995
Time, 0.12, Pos_X, -0.007091949409795998, Pos_Y, -0.01000281112736367, Pos_Z, -0.000745804955829477, BFx, 1.0, 0.0, 0.0,                             BFy, 0.0, -0.9879828701093172, 0.1545634121341596, BFz, 0.0, -0.15456341213415972, -0.9879828701093183
Time, 0.122, Pos_X, -0.0074122798782839975, Pos_Y, -0.010543852448008744, Pos_Z, -0.0007608332297472512, BFx, 1.0, 0.0, 0.0,                             BFy, 0.0, -0.9875425910512928, 0.1573519331298383, BFz, 0.0, -0.15735193312983844, -0.987542591051294
Time, 0.124, Pos_X, -0.0077407029205719975, Pos_Y, -0.01110253806600271, Pos_Z, -0.0007765533359446855, BFx, 1.0, 0.0, 0.0,                             BFy, 0.0, -0.9871434555787267, 0.15983678584133432, BFz, 0.0, -0.15983678584133446, -0.987143455578728
Time, 0.126, Pos_X, -0.008077106791259997, Pos_Y, -0.011678864706753063, Pos_Z, -0.0007930427645966846, BFx, 1.0, 0.0, 0.0,                             BFy, 0.0, -0.9867924452794751, 0.1619897217089784, BFz, 0.0, -0.16198972170897857, -0.9867924452794763
Time, 0.128, Pos_X, -0.008421378871147998, Pos_Y, -0.012272800079955383, Pos_Z, -0.0008104317121641265, BFx, 1.0, 0.0, 0.0,                             BFy, 0.0, -0.9864953959278545, 0.1637889917337056, BFz, 0.0, -0.16378899173370576, -0.9864953959278557
Time, 0.13, Pos_X, -0.008773413863435999, Pos_Y, -0.01288428311720581, Pos_Z, -0.0008289154743139937, BFx, 1.0, 0.0, 0.0,                             BFy, 0.0, -0.9862567270045094, 0.16522006064140912, BFz, 0.0, -0.16522006064140926, -0.9862567270045107
Time, 0.132, Pos_X, -0.009133121465723999, Pos_Y, -0.013513225992583968, Pos_Z, -0.0008487633219369246, BFx, 1.0, 0.0, 0.0,                             BFy, 0.0, -0.986079200668581, 0.16627630621592093, BFz, 0.0, -0.16627630621592104, -0.9860792006685825
Time, 0.134, Pos_X, -0.009500432310011998, Pos_Y, -0.014159517131985403, Pos_Z, -0.0008703244262779374, BFx, 1.0, 0.0, 0.0,                             BFy, 0.0, -0.9859638077644357, 0.16695918596667045, BFz, 0.0, -0.1669591859666706, -0.985963807764437
Time, 0.136, Pos_X, -0.009875305454899999, Pos_Y, -0.01482302374283059, Pos_Z, -0.0008940339323540304, BFx, 1.0, 0.0, 0.0,                             BFy, 0.0, -0.9859097365934382, 0.16727818533884217, BFz, 0.0, -0.16727818533884228, -0.9859097365934395
Time, 0.138, Pos_X, -0.010257735857588, Pos_Y, -0.015503595600429436, Pos_Z, -0.0009204176313633266, BFx, 1.0, 0.0, 0.0,                             BFy, 0.0, -0.9859143826920214, 0.16725079970215112, BFz, 0.0, -0.1672507997021513, -0.9859143826920228
Time, 0.14, Pos_X, -0.010647759775676, Pos_Y, -0.01620106996448443, Pos_Z, -0.0009500942523549559, BFx, 1.0, 0.0, 0.0,                             BFy, 0.0, -0.9859734839017278, 0.1669020342676748, BFz, 0.0, -0.16690203426767497, -0.9859734839017292
Time, 0.142, Pos_X, -0.011045458543563995, Pos_Y, -0.016915276095441283, Pos_Z, -0.0009837753359880435, BFx, 1.0, 0.0, 0.0,                             BFy, 0.0, -0.986081280795599, 0.16626396983264213, BFz, 0.0, -0.1662639698326423, -0.9860812807956002
Time, 0.144, Pos_X, -0.011450961058451996, Pos_Y, -0.017646038722624116, Pos_Z, -0.0010222619868717844, BFx, 1.0, 0.0, 0.0,                             BFy, 0.0, -0.9862307568287162, 0.16537501106592828, BFz, 0.0, -0.16537501106592845, -0.9862307568287175
Time, 0.146, Pos_X, -0.011864444312539996, Pos_Y, -0.018393180717584907, Pos_Z, -0.001066438010393821, BFx, 1.0, 0.0, 0.0,                             BFy, 0.0, -0.9864139249423534, 0.1642789355937625, BFz, 0.0, -0.16427893559376266, -0.9864139249423549
Time, 0.148, Pos_X, -0.012286132288627996, Pos_Y, -0.01915652470816645, Pos_Z, -0.0011172607544163425, BFx, 1.0, 0.0, 0.0,                             BFy, 0.0, -0.9866221591980715, 0.16302366386305248, BFz, 0.0, -0.1630236638630527, -0.9866221591980731
Time, 0.15, Pos_X, -0.012716294071315996, Pos_Y, -0.01993589395926706, Pos_Z, -0.0011757510748810784, BFx, 1.0, 0.0, 0.0,                             BFy, 0.0, -0.9868465021091141, 0.16166007941048507, BFz, 0.0, -0.16166007941048532, -0.9868465021091156
Time, 0.152, Pos_X, -0.013155240075403996, Pos_Y, -0.020731112982119698, Pos_Z, -0.0012429814883851552, BFx, 1.0, 0.0, 0.0,                             BFy, 0.0, -0.9870779824009812, 0.16024062112712328, BFz, 0.0, -0.16024062112712353, -0.9870779824009827
Time, 0.154, Pos_X, -0.013603315003491996, Pos_Y, -0.021542006868500108, Pos_Z, -0.0013200615175527927, BFx, 1.0, 0.0, 0.0,                             BFy, 0.0, -0.987307917960051, 0.15881774187220732, BFz, 0.0, -0.1588177418722076, -0.9873079179600526
Time, 0.156, Pos_X, -0.014060890447579997, Pos_Y, -0.022368400338825895, Pos_Z, -0.001408121640210235, BFx, 1.0, 0.0, 0.0,                             BFy, 0.0, -0.9875281880042196, 0.15744230021535044, BFz, 0.0, -0.15744230021535072, -0.987528188004221
Time, 0.158, Pos_X, -0.014528356504867997, Pos_Y, -0.02321011620584904, Pos_Z, -0.0015082962971227326, BFx, 1.0, 0.0, 0.0,                             BFy, 0.0, -0.9877314363003503, 0.15616212647132227, BFz, 0.0, -0.15616212647132258, -0.9877314363003517
Time, 0.16, Pos_X, -0.015006111445955999, Pos_Y, -0.024066972546323725, Pos_Z, -0.0016217057747967853, BFx, 1.0, 0.0, 0.0,                             BFy, 0.0, -0.9879113319582618, 0.15501999931767346, BFz, 0.0, -0.15501999931767377, -0.9879113319582631
Time, 0.162, Pos_X, -0.015494550441443999, Pos_Y, -0.02493877851603821, Pos_Z, -0.0017494380169574015, BFx, 1.0, 0.0, 0.0,                             BFy, 0.0, -0.9880626147979861, 0.15405281314719468, BFz, 0.0, -0.154052813147195, -0.9880626147979875
Time, 0.164, Pos_X, -0.015994053644532, Pos_Y, -0.025825329503590906, Pos_Z, -0.001892530603701707, BFx, 1.0, 0.0, 0.0,                             BFy, 0.0, -0.9881811948247429, 0.1532903330113874, BFz, 0.0, -0.1532903330113877, -0.9881811948247441
Time, 0.166, Pos_X, -0.016504975286019997, Pos_Y, -0.026726402263363723, Pos_Z, -0.0020519540666510553, BFx, 1.0, 0.0, 0.0,                             BFy, 0.0, -0.9882641442962156, 0.15275464345959297, BFz, 0.0, -0.1527546434595933, -0.9882641442962168
Time, 0.168, Pos_X, -0.017027633430107998, Pos_Y, -0.02764174975098292, Pos_Z, -0.0022285973425308597, BFx, 1.0, 0.0, 0.0,                             BFy, 0.0, -0.9883096296733274, 0.1524600796765156, BFz, 0.0, -0.1524600796765159, -0.9883096296733285
Time, 0.17, Pos_X, -0.017562299327196, Pos_Y, -0.028571095791408596, Pos_Z, -0.0024232551396014363, BFx, 1.0, 0.0, 0.0,                             BFy, 0.0, -0.988316833259003, 0.15241337571517546, BFz, 0.0, -0.15241337571517574, -0.988316833259004
Time, 0.172, Pos_X, -0.01810918844288399, Pos_Y, -0.029514130010812777, Pos_Z, -0.002636616878197225, BFx, 1.0, 0.0, 0.0,                             BFy, 0.0, -0.9882858048196077, 0.15261444227876908, BFz, 0.0, -0.15261444227876936, -0.9882858048196085
Time, 0.174, Pos_X, -0.01866845249097199, Pos_Y, -0.03047050295090481, Pos_Z, -0.002869257888908252, BFx, 1.0, 0.0, 0.0,                             BFy, 0.0, -0.9882173405526855, 0.1530571391049019, BFz, 0.0, -0.1530571391049022, -0.9882173405526863
Time, 0.176, Pos_X, -0.01924017300965999, Pos_Y, -0.03143982262899658, Pos_Z, -0.0031216346830808756, BFx, 1.0, 0.0, 0.0,                             BFy, 0.0, -0.9881128438783289, 0.1537303085363493, BFz, 0.0, -0.1537303085363496, -0.9881128438783293
Time, 0.178, Pos_X, -0.019824357599147992, Pos_Y, -0.03242165373675354, Pos_Z, -0.003394082049595574, BFx, 1.0, 0.0, 0.0,                             BFy, 0.0, -0.9879741639814136, 0.1546190522064706, BFz, 0.0, -0.1546190522064709, -0.9879741639814139
Time, 0.18, Pos_X, -0.020420936291035995, Pos_Y, -0.033415516630300755, Pos_Z, -0.003686810921861802, BFx, 1.0, 0.0, 0.0,                             BFy, 0.0, -0.9878034734723118, 0.15570580527403646, BFz, 0.0, -0.15570580527403677, -0.9878034734723122
Time, 0.182, Pos_X, -0.021029767192523995, Pos_Y, -0.03442089125769859, Pos_Z, -0.003999910575177675, BFx, 1.0, 0.0, 0.0,                             BFy, 0.0, -0.9876031631358165, 0.15697131000322992, BFz, 0.0, -0.1569713100032302, -0.9876031631358169
Time, 0.184, Pos_X, -0.021650637858011995, Pos_Y, -0.03543722187126116, Pos_Z, -0.004333349182478276, BFx, 1.0, 0.0, 0.0,                             BFy, 0.0, -0.9873757517487995, 0.1583954698168271, BFz, 0.0, -0.1583954698168274, -0.9873757517487998
Time, 0.186, Pos_X, -0.022283255629699995, Pos_Y, -0.03646391045175832, Pos_Z, -0.004686968947892542, BFx, 1.0, 0.0, 0.0,                             BFy, 0.0, -0.9871238370944949, 0.15995790146110936, BFz, 0.0, -0.15995790146110966, -0.987123837094495
Time, 0.188, Pos_X, -0.022927256000387995, Pos_Y, -0.037500315092370166, Pos_Z, -0.005060490659675573, BFx, 1.0, 0.0, 0.0,                             BFy, 0.0, -0.9868500401537355, 0.16163848009855716, BFz, 0.0, -0.16163848009855744, -0.9868500401537356
Time, 0.19, Pos_X, -0.023582219232275995, Pos_Y, -0.03854575870680203, Pos_Z, -0.0054535349925892975, BFx, 1.0, 0.0, 0.0,                             BFy, 0.0, -0.9865569876296975, 0.1634175943985779, BFz, 0.0, -0.16341759439857817, -0.9865569876296976
Time, 0.192, Pos_X, -0.024247676151963996, Pos_Y, -0.039599539440368994, Pos_Z, -0.00586563622902246, BFx, 1.0, 0.0, 0.0,                             BFy, 0.0, -0.9862473314690541, 0.16527613611822684, BFz, 0.0, -0.1652761361182271, -0.9862473314690542
Time, 0.194, Pos_X, -0.024923112484851996, Pos_Y, -0.04066093745752235, Pos_Z, -0.0062962399535455935, BFx, 1.0, 0.0, 0.0,                             BFy, 0.0, -0.9859237348043663, 0.16719566127567434, BFz, 0.0, -0.16719566127567465, -0.9859237348043666
Time, 0.196, Pos_X, -0.025607975892739998, Pos_Y, -0.041729213258327465, Pos_Z, -0.006744707724479235, BFx, 1.0, 0.0, 0.0,                             BFy, 0.0, -0.9855888748084627, 0.16915841644384308, BFz, 0.0, -0.16915841644384338, -0.9855888748084629
Time, 0.198, Pos_X, -0.026301683405028, Pos_Y, -0.04280360746092093, Pos_Z, -0.007210333299739264, BFx, 1.0, 0.0, 0.0,                             BFy, 0.0, -0.9852454327802368, 0.17114741361085178, BFz, 0.0, -0.1711474136108521, -0.9852454327802371
Time, 0.2, Pos_X, -0.027003630651516, Pos_Y, -0.043883346979422866, Pos_Z, -0.007692358802445033, BFx, 1.0, 0.0, 0.0,                             BFy, 0.0, -0.9848960367845464, 0.17314674910633918, BFz, 0.0, -0.17314674910633945, -0.9848960367845468
Time, 0.202, Pos_X, -0.027713201754804004, Pos_Y, -0.044967652846417905, Pos_Z, -0.008189984280967533, BFx, 1.0, 0.0, 0.0,                             BFy, 0.0, -0.9845431824012061, 0.1751420052052218, BFz, 0.0, -0.1751420052052221, -0.9845431824012063
Time, 0.204, Pos_X, -0.028429778160891993, Pos_Y, -0.046055746285682105, Pos_Z, -0.008702372375858688, BFx, 1.0, 0.0, 0.0,                             BFy, 0.0, -0.9841892192759983, 0.1771202435096031, BFz, 0.0, -0.1771202435096034, -0.9841892192759986
Time, 0.206, Pos_X, -0.029152746043179995, Pos_Y, -0.047146853335937, Pos_Z, -0.009228652175799396, BFx, 1.0, 0.0, 0.0,                             BFy, 0.0, -0.9838363190993609, 0.17907009024686701, BFz, 0.0, -0.17907009024686726, -0.983836319099361
Time, 0.208, Pos_X, -0.029881501401867995, Pos_Y, -0.048240208350583964, Pos_Z, -0.009767926192801113, BFx, 1.0, 0.0, 0.0,                             BFy, 0.0, -0.983486439101085, 0.18098183363052828, BFz, 0.0, -0.18098183363052855, -0.9834864391010851
Time, 0.21, Pos_X, -0.030615454875355996, Pos_Y, -0.04933505668725493, Pos_Z, -0.010319279961985714, BFx, 1.0, 0.0, 0.0,                             BFy, 0.0, -0.9831412945687255, 0.18284746351462233, BFz, 0.0, -0.1828474635146226, -0.9831412945687257
Time, 0.212, Pos_X, -0.031354035430043996, Pos_Y, -0.05043065697968303, Pos_Z, -0.010881791503160553, BFx, 1.0, 0.0, 0.0,                             BFy, 0.0, -0.9828024381213174, 0.18466014086097315, BFz, 0.0, -0.1846601408609735, -0.9828024381213177
Time, 0.214, Pos_X, -0.032096689162132, Pos_Y, -0.05152628126552473, Pos_Z, -0.011454542459101038, BFx, 1.0, 0.0, 0.0,                             BFy, 0.0, -0.9824708471443842, 0.1864162935781006, BFz, 0.0, -0.18641629357810094, -0.9824708471443844
Time, 0.216, Pos_X, -0.03284287720542, Pos_Y, -0.05262121552698649, Pos_Z, -0.012036632800927356, BFx, 1.0, 0.0, 0.0,                             BFy, 0.0, -0.9821467935488344, 0.18811612350286133, BFz, 0.0, -0.18811612350286167, -0.9821467935488346
Time, 0.218, Pos_X, -0.033592079144708, Pos_Y, -0.05371476680652481, Pos_Z, -0.012627192160941873, BFx, 1.0, 0.0, 0.0,                             BFy, 0.0, -0.9818301739165479, 0.18976171791750238, BFz, 0.0, -0.1897617179175027, -0.9818301739165481
Time, 0.22, Pos_X, -0.034343796987796, Pos_Y, -0.05480627656827641, Pos_Z, -0.013225380040621694, BFx, 1.0, 0.0, 0.0,                             BFy, 0.0, -0.9815205985611667, 0.19135651177874574, BFz, 0.0, -0.19135651177874607, -0.981520598561167
Time, 0.222, Pos_X, -0.035097555721084, Pos_Y, -0.055895134860408285, Pos_Z, -0.013830378755447405, BFx, 1.0, 0.0, 0.0,                             BFy, 0.0, -0.9812171059651138, 0.19290668977888506, BFz, 0.0, -0.1929066897788854, -0.9812171059651141
Time, 0.224, Pos_X, -0.035852903305772, Pos_Y, -0.056980787091173796, Pos_Z, -0.014441392213922157, BFx, 1.0, 0.0, 0.0,                             BFy, 0.0, -0.9809178024169359, 0.1944229022042651, BFz, 0.0, -0.19442290220426547, -0.9809178024169364
Time, 0.226, Pos_X, -0.03660941186112, Pos_Y, -0.0580627309723746, Pos_Z, -0.015057654957066024, BFx, 1.0, 0.0, 0.0,                             BFy, 0.0, -0.9806196770108231, 0.19592102760854746, BFz, 0.0, -0.1959210276085478, -0.9806196770108235
Time, 0.228, Pos_X, -0.037366677612528, Pos_Y, -0.05914051151517499, Pos_Z, -0.015678438509722798, BFx, 1.0, 0.0, 0.0,                             BFy, 0.0, -0.9803184031621098, 0.19742296832357575, BFz, 0.0, -0.19742296832357611, -0.9803184031621103
Time, 0.23, Pos_X, -0.038124317075396, Pos_Y, -0.06021372272658942, Pos_Z, -0.01630304587140905, BFx, 1.0, 0.0, 0.0,                             BFy, 0.0, -0.9800082139675077, 0.19895703193457687, BFz, 0.0, -0.19895703193457723, -0.9800082139675079
Time, 0.232, Pos_X, -0.03888195956046, Pos_Y, -0.061282017451644105, Pos_Z, -0.01693079922374392, BFx, 1.0, 0.0, 0.0,                             BFy, 0.0, -0.9796817994835202, 0.2005581505716797, BFz, 0.0, -0.20055815057168005, -0.9796817994835204
Time, 0.234, Pos_X, -0.0396392387514, Pos_Y, -0.062345122759966475, Pos_Z, -0.017561026890171343, BFx, 1.0, 0.0, 0.0,                             BFy, 0.0, -0.979330066004694, 0.20226868719414393, BFz, 0.0, -0.20226868719414426, -0.9793300660046942
Time, 0.236, Pos_X, -0.04039578658827999, Pos_Y, -0.0634028581481794, Pos_Z, -0.01819305280087859, BFx, 1.0, 0.0, 0.0,                             BFy, 0.0, -0.9789419492645699, 0.20413882523930788, BFz, 0.0, -0.2041388252393082, -0.9789419492645701
Time, 0.238, Pos_X, -0.04115123042481999, Pos_Y, -0.06445515291272716, Pos_Z, -0.018826191452770043, BFx, 1.0, 0.0, 0.0,                             BFy, 0.0, -0.9785043737315284, 0.20622606670416263, BFz, 0.0, -0.20622606670416296, -0.9785043737315287
Time, 0.24, Pos_X, -0.04190519159261999, Pos_Y, -0.06550206205854628, Pos_Z, -0.019459745218971574, BFx, 1.0, 0.0, 0.0,                             BFy, 0.0, -0.978002319984116, 0.20859401263144425, BFz, 0.0, -0.20859401263144456, -0.9780023199841162
Time, 0.242, Pos_X, -0.04265728660333999, Pos_Y, -0.06654378071597805, Pos_Z, -0.020093003439620196, BFx, 1.0, 0.0, 0.0,                             BFy, 0.0, -0.9774189681419425, 0.21131057880839932, BFz, 0.0, -0.21131057880839965, -0.9774189681419426
Time, 0.244, Pos_X, -0.04340713139597999, Pos_Y, -0.06758065576645322, Pos_Z, -0.020725244790917818, BFx, 1.0, 0.0, 0.0,                             BFy, 0.0, -0.976735960444514, 0.2144454792587923, BFz, 0.0, -0.21444547925879268, -0.9767359604445143
Time, 0.246, Pos_X, -0.04415434554081999, Pos_Y, -0.06861319544440271, Pos_Z, -0.02135574153993962, BFx, 1.0, 0.0, 0.0,                             BFy, 0.0, -0.975933770192335, 0.21806713690552942, BFz, 0.0, -0.2180671369055298, -0.9759337701923353
Time, 0.248, Pos_X, -0.04489855881915999, Pos_Y, -0.06964207408498163, Pos_Z, -0.021983764837756024, BFx, 1.0, 0.0, 0.0,                             BFy, 0.0, -0.9749922133063849, 0.2222390244577158, BFz, 0.0, -0.2222390244577162, -0.9749922133063851
Time, 0.25, Pos_X, -0.04563941928099999, Pos_Y, -0.07066813233961246, Pos_Z, -0.022608588481956165, BFx, 1.0, 0.0, 0.0,                             BFy, 0.0, -0.9738911025034169, 0.22701568330113153, BFz, 0.0, -0.22701568330113198, -0.9738911025034171
Time, 0.252, Pos_X, -0.04637660146351999, Pos_Y, -0.07169237468587887, Pos_Z, -0.0232294897632963, BFx, 1.0, 0.0, 0.0,                             BFy, 0.0, -0.9726108323194389, 0.2324396025957904, BFz, 0.0, -0.23243960259579086, -0.9726108323194391
Time, 0.254, Pos_X, -0.04710981629491999, Pos_Y, -0.07271596249155172, Pos_Z, -0.02384574850887068, BFx, 1.0, 0.0, 0.0,                             BFy, 0.0, -0.9711327980037032, 0.23853949073790554, BFz, 0.0, -0.238539490737906, -0.9711327980037033
Time, 0.256, Pos_X, -0.04783882158551999, Pos_Y, -0.0737402034426005, Pos_Z, -0.024456646216889404, BFx, 1.0, 0.0, 0.0,                             BFy, 0.0, -0.9694394721294268, 0.24533061341263268, BFz, 0.0, -0.24533061341263313, -0.969439472129427
Time, 0.258, Pos_X, -0.04856343142131999, Pos_Y, -0.07476653714170085, Pos_Z, -0.025061466832187105, BFx, 1.0, 0.0, 0.0,                             BFy, 0.0, -0.967514436914899, 0.2528157715832744, BFz, 0.0, -0.2528157715832748, -0.9675144369148992
Time, 0.26, Pos_X, -0.04928352433211999, Pos_Y, -0.07579651669255796, Pos_Z, -0.02565950017208471, BFx, 1.0, 0.0, 0.0,                             BFy, 0.0, -0.9653425472196975, 0.2609861424048917, BFz, 0.0, -0.2609861424048922, -0.9653425472196977
Time, 0.262, Pos_X, -0.049999049864919994, Pos_Y, -0.07683178677613278, Pos_Z, -0.026250048104834917, BFx, 1.0, 0.0, 0.0,                             BFy, 0.0, -0.9629101613042562, 0.26982220304676824, BFz, 0.0, -0.2698222030467688, -0.9629101613042563
Time, 0.264, Pos_X, -0.050710033443119994, Pos_Y, -0.07787405816219162, Pos_Z, -0.026832433430106963, BFx, 1.0, 0.0, 0.0,                             BFy, 0.0, -0.9602053189529024, 0.2792950866996333, BFz, 0.0, -0.2792950866996338, -0.9602053189529022
Time, 0.266, Pos_X, -0.05141657845811999, Pos_Y, -0.07892507925996065, Pos_Z, -0.02740601044758061, BFx, 1.0, 0.0, 0.0,                             BFy, 0.0, -0.9572181117501655, 0.2893673902454249, BFz, 0.0, -0.2893673902454254, -0.9572181117501654
Time, 0.268, Pos_X, -0.05211886498831999, Pos_Y, -0.07998660515639286, Pos_Z, -0.027970175729484653, BFx, 1.0, 0.0, 0.0,                             BFy, 0.0, -0.953942030958973, 0.2999910024815245, BFz, 0.0, -0.29999100248152494, -0.953942030958973
Time, 0.27, Pos_X, -0.05281714549591999, Pos_Y, -0.08106036548479965, Pos_Z, -0.028524378967202977, BFx, 1.0, 0.0, 0.0,                             BFy, 0.0, -0.9503751615458922, 0.31110617531096935, BFz, 0.0, -0.31110617531096985, -0.9503751615458923
Time, 0.272, Pos_X, -0.05351173754577999, Pos_Y, -0.08214803317631236, Pos_Z, -0.02906813315973542, BFx, 1.0, 0.0, 0.0,                             BFy, 0.0, -0.9465208011490757, 0.3226427947314374, BFz, 0.0, -0.32264279473143787, -0.9465208011490759
Time, 0.274, Pos_X, -0.05420301334935999, Pos_Y, -0.08325119400100521, Pos_Z, -0.029601022994229977, BFx, 1.0, 0.0, 0.0,                             BFy, 0.0, -0.9423889419884688, 0.33451918034375033, BFz, 0.0, -0.33451918034375083, -0.942388941988469
Time, 0.276, Pos_X, -0.05489138560519999, Pos_Y, -0.08437131952860849, Pos_Z, -0.030122711045471096, BFx, 1.0, 0.0, 0.0,                             BFy, 0.0, -0.937998142543347, 0.3466402812502185, BFz, 0.0, -0.346640281250219, -0.9379981425433473
Time, 0.278, Pos_X, -0.05557729213183999, Pos_Y, -0.08550974518432716, Pos_Z, -0.03063294343518973, BFx, 1.0, 0.0, 0.0,                             BFy, 0.0, -0.9333765002012248, 0.35889874459534277, BFz, 0.0, -0.35889874459534327, -0.933376500201225
Time, 0.28, Pos_X, -0.05626118089821999, Pos_Y, -0.08666765277557498, Pos_Z, -0.031131555144890816, BFx, 1.0, 0.0, 0.0,                             BFy, 0.0, -0.9285616380386956, 0.3711782379974535, BFz, 0.0, -0.37117823799745403, -0.9285616380386958
Time, 0.282, Pos_X, -0.05694349280753997, Pos_Y, -0.08784605577641319, Pos_Z, -0.031618472650313485, BFx, 1.0, 0.0, 0.0,                             BFy, 0.0, -0.9236000498426172, 0.3833574675556937, BFz, 0.0, -0.3833574675556943, -0.9236000498426173
Time, 0.284, Pos_X, -0.05762464239625997, Pos_Y, -0.08904578517761097, Pos_Z, -0.032093714704624625, BFx, 1.0, 0.0, 0.0,                             BFy, 0.0, -0.9185455144908988, 0.39531523852319367, BFz, 0.0, -0.3953152385231942, -0.9185455144908988
Time, 0.286, Pos_X, -0.05830499912017997, Pos_Y, -0.09026747801397177, Pos_Z, -0.03255739382777783, BFx, 1.0, 0.0, 0.0,                             BFy, 0.0, -0.9134568322990405, 0.40693564052095804, BFz, 0.0, -0.40693564052095865, -0.9134568322990405
Time, 0.288, Pos_X, -0.058984871852959975, Pos_Y, -0.0915115725253065, Pos_Z, -0.033009720426239716, BFx, 1.0, 0.0, 0.0,                             BFy, 0.0, -0.90839509083256, 0.4181128543244093, BFz, 0.0, -0.4181128543244099, -0.90839509083256
Time, 0.29, Pos_X, -0.05966449854634798, Pos_Y, -0.0927783129739601, Pos_Z, -0.03345100794762028, BFx, 1.0, 0.0, 0.0,                             BFy, 0.0, -0.9034203262242265, 0.42875600773040096, BFz, 0.0, -0.42875600773040157, -0.9034203262242266
Time, 0.292, Pos_X, -0.060344033732301974, Pos_Y, -0.09406775760481996, Pos_Z, -0.03388167375453317, BFx, 1.0, 0.0, 0.0,                             BFy, 0.0, -0.898587866720674, 0.4387936255033653, BFz, 0.0, -0.43879362550336587, -0.898587866720674
Time, 0.294, Pos_X, -0.061023546578912576, Pos_Y, -0.09537979097750551, Pos_Z, -0.03430224143059387, BFx, 1.0, 0.0, 0.0,                             BFy, 0.0, -0.8939448683950527, 0.4481769430371797, BFz, 0.0, -0.44817694303718025, -0.8939448683950527
Time, 0.296, Pos_X, -0.061703030537297775, Pos_Y, -0.09671414813191721, Pos_Z, -0.03471334742178363, BFx, 1.0, 0.0, 0.0,                             BFy, 0.0, -0.8895274351108613, 0.4568817595232841, BFz, 0.0, -0.45688175952328464, -0.8895274351108613
Time, 0.298, Pos_X, -0.06238239928085897, Pos_Y, -0.09807043773556438, Pos_Z, -0.03511573600304954, BFx, 1.0, 0.0, 0.0,                             BFy, 0.0, -0.8853586789077085, 0.46490860358009795, BFz, 0.0, -0.4649086035800985, -0.8853586789077085
Time, 0.3, Pos_X, -0.06306148395965017, Pos_Y, -0.09944816289068815, Pos_Z, -0.03551024160245218, BFx, 1.0, 0.0, 0.0,                             BFy, 0.0, -0.8814479238671861, 0.4722812271414424, BFz, 0.0, -0.47228122714144305, -0.8814479238671861
Time, 0.302, Pos_X, -0.06374004710113136, Pos_Y, -0.1008467403790586, Pos_Z, -0.035897784365376224, BFx, 1.0, 0.0, 0.0,                             BFy, 0.0, -0.8777911391106558, 0.47904354300920976, BFz, 0.0, -0.47904354300921037, -0.8777911391106558
Time, 0.304, Pos_X, -0.06441780015491257, Pos_Y, -0.10226552011637854, Pos_Z, -0.03627938053790462, BFx, 1.0, 0.0, 0.0,                             BFy, 0.0, -0.8743726791160654, 0.4852550030812599, BFz, 0.0, -0.4852550030812605, -0.8743726791160653
Time, 0.306, Pos_X, -0.06509441921075376, Pos_Y, -0.10370381291301083, Pos_Z, -0.03665614322169029, BFx, 1.0, 0.0, 0.0,                             BFy, 0.0, -0.8711685142847696, 0.49098413387691753, BFz, 0.0, -0.4909841338769181, -0.8711685142847695
Time, 0.308, Pos_X, -0.06576955998079496, Pos_Y, -0.1051609148251167, Pos_Z, -0.037029269592137024, BFx, 1.0, 0.0, 0.0,                             BFy, 0.0, -0.8681502507840555, 0.4963014628868032, BFz, 0.0, -0.4963014628868039, -0.8681502507840554
Time, 0.31, Pos_X, -0.06644287097883617, Pos_Y, -0.1066361214388939, Pos_Z, -0.03740002749201808, BFx, 1.0, 0.0, 0.0,                             BFy, 0.0, -0.865289194923472, 0.5012729886485893, BFz, 0.0, -0.5012729886485899, -0.865289194923472
Time, 0.312, Pos_X, -0.06711400586207737, Pos_Y, -0.10812873703391736, Pos_Z, -0.037769747876202665, BFx, 1.0, 0.0, 0.0,                             BFy, 0.0, -0.8625592177785761, 0.5059561204543432, BFz, 0.0, -0.5059561204543439, -0.8625592177785761
