Time, 0, Pos_X, 0.0, Pos_Y, 0.0, Pos_Z, 0.0, BFx, 1, 0, 0,                         BFy, 0, -1, 0, BFz, 0, 0, -1
Time, 0.0, Pos_X, 0.0, Pos_Y, 0.0, Pos_Z, 0.0, BFx, 1.0, 0.0, 0.0,                             BFy, 0.0, -1.0, 0.0, BFz, 0.0, 0.0, -1.0
Time, 0.002, Pos_X, -4.5659512e-07, Pos_Y, -8.010096746930087e-07, Pos_Z, -1.214075353915837e-06, BFx, 1.0, 0.0, 0.0,                             BFy, 0.0, -0.9999677690998922, 0.008028745940985111, BFz, 0.0, -0.008028745940985111, -0.9999677690998923
Time, 0.004, Pos_X, -1.7367714e-06, Pos_Y, -3.1787955403173336e-06, Pos_Z, -4.8199440248644325e-06, BFx, 1.0, 0.0, 0.0,                             BFy, 0.0, -0.999870976064787, 0.016063350312120115, BFz, 0.0, -0.016063350312120115, -0.9998709760647871
Time, 0.006, Pos_X, -3.6569663800000003e-06, Pos_Y, -7.0826361280035105e-06, Pos_Z, -1.0742843413312843e-05, BFx, 1.0, 0.0, 0.0,                             BFy, 0.0, -0.9997094350732844, 0.024104883850679475, BFz, 0.0, -0.02410488385067948, -0.9997094350732844
Time, 0.008, Pos_X, -6.025003240000001e-06, Pos_Y, -1.2460988484602442e-05, Pos_Z, -1.8904049451383483e-05, BFx, 1.0, 0.0, 0.0,                             BFy, 0.0, -0.9994829006182933, 0.03215480324372984, BFz, 0.0, -0.03215480324372984, -0.9994829006182933
Time, 0.01, Pos_X, -8.639392834e-06, Pos_Y, -1.9260839539948484e-05, Pos_Z, -2.9221246695819504e-05, BFx, 1.0, 0.0, 0.0,                             BFy, 0.0, -0.9991910489669068, 0.04021501789645477, BFz, 0.0, -0.04021501789645477, -0.9991910489669068
Time, 0.012, Pos_X, -1.1288902676e-05, Pos_Y, -2.7427407639960334e-05, Pos_Z, -4.160892792715509e-05, BFx, 1.0, 0.0, 0.0,                             BFy, 0.0, -0.9988334550447517, 0.04828798073396338, BFz, 0.0, -0.048287980733963363, -0.9988334550447516
Time, 0.014, Pos_X, -1.3752747392e-05, Pos_Y, -3.6904071942314815e-05, Pos_Z, -5.597874072720987e-05, BFx, 1.0, 0.0, 0.0,                             BFy, 0.0, -0.9984095678716581, 0.05637672198991996, BFz, 0.0, -0.056376721989919956, -0.9984095678716579
Time, 0.016, Pos_X, -1.5800259148e-05, Pos_Y, -4.763207224500258e-05, Pos_Z, -7.223993474238192e-05, BFx, 1.0, 0.0, 0.0,                             BFy, 0.0, -0.997918686127564, 0.06448484998382606, BFz, 0.0, -0.06448484998382606, -0.9979186861275637
Time, 0.018, Pos_X, -1.7190924083999997e-05, Pos_Y, -5.9550200641827206e-05, Pos_Z, -9.029993576454716e-05, BFx, 1.0, 0.0, 0.0,                             BFy, 0.0, -0.997359942153732, 0.0726164291817264, BFz, 0.0, -0.07261642918172641, -0.9973599421537319
Time, 0.02, Pos_X, -1.767454438e-05, Pos_Y, -7.259437436978789e-05, Pos_Z, -0.00011006498924311632, BFx, 1.0, 0.0, 0.0,                             BFy, 0.0, -0.9967322885106764, 0.08077589393048912, BFz, 0.0, -0.08077589393048913, -0.9967322885106764
Time, 0.022, Pos_X, -1.6990981816e-05, Pos_Y, -8.669717578521271e-05, Pos_Z, -0.00013144053843744163, BFx, 1.0, 0.0, 0.0,                             BFy, 0.0, -0.996034487054732, 0.08896797512372999, BFz, 0.0, -0.08896797512373002, -0.996034487054732
Time, 0.024, Pos_X, -1.4869863871999997e-05, Pos_Y, -0.00010178744800375854, Pos_Z, -0.00015433166695949735, BFx, 1.0, 0.0, 0.0,                             BFy, 0.0, -0.9952651156292556, 0.09719747739259518, BFz, 0.0, -0.09719747739259522, -0.9952651156292556
Time, 0.026, Pos_X, -1.1030520628e-05, Pos_Y, -0.0001177897997704967, Pos_Z, -0.0001786437130245593, BFx, 1.0, 0.0, 0.0,                             BFy, 0.0, -0.9944225735923641, 0.10546916672629461, BFz, 0.0, -0.10546916672629465, -0.9944225735923641
Time, 0.028, Pos_X, -5.181996723999994e-06, Pos_Y, -0.000134624136130297, Pos_Z, -0.0002042825171881634, BFx, 1.0, 0.0, 0.0,                             BFy, 0.0, -0.9935050270078588, 0.11378823010361581, BFz, 0.0, -0.11378823010361586, -0.9935050270078588
Time, 0.03, Pos_X, 2.9767507800000006e-06, Pos_Y, -0.000152205115944769, Pos_Z, -0.00023115462397640626, BFx, 1.0, 0.0, 0.0,                             BFy, 0.0, -0.9925105561494882, 0.12215889624514951, BFz, 0.0, -0.12215889624514956, -0.9925105561494882
Time, 0.032, Pos_X, 1.3756546804000013e-05, Pos_Y, -0.000170441695873732, Pos_Z, -0.0002591676795976457, BFx, 1.0, 0.0, 0.0,                             BFy, 0.0, -0.9914370769480095, 0.13058530718570924, BFz, 0.0, -0.13058530718570927, -0.9914370769480095
Time, 0.034, Pos_X, 2.747768394800003e-05, Pos_Y, -0.0001892366845057081, Pos_Z, -0.00028823066342199095, BFx, 1.0, 0.0, 0.0,                             BFy, 0.0, -0.9902823501937799, 0.1390714452886837, BFz, 0.0, -0.13907144528868373, -0.9902823501937799
Time, 0.036, Pos_X, 4.4469199411999985e-05, Pos_Y, -0.00020848650115972027, Pos_Z, -0.00031825396601649694, BFx, 1.0, 0.0, 0.0,                             BFy, 0.0, -0.989043962574867, 0.147621272498933, BFz, 0.0, -0.147621272498933, -0.989043962574867
Time, 0.038, Pos_X, 6.5068289096e-05, Pos_Y, -0.0002280810117272164, Pos_Z, -0.00034914952202015766, BFx, 1.0, 0.0, 0.0,                             BFy, 0.0, -0.9877192928021908, 0.15623891521109382, BFz, 0.0, -0.15623891521109382, -0.9877192928021907
Time, 0.04, Pos_X, 8.961944608000002e-05, Pos_Y, -0.00024790342867282396, Pos_Z, -0.00038083097842934186, BFx, 1.0, 0.0, 0.0,                             BFy, 0.0, -0.986305501503977, 0.164928644276814, BFz, 0.0, -0.164928644276814, -0.9863055015039769
Time, 0.042, Pos_X, 0.00011847338346400004, Pos_Y, -0.00026783048823394084, Pos_Z, -0.000413213911134293, BFx, 1.0, 0.0, 0.0,                             BFy, 0.0, -0.9847995217811739, 0.17369485282981337, BFz, 0.0, -0.17369485282981337, -0.9847995217811738
Time, 0.044, Pos_X, 0.00015198603444799996, Pos_Y, -0.0002877326605390574, Pos_Z, -0.0004462156199297743, BFx, 1.0, 0.0, 0.0,                             BFy, 0.0, -0.9831980684975717, 0.1825419351892695, BFz, 0.0, -0.1825419351892695, -0.9831980684975717
Time, 0.046, Pos_X, 0.00019051741743199998, Pos_Y, -0.00030747431994392456, Pos_Z, -0.00047975491120255605, BFx, 1.0, 0.0, 0.0,                             BFy, 0.0, -0.9814976145604555, 0.191474365417761, BFz, 0.0, -0.191474365417761, -0.9814976145604556
Time, 0.048, Pos_X, 0.00023443067901600002, Pos_Y, -0.00032691396221089784, Pos_Z, -0.0005137518565863913, BFx, 1.0, 0.0, 0.0,                             BFy, 0.0, -0.979694419266989, 0.20049649587241206, BFz, 0.0, -0.20049649587241206, -0.9796944192669891
Time, 0.05, Pos_X, 0.00028409086620000005, Pos_Y, -0.00034590454118324385, Pos_Z, -0.0005481274236200095, BFx, 1.0, 0.0, 0.0,                             BFy, 0.0, -0.9777845614217686, 0.20961238380696456, BFz, 0.0, -0.20961238380696456, -0.9777845614217686
Time, 0.052, Pos_X, 0.0003398638523839999, Pos_Y, -0.0003642938174827561, Pos_Z, -0.0005828033209986262, BFx, 1.0, 0.0, 0.0,                             BFy, 0.0, -0.9757639477842488, 0.2188257713444564, BFz, 0.0, -0.2188257713444564, -0.9757639477842487
Time, 0.054, Pos_X, 0.00040211499616799994, Pos_Y, -0.00038192474506408157, Pos_Z, -0.0006177019139509661, BFx, 1.0, 0.0, 0.0,                             BFy, 0.0, -0.9736283181705496, 0.2281400842824102, BFz, 0.0, -0.22814008428241025, -0.9736283181705495
Time, 0.056, Pos_X, 0.00047121240935200004, Pos_Y, -0.00039863492332562037, Pos_Z, -0.000652744816347049, BFx, 1.0, 0.0, 0.0,                             BFy, 0.0, -0.9713732468753691, 0.23755844597656683, BFz, 0.0, -0.2375584459765669, -0.9713732468753689
Time, 0.058, Pos_X, 0.0005475244603360001, Pos_Y, -0.0004142571318022167, Pos_Z, -0.000687852891272584, BFx, 1.0, 0.0, 0.0,                             BFy, 0.0, -0.9689941061997798, 0.24708383627847477, BFz, 0.0, -0.24708383627847483, -0.9689941061997795
Time, 0.06, Pos_X, 0.0006314125641199999, Pos_Y, -0.00042862070818568647, Pos_Z, -0.0007229475981225461, BFx, 1.0, 0.0, 0.0,                             BFy, 0.0, -0.9664860334101326, 0.256719199171286, BFz, 0.0, -0.25671919917128605, -0.9664860334101324
Time, 0.062, Pos_X, 0.0007232307485039999, Pos_Y, -0.0004415519221791463, Pos_Z, -0.0007579505158466854, BFx, 1.0, 0.0, 0.0,                             BFy, 0.0, -0.9638438528824763, 0.2664676852090363, BFz, 0.0, -0.26646768520903635, -0.9638438528824759
Time, 0.064, Pos_X, 0.000823325111488, Pos_Y, -0.00045287404551351735, Pos_Z, -0.0007927828049421631, BFx, 1.0, 0.0, 0.0,                             BFy, 0.0, -0.961062010329025, 0.2763327926655307, BFz, 0.0, -0.27633279266553074, -0.9610620103290247
Time, 0.066, Pos_X, 0.0009320329524720001, Pos_Y, -0.00046240724888769894, Pos_Z, -0.0008273648594089913, BFx, 1.0, 0.0, 0.0,                             BFy, 0.0, -0.9581345295893895, 0.2863183948133923, BFz, 0.0, -0.28631839481339233, -0.9581345295893892
Time, 0.068, Pos_X, 0.0010496820630560002, Pos_Y, -0.0004699686941137986, Pos_Z, -0.0008616160450509761, BFx, 1.0, 0.0, 0.0,                             BFy, 0.0, -0.9550549834771034, 0.2964287073404806, BFz, 0.0, -0.29642870734048066, -0.955054983477103
Time, 0.07, Pos_X, 0.0011765904744400002, Pos_Y, -0.00047537236020252384, Pos_Z, -0.0008954542696688714, BFx, 1.0, 0.0, 0.0,                             BFy, 0.0, -0.9518164776684812, 0.30666821295785457, BFz, 0.0, -0.3066682129578546, -0.9518164776684808
Time, 0.072, Pos_X, 0.0013130663002239994, Pos_Y, -0.00047842885423979883, Pos_Z, -0.0009287955202539296, BFx, 1.0, 0.0, 0.0,                             BFy, 0.0, -0.9484116684571063, 0.3170414911875195, BFz, 0.0, -0.31704149118751956, -0.9484116684571059
Time, 0.074, Pos_X, 0.0014594076956079994, Pos_Y, -0.0004789452317451035, Pos_Z, -0.0009615535997704813, BFx, 1.0, 0.0, 0.0,                             BFy, 0.0, -0.9448328257155898, 0.3275529444994991, BFz, 0.0, -0.32755294449949907, -0.9448328257155894
Time, 0.076, Pos_X, 0.0016159032073919995, Pos_Y, -0.00047672454184268713, Pos_Z, -0.000993639309471746, BFx, 1.0, 0.0, 0.0,                             BFy, 0.0, -0.9410719526263451, 0.33820641623132464, BFz, 0.0, -0.3382064162313246, -0.9410719526263446
Time, 0.078, Pos_X, 0.0017828320939759998, Pos_Y, -0.00047156563123938695, Pos_Z, -0.0010249593559814485, BFx, 1.0, 0.0, 0.0,                             BFy, 0.0, -0.9371208510003642, 0.349005029505809, BFz, 0.0, -0.34900502950580886, -0.9371208510003638
Time, 0.08, Pos_X, 0.00196046524996, Pos_Y, -0.0004632633057455223, Pos_Z, -0.001055415541968584, BFx, 1.0, 0.0, 0.0,                             BFy, 0.0, -0.932971262014509, 0.35995086366760065, BFz, 0.0, -0.35995086366760054, -0.9329712620145085
Time, 0.082, Pos_X, 0.002149066276544, Pos_Y, -0.00045160826574427895, Pos_Z, -0.0010849040323235673, BFx, 1.0, 0.0, 0.0,                             BFy, 0.0, -0.9286149825954978, 0.3710447602367675, BFz, 0.0, -0.37104476023676736, -0.9286149825954972
Time, 0.084, Pos_X, 0.0023488926625280003, Pos_Y, -0.0004363870055333962, Pos_Z, -0.0011133149102724536, BFx, 1.0, 0.0, 0.0,                             BFy, 0.0, -0.9240439968020632, 0.38228613887252777, BFz, 0.0, -0.38228613887252755, -0.9240439968020627
Time, 0.086, Pos_X, 0.002560197333911999, Pos_Y, -0.0004173818543979697, Pos_Z, -0.0011405317120749363, BFx, 1.0, 0.0, 0.0,                             BFy, 0.0, -0.9192506122926816, 0.39367284869486113, BFz, 0.0, -0.39367284869486086, -0.919250612292681
Time, 0.088, Pos_X, 0.002783230381695999, Pos_Y, -0.00039437123687444147, Pos_Z, -0.0011664308314157394, BFx, 1.0, 0.0, 0.0,                             BFy, 0.0, -0.9142275272109619, 0.40520121975350304, BFz, 0.0, -0.4052012197535028, -0.9142275272109615
Time, 0.09, Pos_X, 0.003018241584479999, Pos_Y, -0.00036712970035620803, Pos_Z, -0.001190880536869108, BFx, 1.0, 0.0, 0.0,                             BFy, 0.0, -0.908967943653328, 0.4168660185366963, BFz, 0.0, -0.4168660185366961, -0.9089679436533277
Time, 0.092, Pos_X, 0.0032654829202639992, Pos_Y, -0.00033542808404994585, Pos_Z, -0.0012137402684660472, BFx, 1.0, 0.0, 0.0,                             BFy, 0.0, -0.9034656428595391, 0.4286605092289197, BFz, 0.0, -0.42866050922891946, -0.9034656428595389
Time, 0.094, Pos_X, 0.0035252108340479995, Pos_Y, -0.0002990338790572473, Pos_Z, -0.001234860044739323, BFx, 1.0, 0.0, 0.0,                             BFy, 0.0, -0.8977150280377909, 0.44057658634465036, BFz, 0.0, -0.44057658634465013, -0.8977150280377907
Time, 0.096, Pos_X, 0.0037976891140319995, Pos_Y, -0.00025771191681710724, Pos_Z, -0.0012540794420212913, BFx, 1.0, 0.0, 0.0,                             BFy, 0.0, -0.8917111291709663, 0.4526049735836286, BFz, 0.0, -0.45260497358362833, -0.8917111291709661
Time, 0.098, Pos_X, 0.004083192019216, Pos_Y, -0.00021122549624900218, Pos_Z, -0.0012712266830009406, BFx, 1.0, 0.0, 0.0,                             BFy, 0.0, -0.8854496310278547, 0.46473535578072006, BFz, 0.0, -0.46473535578071984, -0.8854496310278546
Time, 0.1, Pos_X, 0.0043820074076, Pos_Y, -0.00015933719884855368, Pos_Z, -0.0012861178366222704, BFx, 1.0, 0.0, 0.0,                             BFy, 0.0, -0.8789269090096555, 0.4769564850368736, BFz, 0.0, -0.4769564850368734, -0.8789269090096554
Time, 0.102, Pos_X, 0.0046944404065839985, Pos_Y, -0.00010180924874875633, Pos_Z, -0.001298557125157439, BFx, 1.0, 0.0, 0.0,                             BFy, 0.0, -0.8721399676598379, 0.48925645300833104, BFz, 0.0, -0.4892564530083308, -0.8721399676598378
Time, 0.104, Pos_X, 0.005020816539567999, Pos_Y, -3.840379273265112e-05, Pos_Z, -0.0013083383016865673, BFx, 1.0, 0.0, 0.0,                             BFy, 0.0, -0.8650864118194656, 0.5016228663899984, BFz, 0.0, -0.5016228663899983, -0.8650864118194654
Time, 0.106, Pos_X, 0.005361482674551999, Pos_Y, 3.1115297007004524e-05, Pos_Z, -0.0013152444528657429, BFx, 1.0, 0.0, 0.0,                             BFy, 0.0, -0.8577644309753959, 0.5140429757845659, BFz, 0.0, -0.5140429757845657, -0.8577644309753957
Time, 0.108, Pos_X, 0.005716810491735999, Pos_Y, 0.00010697927905979625, Pos_Z, -0.0013190438944643502, BFx, 1.0, 0.0, 0.0,                             BFy, 0.0, -0.8501727950047607, 0.5265037688695015, BFz, 0.0, -0.5265037688695012, -0.8501727950047605
Time, 0.11, Pos_X, 0.00608720206152, Pos_Y, 0.00018941143764085564, Pos_Z, -0.001319487195863633, BFx, 1.0, 0.0, 0.0,                             BFy, 0.0, -0.8423108136392026, 0.5389921086866304, BFz, 0.0, -0.5389921086866303, -0.8423108136392025
Time, 0.112, Pos_X, 0.006473091666704, Pos_Y, 0.0002786257613066071, Pos_Z, -0.0013163101300011273, BFx, 1.0, 0.0, 0.0,                             BFy, 0.0, -0.8341782509590295, 0.5514949189493319, BFz, 0.0, -0.551494918949332, -0.8341782509590295
Time, 0.114, Pos_X, 0.006874945811888001, Pos_Y, 0.00037482674247440957, Pos_Z, -0.0013092371588777749, BFx, 1.0, 0.0, 0.0,                             BFy, 0.0, -0.8257752593929863, 0.563999309374082, BFz, 0.0, -0.5639993093740822, -0.8257752593929863
Time, 0.116, Pos_X, 0.007293264651072001, Pos_Y, 0.00047820757217016045, Pos_Z, -0.0012979810104922493, BFx, 1.0, 0.0, 0.0,                             BFy, 0.0, -0.8171023991619093, 0.5764925578737747, BFz, 0.0, -0.5764925578737747, -0.8171023991619093
Time, 0.118, Pos_X, 0.007728584632655998, Pos_Y, 0.0005889480072892665, Pos_Z, -0.0012822420005324444, BFx, 1.0, 0.0, 0.0,                             BFy, 0.0, -0.8081606009378548, 0.5889621745848886, BFz, 0.0, -0.5889621745848886, -0.8081606009378548
Time, 0.12, Pos_X, 0.008181479223039998, Pos_Y, 0.0007072120452058877, Pos_Z, -0.0012617087210949074, BFx, 1.0, 0.0, 0.0,                             BFy, 0.0, -0.7989511118413287, 0.6013959767802742, BFz, 0.0, -0.6013959767802743, -0.7989511118413287
Time, 0.122, Pos_X, 0.008652559020823998, Pos_Y, 0.0008331452552415683, Pos_Z, -0.0012360586799345758, BFx, 1.0, 0.0, 0.0,                             BFy, 0.0, -0.7894754542528198, 0.6137821332788203, BFz, 0.0, -0.6137821332788204, -0.7894754542528198
Time, 0.124, Pos_X, 0.009142472258607998, Pos_Y, 0.0009668732065348441, Pos_Z, -0.0012049593573945788, BFx, 1.0, 0.0, 0.0,                             BFy, 0.0, -0.7797354056608314, 0.6261091735144396, BFz, 0.0, -0.6261091735144397, -0.7797354056608313
Time, 0.126, Pos_X, 0.009651903325592, Pos_Y, 0.0011084998131748504, Pos_Z, -0.0011680696905902984, BFx, 1.0, 0.0, 0.0,                             BFy, 0.0, -0.7697329427001345, 0.6383660367862528, BFz, 0.0, -0.6383660367862529, -0.7697329427001344
Time, 0.128, Pos_X, 0.010181571061176, Pos_Y, 0.0012581054532578486, Pos_Z, -0.00112504088789579, BFx, 1.0, 0.0, 0.0,                             BFy, 0.0, -0.7594701983807802, 0.6505420953108679, BFz, 0.0, -0.650542095310868, -0.75947019838078
Time, 0.13, Pos_X, 0.01073222435816, Pos_Y, 0.0014157429185979993, Pos_Z, -0.0010755162147652799, BFx, 1.0, 0.0, 0.0,                             BFy, 0.0, -0.7489494816431387, 0.6626271002203803, BFz, 0.0, -0.6626271002203803, -0.7489494816431385
Time, 0.132, Pos_X, 0.011304634827744001, Pos_Y, 0.0015814343086995564, Pos_Z, -0.001019133992924119, BFx, 1.0, 0.0, 0.0,                             BFy, 0.0, -0.7381734308413583, 0.6746109886444887, BFz, 0.0, -0.6746109886444885, -0.7381734308413582
Time, 0.134, Pos_X, 0.011899592073928001, Pos_Y, 0.0017551765229119947, Pos_Z, -0.0009555343002025033, BFx, 1.0, 0.0, 0.0,                             BFy, 0.0, -0.7271451123916405, 0.6864837838761704, BFz, 0.0, -0.6864837838761703, -0.7271451123916404
Time, 0.136, Pos_X, 0.012517908874112003, Pos_Y, 0.0019369492919755385, Pos_Z, -0.0008843579363365721, BFx, 1.0, 0.0, 0.0,                             BFy, 0.0, -0.7158677289559877, 0.6982359161768984, BFz, 0.0, -0.6982359161768984, -0.7158677289559876
Time, 0.138, Pos_X, 0.013160421159296004, Pos_Y, 0.0021267066318825236, Pos_Z, -0.0008052369664528424, BFx, 1.0, 0.0, 0.0,                             BFy, 0.0, -0.7043447074408388, 0.7098581077229981, BFz, 0.0, -0.7098581077229982, -0.7043447074408388
Time, 0.14, Pos_X, 0.013827974954280004, Pos_Y, 0.0023243673337945575, Pos_Z, -0.0007177932973273859, BFx, 1.0, 0.0, 0.0,                             BFy, 0.0, -0.6925799695008896, 0.7213411022852801, BFz, 0.0, -0.7213411022852803, -0.6925799695008896
Time, 0.142, Pos_X, 0.014521417049263994, Pos_Y, 0.0025298228079652005, Pos_Z, -0.0006216479787872683, BFx, 1.0, 0.0, 0.0,                             BFy, 0.0, -0.6805778825856981, 0.732675743924394, BFz, 0.0, -0.7326757439243942, -0.6805778825856981
Time, 0.144, Pos_X, 0.015241589294447994, Pos_Y, 0.0027429397156110845, Pos_Z, -0.0005164300076325776, BFx, 1.0, 0.0, 0.0,                             BFy, 0.0, -0.6683430657923823, 0.7438531753022474, BFz, 0.0, -0.7438531753022475, -0.6683430657923823
Time, 0.146, Pos_X, 0.015989322782631994, Pos_Y, 0.0029635558887938264, Pos_Z, -0.0004017805604217621, BFx, 1.0, 0.0, 0.0,                             BFy, 0.0, -0.6558805757846495, 0.7548646701948589, BFz, 0.0, -0.754864670194859, -0.6558805757846496
Time, 0.148, Pos_X, 0.016765431390815995, Pos_Y, 0.003191482155919611, Pos_Z, -0.00027735385294081253, BFx, 1.0, 0.0, 0.0,                             BFy, 0.0, -0.6431958719633507, 0.7657016849199835, BFz, 0.0, -0.7657016849199836, -0.6431958719633508
Time, 0.15, Pos_X, 0.017570706262399996, Pos_Y, 0.0034265054275033568, Pos_Z, -0.0001428153739470979, BFx, 1.0, 0.0, 0.0,                             BFy, 0.0, -0.6302946253016004, 0.7763560299990665, BFz, 0.0, -0.7763560299990666, -0.6302946253016005
Time, 0.152, Pos_X, 0.018405911859983998, Pos_Y, 0.0036683919070843868, Pos_Z, 2.1587496063868255e-06, BFx, 1.0, 0.0, 0.0,                             BFy, 0.0, -0.6171825020449543, 0.7868200297206004, BFz, 0.0, -0.7868200297206005, -0.6171825020449544
Time, 0.154, Pos_X, 0.019271782540168, Pos_Y, 0.00391689477595188, Pos_Z, 0.00015787890534261657, BFx, 1.0, 0.0, 0.0,                             BFy, 0.0, -0.6038650869833972, 0.7970865428060686, BFz, 0.0, -0.7970865428060687, -0.6038650869833974
Time, 0.156, Pos_X, 0.020169017553152, Pos_Y, 0.004171759754437423, Pos_Z, 0.0003246399171621218, BFx, 1.0, 0.0, 0.0,                             BFy, 0.0, -0.5903478236468072, 0.8071489621596962, BFz, 0.0, -0.8071489621596963, -0.5903478236468072
Time, 0.158, Pos_X, 0.021098274834936002, Pos_Y, 0.004432725851431479, Pos_Z, 0.0005027207293612097, BFx, 1.0, 0.0, 0.0,                             BFy, 0.0, -0.5766359617364814, 0.8170012041804099, BFz, 0.0, -0.8170012041804101, -0.5766359617364812
Time, 0.16, Pos_X, 0.022060165294720005, Pos_Y, 0.004699527898241539, Pos_Z, 0.0006923818305460544, BFx, 1.0, 0.0, 0.0,                             BFy, 0.0, -0.5627347423997571, 0.8266375322330072, BFz, 0.0, -0.8266375322330075, -0.562734742399757
Time, 0.162, Pos_X, 0.023055247334504005, Pos_Y, 0.004971901263097729, Pos_Z, 0.0008938607495754028, BFx, 1.0, 0.0, 0.0,                             BFy, 0.0, -0.5486502298256727, 0.836051987206677, BFz, 0.0, -0.8360519872066773, -0.5486502298256726
Time, 0.164, Pos_X, 0.024084024932288006, Pos_Y, 0.005249587117240987, Pos_Z, 0.0011073684699116548, BFx, 1.0, 0.0, 0.0,                             BFy, 0.0, -0.5343884843526624, 0.8452389885655189, BFz, 0.0, -0.8452389885655193, -0.5343884843526624
Time, 0.166, Pos_X, 0.025146947660072007, Pos_Y, 0.00553233822445539, Pos_Z, 0.0013330872441374992, BFx, 1.0, 0.0, 0.0,                             BFy, 0.0, -0.519953708634626, 0.8541944397367007, BFz, 0.0, -0.8541944397367008, -0.519953708634626
Time, 0.168, Pos_X, 0.026244410429856008, Pos_Y, 0.005819924600072904, Pos_Z, 0.0015711694180852165, BFx, 1.0, 0.0, 0.0,                             BFy, 0.0, -0.5053494330909697, 0.8629147990819448, BFz, 0.0, -0.8629147990819449, -0.5053494330909698
Time, 0.17, Pos_X, 0.027376755149640008, Pos_Y, 0.006112138845521247, Pos_Z, 0.0018217371815469597, BFx, 1.0, 0.0, 0.0,                             BFy, 0.0, -0.49057919443169573, 0.871396611188468, BFz, 0.0, -0.871396611188468, -0.49057919443169584
Time, 0.172, Pos_X, 0.028544274119423993, Pos_Y, 0.006408800820732732, Pos_Z, 0.002084882409747343, BFx, 1.0, 0.0, 0.0,                             BFy, 0.0, -0.4756434111825826, 0.8796381900523615, BFz, 0.0, -0.8796381900523615, -0.4756434111825828
Time, 0.174, Pos_X, 0.029747214713207994, Pos_Y, 0.006709761191105534, Pos_Z, 0.0023606662666159346, BFx, 1.0, 0.0, 0.0,                             BFy, 0.0, -0.46053771890934514, 0.8876401351120704, BFz, 0.0, -0.8876401351120705, -0.4605377189093453
Time, 0.176, Pos_X, 0.030985785244991994, Pos_Y, 0.007014904346053799, Pos_Z, 0.0026491196793404495, BFx, 1.0, 0.0, 0.0,                             BFy, 0.0, -0.4452527179810239, 0.8954049458934815, BFz, 0.0, -0.8954049458934816, -0.44525271798102406
Time, 0.178, Pos_X, 0.032260161438776, Pos_Y, 0.0073241507759921965, Pos_Z, 0.002950244526386667, BFx, 1.0, 0.0, 0.0,                             BFy, 0.0, -0.4297724740645177, 0.9029372184911091, BFz, 0.0, -0.9029372184911092, -0.4297724740645178
Time, 0.18, Pos_X, 0.03357049307656, Pos_Y, 0.007637458790498653, Pos_Z, 0.0032640152858681524, BFx, 1.0, 0.0, 0.0,                             BFy, 0.0, -0.4140733322596642, 0.91024352538833, BFz, 0.0, -0.9102435253883301, -0.4140733322596643
Time, 0.182, Pos_X, 0.034916910190344, Pos_Y, 0.007954826015333082, Pos_Z, 0.0035903804248566488, BFx, 1.0, 0.0, 0.0,                             BFy, 0.0, -0.3981241496216835, 0.9173315439294611, BFz, 0.0, -0.9173315439294613, -0.3981241496216836
Time, 0.184, Pos_X, 0.036299528452128, Pos_Y, 0.008276292664023101, Pos_Z, 0.003929262605146516, BFx, 1.0, 0.0, 0.0,                             BFy, 0.0, -0.38188640326563916, 0.9242092701335728, BFz, 0.0, -0.9242092701335729, -0.38188640326563916
Time, 0.186, Pos_X, 0.037718454485912004, Pos_Y, 0.008601946805364982, Pos_Z, 0.004280558292388407, BFx, 1.0, 0.0, 0.0,                             BFy, 0.0, -0.3653153808598801, 0.9308838125712564, BFz, 0.0, -0.9308838125712565, -0.3653153808598801
Time, 0.188, Pos_X, 0.03917379153569601, Pos_Y, 0.008931929129028248, Pos_Z, 0.004644138254039118, BFx, 1.0, 0.0, 0.0,                             BFy, 0.0, -0.3483627823603928, 0.9373597878435592, BFz, 0.0, -0.9373597878435594, -0.34836278236039286
Time, 0.19, Pos_X, 0.04066564410548001, Pos_Y, 0.00926643527866934, Pos_Z, 0.005019849533069009, BFx, 1.0, 0.0, 0.0,                             BFy, 0.0, -0.3309796331492247, 0.9436378979462415, BFz, 0.0, -0.9436378979462419, -0.33097963314922474
Time, 0.192, Pos_X, 0.04219412212326401, Pos_Y, 0.009605716493650746, Pos_Z, 0.005407518112742697, BFx, 1.0, 0.0, 0.0,                             BFy, 0.0, -0.31311838762529265, 0.9497141018911607, BFz, 0.0, -0.9497141018911609, -0.3131183876252927
Time, 0.194, Pos_X, 0.043759344889048014, Pos_Y, 0.0099500801486575, Pos_Z, 0.005806951883968084, BFx, 1.0, 0.0, 0.0,                             BFy, 0.0, -0.2947352302551031, 0.9555789575155306, BFz, 0.0, -0.9555789575155308, -0.2947352302551032
Time, 0.196, Pos_X, 0.04536144284483202, Pos_Y, 0.010299890583855841, Pos_Z, 0.006217943016447359, BFx, 1.0, 0.0, 0.0,                             BFy, 0.0, -0.27579237940010387, 0.9612172301123332, BFz, 0.0, -0.9612172301123333, -0.275792379400104
Time, 0.198, Pos_X, 0.04700055755861602, Pos_Y, 0.010655570131911544, Pos_Z, 0.0066402704297590836, BFx, 1.0, 0.0, 0.0,                             BFy, 0.0, -0.2562598792160559, 0.9666079217056778, BFz, 0.0, -0.9666079217056779, -0.2562598792160561
Time, 0.2, Pos_X, 0.048676840140400024, Pos_Y, 0.01101759995954983, Pos_Z, 0.007073702582414368, BFx, 1.0, 0.0, 0.0,                             BFy, 0.0, -0.2361161337375758, 0.9717248434556032, BFz, 0.0, -0.9717248434556034, -0.23611613373757598
Time, 0.202, Pos_X, 0.05039044764018403, Pos_Y, 0.01138652041692073, Pos_Z, 0.007518000496820243, BFx, 1.0, 0.0, 0.0,                             BFy, 0.0, -0.2153483195007454, 0.9765373015344587, BFz, 0.0, -0.9765373015344587, -0.21534831950074554
Time, 0.204, Pos_X, 0.05214153838196801, Pos_Y, 0.011762930576821958, Pos_Z, 0.007972921193639055, BFx, 1.0, 0.0, 0.0,                             BFy, 0.0, -0.19395259638372012, 0.9810109022615453, BFz, 0.0, -0.9810109022615453, -0.19395259638372025
Time, 0.206, Pos_X, 0.053930265799752006, Pos_Y, 0.012147486929997536, Pos_Z, 0.008438221402493251, BFx, 1.0, 0.0, 0.0,                             BFy, 0.0, -0.17193380894975369, 0.9851085043486463, BFz, 0.0, -0.9851085043486463, -0.17193380894975385
Time, 0.208, Pos_X, 0.05575677116153601, Pos_Y, 0.01254090086429373, Pos_Z, 0.008913661410835478, BFx, 1.0, 0.0, 0.0,                             BFy, 0.0, -0.14930504213265075, 0.9887911834122333, BFz, 0.0, -0.9887911834122333, -0.1493050421326509
Time, 0.21, Pos_X, 0.05762117610732001, Pos_Y, 0.01294393506366267, Pos_Z, 0.009399008813387073, BFx, 1.0, 0.0, 0.0,                             BFy, 0.0, -0.12608732118082916, 0.9920191467090945, BFz, 0.0, -0.9920191467090945, -0.1260873211808293
Time, 0.212, Pos_X, 0.059523573981104014, Pos_Y, 0.013357398254486771, Pos_Z, 0.009894042346138285, BFx, 1.0, 0.0, 0.0,                             BFy, 0.0, -0.1023095389047933, 0.9947526115819381, BFz, 0.0, -0.9947526115819381, -0.10230953890479344
Time, 0.214, Pos_X, 0.061464021498888015, Pos_Y, 0.01378213889456791, Pos_Z, 0.010398555699215759, BFx, 1.0, 0.0, 0.0,                             BFy, 0.0, -0.078007954358756, 0.9969527366213303, BFz, 0.0, -0.9969527366213304, -0.07800795435875614
Time, 0.216, Pos_X, 0.06344253229667202, Pos_Y, 0.014219040811277193, Pos_Z, 0.010912361107748908, BFx, 1.0, 0.0, 0.0,                             BFy, 0.0, -0.053225319062477516, 0.9985825280920423, BFz, 0.0, -0.9985825280920424, -0.05322531906247765
Time, 0.218, Pos_X, 0.06545906750445601, Pos_Y, 0.014669020874047606, Pos_Z, 0.01143529154646578, BFx, 1.0, 0.0, 0.0,                             BFy, 0.0, -0.028011485130180314, 0.9996076013620538, BFz, 0.0, -0.9996076013620541, -0.028011485130180442
Time, 0.22, Pos_X, 0.06751352558624002, Pos_Y, 0.015133023196416873, Pos_Z, 0.011967202870868558, BFx, 1.0, 0.0, 0.0,                             BFy, 0.0, -0.00242337962289882, 0.999997063611289, BFz, 0.0, -0.9999970636112891, -0.002423379622898944
Time, 0.222, Pos_X, 0.06960573741302402, Pos_Y, 0.015612006930850917, Pos_Z, 0.012507976485271174, BFx, 1.0, 0.0, 0.0,                             BFy, 0.0, 0.023478854324245277, 0.9997243337038555, BFz, 0.0, -0.9997243337038557, 0.023478854324245155
Time, 0.224, Pos_X, 0.07173546290080803, Pos_Y, 0.01610693500317593, Pos_Z, 0.01305752038890635, BFx, 1.0, 0.0, 0.0,                             BFy, 0.0, 0.04963357672803592, 0.9987674944956804, BFz, 0.0, -0.9987674944956805, 0.04963357672803581
Time, 0.226, Pos_X, 0.07390238627059202, Pos_Y, 0.016618767801609813, Pos_Z, 0.013615768304703128, BFx, 1.0, 0.0, 0.0,                             BFy, 0.0, 0.07597602005116183, 0.9971096451129043, BFz, 0.0, -0.9971096451129045, 0.07597602005116172
Time, 0.228, Pos_X, 0.07610611194537602, Pos_Y, 0.017148456870125842, Pos_Z, 0.014182678378780107, BFx, 1.0, 0.0, 0.0,                             BFy, 0.0, 0.10244004559770548, 0.9947391804176292, BFz, 0.0, -0.9947391804176293, 0.10244004559770536
Time, 0.23, Pos_X, 0.07834616361316002, Pos_Y, 0.017696938322575823, Pos_Z, 0.014758232229459597, BFx, 1.0, 0.0, 0.0,                             BFy, 0.0, 0.1289605090730293, 0.9916497300456557, BFz, 0.0, -0.9916497300456559, 0.1289605090730292
Time, 0.232, Pos_X, 0.08062198466294403, Pos_Y, 0.018265128015003983, Pos_Z, 0.015342433708959824, BFx, 1.0, 0.0, 0.0,                             BFy, 0.0, 0.1554731705712032, 0.987840115217303, BFz, 0.0, -0.9878401152173032, 0.15547317057120305
Time, 0.234, Pos_X, 0.08293293964872803, Pos_Y, 0.018853916952977296, Pos_Z, 0.015935306615784146, BFx, 1.0, 0.0, 0.0,                             BFy, 0.0, 0.18191496482779018, 0.9833142659250403, BFz, 0.0, -0.9833142659250406, 0.1819149648277901
Time, 0.236, Pos_X, 0.08527831808051199, Pos_Y, 0.01946416689343325, Pos_Z, 0.016536892241670948, BFx, 1.0, 0.0, 0.0,                             BFy, 0.0, 0.2082248958929756, 0.9780809745263203, BFz, 0.0, -0.9780809745263205, 0.20822489589297555
Time, 0.238, Pos_X, 0.08765733916629599, Pos_Y, 0.020096707786809758, Pos_Z, 0.017147246628960427, BFx, 1.0, 0.0, 0.0,                             BFy, 0.0, 0.23434390438152203, 0.9721537607185508, BFz, 0.0, -0.972153760718551, 0.23434390438152197
Time, 0.24, Pos_X, 0.09006915959207999, Pos_Y, 0.020752337476127373, Pos_Z, 0.017766438733142518, BFx, 1.0, 0.0, 0.0,                             BFy, 0.0, 0.2602153817019059, 0.9655505968750309, BFz, 0.0, -0.9655505968750311, 0.26021538170190583
Time, 0.242, Pos_X, 0.09251288282586399, Pos_Y, 0.02143181952115709, Pos_Z, 0.018394548869511782, BFx, 1.0, 0.0, 0.0,                             BFy, 0.0, 0.28578617095236986, 0.9582934125268626, BFz, 0.0, -0.9582934125268628, 0.28578617095236974
Time, 0.244, Pos_X, 0.094987564949648, Pos_Y, 0.02213587757120771, Pos_Z, 0.019031661974031715, BFx, 1.0, 0.0, 0.0,                             BFy, 0.0, 0.3110066664163097, 0.9504077301056695, BFz, 0.0, -0.9504077301056697, 0.3110066664163095
Time, 0.246, Pos_X, 0.097492213344632, Pos_Y, 0.022865197923294722, Pos_Z, 0.01967785854589041, BFx, 1.0, 0.0, 0.0,                             BFy, 0.0, 0.3358311850732087, 0.9419221916550862, BFz, 0.0, -0.9419221916550864, 0.3358311850732085
Time, 0.248, Pos_X, 0.100025794142216, Pos_Y, 0.023620443646705187, Pos_Z, 0.020333218629797305, BFx, 1.0, 0.0, 0.0,                             BFy, 0.0, 0.3602186069321478, 0.9328679194933545, BFz, 0.0, -0.9328679194933547, 0.36021860693214763
Time, 0.25, Pos_X, 0.10258725071420001, Pos_Y, 0.024402257812485482, Pos_Z, 0.020997827102507277, BFx, 1.0, 0.0, 0.0,                             BFy, 0.0, 0.38413287423145676, 0.9232778210997361, BFz, 0.0, -0.9232778210997364, 0.3841328742314567
Time, 0.252, Pos_X, 0.10517551456118401, Pos_Y, 0.025211252769025434, Pos_Z, 0.02167176721570137, BFx, 1.0, 0.0, 0.0,                             BFy, 0.0, 0.40754345053088625, 0.9131858167587664, BFz, 0.0, -0.9131858167587668, 0.40754345053088625
Time, 0.254, Pos_X, 0.10778951138136801, Pos_Y, 0.02604800784676535, Pos_Z, 0.022355120354366792, BFx, 1.0, 0.0, 0.0,                             BFy, 0.0, 0.43042544687963297, 0.9026261322820566, BFz, 0.0, -0.9026261322820569, 0.43042544687963297
Time, 0.256, Pos_X, 0.11042816744315201, Pos_Y, 0.02691307542683275, Pos_Z, 0.023047969623000042, BFx, 1.0, 0.0, 0.0,                             BFy, 0.0, 0.45275970825830136, 0.8916325737532551, BFz, 0.0, -0.8916325737532556, 0.4527597082583013
Time, 0.258, Pos_X, 0.11309041674533601, Pos_Y, 0.027806986485865236, Pos_Z, 0.023750396622864624, BFx, 1.0, 0.0, 0.0,                             BFy, 0.0, 0.4745325994119826, 0.880237929252826, BFz, 0.0, -0.8802379292528264, 0.47453259941198256
Time, 0.26, Pos_X, 0.11577520767752002, Pos_Y, 0.02873025655564903, Pos_Z, 0.0244624779761162, BFx, 1.0, 0.0, 0.0,                             BFy, 0.0, 0.495735550438598, 0.8684735252334043, BFz, 0.0, -0.8684735252334047, 0.495735550438598
Time, 0.262, Pos_X, 0.11848150833570402, Pos_Y, 0.02968338929975322, Pos_Z, 0.025184284624705757, BFx, 1.0, 0.0, 0.0,                             BFy, 0.0, 0.5163647325699917, 0.8563687657533506, BFz, 0.0, -0.8563687657533511, 0.5163647325699916
Time, 0.264, Pos_X, 0.12120831160588802, Pos_Y, 0.030666875867719687, Pos_Z, 0.02591588015299378, BFx, 1.0, 0.0, 0.0,                             BFy, 0.0, 0.5364205487614502, 0.8439508249101133, BFz, 0.0, -0.8439508249101138, 0.5364205487614501
Time, 0.266, Pos_X, 0.12395464158207202, Pos_Y, 0.031681196369755575, Pos_Z, 0.026657321709903304, BFx, 1.0, 0.0, 0.0,                             BFy, 0.0, 0.5559072227913804, 0.8312443441301545, BFz, 0.0, -0.831244344130155, 0.5559072227913803
Time, 0.268, Pos_X, 0.12671956020225603, Pos_Y, 0.03272682407869583, Pos_Z, 0.02740866505805917, BFx, 1.0, 0.0, 0.0,                             BFy, 0.0, 0.574832068740259, 0.8182714053098704, BFz, 0.0, -0.8182714053098711, 0.5748320687402588
Time, 0.27, Pos_X, 0.12950217312364004, Pos_Y, 0.03380422612242088, Pos_Z, 0.028169968225355595, BFx, 1.0, 0.0, 0.0,                             BFy, 0.0, 0.5932049241311498, 0.8050515002076283, BFz, 0.0, -0.805051500207629, 0.5932049241311496
Time, 0.272, Pos_X, 0.13230163459482405, Pos_Y, 0.03491386214644658, Pos_Z, 0.028941293779639686, BFx, 1.0, 0.0, 0.0,                             BFy, 0.0, 0.6110376772033235, 0.7916015140447644, BFz, 0.0, -0.791601514044765, 0.6110376772033235
Time, 0.274, Pos_X, 0.13511714794920807, Pos_Y, 0.036056185126513825, Pos_Z, 0.029722710712091614, BFx, 1.0, 0.0, 0.0,                             BFy, 0.0, 0.6283437307650939, 0.7779358302637818, BFz, 0.0, -0.7779358302637822, 0.628343730765094
Time, 0.276, Pos_X, 0.13794796459339206, Pos_Y, 0.03723164379341292, Pos_Z, 0.030514295704168456, BFx, 1.0, 0.0, 0.0,                             BFy, 0.0, 0.6451374779086361, 0.76406651189388, BFz, 0.0, -0.7640665118938804, 0.6451374779086361
Time, 0.278, Pos_X, 0.14079338457137608, Pos_Y, 0.03844068599332398, Pos_Z, 0.03131613507569223, BFx, 1.0, 0.0, 0.0,                             BFy, 0.0, 0.6614340092013395, 0.7500033676403318, BFz, 0.0, -0.7500033676403323, 0.6614340092013395
Time, 0.28, Pos_X, 0.1436527558589601, Pos_Y, 0.03968376247882634, Pos_Z, 0.032128327787081176, BFx, 1.0, 0.0, 0.0,                             BFy, 0.0, 0.6772488406952968, 0.7357540402722045, BFz, 0.0, -0.7357540402722049, 0.6772488406952968
Time, 0.282, Pos_X, 0.146525472354144, Pos_Y, 0.040961329937701504, Pos_Z, 0.03295098926210474, BFx, 1.0, 0.0, 0.0,                             BFy, 0.0, 0.6925976121503111, 0.7213241626645288, BFz, 0.0, -0.7213241626645291, 0.6925976121503111
Time, 0.284, Pos_X, 0.14941097196892802, Pos_Y, 0.042273853661366614, Pos_Z, 0.03378425582950489, BFx, 1.0, 0.0, 0.0,                             BFy, 0.0, 0.7074959570883892, 0.7067173909729267, BFz, 0.0, -0.7067173909729271, 0.7074959570883892
Time, 0.286, Pos_X, 0.15230873420751204, Pos_Y, 0.043621810634734616, Pos_Z, 0.034628289584809964, BFx, 1.0, 0.0, 0.0,                             BFy, 0.0, 0.7219592518304395, 0.6919355740937362, BFz, 0.0, -0.6919355740937363, 0.7219592518304395
Time, 0.288, Pos_X, 0.15521827738529603, Pos_Y, 0.04500569238975609, Pos_Z, 0.0354832833367266, BFx, 1.0, 0.0, 0.0,                             BFy, 0.0, 0.7360024412658581, 0.6769788818350931, BFz, 0.0, -0.6769788818350931, 0.7360024412658582
Time, 0.29, Pos_X, 0.15813915557548003, Pos_Y, 0.04642600763315236, Pos_Z, 0.03634946552532951, BFx, 1.0, 0.0, 0.0,                             BFy, 0.0, 0.7496399276267198, 0.6618458875809399, BFz, 0.0, -0.6618458875809398, 0.7496399276267199
Time, 0.292, Pos_X, 0.16107095546226402, Pos_Y, 0.04788328379957287, Pos_Z, 0.03722710472773233, BFx, 1.0, 0.0, 0.0,                             BFy, 0.0, 0.7628854737627174, 0.6465336448490753, BFz, 0.0, -0.6465336448490752, 0.7628854737627175
Time, 0.294, Pos_X, 0.16401329341844803, Pos_Y, 0.04937806634276667, Pos_Z, 0.03811651289770274, BFx, 1.0, 0.0, 0.0,                             BFy, 0.0, 0.7757521051388682, 0.6310377733326351, BFz, 0.0, -0.6310377733326351, 0.7757521051388684
Time, 0.296, Pos_X, 0.16696581151563203, Pos_Y, 0.05091091732507353, Pos_Z, 0.039018048235810766, BFx, 1.0, 0.0, 0.0,                             BFy, 0.0, 0.7882519317861527, 0.6153526566412096, BFz, 0.0, -0.6153526566412096, 0.7882519317861529
Time, 0.298, Pos_X, 0.16992817185901604, Pos_Y, 0.05248241525837117, Pos_Z, 0.03993211920908034, BFx, 1.0, 0.0, 0.0,                             BFy, 0.0, 0.8003961231911908, 0.5994714721990596, BFz, 0.0, -0.5994714721990596, 0.800396123191191
Time, 0.3, Pos_X, 0.17290005070200004, Pos_Y, 0.054093155984382246, Pos_Z, 0.0408591903880982, BFx, 1.0, 0.0, 0.0,                             BFy, 0.0, 0.8121946634390974, 0.5833865173973828, BFz, 0.0, -0.5833865173973828, 0.8121946634390976
Time, 0.302, Pos_X, 0.17588113244778406, Pos_Y, 0.05574375275162584, Pos_Z, 0.04179978899069266, BFx, 1.0, 0.0, 0.0,                             BFy, 0.0, 0.8236562171135277, 0.5670894426898011, BFz, 0.0, -0.5670894426898011, 0.8236562171135277
Time, 0.304, Pos_X, 0.17887110347076807, Pos_Y, 0.0574348351533261, Pos_Z, 0.042754510024994336, BFx, 1.0, 0.0, 0.0,                             BFy, 0.0, 0.8347879208578578, 0.550571636746582, BFz, 0.0, -0.550571636746582, 0.8347879208578579
Time, 0.306, Pos_X, 0.18186964691735208, Pos_Y, 0.05916704623701627, Pos_Z, 0.0437240202091654, BFx, 1.0, 0.0, 0.0,                             BFy, 0.0, 0.8455951483866357, 0.5338247324965179, BFz, 0.0, -0.5338247324965179, 0.8455951483866359
Time, 0.308, Pos_X, 0.18487643791853609, Pos_Y, 0.06094103885851161, Pos_Z, 0.04470906107758655, BFx, 1.0, 0.0, 0.0,                             BFy, 0.0, 0.8560814011692208, 0.5168410147928844, BFz, 0.0, -0.5168410147928842, 0.856081401169221
Time, 0.31, Pos_X, 0.1878911385399201, Pos_Y, 0.06275747192134258, Pos_Z, 0.04571045121205947, BFx, 1.0, 0.0, 0.0,                             BFy, 0.0, 0.8662482003388183, 0.4996139063414402, BFz, 0.0, -0.49961390634144004, 0.8662482003388186
Time, 0.312, Pos_X, 0.1909133934173041, Pos_Y, 0.06461700541325185, Pos_Z, 0.04672908809014945, BFx, 1.0, 0.0, 0.0,                             BFy, 0.0, 0.8760951394886182, 0.48213826498672896, BFz, 0.0, -0.48213826498672885, 0.8760951394886184
Time, 0.314, Pos_X, 0.19394282564528809, Pos_Y, 0.066520295411357, Pos_Z, 0.047765949774260894, BFx, 1.0, 0.0, 0.0,                             BFy, 0.0, 0.8856200056481045, 0.4644106002190799, BFz, 0.0, -0.46441060021907976, 0.8856200056481047
Time, 0.316, Pos_X, 0.1969790328906721, Pos_Y, 0.0684679890498858, Pos_Z, 0.04882209632575818, BFx, 1.0, 0.0, 0.0,                             BFy, 0.0, 0.8948188484911594, 0.44642942150462084, BFz, 0.0, -0.4464294215046206, 0.8948188484911596
