Time, 0, Pos_X, 0.0, Pos_Y, 0.0, Pos_Z, 0.0, BFx, 1, 0, 0,                         BFy, 0, -1, 0, BFz, 0, 0, -1
Time, 0.0, Pos_X, 0.0, Pos_Y, 0.0, Pos_Z, 0.0, BFx, 1.0, 0.0, 0.0,                             BFy, 0.0, -1.0, 0.0, BFz, 0.0, 0.0, -1.0
Time, 0.002, Pos_X, -8.910218399999999e-07, Pos_Y, -9.685253478473811e-07, Pos_Z, -1.2030353990078644e-06, BFx, 1.0, 0.0, 0.0,                             BFy, 0.0, -0.9999908377175777, 0.00428071032625976, BFz, 0.0, -0.00428071032625976, -0.9999908377175777
Time, 0.004, Pos_X, -3.56493772e-06, Pos_Y, -3.869236332792441e-06, Pos_Z, -4.887186349635977e-06, BFx, 1.0, 0.0, 0.0,                             BFy, 0.0, -0.9999631884582002, 0.008580310513629988, BFz, 0.0, -0.008580310513629988, -0.9999631884582001
Time, 0.006, Pos_X, -8.02271986e-06, Pos_Y, -8.691051651154842e-06, Pos_Z, -1.1206376864225989e-05, BFx, 1.0, 0.0, 0.0,                             BFy, 0.0, -0.9999167694029912, 0.012901715648917681, BFz, 0.0, -0.01290171564891768, -0.9999167694029912
Time, 0.008, Pos_X, -1.4263455140000001e-05, Pos_Y, -1.5419482370428932e-05, Pos_Z, -2.032257756879465e-05, BFx, 1.0, 0.0, 0.0,                             BFy, 0.0, -0.9998512401953581, 0.01724811525368599, BFz, 0.0, -0.017248115253685987, -0.9998512401953583
Time, 0.01, Pos_X, -2.228353784e-05, Pos_Y, -2.4035556126464537e-05, Pos_Z, -3.240589647306455e-05, BFx, 1.0, 0.0, 0.0,                             BFy, 0.0, -0.9997661953170017, 0.021623013235130707, BFz, 0.0, -0.021623013235130707, -0.9997661953170021
Time, 0.012, Pos_X, -3.207617178e-05, Pos_Y, -3.451523797216123e-05, Pos_Z, -4.7634043327469025e-05, BFx, 1.0, 0.0, 0.0,                             BFy, 0.0, -0.9996611602651282, 0.026030072173880876, BFz, 0.0, -0.026030072173880876, -0.9996611602651284
Time, 0.014, Pos_X, -4.3631121619999996e-05, Pos_Y, -4.682923639331032e-05, Pos_Z, -6.619216061575654e-05, BFx, 1.0, 0.0, 0.0,                             BFy, 0.0, -0.9995355893226479, 0.030473031969707468, BFz, 0.0, -0.03047303196970748, -0.9995355893226481
Time, 0.016, Pos_X, -5.6934459119999994e-05, Pos_Y, -6.094265960401153e-05, Pos_Z, -8.827289284934647e-05, BFx, 1.0, 0.0, 0.0,                             BFy, 0.0, -0.9993888631201487, 0.03495569011500854, BFz, 0.0, -0.03495569011500854, -0.999388863120149
Time, 0.018, Pos_X, -7.196806347999998e-05, Pos_Y, -7.681451054364661e-05, Pos_Z, -0.00011407609563134273, BFx, 1.0, 0.0, 0.0,                             BFy, 0.0, -0.9992202889587138, 0.039481820288134566, BFz, 0.0, -0.039481820288134566, -0.9992202889587141
Time, 0.02, Pos_X, -8.870878718e-05, Pos_Y, -9.43971345799016e-05, Pos_Z, -0.00014380816405344218, BFx, 1.0, 0.0, 0.0,                             BFy, 0.0, -0.9990291008597506, 0.04405514312038643, BFz, 0.0, -0.04405514312038643, -0.999029100859751
Time, 0.022, Pos_X, -0.00010712791157999998, Pos_Y, -0.00011363557995243168, Pos_Z, -0.0001776813467070537, BFx, 1.0, 0.0, 0.0,                             BFy, 0.0, -0.9988144650327033, 0.04867919926862072, BFz, 0.0, -0.048679199268620715, -0.9988144650327038
Time, 0.024, Pos_X, -0.00012719048918, Pos_Y, -0.0001344668558238677, Pos_Z, -0.00021591298279493944, BFx, 1.0, 0.0, 0.0,                             BFy, 0.0, -0.9985754808891044, 0.053357370316513754, BFz, 0.0, -0.053357370316513754, -0.9985754808891047
Time, 0.026, Pos_X, -0.00014885496576, Pos_Y, -0.0001568193468479915, Pos_Z, -0.000258724671785628, BFx, 1.0, 0.0, 0.0,                             BFy, 0.0, -0.9983111866379873, 0.058092810514326604, BFz, 0.0, -0.058092810514326604, -0.9983111866379877
Time, 0.028, Pos_X, -0.00017207303240000002, Pos_Y, -0.0001806125787599395, Pos_Z, -0.0003063414598131576, BFx, 1.0, 0.0, 0.0,                             BFy, 0.0, -0.9980204897419203, 0.06288960212386435, BFz, 0.0, -0.06288960212386435, -0.9980204897419205
Time, 0.03, Pos_X, -0.0001967891331, Pos_Y, -0.00020575676157756785, Pos_Z, -0.000358991062094824, BFx, 1.0, 0.0, 0.0,                             BFy, 0.0, -0.9977023109827157, 0.06775026686108801, BFz, 0.0, -0.06775026686108801, -0.9977023109827159
Time, 0.032, Pos_X, -0.0002229401702, Pos_Y, -0.00023215255086812, Pos_Z, -0.0004169031940596888, BFx, 1.0, 0.0, 0.0,                             BFy, 0.0, -0.9973555177107716, 0.07267717173830297, BFz, 0.0, -0.07267717173830296, -0.9973555177107717
Time, 0.034, Pos_X, -0.00025045537010000003, Pos_Y, -0.0002596909830848374, Pos_Z, -0.00048030855954202077, BFx, 1.0, 0.0, 0.0,                             BFy, 0.0, -0.9969789439681073, 0.07767229418678176, BFz, 0.0, -0.07767229418678172, -0.9969789439681074
Time, 0.036, Pos_X, -0.00027925620413999996, Pos_Y, -0.000288253151499584, Pos_Z, -0.0005494376483325062, BFx, 1.0, 0.0, 0.0,                             BFy, 0.0, -0.9965714093319271, 0.08273709024480635, BFz, 0.0, -0.08273709024480631, -0.996571409331927
Time, 0.038, Pos_X, -0.00030925621948, Pos_Y, -0.00031770993994817426, Pos_Z, -0.000624519585732786, BFx, 1.0, 0.0, 0.0,                             BFy, 0.0, -0.9961317346586798, 0.08787244850287518, BFz, 0.0, -0.08787244850287514, -0.9961317346586797
Time, 0.04, Pos_X, -0.00034036123108, Pos_Y, -0.00034792183775615585, Pos_Z, -0.0007057812563171888, BFx, 1.0, 0.0, 0.0,                             BFy, 0.0, -0.9956587721391214, 0.09307851235606447, BFz, 0.0, -0.09307851235606444, -0.9956587721391214
Time, 0.042, Pos_X, -0.00037246988202, Pos_Y, -0.00037873879629324525, Pos_Z, -0.00079344676454147, BFx, 1.0, 0.0, 0.0,                             BFy, 0.0, -0.9951514345836147, 0.09835457409889335, BFz, 0.0, -0.09835457409889332, -0.9951514345836147
Time, 0.044, Pos_X, -0.0004054741788199999, Pos_Y, -0.0004100000525105632, Pos_Z, -0.0008877368268511327, BFx, 1.0, 0.0, 0.0,                             BFy, 0.0, -0.9946087075329588, 0.10369917501898476, BFz, 0.0, -0.10369917501898473, -0.9946087075329588
Time, 0.046, Pos_X, -0.0004392600605999999, Pos_Y, -0.0004415341954644822, Pos_Z, -0.00098886843236221, BFx, 1.0, 0.0, 0.0,                             BFy, 0.0, -0.9940296563739001, 0.10911022980998325, BFz, 0.0, -0.10911022980998321, -0.9940296563739001
Time, 0.048, Pos_X, -0.0004737083622399999, Pos_Y, -0.000473159347266456, Pos_Z, -0.0010970547104860139, BFx, 1.0, 0.0, 0.0,                             BFy, 0.0, -0.9934134221574515, 0.11458522015261108, BFz, 0.0, -0.11458522015261105, -0.9934134221574515
Time, 0.05, Pos_X, -0.0005086959831599999, Pos_Y, -0.0005046832902561765, Pos_Z, -0.001212504544526302, BFx, 1.0, 0.0, 0.0,                             BFy, 0.0, -0.9927591883307246, 0.12012158001342724, BFz, 0.0, -0.12012158001342721, -0.9927591883307246
Time, 0.052, Pos_X, -0.0005440970582599998, Pos_Y, -0.0005359037465155112, Pos_Z, -0.0013354221729529705, BFx, 1.0, 0.0, 0.0,                             BFy, 0.0, -0.9920661201516433, 0.12571719551145957, BFz, 0.0, -0.12571719551145955, -0.9920661201516435
Time, 0.054, Pos_X, -0.0005797843407999998, Pos_Y, -0.0005666086996853082, Pos_Z, -0.0014660065249011752, BFx, 1.0, 0.0, 0.0,                             BFy, 0.0, -0.9913332905209522, 0.1313708761670668, BFz, 0.0, -0.1313708761670668, -0.9913332905209525
Time, 0.056, Pos_X, -0.0006156301929779998, Pos_Y, -0.0005965764367318467, Pos_Z, -0.0016044529665713938, BFx, 1.0, 0.0, 0.0,                             BFy, 0.0, -0.9905595933622068, 0.1370827924945404, BFz, 0.0, -0.13708279249454036, -0.9905595933622072
Time, 0.058, Pos_X, -0.0006515081633579998, Pos_Y, -0.0006255764733033446, Pos_Z, -0.0017509521129451368, BFx, 1.0, 0.0, 0.0,                             BFy, 0.0, -0.9897436346405609, 0.14285495332151882, BFz, 0.0, -0.14285495332151882, -0.9897436346405614
Time, 0.06, Pos_X, -0.0006872951909979997, Pos_Y, -0.0006533714083651097, Pos_Z, -0.0019056857517762275, BFx, 1.0, 0.0, 0.0,                             BFy, 0.0, -0.9888836543655579, 0.14869135189587082, BFz, 0.0, -0.14869135189587082, -0.9888836543655583
Time, 0.062, Pos_X, -0.0007228731460539998, Pos_Y, -0.0006797185012359569, Pos_Z, -0.0020688253424028047, BFx, 1.0, 0.0, 0.0,                             BFy, 0.0, -0.9879774411340472, 0.1545981106295362, BFz, 0.0, -0.1545981106295362, -0.9879774411340474
Time, 0.064, Pos_X, -0.0007581303805019998, Pos_Y, -0.0007043713360694011, Pos_Z, -0.002240530384157072, BFx, 1.0, 0.0, 0.0,                             BFy, 0.0, -0.9870223030673393, 0.16058322841332856, BFz, 0.0, -0.16058322841332853, -0.9870223030673395
Time, 0.066, Pos_X, -0.0007929633400219998, Pos_Y, -0.0007270816713189407, Pos_Z, -0.00242094667305741, BFx, 1.0, 0.0, 0.0,                             BFy, 0.0, -0.9860150447523455, 0.16665632757874005, BFz, 0.0, -0.16665632757874002, -0.9860150447523456
Time, 0.068, Pos_X, -0.0008272777670819998, Pos_Y, -0.0007476014604182512, Pos_Z, -0.002610204463510159, BFx, 1.0, 0.0, 0.0,                             BFy, 0.0, -0.9849520023425801, 0.17282810269555127, BFz, 0.0, -0.17282810269555127, -0.9849520023425802
Time, 0.07, Pos_X, -0.0008609898094619998, Pos_Y, -0.0007656850123618265, Pos_Z, -0.002808416725955596, BFx, 1.0, 0.0, 0.0,                             BFy, 0.0, -0.9838290956587074, 0.1791097723056218, BFz, 0.0, -0.1791097723056218, -0.9838290956587074
Time, 0.072, Pos_X, -0.0008940272507019996, Pos_Y, -0.0007810913590185396, Pos_Z, -0.0030156772662170146, BFx, 1.0, 0.0, 0.0,                             BFy, 0.0, -0.9826419029041809, 0.1855125080873306, BFz, 0.0, -0.1855125080873306, -0.9826419029041809
Time, 0.074, Pos_X, -0.0009263303168819995, Pos_Y, -0.0007935869863850038, Pos_Z, -0.0032320588480822844, BFx, 1.0, 0.0, 0.0,                             BFy, 0.0, -0.9813857608127098, 0.1920468392712056, BFz, 0.0, -0.19204683927120558, -0.98138576081271
Time, 0.076, Pos_X, -0.0009578523751819995, Pos_Y, -0.0008029484945754734, Pos_Z, -0.0034576113319777124, BFx, 1.0, 0.0, 0.0,                             BFy, 0.0, -0.980055870390203, 0.19872214500076107, BFz, 0.0, -0.19872214500076107, -0.9800558703902033
Time, 0.078, Pos_X, -0.0009885602540019996, Pos_Y, -0.0008089648585823907, Pos_Z, -0.00369236021082836, BFx, 1.0, 0.0, 0.0,                             BFy, 0.0, -0.9786474049577644, 0.20554623997883079, BFz, 0.0, -0.2055462399788308, -0.9786474049577647
Time, 0.08, Pos_X, -0.0010184345907219997, Pos_Y, -0.0008114398888734318, Pos_Z, -0.003936305390813467, BFx, 1.0, 0.0, 0.0,                             BFy, 0.0, -0.9771556355467931, 0.21252497246004898, BFz, 0.0, -0.21252497246004898, -0.9771556355467933
Time, 0.082, Pos_X, -0.0010474699707419997, Pos_Y, -0.000810194477016052, Pos_Z, -0.00418941981215125, BFx, 1.0, 0.0, 0.0,                             BFy, 0.0, -0.975576040051389, 0.2196619905164582, BFz, 0.0, -0.21966199051645816, -0.9755760400513892
Time, 0.084, Pos_X, -0.0010756747977819997, Pos_Y, -0.000805068845814958, Pos_Z, -0.004451648716987437, BFx, 1.0, 0.0, 0.0,                             BFy, 0.0, -0.9739043757137356, 0.22695873405894862, BFz, 0.0, -0.22695873405894856, -0.9739043757137359
Time, 0.086, Pos_X, -0.0011030714393219995, Pos_Y, -0.000795924527724218, Pos_Z, -0.00472290935620781, BFx, 1.0, 0.0, 0.0,                             BFy, 0.0, -0.9721367355356269, 0.23441452050190095, BFz, 0.0, -0.2344145205019009, -0.9721367355356271
Time, 0.088, Pos_X, -0.0011296958386219995, Pos_Y, -0.0007826456385290343, Pos_Z, -0.005003090985028033, BFx, 1.0, 0.0, 0.0,                             BFy, 0.0, -0.9702695787243848, 0.24202674356774334, BFz, 0.0, -0.24202674356774326, -0.970269578724385
Time, 0.09, Pos_X, -0.0011555970830819996, Pos_Y, -0.0007651399801539865, Pos_Z, -0.0052920557881088745, BFx, 1.0, 0.0, 0.0,                             BFy, 0.0, -0.9682997694169991, 0.2497910257535035, BFz, 0.0, -0.24979102575350343, -0.9682997694169996
Time, 0.092, Pos_X, -0.0011808369301819996, Pos_Y, -0.000743339774643145, Pos_Z, -0.005589640049712362, BFx, 1.0, 0.0, 0.0,                             BFy, 0.0, -0.9662245826032241, 0.257701486168059, BFz, 0.0, -0.25770148616805894, -0.9662245826032245
Time, 0.094, Pos_X, -0.0012054890997419995, Pos_Y, -0.0007172019755758337, Pos_Z, -0.005895655667110791, BFx, 1.0, 0.0, 0.0,                             BFy, 0.0, -0.964041683266338, 0.26575107323396885, BFz, 0.0, -0.2657510732339688, -0.9640416832663384
Time, 0.096, Pos_X, -0.0012296386533619996, Pos_Y, -0.0006867082175418224, Pos_Z, -0.006209892019317301, BFx, 1.0, 0.0, 0.0,                             BFy, 0.0, -0.9617490905310047, 0.2739319018712242, BFz, 0.0, -0.2739319018712241, -0.961749090531005
Time, 0.098, Pos_X, -0.0012533813551419996, Pos_Y, -0.0006518645019577506, Pos_Z, -0.006532118187653627, BFx, 1.0, 0.0, 0.0,                             BFy, 0.0, -0.9593451360429406, 0.2822355575592004, BFz, 0.0, -0.2822355575592004, -0.9593451360429409
Time, 0.1, Pos_X, -0.0012768226732419996, Pos_Y, -0.0006127004526959772, Pos_Z, -0.006862085495686402, BFx, 1.0, 0.0, 0.0,                             BFy, 0.0, -0.9568284342337461, 0.29065331142410716, BFz, 0.0, -0.2906533114241072, -0.9568284342337464
Time, 0.102, Pos_X, -0.0013000765505899994, Pos_Y, -0.0005692679697996747, Pos_Z, -0.007199529993978382, BFx, 1.0, 0.0, 0.0,                             BFy, 0.0, -0.9541978497082266, 0.29917630857438876, BFz, 0.0, -0.2991763085743888, -0.954197849708227
Time, 0.104, Pos_X, -0.0013232641902805994, Pos_Y, -0.0005216392002435679, Pos_Z, -0.00754417525746876, BFx, 1.0, 0.0, 0.0,                             BFy, 0.0, -0.951452483024352, 0.30779566687462745, BFz, 0.0, -0.3077956668746275, -0.9514524830243524
Time, 0.106, Pos_X, -0.0013465132580117993, Pos_Y, -0.0004699046082490102, Pos_Z, -0.00789573559810008, BFx, 1.0, 0.0, 0.0,                             BFy, 0.0, -0.9485916929248233, 0.3165024488278397, BFz, 0.0, -0.31650244882783973, -0.9485916929248236
Time, 0.108, Pos_X, -0.0013699576261089993, Pos_Y, -0.0004141713945310967, Pos_Z, -0.0082539195878138, BFx, 1.0, 0.0, 0.0,                             BFy, 0.0, -0.9456150915374976, 0.3252877167317134, BFz, 0.0, -0.32528771673171347, -0.9456150915374978
Time, 0.11, Pos_X, -0.0013937365144461992, Pos_Y, -0.0003545614699823306, Pos_Z, -0.008618433660487007, BFx, 1.0, 0.0, 0.0,                             BFy, 0.0, -0.9425225609205595, 0.33414251773120945, BFz, 0.0, -0.3341425177312095, -0.9425225609205596
Time, 0.112, Pos_X, -0.0014179931869633992, Pos_Y, -0.0002912087297039774, Pos_Z, -0.008988985438515314, BFx, 1.0, 0.0, 0.0,                             BFy, 0.0, -0.939314291969145, 0.3430578098549939, BFz, 0.0, -0.3430578098549939, -0.9393142919691452
Time, 0.114, Pos_X, -0.001442873980600599, Pos_Y, -0.00022425612854452194, Pos_Z, -0.009365286861514732, BFx, 1.0, 0.0, 0.0,                             BFy, 0.0, -0.9359908002676918, 0.3520244619543463, BFz, 0.0, -0.3520244619543462, -0.935990800267692
Time, 0.116, Pos_X, -0.0014685271379577991, Pos_Y, -0.0001538525850739671, Pos_Z, -0.009747057507547827, BFx, 1.0, 0.0, 0.0,                             BFy, 0.0, -0.9325529284040884, 0.36103328894294534, BFz, 0.0, -0.3610332889429453, -0.9325529284040885
Time, 0.118, Pos_X, -0.0014951018868349989, Pos_Y, -8.015042337453826e-05, Pos_Z, -0.010134027703435836, BFx, 1.0, 0.0, 0.0,                             BFy, 0.0, -0.9290018014925363, 0.37007519887669205, BFz, 0.0, -0.37007519887669194, -0.9290018014925364
Time, 0.12, Pos_X, -0.001522747982532199, Pos_Y, -3.303344318172043e-06, Pos_Z, -0.010525941529332323, BFx, 1.0, 0.0, 0.0,                             BFy, 0.0, -0.925338809406965, 0.3791412504665002, BFz, 0.0, -0.3791412504665001, -0.9253388094069651
Time, 0.122, Pos_X, -0.001551614739049399, Pos_Y, 7.65363063467071e-05, Pos_Z, -0.010922559648700567, BFx, 1.0, 0.0, 0.0,                             BFy, 0.0, -0.9215655179400588, 0.3882228691665037, BFz, 0.0, -0.38822286916650367, -0.9215655179400589
Time, 0.124, Pos_X, -0.001581849777706599, Pos_Y, 0.00015922047652229716, Pos_Z, -0.01132366131393856, BFx, 1.0, 0.0, 0.0,                             BFy, 0.0, -0.9176835774850292, 0.39731203306001106, BFz, 0.0, -0.397312033060011, -0.9176835774850295
Time, 0.126, Pos_X, -0.001613598073023799, Pos_Y, 0.00024460786084668916, Pos_Z, -0.011729045962405208, BFx, 1.0, 0.0, 0.0,                             BFy, 0.0, -0.9136946146568986, 0.4064014654833103, BFz, 0.0, -0.40640146548331024, -0.913694614656899
Time, 0.128, Pos_X, -0.001647001094180999, Pos_Y, 0.00033256643135536155, Pos_Z, -0.012138534702144372, BFx, 1.0, 0.0, 0.0,                             BFy, 0.0, -0.9096001068878143, 0.41548483191288416, BFz, 0.0, -0.4154848319128841, -0.9096001068878148
Time, 0.13, Pos_X, -0.0016821958587781992, Pos_Y, 0.00042297589007380765, Pos_Z, -0.01255197143383228, BFx, 1.0, 0.0, 0.0,                             BFy, 0.0, -0.9054012746207319, 0.4245568653492187, BFz, 0.0, -0.42455686534921866, -0.9054012746207324
Time, 0.132, Pos_X, -0.0017193142549753993, Pos_Y, 0.0005157293856269962, Pos_Z, -0.012969223580293199, BFx, 1.0, 0.0, 0.0,                             BFy, 0.0, -0.9010990359408991, 0.43361333861677187, BFz, 0.0, -0.43361333861677187, -0.9010990359408995
Time, 0.134, Pos_X, -0.0017584826939725992, Pos_Y, 0.0006107350157021302, Pos_Z, -0.013390182586286676, BFx, 1.0, 0.0, 0.0,                             BFy, 0.0, -0.8966939189851884, 0.4426511218273206, BFz, 0.0, -0.4426511218273206, -0.8966939189851887
Time, 0.136, Pos_X, -0.0017998212471697992, Pos_Y, 0.000707917382765579, Pos_Z, -0.013814763990226265, BFx, 1.0, 0.0, 0.0,                             BFy, 0.0, -0.8921861378432715, 0.4516679039297654, BFz, 0.0, -0.4516679039297654, -0.8921861378432718
Time, 0.138, Pos_X, -0.0018434427666669992, Pos_Y, 0.0008072190997745099, Pos_Z, -0.014242906886043736, BFx, 1.0, 0.0, 0.0,                             BFy, 0.0, -0.8875756164517741, 0.46066205083580963, BFz, 0.0, -0.46066205083580963, -0.8875756164517745
Time, 0.14, Pos_X, -0.0018894524734641993, Pos_Y, 0.0009086017064040026, Pos_Z, -0.014674573048738452, BFx, 1.0, 0.0, 0.0,                             BFy, 0.0, -0.8828620774350568, 0.46963235858174873, BFz, 0.0, -0.4696323585817487, -0.8828620774350574
Time, 0.142, Pos_X, -0.0019379478032613986, Pos_Y, 0.0010120462750912575, Pos_Z, -0.015109745846770089, BFx, 1.0, 0.0, 0.0,                             BFy, 0.0, -0.8780451050059678, 0.4785778866339934, BFz, 0.0, -0.4785778866339934, -0.8780451050059684
Time, 0.144, Pos_X, -0.0019890182172585986, Pos_Y, 0.0011175542474444991, Pos_Z, -0.015548429140488696, BFx, 1.0, 0.0, 0.0,                             BFy, 0.0, -0.873124152294445, 0.48749791248794866, BFz, 0.0, -0.4874979124879486, -0.8731241522944455
Time, 0.146, Pos_X, -0.0020427451647357987, Pos_Y, 0.0012251474730232057, Pos_Z, -0.015990645855490235, BFx, 1.0, 0.0, 0.0,                             BFy, 0.0, -0.8680985511094507, 0.49639188708285015, BFz, 0.0, -0.4963918870828501, -0.8680985511094513
Time, 0.148, Pos_X, -0.0020992022946129986, Pos_Y, 0.0013348677146909867, Pos_Z, -0.016436436119079016, BFx, 1.0, 0.0, 0.0,                             BFy, 0.0, -0.8629674686408375, 0.5052594858759465, BFz, 0.0, -0.5052594858759464, -0.8629674686408383
Time, 0.15, Pos_X, -0.0021584557502101987, Pos_Y, 0.0014467761033322847, Pos_Z, -0.016885855031027176, BFx, 1.0, 0.0, 0.0,                             BFy, 0.0, -0.857729840994083, 0.5141006903985498, BFz, 0.0, -0.5141006903985498, -0.8577298409940839
Time, 0.152, Pos_X, -0.0022205641943073987, Pos_Y, 0.0015609521560451002, Pos_Z, -0.017338970000226946, BFx, 1.0, 0.0, 0.0,                             BFy, 0.0, -0.8523842812292693, 0.5229158987000321, BFz, 0.0, -0.5229158987000321, -0.8523842812292703
Time, 0.154, Pos_X, -0.0022855789026045986, Pos_Y, 0.0016774926179706391, Pos_Z, -0.017795857972103844, BFx, 1.0, 0.0, 0.0,                             BFy, 0.0, -0.8469290170248529, 0.531705971493002, BFz, 0.0, -0.5317059714930019, -0.8469290170248539
Time, 0.156, Pos_X, -0.0023535446372017987, Pos_Y, 0.0017965101573234432, Pos_Z, -0.0182566029046166, BFx, 1.0, 0.0, 0.0,                             BFy, 0.0, -0.8413617591863148, 0.54047237688795, BFz, 0.0, -0.5404723768879498, -0.8413617591863158
Time, 0.158, Pos_X, -0.0024245001154789988, Pos_Y, 0.0019181320201630192, Pos_Z, -0.018721293345500684, BFx, 1.0, 0.0, 0.0,                             BFy, 0.0, -0.8356796109167985, 0.5492172501824291, BFz, 0.0, -0.5492172501824286, -0.8356796109167995
Time, 0.16, Pos_X, -0.002498478375236199, Pos_Y, 0.0020424988833252188, Pos_Z, -0.01919002022064969, BFx, 1.0, 0.0, 0.0,                             BFy, 0.0, -0.8298790332589372, 0.5579433574810371, BFz, 0.0, -0.5579433574810366, -0.8298790332589382
Time, 0.162, Pos_X, -0.002575507466993399, Pos_Y, 0.0021697633987457147, Pos_Z, -0.019662874755263193, BFx, 1.0, 0.0, 0.0,                             BFy, 0.0, -0.8239558550292587, 0.5666539940413408, BFz, 0.0, -0.5666539940413402, -0.8239558550292598
Time, 0.164, Pos_X, -0.0026556107166705993, Pos_Y, 0.0023000888165911207, Pos_Z, -0.02013994626127859, BFx, 1.0, 0.0, 0.0,                             BFy, 0.0, -0.8179053336101468, 0.5753528180621653, BFz, 0.0, -0.5753528180621649, -0.817905333610148
Time, 0.166, Pos_X, -0.0027388072155477994, Pos_Y, 0.002433648041106541, Pos_Z, -0.020621319925694923, BFx, 1.0, 0.0, 0.0,                             BFy, 0.0, -0.8117222395043568, 0.5840436677972223, BFz, 0.0, -0.5840436677972218, -0.8117222395043582
Time, 0.168, Pos_X, -0.0028251124145049996, Pos_Y, 0.002570622683778613, Pos_Z, -0.02110707450350517, BFx, 1.0, 0.0, 0.0,                             BFy, 0.0, -0.8054009408782626, 0.592730397763106, BFz, 0.0, -0.5927303977631055, -0.805400940878264
Time, 0.17, Pos_X, -0.0029145382686621996, Pos_Y, 0.0027112021306848135, Pos_Z, -0.021597280355223444, BFx, 1.0, 0.0, 0.0,                             BFy, 0.0, -0.798935544390698, 0.6014166574922412, BFz, 0.0, -0.6014166574922407, -0.7989355443906995
Time, 0.172, Pos_X, -0.0030070936046193986, Pos_Y, 0.002855582955716876, Pos_Z, -0.02209199792359405, BFx, 1.0, 0.0, 0.0,                             BFy, 0.0, -0.7923200714500999, 0.6101056501765159, BFz, 0.0, -0.6101056501765154, -0.7923200714501012
Time, 0.174, Pos_X, -0.0031027843766565986, Pos_Y, 0.0030039685209633854, Pos_Z, -0.022591276643831884, BFx, 1.0, 0.0, 0.0,                             BFy, 0.0, -0.7855485147404012, 0.6188000735206406, BFz, 0.0, -0.61880007352064, -0.7855485147404025
Time, 0.176, Pos_X, -0.0032016140949737986, Pos_Y, 0.0031565686835204653, Pos_Z, -0.02309515372957613, BFx, 1.0, 0.0, 0.0,                             BFy, 0.0, -0.7786149700400037, 0.627501974841199, BFz, 0.0, -0.6275019748411984, -0.778614970040005
Time, 0.178, Pos_X, -0.0033035841156909985, Pos_Y, 0.0033135996671787246, Pos_Z, -0.02360365282525724, BFx, 1.0, 0.0, 0.0,                             BFy, 0.0, -0.771513782033195, 0.6362126092218198, BFz, 0.0, -0.6362126092218192, -0.7715137820331963
Time, 0.18, Pos_X, -0.0034086935128081986, Pos_Y, 0.0034752840536676427, Pos_Z, -0.024116783331278757, BFx, 1.0, 0.0, 0.0,                             BFy, 0.0, -0.7642394898550848, 0.644932556277042, BFz, 0.0, -0.6449325562770416, -0.764239489855086
Time, 0.182, Pos_X, -0.003516939223245399, Pos_Y, 0.003641851303146708, Pos_Z, -0.024634539830729756, BFx, 1.0, 0.0, 0.0,                             BFy, 0.0, -0.7567869380516461, 0.6536616329527182, BFz, 0.0, -0.6536616329527177, -0.7567869380516473
Time, 0.184, Pos_X, -0.003628316080002599, Pos_Y, 0.0038135383567300066, Pos_Z, -0.025156901350248898, BFx, 1.0, 0.0, 0.0,                             BFy, 0.0, -0.7491513119381467, 0.6623989068690814, BFz, 0.0, -0.6623989068690809, -0.7491513119381479
Time, 0.186, Pos_X, -0.0037428166235597992, Pos_Y, 0.003990590054477982, Pos_Z, -0.02568383130740634, BFx, 1.0, 0.0, 0.0,                             BFy, 0.0, -0.7413281618405718, 0.6711427243605338, BFz, 0.0, -0.6711427243605331, -0.741328161840573
Time, 0.188, Pos_X, -0.0038604312194169994, Pos_Y, 0.004173259269605652, Pos_Z, -0.026215277549671304, BFx, 1.0, 0.0, 0.0,                             BFy, 0.0, -0.7333134477879092, 0.6798907171696126, BFz, 0.0, -0.6798907171696118, -0.7333134477879105
Time, 0.19, Pos_X, -0.003981147793774199, Pos_Y, 0.004361807316698273, Pos_Z, -0.026751172060948836, BFx, 1.0, 0.0, 0.0,                             BFy, 0.0, -0.7251035647733924, 0.6886398335508336, BFz, 0.0, -0.6886398335508328, -0.7251035647733939
Time, 0.192, Pos_X, -0.004104951589731399, Pos_Y, 0.004556504384897859, Pos_Z, -0.027291431256235937, BFx, 1.0, 0.0, 0.0,                             BFy, 0.0, -0.7166953253631151, 0.697386414122515, BFz, 0.0, -0.6973864141225142, -0.7166953253631165
Time, 0.194, Pos_X, -0.004231825092088599, Pos_Y, 0.0047576299437288635, Pos_Z, -0.027835955944002646, BFx, 1.0, 0.0, 0.0,                             BFy, 0.0, -0.708086000103994, 0.7061262043407877, BFz, 0.0, -0.706126204340787, -0.7080860001039954
Time, 0.196, Pos_X, -0.004361747822325799, Pos_Y, 0.0049654729389769555, Pos_Z, -0.02838463126701769, BFx, 1.0, 0.0, 0.0,                             BFy, 0.0, -0.699273314609556, 0.7148544127827472, BFz, 0.0, -0.7148544127827466, -0.6992733146095572
Time, 0.198, Pos_X, -0.0044946967666429985, Pos_Y, 0.005180331536845185, Pos_Z, -0.028937327417828108, BFx, 1.0, 0.0, 0.0,                             BFy, 0.0, -0.6902554081436447, 0.7235658031778808, BFz, 0.0, -0.7235658031778802, -0.690255408143646
Time, 0.2, Pos_X, -0.0046306468131601984, Pos_Y, 0.00540251250975321, Pos_Z, -0.029493899980437964, BFx, 1.0, 0.0, 0.0,                             BFy, 0.0, -0.6810307879340988, 0.7322547820846664, BFz, 0.0, -0.7322547820846658, -0.6810307879341
Time, 0.202, Pos_X, -0.004769571011797398, Pos_Y, 0.005632330245080618, Pos_Z, -0.03005419009131334, BFx, 1.0, 0.0, 0.0,                             BFy, 0.0, -0.6715982138886013, 0.7409155411392329, BFz, 0.0, -0.7409155411392322, -0.6715982138886025
Time, 0.204, Pos_X, -0.004911440869154597, Pos_Y, 0.0058701060213043, Pos_Z, -0.030618024900284778, BFx, 1.0, 0.0, 0.0,                             BFy, 0.0, -0.6619566397495468, 0.749542131632032, BFz, 0.0, -0.7495421316320313, -0.6619566397495481
Time, 0.206, Pos_X, -0.005056226574431797, Pos_Y, 0.006116166972188217, Pos_Z, -0.03118521810386711, BFx, 1.0, 0.0, 0.0,                             BFy, 0.0, -0.6521052538152785, 0.7581284442273045, BFz, 0.0, -0.7581284442273039, -0.6521052538152796
Time, 0.208, Pos_X, -0.005203897763828997, Pos_Y, 0.006370844510505463, Pos_Z, -0.031755570429454115, BFx, 1.0, 0.0, 0.0,                             BFy, 0.0, -0.6420434375423346, 0.7666682622287325, BFz, 0.0, -0.766668262228732, -0.6420434375423355
Time, 0.21, Pos_X, -0.0053544245891261975, Pos_Y, 0.006634472448216773, Pos_Z, -0.03232887025073968, BFx, 1.0, 0.0, 0.0,                             BFy, 0.0, -0.6317709023937552, 0.7751551631051571, BFz, 0.0, -0.7751551631051566, -0.6317709023937559
Time, 0.212, Pos_X, -0.005507778371323398, Pos_Y, 0.006907384943684558, Pos_Z, -0.03290489443174928, BFx, 1.0, 0.0, 0.0,                             BFy, 0.0, -0.621287748012323, 0.7835824999129182, BFz, 0.0, -0.7835824999129178, -0.6212877480123237
Time, 0.214, Pos_X, -0.005663932333640598, Pos_Y, 0.007189913941750346, Pos_Z, -0.03348340920075597, BFx, 1.0, 0.0, 0.0,                             BFy, 0.0, -0.6105944767803666, 0.7919434228057665, BFz, 0.0, -0.791943422805766, -0.6105944767803672
Time, 0.216, Pos_X, -0.0058228618534777975, Pos_Y, 0.007482386598838842, Pos_Z, -0.03406417047700018, BFx, 1.0, 0.0, 0.0,                             BFy, 0.0, -0.599692166738329, 0.8002307824325995, BFz, 0.0, -0.8002307824325992, -0.5996921667383296
Time, 0.218, Pos_X, -0.005984544824914998, Pos_Y, 0.007785123334740273, Pos_Z, -0.034646923926086384, BFx, 1.0, 0.0, 0.0,                             BFy, 0.0, -0.5885825178214321, 0.8084371464220245, BFz, 0.0, -0.8084371464220241, -0.5885825178214328
Time, 0.22, Pos_X, -0.006148962544012198, Pos_Y, 0.008098435350857922, Pos_Z, -0.03523140531949985, BFx, 1.0, 0.0, 0.0,                             BFy, 0.0, -0.5772678148246497, 0.8165548787237609, BFz, 0.0, -0.8165548787237608, -0.5772678148246504
Time, 0.222, Pos_X, -0.006316100601769398, Pos_Y, 0.008422621544113789, Pos_Z, -0.03581734153811399, BFx, 1.0, 0.0, 0.0,                             BFy, 0.0, -0.5657509653982722, 0.824576160915973, BFz, 0.0, -0.8245761609159729, -0.5657509653982729
Time, 0.224, Pos_X, -0.006485949519926598, Pos_Y, 0.008757965805751597, Pos_Z, -0.03640445128820326, BFx, 1.0, 0.0, 0.0,                             BFy, 0.0, -0.5540354750898461, 0.8324930584347057, BFz, 0.0, -0.8324930584347056, -0.554035475089847
Time, 0.226, Pos_X, -0.006658505234683798, Pos_Y, 0.009104734690201299, Pos_Z, -0.03699244548110664, BFx, 1.0, 0.0, 0.0,                             BFy, 0.0, -0.5421252966397658, 0.8402976631784999, BFz, 0.0, -0.8402976631784995, -0.5421252966397668
Time, 0.228, Pos_X, -0.006833769322840998, Pos_Y, 0.009463175386255978, Pos_Z, -0.0375810276502106, BFx, 1.0, 0.0, 0.0,                             BFy, 0.0, -0.5300248021542562, 0.8479821396122346, BFz, 0.0, -0.8479821396122341, -0.5300248021542572
Time, 0.23, Pos_X, -0.0070117486825981975, Pos_Y, 0.00983351409898178, Pos_Z, -0.03816989410763609, BFx, 1.0, 0.0, 0.0,                             BFy, 0.0, -0.517738782687324, 0.8555387500875983, BFz, 0.0, -0.8555387500875978, -0.5177387826873249
Time, 0.232, Pos_X, -0.007192455550955398, Pos_Y, 0.010215954165498236, Pos_Z, -0.03875873444401631, BFx, 1.0, 0.0, 0.0,                             BFy, 0.0, -0.5052722607033237, 0.8629599889703778, BFz, 0.0, -0.8629599889703772, -0.5052722607033245
Time, 0.234, Pos_X, -0.007375907516012598, Pos_Y, 0.010610674270065582, Pos_Z, -0.03934723198599013, BFx, 1.0, 0.0, 0.0,                             BFy, 0.0, -0.49263061716815804, 0.8702385161715848, BFz, 0.0, -0.8702385161715841, -0.4926306171681589
Time, 0.236, Pos_X, -0.007562126946309796, Pos_Y, 0.011017827134257622, Pos_Z, -0.03993506416157076, BFx, 1.0, 0.0, 0.0,                             BFy, 0.0, -0.4798194872089348, 0.877367231947123, BFz, 0.0, -0.8773672319471223, -0.4798194872089357
Time, 0.238, Pos_X, -0.007751140627226996, Pos_Y, 0.011437538333665334, Pos_Z, -0.04052190286294063, BFx, 1.0, 0.0, 0.0,                             BFy, 0.0, -0.4668448064879154, 0.8843392599309741, BFz, 0.0, -0.8843392599309735, -0.46684480648791626
Time, 0.24, Pos_X, -0.007942979714704196, Pos_Y, 0.01186990544738407, Pos_Z, -0.04110741489165624, BFx, 1.0, 0.0, 0.0,                             BFy, 0.0, -0.4537128433473395, 0.8911479427018134, BFz, 0.0, -0.8911479427018127, -0.4537128433473404
Time, 0.242, Pos_X, -0.008137678506061397, Pos_Y, 0.012314998035314476, Pos_Z, -0.04169126175166492, BFx, 1.0, 0.0, 0.0,                             BFy, 0.0, -0.4404301984606013, 0.8977868568229083, BFz, 0.0, -0.8977868568229076, -0.4404301984606022
Time, 0.244, Pos_X, -0.008335272776118596, Pos_Y, 0.012772857928486935, Pos_Z, -0.04227309941745618, BFx, 1.0, 0.0, 0.0,                             BFy, 0.0, -0.42700378155769153, 0.9042498385598048, BFz, 0.0, -0.9042498385598042, -0.42700378155769253
Time, 0.246, Pos_X, -0.008535799063075796, Pos_Y, 0.013243499582046627, Pos_Z, -0.042852578815998556, BFx, 1.0, 0.0, 0.0,                             BFy, 0.0, -0.41344073626962924, 0.9105310305491124, BFz, 0.0, -0.910531030549112, -0.41344073626963024
Time, 0.248, Pos_X, -0.008739294284632996, Pos_Y, 0.013726911216695897, Pos_Z, -0.04342934644810246, BFx, 1.0, 0.0, 0.0,                             BFy, 0.0, -0.39974832897421836, 0.9166249361010871, BFz, 0.0, -0.9166249361010866, -0.3997483289742194
Time, 0.25, Pos_X, -0.008945795305250196, Pos_Y, 0.01422305654624635, Pos_Z, -0.04400304492018111, BFx, 1.0, 0.0, 0.0,                             BFy, 0.0, -0.38593372245594926, 0.9225265101184336, BFz, 0.0, -0.922526510118433, -0.3859337224559503
Time, 0.252, Pos_X, -0.009155337719927397, Pos_Y, 0.01473187677096496, Pos_Z, -0.044573313139307215, BFx, 1.0, 0.0, 0.0,                             BFy, 0.0, -0.372003890170071, 0.9282311703979436, BFz, 0.0, -0.9282311703979429, -0.37200389017007207
Time, 0.254, Pos_X, -0.009367954685304597, Pos_Y, 0.015253292503400772, Pos_Z, -0.0451397867294152, BFx, 1.0, 0.0, 0.0,                             BFy, 0.0, -0.35796533768322614, 0.9337348751210574, BFz, 0.0, -0.9337348751210568, -0.35796533768322725
Time, 0.256, Pos_X, -0.009583676182981797, Pos_Y, 0.015787206374895852, Pos_Z, -0.04570209850595615, BFx, 1.0, 0.0, 0.0,                             BFy, 0.0, -0.34382393903920033, 0.939034130872553, BFz, 0.0, -0.9390341308725525, -0.34382393903920144
Time, 0.258, Pos_X, -0.009802528282118998, Pos_Y, 0.0163335058615185, Pos_Z, -0.04625987885457037, BFx, 1.0, 0.0, 0.0,                             BFy, 0.0, -0.3295847512436126, 0.9441259935769635, BFz, 0.0, -0.944125993576963, -0.32958475124361375
Time, 0.26, Pos_X, -0.010024532475916198, Pos_Y, 0.016892065832597322, Pos_Z, -0.04681275610217462, BFx, 1.0, 0.0, 0.0,                             BFy, 0.0, -0.31525178470205695, 0.949008067532711, BFz, 0.0, -0.9490080675327106, -0.3152517847020581
Time, 0.262, Pos_X, -0.010249705328973398, Pos_Y, 0.017462751326789577, Pos_Z, -0.04736035686954187, BFx, 1.0, 0.0, 0.0,                             BFy, 0.0, -0.30082789266191784, 0.9536784463311482, BFz, 0.0, -0.9536784463311477, -0.30082789266191906
Time, 0.264, Pos_X, -0.0104780583032906, Pos_Y, 0.018045420559192064, Pos_Z, -0.0479023064266751, BFx, 1.0, 0.0, 0.0,                             BFy, 0.0, -0.28631479559328443, 0.9581356051334168, BFz, 0.0, -0.9581356051334164, -0.2863147955932856
Time, 0.266, Pos_X, -0.0107095970818078, Pos_Y, 0.018639927731259588, Pos_Z, -0.048438228522516814, BFx, 1.0, 0.0, 0.0,                             BFy, 0.0, -0.27171311401428033, 0.9623782955120432, BFz, 0.0, -0.9623782955120429, -0.27171311401428155
Time, 0.268, Pos_X, -0.010944321528665, Pos_Y, 0.019246125484491346, Pos_Z, -0.048967745565043574, BFx, 1.0, 0.0, 0.0,                             BFy, 0.0, -0.2570226462273485, 0.9664053804311598, BFz, 0.0, -0.9664053804311593, -0.2570226462273497
Time, 0.27, Pos_X, -0.011182226214362202, Pos_Y, 0.019863867502030785, Pos_Z, -0.04949047912530708, BFx, 1.0, 0.0, 0.0,                             BFy, 0.0, -0.24224232803266751, 0.9702157772935445, BFz, 0.0, -0.970215777293544, -0.24224232803266874
Time, 0.272, Pos_X, -0.011423300643159402, Pos_Y, 0.020493011417041913, Pos_Z, -0.050006050021536796, BFx, 1.0, 0.0, 0.0,                             BFy, 0.0, -0.22737043304331409, 0.9738083416040854, BFz, 0.0, -0.973808341604085, -0.22737043304331528
Time, 0.274, Pos_X, -0.011667530004616601, Pos_Y, 0.021133421823614024, Pos_Z, -0.05051407849086055, BFx, 1.0, 0.0, 0.0,                             BFy, 0.0, -0.21240477976645214, 0.9771817689316397, BFz, 0.0, -0.9771817689316394, -0.21240477976645342
Time, 0.276, Pos_X, -0.011914895880533802, Pos_Y, 0.02178497292272075, Pos_Z, -0.05101418416004986, BFx, 1.0, 0.0, 0.0,                             BFy, 0.0, -0.19734297390790828, 0.9803345095676201, BFz, 0.0, -0.9803345095676199, -0.19734297390790953
Time, 0.278, Pos_X, -0.012165377100531002, Pos_Y, 0.02244755087415377, Pos_Z, -0.051505986026719075, BFx, 1.0, 0.0, 0.0,                             BFy, 0.0, -0.18218262833215598, 0.9832647100013256, BFz, 0.0, -0.9832647100013253, -0.18218262833215723
Time, 0.28, Pos_X, -0.012418951143008202, Pos_Y, 0.023121055534766483, Pos_Z, -0.051989102347742774, BFx, 1.0, 0.0, 0.0,                             BFy, 0.0, -0.16692159334745632, 0.9859701728117084, BFz, 0.0, -0.985970172811708, -0.16692159334745754
Time, 0.282, Pos_X, -0.012675595231485395, Pos_Y, 0.02380540157779402, Pos_Z, -0.0524631501129066, BFx, 1.0, 0.0, 0.0,                             BFy, 0.0, -0.15155816974897923, 0.9884483401687431, BFz, 0.0, -0.9884483401687428, -0.15155816974898045
Time, 0.284, Pos_X, -0.012935287508762595, Pos_Y, 0.024500518997438273, Pos_Z, -0.05292774464050743, BFx, 1.0, 0.0, 0.0,                             BFy, 0.0, -0.13609117485389957, 0.9906963168029288, BFz, 0.0, -0.9906963168029285, -0.1360911748539008
Time, 0.286, Pos_X, -0.013198008148039795, Pos_Y, 0.025206353423857086, Pos_Z, -0.053382499278793634, BFx, 1.0, 0.0, 0.0,                             BFy, 0.0, -0.12052007344833042, 0.9927108903885425, BFz, 0.0, -0.9927108903885423, -0.12052007344833165
Time, 0.288, Pos_X, -0.013463740596316994, Pos_Y, 0.02592286619154282, Pos_Z, -0.05382702488987189, BFx, 1.0, 0.0, 0.0,                             BFy, 0.0, -0.1048449796735191, 0.9944885772281468, BFz, 0.0, -0.9944885772281465, -0.10484497967352034
Time, 0.29, Pos_X, -0.013732472627274193, Pos_Y, 0.02665003375468948, Pos_Z, -0.05426092925249208, BFx, 1.0, 0.0, 0.0,                             BFy, 0.0, -0.08906643699569487, 0.9960256873198083, BFz, 0.0, -0.9960256873198082, -0.08906643699569612
Time, 0.292, Pos_X, -0.014004197205911393, Pos_Y, 0.027387847438873934, Pos_Z, -0.0546838167443356, BFx, 1.0, 0.0, 0.0,                             BFy, 0.0, -0.0731852447430386, 0.9973183643911837, BFz, 0.0, -0.9973183643911836, -0.07318524474303985
Time, 0.294, Pos_X, -0.014278913866248594, Pos_Y, 0.028136313276877892, Pos_Z, -0.05509528788069095, BFx, 1.0, 0.0, 0.0,                             BFy, 0.0, -0.057202368675085886, 0.9983626039761125, BFz, 0.0, -0.9983626039761124, -0.05720236867508715
Time, 0.296, Pos_X, -0.014556630041765795, Pos_Y, 0.028895450935664823, Pos_Z, -0.055494938736864514, BFx, 1.0, 0.0, 0.0,                             BFy, 0.0, -0.04111863545511931, 0.9991542712806235, BFz, 0.0, -0.9991542712806234, -0.041118635455120574
Time, 0.298, Pos_X, -0.014837361725962995, Pos_Y, 0.029665292590976097, Pos_Z, -0.055882360385242004, BFx, 1.0, 0.0, 0.0,                             BFy, 0.0, -0.0249346126052314, 0.9996890842128026, BFz, 0.0, -0.9996890842128024, -0.024934612605232657
Time, 0.3, Pos_X, -0.015121134255460194, Pos_Y, 0.03044588158660479, Pos_Z, -0.0562571385333999, BFx, 1.0, 0.0, 0.0,                             BFy, 0.0, -0.008650630418571623, 0.9999625825966522, BFz, 0.0, -0.9999625825966522, -0.008650630418572882
Time, 0.302, Pos_X, -0.015407982915937394, Pos_Y, 0.0312372703306142, Pos_Z, -0.05661885303699299, BFx, 1.0, 0.0, 0.0,                             BFy, 0.0, 0.007733238804572627, 0.9999700980617354, BFz, 0.0, -0.9999700980617352, 0.007733238804571366
Time, 0.304, Pos_X, -0.015697953118034593, Pos_Y, 0.03203951797667405, Pos_Z, -0.0569670773006794, BFx, 1.0, 0.0, 0.0,                             BFy, 0.0, 0.0242168206500413, 0.9997067297950981, BFz, 0.0, -0.999706729795098, 0.024216820650040032
Time, 0.306, Pos_X, -0.015991100693271792, Pos_Y, 0.03285268777853148, Pos_Z, -0.05730137815069142, BFx, 1.0, 0.0, 0.0,                             BFy, 0.0, 0.04079961916272438, 0.9991673488841508, BFz, 0.0, -0.9991673488841506, 0.040799619162723094
Time, 0.308, Pos_X, -0.01628749153456899, Pos_Y, 0.03367684436664155, Pos_Z, -0.05762131551538359, BFx, 1.0, 0.0, 0.0,                             BFy, 0.0, 0.057480494269701796, 0.9983466295723729, BFz, 0.0, -0.9983466295723724, 0.057480494269700505
Time, 0.31, Pos_X, -0.01658720105184619, Pos_Y, 0.0345120512728135, Pos_Z, -0.05792644202675042, BFx, 1.0, 0.0, 0.0,                             BFy, 0.0, 0.07425739365580057, 0.9972391084827418, BFz, 0.0, -0.9972391084827413, 0.07425739365579928
Time, 0.312, Pos_X, -0.01689031349224339, Pos_Y, 0.03535836851291184, Pos_Z, -0.05821630278593195, BFx, 1.0, 0.0, 0.0,                             BFy, 0.0, 0.09112698456325628, 0.9958392805490324, BFz, 0.0, -0.9958392805490319, 0.09112698456325499
Time, 0.314, Pos_X, -0.01719692117478059, Pos_Y, 0.03621584994920072, Pos_Z, -0.058490435371851626, BFx, 1.0, 0.0, 0.0,                             BFy, 0.0, 0.10808444495126734, 0.9941417166378157, BFz, 0.0, -0.9941417166378153, 0.10808444495126604
