Time, 0, Pos_X, 0.0, Pos_Y, 0.0, Pos_Z, 0.0, BFx, 1, 0, 0,                         BFy, 0, -1, 0, BFz, 0, 0, -1
Time, 0.0, Pos_X, 0.0, Pos_Y, 0.0, Pos_Z, 0.0, BFx, 1.0, 0.0, 0.0,                             BFy, 0.0, -1.0, 0.0, BFz, 0.0, 0.0, -1.0
Time, 0.002, Pos_X, -5.991026e-07, Pos_Y, -1.2547465552052887e-07, Pos_Z, -9.693196345093582e-07, BFx, 1.0, 0.0, 0.0,                             BFy, 0.0, -0.9999971938217875, 0.002369039584015091, BFz, 0.0, -0.002369039584015091, -0.9999971938217875
Time, 0.004, Pos_X, -2.36362566e-06, Pos_Y, -4.708441996979852e-07, Pos_Z, -3.920449658514084e-06, BFx, 1.0, 0.0, 0.0,                             BFy, 0.0, -0.999988611377662, 0.004772537582374759, BFz, 0.0, -0.004772537582374759, -0.999988611377662
Time, 0.006, Pos_X, -5.222927619999999e-06, Pos_Y, -9.709804613704281e-07, Pos_Z, -8.937043330544925e-06, BFx, 1.0, 0.0, 0.0,                             BFy, 0.0, -0.9999739900339076, 0.007212437567597221, BFz, 0.0, -0.0072124375675972205, -0.9999739900339077
Time, 0.008, Pos_X, -9.09545952e-06, Pos_Y, -1.5545731582671709e-06, Pos_Z, -1.6094347207725623e-05, BFx, 1.0, 0.0, 0.0,                             BFy, 0.0, -0.9999530484457902, 0.009690247879752178, BFz, 0.0, -0.009690247879752178, -0.9999530484457904
Time, 0.01, Pos_X, -1.38871635e-05, Pos_Y, -2.1441768603047507e-06, Pos_Z, -2.545510620049039e-05, BFx, 1.0, 0.0, 0.0,                             BFy, 0.0, -0.999925492428947, 0.01220694846093773, BFz, 0.0, -0.012206948460937728, -0.9999254924289471
Time, 0.012, Pos_X, -1.949029432e-05, Pos_Y, -2.6569348127045446e-06, Pos_Z, -3.70688155004236e-05, BFx, 1.0, 0.0, 0.0,                             BFy, 0.0, -0.999891024852084, 0.014762737559453698, BFz, 0.0, -0.014762737559453698, -0.999891024852084
Time, 0.014, Pos_X, -2.578247542e-05, Pos_Y, -3.004903426486674e-06, Pos_Z, -5.097210701039775e-05, BFx, 1.0, 0.0, 0.0,                             BFy, 0.0, -0.9998493589846944, 0.017356823957618995, BFz, 0.0, -0.017356823957618995, -0.9998493589846944
Time, 0.016, Pos_X, -3.262553984e-05, Pos_Y, -3.094156369208972e-06, Pos_Z, -6.718823154646173e-05, BFx, 1.0, 0.0, 0.0,                             BFy, 0.0, -0.9998002348350528, 0.019987256534442898, BFz, 0.0, -0.01998725653444289, -0.9998002348350528
Time, 0.018, Pos_X, -3.9864171499999996e-05, Pos_Y, -2.8243456992725723e-06, Pos_Z, -8.572477292368807e-05, BFx, 1.0, 0.0, 0.0,                             BFy, 0.0, -0.9997434357984277, 0.022650884705795155, BFz, 0.0, -0.022650884705795148, -0.9997434357984277
Time, 0.02, Pos_X, -4.732195922e-05, Pos_Y, -2.0891354507286547e-06, Pos_Z, -0.0001065691208828823, BFx, 1.0, 0.0, 0.0,                             BFy, 0.0, -0.9996788070370225, 0.025343298148338807, BFz, 0.0, -0.0253432981483388, -0.9996788070370225
Time, 0.022, Pos_X, -5.4801135946e-05, Pos_Y, -7.793195417612926e-07, Pos_Z, -0.0001296829068477919, BFx, 1.0, 0.0, 0.0,                             BFy, 0.0, -0.9996062702167562, 0.028058947652138243, BFz, 0.0, -0.02805894765213824, -0.9996062702167562
Time, 0.024, Pos_X, -6.2085467378e-05, Pos_Y, 1.2136402670148146e-06, Pos_Z, -0.00015499914965206538, BFx, 1.0, 0.0, 0.0,                             BFy, 0.0, -0.999525828651294, 0.030791522517476272, BFz, 0.0, -0.03079152251747627, -0.999525828651294
Time, 0.026, Pos_X, -6.893962449e-05, Pos_Y, 3.997293734882536e-06, Pos_Z, -0.00018242185151215679, BFx, 1.0, 0.0, 0.0,                             BFy, 0.0, -0.9994375732763408, 0.03353411879711831, BFz, 0.0, -0.033534118797118304, -0.9994375732763408
Time, 0.028, Pos_X, -7.5108021702e-05, Pos_Y, 7.677976619073465e-06, Pos_Z, -0.00021182438805548455, BFx, 1.0, 0.0, 0.0,                             BFy, 0.0, -0.9993416304407177, 0.03628092705662465, BFz, 0.0, -0.03628092705662463, -0.9993416304407177
Time, 0.03, Pos_X, -8.0314547634e-05, Pos_Y, 1.2358749603982286e-05, Pos_Z, -0.000243046939627961, BFx, 1.0, 0.0, 0.0,                             BFy, 0.0, -0.9992382706449906, 0.039024075625295154, BFz, 0.0, -0.03902407562529514, -0.9992382706449906
Time, 0.032, Pos_X, -8.4263214986e-05, Pos_Y, 1.8136842940673365e-05, Pos_Z, -0.0002758943027658137, BFx, 1.0, 0.0, 0.0,                             BFy, 0.0, -0.9991278221202292, 0.0417563775402948, BFz, 0.0, -0.041756377540294785, -0.9991278221202292
Time, 0.034, Pos_X, -8.6639135818e-05, Pos_Y, 2.5100723733224907e-05, Pos_Z, -0.00031013373072034825, BFx, 1.0, 0.0, 0.0,                             BFy, 0.0, -0.9990106617822843, 0.044471312610741415, BFz, 0.0, -0.044471312610741394, -0.9990106617822844
Time, 0.036, Pos_X, -8.710989531e-05, Pos_Y, 3.332681483349465e-05, Pos_Z, -0.0003454933861749783, BFx, 1.0, 0.0, 0.0,                             BFy, 0.0, -0.9988872028942544, 0.04716307765713151, BFz, 0.0, -0.04716307765713147, -0.9988872028942544
Time, 0.038, Pos_X, -8.5327514522e-05, Pos_Y, 4.287650698323468e-05, Pos_Z, -0.0003816619051765389, BFx, 1.0, 0.0, 0.0,                             BFy, 0.0, -0.998757882134566, 0.04982662816282184, BFz, 0.0, -0.0498266281628218, -0.998757882134566
Time, 0.04, Pos_X, -8.0930384734e-05, Pos_Y, 5.379332317864139e-05, Pos_Z, -0.00041828832301650157, BFx, 1.0, 0.0, 0.0,                             BFy, 0.0, -0.9986231526482507, 0.05245759234722902, BFz, 0.0, -0.05245759234722899, -0.9986231526482507
Time, 0.042, Pos_X, -7.354499494599999e-05, Pos_Y, 6.610052104492942e-05, Pos_Z, -0.00045498238166340497, BFx, 1.0, 0.0, 0.0,                             BFy, 0.0, -0.9984834789953407, 0.055052176826720624, BFz, 0.0, -0.055052176826720596, -0.9984834789953407
Time, 0.044, Pos_X, -6.278832927800002e-05, Pos_Y, 7.979890677762419e-05, Pos_Z, -0.0004913163171299785, BFx, 1.0, 0.0, 0.0,                             BFy, 0.0, -0.998339345066953, 0.05760687538208109, BFz, 0.0, -0.05760687538208106, -0.998339345066953
Time, 0.046, Pos_X, -4.8270683930000006e-05, Pos_Y, 9.486500341118242e-05, Pos_Z, -0.0005268277302081781, BFx, 1.0, 0.0, 0.0,                             BFy, 0.0, -0.9981912583054096, 0.060118315367802, BFz, 0.0, -0.060118315367801975, -0.9981912583054096
Time, 0.048, Pos_X, -2.9598950581999993e-05, Pos_Y, 0.00011124963985331605, Pos_Z, -0.0005610226099557693, BFx, 1.0, 0.0, 0.0,                             BFy, 0.0, -0.9980397460757746, 0.0625832665574623, BFz, 0.0, -0.06258326655746227, -0.9980397460757747
Time, 0.05, Pos_X, -6.380010833999967e-06, Pos_Y, 0.00012887698979896202, Pos_Z, -0.0005933789699376118, BFx, 1.0, 0.0, 0.0,                             BFy, 0.0, -0.9978853937847688, 0.06499800666956017, BFz, 0.0, -0.06499800666956014, -0.9978853937847689
Time, 0.052, Pos_X, 2.1776374113999958e-05, Pos_Y, 0.00014764419183394115, Pos_Z, -0.000623350874970338, BFx, 1.0, 0.0, 0.0,                             BFy, 0.0, -0.9977288743230195, 0.06735794936100414, BFz, 0.0, -0.06735794936100413, -0.9977288743230196
Time, 0.054, Pos_X, 5.5254024261999985e-05, Pos_Y, 0.00016742167931274522, Pos_Z, -0.0006503731450193123, BFx, 1.0, 0.0, 0.0,                             BFy, 0.0, -0.9975709061181537, 0.06965836106746301, BFz, 0.0, -0.069658361067463, -0.9975709061181539
Time, 0.056, Pos_X, 9.442944221000002e-05, Pos_Y, 0.00018805465689711618, Pos_Z, -0.0006738653166082757, BFx, 1.0, 0.0, 0.0,                             BFy, 0.0, -0.9974122675372714, 0.07189414834433878, BFz, 0.0, -0.07189414834433876, -0.9974122675372716
Time, 0.058, Pos_X, 0.00013966748795800007, Pos_Y, 0.00020936447725024328, Pos_Z, -0.0006932388149890015, BFx, 1.0, 0.0, 0.0,                             BFy, 0.0, -0.9972538232085739, 0.07405951725390746, BFz, 0.0, -0.07405951725390743, -0.9972538232085741
Time, 0.06, Pos_X, 0.00019131412830599993, Pos_Y, 0.00023115038616430868, Pos_Z, -0.0007079062450144226, BFx, 1.0, 0.0, 0.0,                             BFy, 0.0, -0.9970965512431872, 0.0761476690315692, BFz, 0.0, -0.07614766903156917, -0.9970965512431875
Time, 0.062, Pos_X, 0.00024969247285399997, Pos_Y, 0.0002531930562790738, Pos_Z, -0.0007172885914747859, BFx, 1.0, 0.0, 0.0,                             BFy, 0.0, -0.9969415361567063, 0.0781509659921475, BFz, 0.0, -0.07815096599214746, -0.9969415361567067
Time, 0.064, Pos_X, 0.000315099033202, Pos_Y, 0.0002752585835796308, Pos_Z, -0.0007208228325174921, BFx, 1.0, 0.0, 0.0,                             BFy, 0.0, -0.996789967202504, 0.08006098478304068, BFz, 0.0, -0.0800609847830406, -0.9967899672025045
Time, 0.066, Pos_X, 0.0003878004239500001, Pos_Y, 0.0002971028486792947, Pos_Z, -0.0007179695906015051, BFx, 1.0, 0.0, 0.0,                             BFy, 0.0, -0.9966431172133225, 0.08186877861132805, BFz, 0.0, -0.08186877861132798, -0.9966431172133229
Time, 0.068, Pos_X, 0.00046802931829800017, Pos_Y, 0.00031847569907496553, Pos_Z, -0.0007082206225765834, BFx, 1.0, 0.0, 0.0,                             BFy, 0.0, -0.9965023189740871, 0.08356511400857554, BFz, 0.0, -0.08356511400857546, -0.9965023189740875
Time, 0.07, Pos_X, 0.0005559813048460003, Pos_Y, 0.0003391258235726134, Pos_Z, -0.0006911066173571786, BFx, 1.0, 0.0, 0.0,                             BFy, 0.0, -0.9963689222638856, 0.08514088763163485, BFz, 0.0, -0.08514088763163478, -0.9963689222638858
Time, 0.072, Pos_X, 0.0006518127165939997, Pos_Y, 0.0003588065870760182, Pos_Z, -0.0006662044295783893, BFx, 1.0, 0.0, 0.0,                             BFy, 0.0, -0.9962442520225634, 0.08658747202686491, BFz, 0.0, -0.08658747202686484, -0.9962442520225634
Time, 0.074, Pos_X, 0.0007556369643419998, Pos_Y, 0.0003772805815333074, Pos_Z, -0.0006331426987076972, BFx, 1.0, 0.0, 0.0,                             BFy, 0.0, -0.9961295399234675, 0.08789732471390059, BFz, 0.0, -0.08789732471390051, -0.9961295399234675
Time, 0.076, Pos_X, 0.0008675212706899998, Pos_Y, 0.00039432350550423176, Pos_Z, -0.0005916072528849548, BFx, 1.0, 0.0, 0.0,                             BFy, 0.0, -0.9960258583624817, 0.08906452421296396, BFz, 0.0, -0.08906452421296387, -0.9960258583624818
Time, 0.078, Pos_X, 0.0009874848522379999, Pos_Y, 0.0004097286310320259, Pos_Z, -0.0005413468029243464, BFx, 1.0, 0.0, 0.0,                             BFy, 0.0, -0.9959340699248819, 0.09008511732167845, BFz, 0.0, -0.09008511732167838, -0.995934069924882
Time, 0.08, Pos_X, 0.001115496753986, Pos_Y, 0.00042331009971142476, Pos_Z, -0.0004821771974363722, BFx, 1.0, 0.0, 0.0,                             BFy, 0.0, -0.9958547568719042, 0.09095770014463272, BFz, 0.0, -0.09095770014463264, -0.9958547568719043
Time, 0.082, Pos_X, 0.0012514743087340002, Pos_Y, 0.0004349051676588514, Pos_Z, -0.0004139832490881261, BFx, 1.0, 0.0, 0.0,                             BFy, 0.0, -0.9957881865213087, 0.09168362768021003, BFz, 0.0, -0.09168362768020996, -0.9957881865213088
Time, 0.084, Pos_X, 0.0013952831254820004, Pos_Y, 0.000444376417853383, Pos_Z, -0.00033671988046636315, BFx, 1.0, 0.0, 0.0,                             BFy, 0.0, -0.9957342776262327, 0.09226726591898657, BFz, 0.0, -0.0922672659189865, -0.9957342776262328
Time, 0.086, Pos_X, 0.0015467371164299994, Pos_Y, 0.0004516132742880101, Pos_Z, -0.0002504127575668955, BFx, 1.0, 0.0, 0.0,                             BFy, 0.0, -0.9956926045508928, 0.092715895307438, BFz, 0.0, -0.09271589530743793, -0.9956926045508928
Time, 0.088, Pos_X, 0.0017055984099779995, Pos_Y, 0.00045653263312181485, Pos_Z, -0.00015515754704306322, BFx, 1.0, 0.0, 0.0,                             BFy, 0.0, -0.9956624251712229, 0.0930394276753633, BFz, 0.0, -0.09303942767536325, -0.9956624251712229
Time, 0.09, Pos_X, 0.0018715787899259997, Pos_Y, 0.0004590782195259003, Pos_Z, -5.111808740467335e-05, BFx, 1.0, 0.0, 0.0,                             BFy, 0.0, -0.9956427321935718, 0.09324993206495998, BFz, 0.0, -0.09324993206495992, -0.9956427321935718
Time, 0.092, Pos_X, 0.002044341926474, Pos_Y, 0.0004592192210084061, Pos_Z, 6.147663138867334e-05, BFx, 1.0, 0.0, 0.0,                             BFy, 0.0, -0.9956323214912788, 0.09336102185541448, BFz, 0.0, -0.09336102185541442, -0.9956323214912789
Time, 0.094, Pos_X, 0.002223508065022, Pos_Y, 0.0004569404543841262, Pos_Z, 0.0001823313060808538, BFx, 1.0, 0.0, 0.0,                             BFy, 0.0, -0.9956298555659101, 0.0933873155509079, BFz, 0.0, -0.09338731555090785, -0.9956298555659103
Time, 0.096, Pos_X, 0.00240865503637, Pos_Y, 0.00045224563095618936, Pos_Z, 0.000311094284302069, BFx, 1.0, 0.0, 0.0,                             BFy, 0.0, -0.9956339314223454, 0.0933438514337431, BFz, 0.0, -0.09334385143374305, -0.9956339314223455
Time, 0.098, Pos_X, 0.0025993197429180002, Pos_Y, 0.00044516197636470416, Pos_Z, 0.0004473692126666973, BFx, 1.0, 0.0, 0.0,                             BFy, 0.0, -0.995643146625005, 0.09324550701593935, BFz, 0.0, -0.09324550701593928, -0.9956431466250051
Time, 0.1, Pos_X, 0.0027950041272660005, Pos_Y, 0.0004357306241670754, Pos_Z, 0.0005907176093571852, BFx, 1.0, 0.0, 0.0,                             BFy, 0.0, -0.9956561665695827, 0.09310637986713975, BFz, 0.0, -0.0931063798671397, -0.9956561665695828
Time, 0.102, Pos_X, 0.0029951785892139995, Pos_Y, 0.0004240030845843406, Pos_Z, 0.0007406665569528947, BFx, 1.0, 0.0, 0.0,                             BFy, 0.0, -0.9956717796077197, 0.0929392666895801, BFz, 0.0, -0.09293926668958004, -0.9956717796077198
Time, 0.104, Pos_X, 0.0031992887877619995, Pos_Y, 0.00041003908573137904, Pos_Z, 0.0008967149385907512, BFx, 1.0, 0.0, 0.0,                             BFy, 0.0, -0.9956889292747904, 0.09275535628534995, BFz, 0.0, -0.09275535628534991, -0.9956889292747905
Time, 0.106, Pos_X, 0.00340676128571, Pos_Y, 0.0003939036881061903, Pos_Z, 0.0010583407052290779, BFx, 1.0, 0.0, 0.0,                             BFy, 0.0, -0.9957067247846201, 0.09256413030264916, BFz, 0.0, -0.09256413030264914, -0.9957067247846202
Time, 0.108, Pos_X, 0.003617008902938, Pos_Y, 0.0003756640336198875, Pos_Z, 0.0012250091814410534, BFx, 1.0, 0.0, 0.0,                             BFy, 0.0, -0.995724502235442, 0.09237269968980222, BFz, 0.0, -0.0923726996898022, -0.995724502235442
Time, 0.11, Pos_X, 0.003829437337286, Pos_Y, 0.0003553870082143129, Pos_Z, 0.0013961811828682325, BFx, 1.0, 0.0, 0.0,                             BFy, 0.0, -0.9957418019132498, 0.09218602889025704, BFz, 0.0, -0.09218602889025705, -0.9957418019132498
Time, 0.112, Pos_X, 0.0040434496596740005, Pos_Y, 0.0003331373024268698, Pos_Z, 0.0015713200825413628, BFx, 1.0, 0.0, 0.0,                             BFy, 0.0, -0.9957583212327558, 0.09200742195999537, BFz, 0.0, -0.09200742195999538, -0.9957583212327558
Time, 0.114, Pos_X, 0.004258451640462001, Pos_Y, 0.00030897650600264097, Pos_Z, 0.001749895931587712, BFx, 1.0, 0.0, 0.0,                             BFy, 0.0, -0.9957738827372683, 0.09183885048466832, BFz, 0.0, -0.09183885048466832, -0.9957738827372684
Time, 0.116, Pos_X, 0.004473856570074001, Pos_Y, 0.00028296252939129224, Pos_Z, 0.0019313882452279096, BFx, 1.0, 0.0, 0.0,                             BFy, 0.0, -0.9957884233178744, 0.09168105576454907, BFz, 0.0, -0.09168105576454907, -0.9957884233178744
Time, 0.118, Pos_X, 0.00468908932321, Pos_Y, 0.0002551499082755081, Pos_Z, 0.002115288088427613, BFx, 1.0, 0.0, 0.0,                             BFy, 0.0, -0.9958019791994049, 0.09153369992821539, BFz, 0.0, -0.09153369992821539, -0.995801979199405
Time, 0.12, Pos_X, 0.004903590530806, Pos_Y, 0.0002255905986426782, Pos_Z, 0.0023011016063077326, BFx, 1.0, 0.0, 0.0,                             BFy, 0.0, -0.9958146569222411, 0.09139567308598236, BFz, 0.0, -0.09139567308598233, -0.9958146569222412
Time, 0.122, Pos_X, 0.005116820788862, Pos_Y, 0.00019433504759547334, Pos_Z, 0.0024883555872263837, BFx, 1.0, 0.0, 0.0,                             BFy, 0.0, -0.9958266049756077, 0.0912653977296743, BFz, 0.0, -0.09126539772967428, -0.9958266049756079
Time, 0.124, Pos_X, 0.005328264292918001, Pos_Y, 0.00016143313761652015, Pos_Z, 0.002676602917897844, BFx, 1.0, 0.0, 0.0,                             BFy, 0.0, -0.9958380008981128, 0.09114096755713641, BFz, 0.0, -0.09114096755713638, -0.995838000898113
Time, 0.126, Pos_X, 0.005537431943574001, Pos_Y, 0.00012693512612625804, Pos_Z, 0.0028654260096008044, BFx, 1.0, 0.0, 0.0,                             BFy, 0.0, -0.9958490266650634, 0.09102041578814572, BFz, 0.0, -0.09102041578814571, -0.9958490266650636
Time, 0.128, Pos_X, 0.005743863683330001, Pos_Y, 9.089348790701599e-05, Pos_Z, 0.0030544382419124237, BFx, 1.0, 0.0, 0.0,                             BFy, 0.0, -0.9958598716624801, 0.09090168322088157, BFz, 0.0, -0.09090168322088157, -0.9958598716624802
Time, 0.13, Pos_X, 0.005947128636406001, Pos_Y, 5.336527406556336e-05, Pos_Z, 0.0032432838314044392, BFx, 1.0, 0.0, 0.0,                             BFy, 0.0, -0.9958707429975295, 0.09078250515131907, BFz, 0.0, -0.09078250515131907, -0.9958707429975298
Time, 0.132, Pos_X, 0.006146827506802001, Pos_Y, 1.4416089465044584e-05, Pos_Z, 0.0034316370673418933, BFx, 1.0, 0.0, 0.0,                             BFy, 0.0, -0.9958818777911479, 0.09066027513292686, BFz, 0.0, -0.09066027513292688, -0.9958818777911479
Time, 0.134, Pos_X, 0.0063425961527980015, Pos_Y, -2.5876816115534616e-05, Pos_Z, 0.0036192036145257034, BFx, 1.0, 0.0, 0.0,                             BFy, 0.0, -0.9958935608997634, 0.09053184720522449, BFz, 0.0, -0.0905318472052245, -0.9958935608997636
Time, 0.136, Pos_X, 0.006534105225194002, Pos_Y, -6.742485948276633e-05, Pos_Z, 0.0038057228927476094, BFx, 1.0, 0.0, 0.0,                             BFy, 0.0, -0.995906128860215, 0.09039348703674092, BFz, 0.0, -0.09039348703674095, -0.9959061288602151
Time, 0.138, Pos_X, 0.006721058848190002, Pos_Y, -0.00011012850286018971, Pos_Z, 0.003990968360094422, BFx, 1.0, 0.0, 0.0,                             BFy, 0.0, -0.9959199701510717, 0.09024086133392649, BFz, 0.0, -0.09024086133392652, -0.9959199701510719
Time, 0.14, Pos_X, 0.006903193461586002, Pos_Y, -0.00015387617519492617, Pos_Z, 0.004174746171726877, BFx, 1.0, 0.0, 0.0,                             BFy, 0.0, -0.9959355284103558, 0.09006899161190576, BFz, 0.0, -0.09006899161190575, -0.995935528410356
Time, 0.142, Pos_X, 0.007080276929582, Pos_Y, -0.00019854342663291836, Pos_Z, 0.00435689389667721, BFx, 1.0, 0.0, 0.0,                             BFy, 0.0, -0.9959532873060268, 0.08987240680163643, BFz, 0.0, -0.08987240680163641, -0.9959532873060271
Time, 0.144, Pos_X, 0.007252107511378, Pos_Y, -0.0002439924070596431, Pos_Z, 0.004537278939585026, BFx, 1.0, 0.0, 0.0,                             BFy, 0.0, -0.9959737590576337, 0.08964525234839268, BFz, 0.0, -0.08964525234839267, -0.9959737590576339
Time, 0.146, Pos_X, 0.007418512266174, Pos_Y, -0.00029007198773577076, Pos_Z, 0.004715797027304766, BFx, 1.0, 0.0, 0.0,                             BFy, 0.0, -0.9959974585827581, 0.08938155568509402, BFz, 0.0, -0.08938155568509401, -0.9959974585827582
Time, 0.148, Pos_X, 0.00757934557797, Pos_Y, -0.0003366188660799437, Pos_Z, 0.00489237096854511, BFx, 1.0, 0.0, 0.0,                             BFy, 0.0, -0.9960248900526852, 0.08907535234584608, BFz, 0.0, -0.08907535234584607, -0.9960248900526854
Time, 0.15, Pos_X, 0.007734487150766, Pos_Y, -0.0003834591880869108, Pos_Z, 0.005066948779420111, BFx, 1.0, 0.0, 0.0,                             BFy, 0.0, -0.9960565238595002, 0.08872091792204018, BFz, 0.0, -0.08872091792204016, -0.9960565238595003
Time, 0.152, Pos_X, 0.007883839128162, Pos_Y, -0.000430410816443712, Pos_Z, 0.005239501341263323, BFx, 1.0, 0.0, 0.0,                             BFy, 0.0, -0.9960927693132077, 0.08831305068870318, BFz, 0.0, -0.08831305068870317, -0.9960927693132078
Time, 0.154, Pos_X, 0.008027323966758001, Pos_Y, -0.00047728565938873056, Pos_Z, 0.005410020938372534, BFx, 1.0, 0.0, 0.0,                             BFy, 0.0, -0.9961339621432113, 0.0878471938360452, BFz, 0.0, -0.08784719383604518, -0.9961339621432115
Time, 0.156, Pos_X, 0.008164882362754, Pos_Y, -0.0005238924525971939, Pos_Z, 0.005578520005210563, BFx, 1.0, 0.0, 0.0,                             BFy, 0.0, -0.9961803546038629, 0.08731953447724197, BFz, 0.0, -0.08731953447724196, -0.9961803546038631
Time, 0.158, Pos_X, 0.008296471263550001, Pos_Y, -0.0005700396637324409, Pos_Z, 0.005745028739171195, BFx, 1.0, 0.0, 0.0,                             BFy, 0.0, -0.9962320993366918, 0.08672718288523094, BFz, 0.0, -0.08672718288523093, -0.9962320993366919
Time, 0.16, Pos_X, 0.008422061808946, Pos_Y, -0.0006155384385759643, Pos_Z, 0.005909592696691918, BFx, 1.0, 0.0, 0.0,                             BFy, 0.0, -0.9962892572972225, 0.0860680881288158, BFz, 0.0, -0.08606808812881579, -0.9962892572972225
Time, 0.162, Pos_X, 0.008541636686942, Pos_Y, -0.0006602057905337729, Pos_Z, 0.00607227028657752, BFx, 1.0, 0.0, 0.0,                             BFy, 0.0, -0.9963518005804531, 0.08534101874298163, BFz, 0.0, -0.08534101874298161, -0.9963518005804531
Time, 0.164, Pos_X, 0.008655188325938, Pos_Y, -0.0007038676925942328, Pos_Z, 0.006233130548294526, BFx, 1.0, 0.0, 0.0,                             BFy, 0.0, -0.9964196063807279, 0.08454565642347513, BFz, 0.0, -0.08454565642347511, -0.9964196063807279
Time, 0.166, Pos_X, 0.008762717278934, Pos_Y, -0.000746362048522286, Pos_Z, 0.006392251680882977, BFx, 1.0, 0.0, 0.0,                             BFy, 0.0, -0.9964924636981709, 0.08368255369400653, BFz, 0.0, -0.08368255369400651, -0.996492463698171
Time, 0.168, Pos_X, 0.008864230357530001, Pos_Y, -0.0007875417601329808, Pos_Z, 0.006549720019869214, BFx, 1.0, 0.0, 0.0,                             BFy, 0.0, -0.9965700790491636, 0.08275311198948485, BFz, 0.0, -0.08275311198948483, -0.9965700790491638
Time, 0.17, Pos_X, 0.008959738993726001, Pos_Y, -0.0008272774841431893, Pos_Z, 0.006705629188008002, BFx, 1.0, 0.0, 0.0,                             BFy, 0.0, -0.9966520667160411, 0.08175975728097562, BFz, 0.0, -0.0817597572809756, -0.9966520667160416
Time, 0.172, Pos_X, 0.009049257862322, Pos_Y, -0.000865459825749737, Pos_Z, 0.006860079122301494, BFx, 1.0, 0.0, 0.0,                             BFy, 0.0, -0.9967379407899165, 0.08070611742536717, BFz, 0.0, -0.08070611742536715, -0.996737940789917
Time, 0.174, Pos_X, 0.009132803616118, Pos_Y, -0.0009020010452563865, Pos_Z, 0.007013175191700142, BFx, 1.0, 0.0, 0.0,                             BFy, 0.0, -0.9968271346830239, 0.07959688159489878, BFz, 0.0, -0.07959688159489876, -0.9968271346830244
Time, 0.176, Pos_X, 0.009210393364314, Pos_Y, -0.0009368365841310891, Pos_Z, 0.007165027314599273, BFx, 1.0, 0.0, 0.0,                             BFy, 0.0, -0.9969190173976101, 0.0784376998068105, BFz, 0.0, -0.07843769980681047, -0.9969190173976107
Time, 0.178, Pos_X, 0.00928204310571, Pos_Y, -0.0009699258107318429, Pos_Z, 0.0073157491366925, BFx, 1.0, 0.0, 0.0,                             BFy, 0.0, -0.9970129071055889, 0.07723511549070312, BFz, 0.0, -0.07723511549070308, -0.9970129071055895
Time, 0.18, Pos_X, 0.009347766878506001, Pos_Y, -0.001001252278508758, Pos_Z, 0.007465457465871729, BFx, 1.0, 0.0, 0.0,                             BFy, 0.0, -0.9971081091579443, 0.07599617524236742, BFz, 0.0, -0.07599617524236736, -0.9971081091579451
Time, 0.182, Pos_X, 0.009407575934702001, Pos_Y, -0.0010308238749530269, Pos_Z, 0.007614272193602913, BFx, 1.0, 0.0, 0.0,                             BFy, 0.0, -0.997203944357854, 0.07472812962424302, BFz, 0.0, -0.07472812962424294, -0.9972039443578549
Time, 0.184, Pos_X, 0.009461477955098002, Pos_Y, -0.0010586721705856535, Pos_Z, 0.007762316800578694, BFx, 1.0, 0.0, 0.0,                             BFy, 0.0, -0.9972997838788579, 0.07343800838246362, BFz, 0.0, -0.07343800838246355, -0.9972997838788589
Time, 0.186, Pos_X, 0.009509476885094003, Pos_Y, -0.0010848512895553486, Pos_Z, 0.007909718874328394, BFx, 1.0, 0.0, 0.0,                             BFy, 0.0, -0.9973950731911227, 0.07213229494528757, BFz, 0.0, -0.07213229494528751, -0.9973950731911237
Time, 0.188, Pos_X, 0.009551572766690003, Pos_Y, -0.0011094363698980994, Pos_Z, 0.008056610510614782, BFx, 1.0, 0.0, 0.0,                             BFy, 0.0, -0.9974893629799657, 0.07081645812818664, BFz, 0.0, -0.07081645812818656, -0.9974893629799667
Time, 0.19, Pos_X, 0.009587761660686003, Pos_Y, -0.0011325213643531113, Pos_Z, 0.00820312863518999, BFx, 1.0, 0.0, 0.0,                             BFy, 0.0, -0.9975823326844101, 0.0694945286762201, BFz, 0.0, -0.06949452867622001, -0.9975823326844111
Time, 0.192, Pos_X, 0.009618035788882002, Pos_Y, -0.0011542169617326883, Pos_Z, 0.008349415167211233, BFx, 1.0, 0.0, 0.0,                             BFy, 0.0, -0.9976737876093422, 0.06816900701365732, BFz, 0.0, -0.06816900701365725, -0.9976737876093431
Time, 0.194, Pos_X, 0.009642383577878002, Pos_Y, -0.0011746487371234765, Pos_Z, 0.00849561769294986, BFx, 1.0, 0.0, 0.0,                             BFy, 0.0, -0.9977636524103672, 0.06684081035357876, BFz, 0.0, -0.0668408103535787, -0.997763652410368
Time, 0.196, Pos_X, 0.009660789689274002, Pos_Y, -0.001193955198297645, Pos_Z, 0.008641889920516326, BFx, 1.0, 0.0, 0.0,                             BFy, 0.0, -0.9978519548527852, 0.06550935960971342, BFz, 0.0, -0.0655093596097134, -0.9978519548527859
Time, 0.198, Pos_X, 0.009673235167470002, Pos_Y, -0.0012122859561727966, Pos_Z, 0.00878839125908385, BFx, 1.0, 0.0, 0.0,                             BFy, 0.0, -0.997938806473, 0.06417272423112368, BFz, 0.0, -0.06417272423112363, -0.9979388064730005
Time, 0.2, Pos_X, 0.009679697264066003, Pos_Y, -0.001229799415363687, Pos_Z, 0.008935286048992392, BFx, 1.0, 0.0, 0.0,                             BFy, 0.0, -0.9980243806148262, 0.06282782582894328, BFz, 0.0, -0.06282782582894321, -0.9980243806148267
Time, 0.202, Pos_X, 0.009680149786262002, Pos_Y, -0.001246660704856839, Pos_Z, 0.009082742672946571, BFx, 1.0, 0.0, 0.0,                             BFy, 0.0, -0.9981088821641535, 0.06147080075143974, BFz, 0.0, -0.06147080075143969, -0.9981088821641538
Time, 0.204, Pos_X, 0.009674561889258002, Pos_Y, -0.0012630341881619824, Pos_Z, 0.009230936496824146, BFx, 1.0, 0.0, 0.0,                             BFy, 0.0, -0.9981925325847903, 0.06009715377587959, BFz, 0.0, -0.06009715377587954, -0.9981925325847906
Time, 0.206, Pos_X, 0.009662900741654002, Pos_Y, -0.0012790899934487648, Pos_Z, 0.009380042784076722, BFx, 1.0, 0.0, 0.0,                             BFy, 0.0, -0.9982755518453941, 0.058701981123066876, BFz, 0.0, -0.05870198112306682, -0.9982755518453944
Time, 0.208, Pos_X, 0.009645134147250002, Pos_Y, -0.0012950082989368638, Pos_Z, 0.009530231452413593, BFx, 1.0, 0.0, 0.0,                             BFy, 0.0, -0.9983581445809779, 0.057280146201158705, BFz, 0.0, -0.05728014620115864, -0.9983581445809782
Time, 0.21, Pos_X, 0.009621229309646002, Pos_Y, -0.001310970090441731, Pos_Z, 0.009681671839314438, BFx, 1.0, 0.0, 0.0,                             BFy, 0.0, -0.9984404911251408, 0.05582638875824286, BFz, 0.0, -0.0558263887582428, -0.998440491125141
Time, 0.212, Pos_X, 0.009591153758642001, Pos_Y, -0.0013271569184991293, Pos_Z, 0.009834531512986138, BFx, 1.0, 0.0, 0.0,                             BFy, 0.0, -0.9985227397937578, 0.05433542228386493, BFz, 0.0, -0.05433542228386488, -0.9985227397937582
Time, 0.214, Pos_X, 0.009554876184438002, Pos_Y, -0.001343750673655346, Pos_Z, 0.009988975218175943, BFx, 1.0, 0.0, 0.0,                             BFy, 0.0, -0.9986050058100152, 0.05280191635895796, BFz, 0.0, -0.052801916358957895, -0.9986050058100154
Time, 0.216, Pos_X, 0.009512367555434002, Pos_Y, -0.0013609331565403178, Pos_Z, 0.010145163631115908, BFx, 1.0, 0.0, 0.0,                             BFy, 0.0, -0.9986873711955095, 0.05122045113625643, BFz, 0.0, -0.05122045113625637, -0.9986873711955098
Time, 0.218, Pos_X, 0.009463602344430002, Pos_Y, -0.001378885724276504, Pos_Z, 0.010303251664684704, BFx, 1.0, 0.0, 0.0,                             BFy, 0.0, -0.9987698825553963, 0.04958549889109738, BFz, 0.0, -0.04958549889109733, -0.9987698825553966
Time, 0.22, Pos_X, 0.009408559733226001, Pos_Y, -0.0013977892548303545, Pos_Z, 0.010463386657180137, BFx, 1.0, 0.0, 0.0,                             BFy, 0.0, -0.9988525491064955, 0.04789138903243274, BFz, 0.0, -0.047891389032432674, -0.9988525491064955
Time, 0.222, Pos_X, 0.009347224816622, Pos_Y, -0.0014178243108010824, Pos_Z, 0.010625706435160087, BFx, 1.0, 0.0, 0.0,                             BFy, 0.0, -0.9989353380505256, 0.046132313987940904, BFz, 0.0, -0.04613231398794084, -0.9989353380505257
Time, 0.224, Pos_X, 0.009279589823418, Pos_Y, -0.0014391711462193348, Pos_Z, 0.01079033724291667, BFx, 1.0, 0.0, 0.0,                             BFy, 0.0, -0.9990181742824421, 0.04430222853735662, BFz, 0.0, -0.04430222853735656, -0.9990181742824422
Time, 0.226, Pos_X, 0.009205655386814, Pos_Y, -0.0014620096830165257, Pos_Z, 0.010957391495966393, BFx, 1.0, 0.0, 0.0,                             BFy, 0.0, -0.9991009348402875, 0.042394834605921417, BFz, 0.0, -0.04239483460592136, -0.9991009348402876
Time, 0.228, Pos_X, 0.009125432469009999, Pos_Y, -0.0014865193144651236, Pos_Z, 0.011126965796440898, BFx, 1.0, 0.0, 0.0,                             BFy, 0.0, -0.9991834323905329, 0.04040381710028616, BFz, 0.0, -0.04040381710028611, -0.999183432390533
Time, 0.23, Pos_X, 0.009038944018605999, Pos_Y, -0.0015128787353679168, Pos_Z, 0.011299138863533124, BFx, 1.0, 0.0, 0.0,                             BFy, 0.0, -0.9992654057013225, 0.03832295615647522, BFz, 0.0, -0.03832295615647516, -0.9992654057013226
Time, 0.232, Pos_X, 0.008946226202801999, Pos_Y, -0.001541265719897937, Pos_Z, 0.011473969375602931, BFx, 1.0, 0.0, 0.0,                             BFy, 0.0, -0.9993465098838977, 0.03614627481321624, BFz, 0.0, -0.03614627481321619, -0.9993465098838978
Time, 0.234, Pos_X, 0.008847329629197999, Pos_Y, -0.0015718566799303617, Pos_Z, 0.011651493743031316, BFx, 1.0, 0.0, 0.0,                             BFy, 0.0, -0.9994263072658843, 0.03386822027916095, BFz, 0.0, -0.033868220279160886, -0.9994263072658844
Time, 0.236, Pos_X, 0.008742320346394, Pos_Y, -0.0016048267335431708, Pos_Z, 0.01183172465380688, BFx, 1.0, 0.0, 0.0,                             BFy, 0.0, -0.9995042572560788, 0.03148395983629779, BFz, 0.0, -0.031483959836297724, -0.9995042572560788
Time, 0.238, Pos_X, 0.00863128053599, Pos_Y, -0.001640349965869781, Pos_Z, 0.012014649893078256, BFx, 1.0, 0.0, 0.0,                             BFy, 0.0, -0.9995797067341049, 0.028989823824239515, BFz, 0.0, -0.028989823824239456, -0.9995797067341049
Time, 0.24, Pos_X, 0.008514308809586, Pos_Y, -0.0016785993426422824, Pos_Z, 0.01220023100542988, BFx, 1.0, 0.0, 0.0,                             BFy, 0.0, -0.9996518915251131, 0.02638362693533756, BFz, 0.0, -0.026383626935337502, -0.9996518915251131
Time, 0.242, Pos_X, 0.008391520723982, Pos_Y, -0.0017197465899959773, Pos_Z, 0.012388402551949082, BFx, 1.0, 0.0, 0.0,                             BFy, 0.0, -0.9997199401401615, 0.023665191445484592, BFz, 0.0, -0.02366519144548453, -0.9997199401401615
Time, 0.244, Pos_X, 0.008263048542178, Pos_Y, -0.0017639623198633537, Pos_Z, 0.012579071576747985, BFx, 1.0, 0.0, 0.0,                             BFy, 0.0, -0.9997828909307492, 0.020836770434820122, BFz, 0.0, -0.02083677043482006, -0.9997828909307492
Time, 0.246, Pos_X, 0.008129040776374, Pos_Y, -0.001811416215254901, Pos_Z, 0.012772116796895994, BFx, 1.0, 0.0, 0.0,                             BFy, 0.0, -0.9998397214194982, 0.017903392744947417, BFz, 0.0, -0.017903392744947354, -0.9998397214194983
Time, 0.248, Pos_X, 0.00798966173097, Pos_Y, -0.0018622770062103058, Pos_Z, 0.01296738800107263, BFx, 1.0, 0.0, 0.0,                             BFy, 0.0, -0.9998893882724976, 0.014873171149751039, BFz, 0.0, -0.014873171149750973, -0.9998893882724977
Time, 0.25, Pos_X, 0.007845091003966, Pos_Y, -0.0019167123881510136, Pos_Z, 0.01316470650161158, BFx, 1.0, 0.0, 0.0,                             BFy, 0.0, -0.999930881186705, 0.011757246666598116, BFz, 0.0, -0.011757246666598052, -0.9999308811867051
Time, 0.252, Pos_X, 0.007695522704961999, Pos_Y, -0.001974889385738208, Pos_Z, 0.013363865760642716, BFx, 1.0, 0.0, 0.0,                             BFy, 0.0, -0.9999632796604822, 0.008569675061066645, BFz, 0.0, -0.008569675061066585, -0.9999632796604824
Time, 0.254, Pos_X, 0.007541163823357999, Pos_Y, -0.002036974956946717, Pos_Z, 0.013564632119523285, BFx, 1.0, 0.0, 0.0,                             BFy, 0.0, -0.9999858106393923, 0.005327149319976049, BFz, 0.0, -0.005327149319975988, -0.9999858106393925
Time, 0.256, Pos_X, 0.007382232780353999, Pos_Y, -0.002103136549707579, Pos_Z, 0.013766746059446585, BFx, 1.0, 0.0, 0.0,                             BFy, 0.0, -0.9999979018374806, 0.0020484922837088453, BFz, 0.0, -0.002048492283708784, -0.9999979018374808
Time, 0.258, Pos_X, 0.007218957863149999, Pos_Y, -0.002173542803868083, Pos_Z, 0.013969924248131335, BFx, 1.0, 0.0, 0.0,                             BFy, 0.0, -0.9999992240611887, -0.0012457435613930192, BFz, 0.0, 0.0012457435613930806, -0.9999992240611888
Time, 0.26, Pos_X, 0.007051575547545999, Pos_Y, -0.0022483639526002623, Pos_Z, 0.01417386244243871, BFx, 1.0, 0.0, 0.0,                             BFy, 0.0, -0.999989721685423, -0.004533930249815725, BFz, 0.0, 0.004533930249815787, -0.9999897216854232
Time, 0.262, Pos_X, 0.006880329404861999, Pos_Y, -0.002327772192525317, Pos_Z, 0.014378238680049676, BFx, 1.0, 0.0, 0.0,                             BFy, 0.0, -0.9999696268501497, -0.007793932073885755, BFz, 0.0, 0.0077939320738858175, -0.9999696268501498
Time, 0.264, Pos_X, 0.006705468515297999, Pos_Y, -0.0024119423812433687, Pos_Z, 0.014582716156485664, BFx, 1.0, 0.0, 0.0,                             BFy, 0.0, -0.9999394577761047, -0.011003671315978097, BFz, 0.0, 0.011003671315978162, -0.9999394577761047
Time, 0.266, Pos_X, 0.006527245634273999, Pos_Y, -0.0025010521846435176, Pos_Z, 0.01478694584641664, BFx, 1.0, 0.0, 0.0,                             BFy, 0.0, -0.999900000990685, -0.014141712019013368, BFz, 0.0, 0.01414171201901343, -0.999900000990685
Time, 0.268, Pos_X, 0.006345915416389999, Pos_Y, -0.002595282207947915, Pos_Z, 0.014990569925618539, BFx, 1.0, 0.0, 0.0,                             BFy, 0.0, -0.9998522815182258, -0.017187645062645945, BFz, 0.0, 0.017187645062646008, -0.9998522815182256
Time, 0.27, Pos_X, 0.006161733044305998, Pos_Y, -0.0026948161899540716, Pos_Z, 0.015193225506624159, BFx, 1.0, 0.0, 0.0,                             BFy, 0.0, -0.9997975234266505, -0.02012242902677099, BFz, 0.0, 0.02012242902677105, -0.9997975234266503
Time, 0.272, Pos_X, 0.005974953528421998, Pos_Y, -0.002799840711513654, Pos_Z, 0.015394548319513727, BFx, 1.0, 0.0, 0.0,                             BFy, 0.0, -0.9997371026572618, -0.022928706253631713, BFz, 0.0, 0.02292870625363178, -0.9997371026572615
Time, 0.274, Pos_X, 0.005785830976937998, Pos_Y, -0.002910544721323887, Pos_Z, 0.015594176821495631, BFx, 1.0, 0.0, 0.0,                             BFy, 0.0, -0.9996724956747903, -0.025591041232002447, BFz, 0.0, 0.025591041232002513, -0.9996724956747901
Time, 0.276, Pos_X, 0.005594618281593998, Pos_Y, -0.0030271183574235973, Pos_Z, 0.01579175630642802, BFx, 1.0, 0.0, 0.0,                             BFy, 0.0, -0.9996052306781836, -0.028095957019061472, BFz, 0.0, 0.028095957019061535, -0.9996052306781834
Time, 0.278, Pos_X, 0.005401566278709998, Pos_Y, -0.0031497518226674525, Pos_Z, 0.01598694279593665, BFx, 1.0, 0.0, 0.0,                             BFy, 0.0, -0.9995368377957908, -0.030432053647310543, BFz, 0.0, 0.03043205364731061, -0.9995368377957906
Time, 0.28, Pos_X, 0.005206923764745998, Pos_Y, -0.0032786340743794287, Pos_Z, 0.016179405850185402, BFx, 1.0, 0.0, 0.0,                             BFy, 0.0, -0.9994688027968095, -0.03259006345367428, BFz, 0.0, 0.03259006345367435, -0.9994688027968093
Time, 0.282, Pos_X, 0.005010936981622003, Pos_Y, -0.0034139521212881796, Pos_Z, 0.016368829562708798, BFx, 1.0, 0.0, 0.0,                             BFy, 0.0, -0.9994025254219383, -0.03456287285880448, BFz, 0.0, 0.03456287285880456, -0.9994025254219382
Time, 0.284, Pos_X, 0.004813847262098003, Pos_Y, -0.0035558906980486123, Pos_Z, 0.01655491380484118, BFx, 1.0, 0.0, 0.0,                             BFy, 0.0, -0.999339283577464, -0.03634551277507613, BFz, 0.0, 0.0363455127750762, -0.9993392835774639
Time, 0.286, Pos_X, 0.004615890277814003, Pos_Y, -0.0037046312221207423, Pos_Z, 0.01673737805545826, BFx, 1.0, 0.0, 0.0,                             BFy, 0.0, -0.9992802063400862, -0.037935065795606265, BFz, 0.0, 0.03793506579560633, -0.9992802063400861
Time, 0.288, Pos_X, 0.004417295548150003, Pos_Y, -0.0038603516974153, Pos_Z, 0.01691596659720983, BFx, 1.0, 0.0, 0.0,                             BFy, 0.0, -0.9992262570402893, -0.03933048742713514, BFz, 0.0, 0.039330487427135206, -0.9992262570402892
Time, 0.29, Pos_X, 0.004218284911346002, Pos_Y, -0.004023227061710072, Pos_Z, 0.01709045055458479, BFx, 1.0, 0.0, 0.0,                             BFy, 0.0, -0.9991782093722151, -0.040532775820765164, BFz, 0.0, 0.04053277582076523, -0.9991782093722149
Time, 0.292, Pos_X, 0.004019070376944002, Pos_Y, -0.004193430107982006, Pos_Z, 0.017260625217461762, BFx, 1.0, 0.0, 0.0,                             BFy, 0.0, -0.9991366344104852, -0.041544985002897154, BFz, 0.0, 0.041544985002897224, -0.999136634410485
Time, 0.294, Pos_X, 0.0038198509851200013, Pos_Y, -0.004371133094414454, Pos_Z, 0.017426307640120844, BFx, 1.0, 0.0, 0.0,                             BFy, 0.0, -0.9991018998884835, -0.04237208561335544, BFz, 0.0, 0.0423720856133555, -0.9991018998884832
Time, 0.296, Pos_X, 0.003620811573932001, Pos_Y, -0.004556508207901726, Pos_Z, 0.017587334257931228, BFx, 1.0, 0.0, 0.0,                             BFy, 0.0, -0.9990741710250847, -0.04302093432903262, BFz, 0.0, 0.043020934329032666, -0.9990741710250843
Time, 0.298, Pos_X, 0.003422120403716001, Pos_Y, -0.004749728510950497, Pos_Z, 0.017743555665218, BFx, 1.0, 0.0, 0.0,                             BFy, 0.0, -0.9990534219356683, -0.04350011630598844, BFz, 0.0, 0.04350011630598849, -0.9990534219356679
Time, 0.3, Pos_X, 0.0032239225367920008, Pos_Y, -0.0049509699447051305, Pos_Z, 0.01789483734711159, BFx, 1.0, 0.0, 0.0,                             BFy, 0.0, -0.9990394607352396, -0.04381958345128836, BFz, 0.0, 0.04381958345128842, -0.9990394607352393
Time, 0.302, Pos_X, 0.0030263382982480005, Pos_Y, -0.00516041097356271, Pos_Z, 0.018041064437577733, BFx, 1.0, 0.0, 0.0,                             BFy, 0.0, -0.9990319683293015, -0.04399006997134947, BFz, 0.0, 0.043990069971349514, -0.9990319683293014
Time, 0.304, Pos_X, 0.002829465055504, Pos_Y, -0.005378232312215886, Pos_Z, 0.01818214114028184, BFx, 1.0, 0.0, 0.0,                             BFy, 0.0, -0.9990305429512063, -0.044022428949577426, BFz, 0.0, 0.04402242894957746, -0.9990305429512063
Time, 0.306, Pos_X, 0.0026333754405199997, Pos_Y, -0.005604618981471405, Pos_Z, 0.018317986923234546, BFx, 1.0, 0.0, 0.0,                             BFy, 0.0, -0.9990347429716352, -0.04392701145766344, BFz, 0.0, 0.04392701145766347, -0.9990347429716353
Time, 0.308, Pos_X, 0.0024381138867559994, Pos_Y, -0.005839761895720445, Pos_Z, 0.01844853122202077, BFx, 1.0, 0.0, 0.0,                             BFy, 0.0, -0.9990441262549964, -0.04371308494482551, BFz, 0.0, 0.043713084944825537, -0.9990441262549965
Time, 0.31, Pos_X, 0.002243692648451999, Pos_Y, -0.006083858423602025, Pos_Z, 0.018573707943665575, BFx, 1.0, 0.0, 0.0,                             BFy, 0.0, -0.9990582845299347, -0.04338829464390585, BFz, 0.0, 0.04338829464390588, -0.9990582845299348
Time, 0.312, Pos_X, 0.002050088920867999, Pos_Y, -0.0063371126278395015, Pos_Z, 0.018693450698271608, BFx, 1.0, 0.0, 0.0,                             BFy, 0.0, -0.9990768620511838, -0.042958395151147646, BFz, 0.0, 0.04295839515114768, -0.999076862051184
