Time, 0, Pos_X, 0.0, Pos_Y, 0.0, Pos_Z, 0.0, BFx, 1, 0, 0,                         BFy, 0, -1, 0, BFz, 0, 0, -1
Time, 0.0, Pos_X, 0.0, Pos_Y, 0.0, Pos_Z, 0.0, BFx, 1.0, 0.0, 0.0,                             BFy, 0.0, -1.0, 0.0, BFz, 0.0, 0.0, -1.0
Time, 0.002, Pos_X, -2.3319543999999996e-06, Pos_Y, -3.920931238709935e-07, Pos_Z, -2.1157381136619025e-06, BFx, 1.0, 0.0, 0.0,                             BFy, 0.0, -0.9999995930152078, -0.0009022025376057428, BFz, 0.0, 0.0009022025376057428, -0.9999995930152077
Time, 0.004, Pos_X, -9.3649344e-06, Pos_Y, -1.5924752905397575e-06, Pos_Z, -8.41772045767449e-06, BFx, 1.0, 0.0, 0.0,                             BFy, 0.0, -0.9999983063606346, -0.0018404553409767576, BFz, 0.0, 0.0018404553409767574, -0.9999983063606345
Time, 0.006, Pos_X, -2.1171999e-05, Pos_Y, -3.6505967688639698e-06, Pos_Z, -1.8809689816870965e-05, BFx, 1.0, 0.0, 0.0,                             BFy, 0.0, -0.9999960278089529, -0.002818575228020975, BFz, 0.0, 0.0028185752280209747, -0.9999960278089527
Time, 0.008, Pos_X, -3.78236316e-05, Pos_Y, -6.618481679324201e-06, Pos_Z, -3.3183870386811545e-05, BFx, 1.0, 0.0, 0.0,                             BFy, 0.0, -0.9999926243912358, -0.0038407242974122127, BFz, 0.0, 0.0038407242974122123, -0.9999926243912356
Time, 0.01, Pos_X, -5.93872064e-05, Pos_Y, -1.0550666982506822e-05, Pos_Z, -5.1420908305103676e-05, BFx, 1.0, 0.0, 0.0,                             BFy, 0.0, -0.9999879386765871, -0.00491146631364352, BFz, 0.0, 0.00491146631364352, -0.9999879386765871
Time, 0.012, Pos_X, -8.592540740000001e-05, Pos_Y, -1.5503918106081236e-05, Pos_Z, -7.338910852202285e-05, BFx, 1.0, 0.0, 0.0,                             BFy, 0.0, -0.9999817845857498, -0.0060357681117274836, BFz, 0.0, 0.006035768111727484, -0.9999817845857499
Time, 0.014, Pos_X, -0.0001174939254, Pos_Y, -2.1536631228632337e-05, Pos_Z, -9.894321398806844e-05, BFx, 1.0, 0.0, 0.0,                             BFy, 0.0, -0.9999739430194675, -0.007218952977974064, BFz, 0.0, 0.007218952977974065, -0.9999739430194676
Time, 0.016, Pos_X, -0.0001541392848, Pos_Y, -2.8708198802317802e-05, Pos_Z, -0.0001279232301451119, BFx, 1.0, 0.0, 0.0,                             BFy, 0.0, -0.9999641562825242, -0.008466767398410074, BFz, 0.0, 0.008466767398410076, -0.9999641562825244
Time, 0.018, Pos_X, -0.00019589675739999996, Pos_Y, -3.70784721923431e-05, Pos_Z, -0.00016015340178468317, BFx, 1.0, 0.0, 0.0,                             BFy, 0.0, -0.9999521221084139, -0.00978537126936089, BFz, 0.0, 0.009785371269360894, -0.9999521221084142
Time, 0.02, Pos_X, -0.00024278878519999998, Pos_Y, -4.670750087236024e-05, Pos_Z, -0.00019544195362476057, BFx, 1.0, 0.0, 0.0,                             BFy, 0.0, -0.9999374888343092, -0.011181163791646775, BFz, 0.0, 0.011181163791646775, -0.9999374888343094
Time, 0.022, Pos_X, -0.00029482362079999994, Pos_Y, -5.7655318535135486e-05, Pos_Z, -0.00023358150349170084, BFx, 1.0, 0.0, 0.0,                             BFy, 0.0, -0.9999198491635632, -0.01266077599189309, BFz, 0.0, 0.012660775991893091, -0.9999198491635634
Time, 0.024, Pos_X, -0.0003519937366, Pos_Y, -6.998142573595312e-05, Pos_Z, -0.00027434954872764444, BFx, 1.0, 0.0, 0.0,                             BFy, 0.0, -0.9998987349399657, -0.014230947454625333, BFz, 0.0, 0.014230947454625335, -0.9998987349399658
Time, 0.026, Pos_X, -0.00041427399999999996, Pos_Y, -8.374445956601592e-05, Pos_Z, -0.00031750904440695907, BFx, 1.0, 0.0, 0.0,                             BFy, 0.0, -0.9998736118890172, -0.015898435395064327, BFz, 0.0, 0.01589843539506433, -0.9998736118890175
Time, 0.028, Pos_X, -0.000481620004, Pos_Y, -9.900181813164106e-05, Pos_Z, -0.00036280934416503796, BFx, 1.0, 0.0, 0.0,                             BFy, 0.0, -0.999843843643829, -0.017671681514075863, BFz, 0.0, 0.017671681514075874, -0.9998438436438291
Time, 0.03, Pos_X, -0.0005539664676, Pos_Y, -0.00011580913073458252, Pos_Z, -0.00040998723619878644, BFx, 1.0, 0.0, 0.0,                             BFy, 0.0, -0.9998087678686784, -0.019555758561509238, BFz, 0.0, 0.01955575856150925, -0.9998087678686783
Time, 0.032, Pos_X, -0.0006312258578000001, Pos_Y, -0.00013422005772666982, Pos_Z, -0.0004587681578263146, BFx, 1.0, 0.0, 0.0,                             BFy, 0.0, -0.9997676635588324, -0.021555020345939757, BFz, 0.0, 0.021555020345939764, -0.9997676635588324
Time, 0.034, Pos_X, -0.0007132877526000002, Pos_Y, -0.00015428624936829268, Pos_Z, -0.000508867780514133, BFx, 1.0, 0.0, 0.0,                             BFy, 0.0, -0.9997197622636724, -0.023672704523715005, BFz, 0.0, 0.02367270452371501, -0.9997197622636723
Time, 0.036, Pos_X, -0.0008000181906, Pos_Y, -0.00017605700426343693, Pos_Z, -0.0005599938575494467, BFx, 1.0, 0.0, 0.0,                             BFy, 0.0, -0.9996642645688352, -0.02591057977064082, BFz, 0.0, 0.02591057977064083, -0.9996642645688351
Time, 0.038, Pos_X, -0.0008912591570000001, Pos_Y, -0.00019957897534717526, Pos_Z, -0.0006118480789225148, BFx, 1.0, 0.0, 0.0,                             BFy, 0.0, -0.9996003595788399, -0.028268730602113223, BFz, 0.0, 0.028268730602113233, -0.9996003595788397
Time, 0.04, Pos_X, -0.0009868289654, Pos_Y, -0.00022489641698158008, Pos_Z, -0.0006641280646233738, BFx, 1.0, 0.0, 0.0,                             BFy, 0.0, -0.9995272514774287, -0.03074530133171372, BFz, 0.0, 0.030745301331713732, -0.9995272514774286
Time, 0.042, Pos_X, -0.0010865230946000002, Pos_Y, -0.00025205147295218554, Pos_Z, -0.0007165296322300307, BFx, 1.0, 0.0, 0.0,                             BFy, 0.0, -0.9994441821618073, -0.03333656765351332, BFz, 0.0, 0.033336567653513324, -0.9994441821618071
Time, 0.044, Pos_X, -0.0011901151865999998, Pos_Y, -0.00028108441456415755, Pos_Z, -0.0007687490431261601, BFx, 1.0, 0.0, 0.0,                             BFy, 0.0, -0.9993504601669027, -0.036036894486087226, BFz, 0.0, 0.03603689448608721, -0.9993504601669024
Time, 0.046, Pos_X, -0.0012973587819999999, Pos_Y, -0.00031203414369021954, Pos_Z, -0.0008204853547945256, BFx, 1.0, 0.0, 0.0,                             BFy, 0.0, -0.9992454833943678, -0.03883894844042104, BFz, 0.0, 0.03883894844042103, -0.9992454833943677
Time, 0.048, Pos_X, -0.00140798964154, Pos_Y, -0.00034493855820447633, Pos_Z, -0.000871442869774942, BFx, 1.0, 0.0, 0.0,                             BFy, 0.0, -0.9991287534029422, -0.04173408826707814, BFz, 0.0, 0.04173408826707813, -0.9991287534029418
Time, 0.05, Pos_X, -0.0015217281404200002, Pos_Y, -0.000379835010872294, Pos_Z, -0.0009213337112096739, BFx, 1.0, 0.0, 0.0,                             BFy, 0.0, -0.9989998857778285, -0.04471272990868575, BFz, 0.0, 0.044712729908685744, -0.9989998857778282
Time, 0.052, Pos_X, -0.0016382820061799999, Pos_Y, -0.00041676098112588346, Pos_Z, -0.0009698803933069673, BFx, 1.0, 0.0, 0.0,                             BFy, 0.0, -0.9988586170337415, -0.04776466452769128, BFz, 0.0, 0.04776466452769127, -0.9988586170337411
Time, 0.054, Pos_X, -0.00175734956902, Pos_Y, -0.0004557547738864889, Pos_Z, -0.0010168181030196799, BFx, 1.0, 0.0, 0.0,                             BFy, 0.0, -0.998704796249629, -0.05087956316624902, BFz, 0.0, 0.05087956316624901, -0.9987047962496286
Time, 0.056, Pos_X, -0.0018786228480600002, Pos_Y, -0.0004968566803633446, Pos_Z, -0.0010618946368746026, BFx, 1.0, 0.0, 0.0,                             BFy, 0.0, -0.9985383745971453, -0.05404733533572747, BFz, 0.0, 0.05404733533572746, -0.9985383745971449
Time, 0.058, Pos_X, -0.00200179094834, Pos_Y, -0.00054010968743171, Pos_Z, -0.0011048724119812284, BFx, 1.0, 0.0, 0.0,                             BFy, 0.0, -0.9983593896449998, -0.05725844136600845, BFz, 0.0, 0.05725844136600844, -0.9983593896449994
Time, 0.06, Pos_X, -0.002126543836, Pos_Y, -0.0005855598516626265, Pos_Z, -0.0011455326203425958, BFx, 1.0, 0.0, 0.0,                             BFy, 0.0, -0.9981679410280002, -0.060504227157478246, BFz, 0.0, 0.060504227157478226, -0.9981679410279997
Time, 0.062, Pos_X, -0.0022525757015400003, Pos_Y, -0.0006332570028896085, Pos_Z, -0.0011836771717100303, BFx, 1.0, 0.0, 0.0,                             BFy, 0.0, -0.9979641769431111, -0.06377696714535691, BFz, 0.0, 0.06377696714535687, -0.9979641769431106
Time, 0.064, Pos_X, -0.0023795883262600005, Pos_Y, -0.000683255273687503, Pos_Z, -0.0012191305136822262, BFx, 1.0, 0.0, 0.0,                             BFy, 0.0, -0.9977482784818497, -0.06706990969508086, BFz, 0.0, 0.06706990969508082, -0.9977482784818492
Time, 0.066, Pos_X, -0.0025072944077000007, Pos_Y, -0.0007356135012019754, Pos_Z, -0.0012517417615017304, BFx, 1.0, 0.0, 0.0,                             BFy, 0.0, -0.9975204460319459, -0.07037726726883073, BFz, 0.0, 0.0703772672688307, -0.9975204460319455
Time, 0.068, Pos_X, -0.002635420586380001, Pos_Y, -0.0007903954868978291, Pos_Z, -0.0012813871768452222, BFx, 1.0, 0.0, 0.0,                             BFy, 0.0, -0.9972808912784713, -0.07369412385542418, BFz, 0.0, 0.07369412385542413, -0.9972808912784709
Time, 0.07, Pos_X, -0.002763710605982001, Pos_Y, -0.0008476703383496648, Pos_Z, -0.0013079726095293566, BFx, 1.0, 0.0, 0.0,                             BFy, 0.0, -0.997029841086932, -0.07701620597100123, BFz, 0.0, 0.0770162059710012, -0.9970298410869316
Time, 0.072, Pos_X, -0.002891928131286, Pos_Y, -0.0009075128247774865, Pos_Z, -0.001331435133091088, BFx, 1.0, 0.0, 0.0,                             BFy, 0.0, -0.9967675509544746, -0.08033958777725794, BFz, 0.0, 0.0803395877772579, -0.9967675509544741
Time, 0.074, Pos_X, -0.00301985914481, Pos_Y, -0.0009700038409392969, Pos_Z, -0.0013517432553828517, BFx, 1.0, 0.0, 0.0,                             BFy, 0.0, -0.9964943077724743, -0.08366059154140779, BFz, 0.0, 0.08366059154140773, -0.9964943077724739
Time, 0.076, Pos_X, -0.003147313838254, Pos_Y, -0.0010352308871829762, Pos_Z, -0.0013688961386904993, BFx, 1.0, 0.0, 0.0,                             BFy, 0.0, -0.9962104616943673, -0.08697537588706698, BFz, 0.0, 0.08697537588706693, -0.996210461694367
Time, 0.078, Pos_X, -0.0032741275694580002, Pos_Y, -0.0011032884976258691, Pos_Z, -0.0013829227127439474, BFx, 1.0, 0.0, 0.0,                             BFy, 0.0, -0.9959164448223966, -0.09027975926152623, BFz, 0.0, 0.09027975926152616, -0.9959164448223964
Time, 0.08, Pos_X, -0.0034001619081420005, Pos_Y, -0.0011742789768591584, Pos_Z, -0.00139388118859113, BFx, 1.0, 0.0, 0.0,                             BFy, 0.0, -0.9956128016847853, -0.09356895383284479, BFz, 0.0, 0.09356895383284472, -0.995612801684785
Time, 0.082, Pos_X, -0.0035253055867460006, Pos_Y, -0.001248313154613167, Pos_Z, -0.0014018589364592656, BFx, 1.0, 0.0, 0.0,                             BFy, 0.0, -0.995300198001393, -0.09683757462053824, BFz, 0.0, 0.09683757462053817, -0.9953001980013928
Time, 0.084, Pos_X, -0.0036494751854700006, Pos_Y, -0.0013255109107235034, Pos_Z, -0.0014069718953267547, BFx, 1.0, 0.0, 0.0,                             BFy, 0.0, -0.9949794209925326, -0.10007972722467376, BFz, 0.0, 0.10007972722467368, -0.9949794209925324
Time, 0.086, Pos_X, -0.003772614707874, Pos_Y, -0.001406000994077165, Pos_Z, -0.0014093630551508167, BFx, 1.0, 0.0, 0.0,                             BFy, 0.0, -0.9946513727497847, -0.10328914118613412, BFz, 0.0, 0.10328914118613404, -0.9946513727497847
Time, 0.088, Pos_X, -0.003894694020998, Pos_Y, -0.0014899202796506085, Pos_Z, -0.0014092005505711583, BFx, 1.0, 0.0, 0.0,                             BFy, 0.0, -0.9943170656675155, -0.10645925475195521, BFz, 0.0, 0.10645925475195513, -0.9943170656675155
Time, 0.09, Pos_X, -0.004015707609922, Pos_Y, -0.0015774134673646556, Pos_Z, -0.0014066748898581656, BFx, 1.0, 0.0, 0.0,                             BFy, 0.0, -0.9939776107883591, -0.1095833438596638, BFz, 0.0, 0.10958334385966371, -0.993977610788359
Time, 0.092, Pos_X, -0.004135673608966, Pos_Y, -0.0016686330023386183, Pos_Z, -0.001401995590098131, BFx, 1.0, 0.0, 0.0,                             BFy, 0.0, -0.9936341865828724, -0.1126547968521246, BFz, 0.0, 0.11265479685212448, -0.9936341865828723
Time, 0.094, Pos_X, -0.0042546322528700005, Pos_Y, -0.001763739047014571, Pos_Z, -0.0013953878084365908, BFx, 1.0, 0.0, 0.0,                             BFy, 0.0, -0.9932880020542735, -0.11566738941909975, BFz, 0.0, 0.11566738941909968, -0.9932880020542733
Time, 0.096, Pos_X, -0.004372643931514, Pos_Y, -0.0018628994888241575, Pos_Z, -0.0013870889025505266, BFx, 1.0, 0.0, 0.0,                             BFy, 0.0, -0.9929402753218047, -0.11861538535897588, BFz, 0.0, 0.11861538535897581, -0.9929402753218046
Time, 0.098, Pos_X, -0.004489787649118, Pos_Y, -0.001966289859032087, Pos_Z, -0.001377345053710612, BFx, 1.0, 0.0, 0.0,                             BFy, 0.0, -0.9925921945258966, -0.12149376677947063, BFz, 0.0, 0.12149376677947056, -0.9925921945258966
Time, 0.1, Pos_X, -0.004606159193022, Pos_Y, -0.0020740931852560322, Pos_Z, -0.0013664074723491386, BFx, 1.0, 0.0, 0.0,                             BFy, 0.0, -0.99224489156442, -0.12429833130139957, BFz, 0.0, 0.1242983313013995, -0.99224489156442
Time, 0.102, Pos_X, -0.004721868782585999, Pos_Y, -0.0021864994997715472, Pos_Z, -0.0013545277937669707, BFx, 1.0, 0.0, 0.0,                             BFy, 0.0, -0.991899448947635, -0.12702552175597515, BFz, 0.0, 0.12702552175597503, -0.9918994489476352
Time, 0.104, Pos_X, -0.004837038243849999, Pos_Y, -0.0023037052642670593, Pos_Z, -0.0013419533077609288, BFx, 1.0, 0.0, 0.0,                             BFy, 0.0, -0.9915568921169639, -0.1296723937287635, BFz, 0.0, 0.1296723937287634, -0.9915568921169639
Time, 0.106, Pos_X, -0.0049517977760139996, Pos_Y, -0.0024259124609835856, Pos_Z, -0.001328922270920433, BFx, 1.0, 0.0, 0.0,                             BFy, 0.0, -0.9912181816942324, -0.13223659205673569, BFz, 0.0, 0.1322365920567356, -0.9912181816942324
Time, 0.108, Pos_X, -0.005066283132358, Pos_Y, -0.002553327733245684, Pos_Z, -0.001315659064377384, BFx, 1.0, 0.0, 0.0,                             BFy, 0.0, -0.9908842197738296, -0.1347162314021914, BFz, 0.0, 0.13471623140219133, -0.9908842197738296
Time, 0.11, Pos_X, -0.005180633793888, Pos_Y, -0.0026861623300993924, Pos_Z, -0.0013023700572279875, BFx, 1.0, 0.0, 0.0,                             BFy, 0.0, -0.9905558571400758, -0.13710978770857163, BFz, 0.0, 0.13710978770857152, -0.9905558571400759
Time, 0.112, Pos_X, -0.005294991473984, Pos_Y, -0.0028246319906838485, Pos_Z, -0.001289240559977469, BFx, 1.0, 0.0, 0.0,                             BFy, 0.0, -0.9902338947818987, -0.1394160450775696, BFz, 0.0, 0.13941604507756947, -0.9902338947818989
Time, 0.114, Pos_X, -0.005409497617984, Pos_Y, -0.002968956182363245, Pos_Z, -0.0012764320818556818, BFx, 1.0, 0.0, 0.0,                             BFy, 0.0, -0.9899190810673784, -0.14163408113415576, BFz, 0.0, 0.14163408113415568, -0.9899190810673787
Time, 0.116, Pos_X, -0.005524289854028, Pos_Y, -0.003119356803697181, Pos_Z, -0.0012640790220769258, BFx, 1.0, 0.0, 0.0,                             BFy, 0.0, -0.9896120896067013, -0.14376338930429297, BFz, 0.0, 0.1437633893042929, -0.9896120896067017
Time, 0.118, Pos_X, -0.005639498793892, Pos_Y, -0.003276057028932237, Pos_Z, -0.0012522853978569443, BFx, 1.0, 0.0, 0.0,                             BFy, 0.0, -0.9893135190106906, -0.14580384460871934, BFz, 0.0, 0.14580384460871934, -0.9893135190106909
Time, 0.12, Pos_X, -0.0057552453616959995, Pos_Y, -0.003439280325101105, Pos_Z, -0.0012411223235666226, BFx, 1.0, 0.0, 0.0,                             BFy, 0.0, -0.9890238764003149, -0.14775578469249348, BFz, 0.0, 0.14775578469249345, -0.9890238764003151
Time, 0.122, Pos_X, -0.00587163833074, Pos_Y, -0.0036092494304785067, Pos_Z, -0.001230626137397302, BFx, 1.0, 0.0, 0.0,                             BFy, 0.0, -0.9887435506283341, -0.1496201560314484, BFz, 0.0, 0.14962015603144832, -0.9887435506283343
Time, 0.124, Pos_X, -0.005988772050644, Pos_Y, -0.003786185319752289, Pos_Z, -0.0012207972394539458, BFx, 1.0, 0.0, 0.0,                             BFy, 0.0, -0.9884727978749401, -0.15139857285089564, BFz, 0.0, 0.1513985728508956, -0.9884727978749402
Time, 0.126, Pos_X, -0.006106723689928, Pos_Y, -0.003970305944273954, Pos_Z, -0.0012115996813323413, BFx, 1.0, 0.0, 0.0,                             BFy, 0.0, -0.9882116955998494, -0.15309358144504542, BFz, 0.0, 0.15309358144504545, -0.9882116955998498
Time, 0.128, Pos_X, -0.006225550285992, Pos_Y, -0.004161824673775893, Pos_Z, -0.0012029609315400535, BFx, 1.0, 0.0, 0.0,                             BFy, 0.0, -0.9879601410358928, -0.15470862847410663, BFz, 0.0, 0.15470862847410663, -0.9879601410358931
Time, 0.13, Pos_X, -0.006345285663096, Pos_Y, -0.004360948361958279, Pos_Z, -0.0011947719278463309, BFx, 1.0, 0.0, 0.0,                             BFy, 0.0, -0.9877178062035757, -0.15624831297775946, BFz, 0.0, 0.15624831297775946, -0.9877178062035761
Time, 0.132, Pos_X, -0.00646593689072, Pos_Y, -0.004567875308291446, Pos_Z, -0.001186887690762761, BFx, 1.0, 0.0, 0.0,                             BFy, 0.0, -0.9874841447399849, -0.15771830549159646, BFz, 0.0, 0.15771830549159646, -0.9874841447399852
Time, 0.134, Pos_X, -0.006587481574084, Pos_Y, -0.004782793465024599, Pos_Z, -0.0011791289334050416, BFx, 1.0, 0.0, 0.0,                             BFy, 0.0, -0.9872583901601474, -0.15912533129076145, BFz, 0.0, 0.15912533129076145, -0.9872583901601476
Time, 0.136, Pos_X, -0.006709865894588, Pos_Y, -0.00500587887756922, Pos_Z, -0.0011712849443723655, BFx, 1.0, 0.0, 0.0,                             BFy, 0.0, -0.9870395913863369, -0.1604769299179579, BFz, 0.0, 0.16047692991795787, -0.9870395913863371
Time, 0.138, Pos_X, -0.006833002380692, Pos_Y, -0.005237294089561009, Pos_Z, -0.0011631173169207062, BFx, 1.0, 0.0, 0.0,                             BFy, 0.0, -0.9868266637084651, -0.16178113547017886, BFz, 0.0, 0.16178113547017883, -0.9868266637084653
Time, 0.14, Pos_X, -0.006956767974456, Pos_Y, -0.005477186720479822, Pos_Z, -0.0011543644051065416, BFx, 1.0, 0.0, 0.0,                             BFy, 0.0, -0.9866184505837338, -0.16304610687702117, BFz, 0.0, 0.16304610687702112, -0.9866184505837339
Time, 0.142, Pos_X, -0.0070810026936199985, Pos_Y, -0.005725688219837478, Pos_Z, -0.0011447464033000618, BFx, 1.0, 0.0, 0.0,                             BFy, 0.0, -0.9864137655902057, -0.16427989242190003, BFz, 0.0, 0.1642798924219, -0.9864137655902059
Time, 0.144, Pos_X, -0.0072055088442919985, Pos_Y, -0.005982912905116669, Pos_Z, -0.0011339712606766189, BFx, 1.0, 0.0, 0.0,                             BFy, 0.0, -0.9862114331771212, -0.16549020838324094, BFz, 0.0, 0.16549020838324097, -0.9862114331771215
Time, 0.146, Pos_X, -0.0073300513790099985, Pos_Y, -0.006248957740072006, Pos_Z, -0.0011217405140337502, BFx, 1.0, 0.0, 0.0,                             BFy, 0.0, -0.9860103401613771, -0.16668415969985093, BFz, 0.0, 0.1666841596998509, -0.9860103401613772
Time, 0.148, Pos_X, -0.007454358352953999, Pos_Y, -0.006523902259580213, Pos_Z, -0.0011077550813799089, BFx, 1.0, 0.0, 0.0,                             BFy, 0.0, -0.9858094750801998, -0.16786803996622202, BFz, 0.0, 0.16786803996622202, -0.9858094750801999
Time, 0.15, Pos_X, -0.007578120931505999, Pos_Y, -0.006807808182481778, Pos_Z, -0.0010917209147609957, BFx, 1.0, 0.0, 0.0,                             BFy, 0.0, -0.9856079543353371, -0.1690472133781335, BFz, 0.0, 0.1690472133781335, -0.9856079543353371
Time, 0.152, Pos_X, -0.007700994680457999, Pos_Y, -0.0071007194182059075, Pos_Z, -0.0010733546549326993, BFx, 1.0, 0.0, 0.0,                             BFy, 0.0, -0.9854050461778326, -0.1702260114296977, BFz, 0.0, 0.17022601142969773, -0.9854050461778325
Time, 0.154, Pos_X, -0.00782260231895, Pos_Y, -0.007402662914480928, Pos_Z, -0.0010523898782347726, BFx, 1.0, 0.0, 0.0,                             BFy, 0.0, -0.9852001842559387, -0.17140769219047444, BFz, 0.0, 0.17140769219047447, -0.9852001842559386
Time, 0.156, Pos_X, -0.007942536237882, Pos_Y, -0.007713649739872104, Pos_Z, -0.001028582947145535, BFx, 1.0, 0.0, 0.0,                             BFy, 0.0, -0.9849929955109611, -0.1725943185459591, BFz, 0.0, 0.17259431854595916, -0.9849929955109611
Time, 0.158, Pos_X, -0.008060361393454, Pos_Y, -0.008033676706982924, Pos_Z, -0.001001718261771797, BFx, 1.0, 0.0, 0.0,                             BFy, 0.0, -0.9847833097631199, -0.17378674521376877, BFz, 0.0, 0.1737867452137688, -0.9847833097631199
Time, 0.16, Pos_X, -0.008175619231226, Pos_Y, -0.008362728183275046, Pos_Z, -0.0009716127791328398, BFx, 1.0, 0.0, 0.0,                             BFy, 0.0, -0.9845712083781158, -0.17498438682596112, BFz, 0.0, 0.17498438682596112, -0.9845712083781156
Time, 0.162, Pos_X, -0.008287831692798, Pos_Y, -0.008700777710163856, Pos_Z, -0.0009381196755272141, BFx, 1.0, 0.0, 0.0,                             BFy, 0.0, -0.9843570728325357, -0.17618499699055715, BFz, 0.0, 0.17618499699055712, -0.9843570728325355
Time, 0.164, Pos_X, -0.00839650528491, Pos_Y, -0.009047789936556439, Pos_Z, -0.0009011316178977412, BFx, 1.0, 0.0, 0.0,                             BFy, 0.0, -0.9841415993016923, -0.1773846456825052, BFz, 0.0, 0.17738464568250517, -0.9841415993016921
Time, 0.166, Pos_X, -0.008501135524162, Pos_Y, -0.009403722603163175, Pos_Z, -0.0008605834453661737, BFx, 1.0, 0.0, 0.0,                             BFy, 0.0, -0.9839258307839557, -0.17857760082413288, BFz, 0.0, 0.17857760082413285, -0.9839258307839553
Time, 0.168, Pos_X, -0.008601211553014, Pos_Y, -0.009768528435867894, Pos_Z, -0.0008164537496438757, BFx, 1.0, 0.0, 0.0,                             BFy, 0.0, -0.983711173116751, -0.17975630137846538, BFz, 0.0, 0.17975630137846535, -0.9837111731167508
Time, 0.17, Pos_X, -0.008696220791466, Pos_Y, -0.010142157105398349, Pos_Z, -0.0007687654447538436, BFx, 1.0, 0.0, 0.0,                             BFy, 0.0, -0.9834993830671958, -0.18091147975307081, BFz, 0.0, 0.1809114797530708, -0.9834993830671955
Time, 0.172, Pos_X, -0.008785653928718, Pos_Y, -0.010524557169012743, Pos_Z, -0.0007175851852214785, BFx, 1.0, 0.0, 0.0,                             BFy, 0.0, -0.9832925364569385, -0.18203238104271566, BFz, 0.0, 0.1820323810427156, -0.9832925364569383
Time, 0.174, Pos_X, -0.00886900981757, Pos_Y, -0.0109156776919658, Pos_Z, -0.0006630218341868357, BFx, 1.0, 0.0, 0.0,                             BFy, 0.0, -0.9830929891180634, -0.1831070035441337, BFz, 0.0, 0.18310700354413365, -0.9830929891180632
Time, 0.176, Pos_X, -0.008945799803822, Pos_Y, -0.011315469645951788, Pos_Z, -0.0006052239264727748, BFx, 1.0, 0.0, 0.0,                             BFy, 0.0, -0.9829033238059043, -0.18412239421457055, BFz, 0.0, 0.18412239421457047, -0.982903323805904
Time, 0.178, Pos_X, -0.009015551998474, Pos_Y, -0.011723887658378037, Pos_Z, -0.0005443761951716491, BFx, 1.0, 0.0, 0.0,                             BFy, 0.0, -0.9827262995589756, -0.185064907951569, BFz, 0.0, 0.1850649079515689, -0.9827262995589754
Time, 0.18, Pos_X, -0.009077815359126, Pos_Y, -0.012140891508921154, Pos_Z, -0.0004806953737150472, BFx, 1.0, 0.0, 0.0,                             BFy, 0.0, -0.9825647601487978, -0.18592066080383687, BFz, 0.0, 0.18592066080383682, -0.9825647601487976
Time, 0.182, Pos_X, -0.009132163275978, Pos_Y, -0.012566446975862037, Pos_Z, -0.00041442577143234677, BFx, 1.0, 0.0, 0.0,                             BFy, 0.0, -0.9824215442929729, -0.1866759473231883, BFz, 0.0, 0.18667594732318823, -0.9824215442929729
Time, 0.184, Pos_X, -0.00917819685383, Pos_Y, -0.013000526560766074, Pos_Z, -0.000345835619386386, BFx, 1.0, 0.0, 0.0,                             BFy, 0.0, -0.982299396489301, -0.1873176330641478, BFz, 0.0, 0.18731763306414778, -0.9822993964893011
Time, 0.186, Pos_X, -0.009215548005282, Pos_Y, -0.013443110243034868, Pos_Z, -0.00027521334598945785, BFx, 1.0, 0.0, 0.0,                             BFy, 0.0, -0.982200847764953, -0.18783368880423645, BFz, 0.0, 0.18783368880423643, -0.9822008477649532
Time, 0.188, Pos_X, -0.009243882776934, Pos_Y, -0.01389418587856489, Pos_Z, -0.00020286263891056112, BFx, 1.0, 0.0, 0.0,                             BFy, 0.0, -0.9821281242706756, -0.18821356889598415, BFz, 0.0, 0.18821356889598415, -0.9821281242706759
Time, 0.19, Pos_X, -0.009262904048586, Pos_Y, -0.014353748944830224, Pos_Z, -0.00012909667086228905, BFx, 1.0, 0.0, 0.0,                             BFy, 0.0, -0.9820830409940079, -0.1884486683210068, BFz, 0.0, 0.1884486683210068, -0.9820830409940082
Time, 0.192, Pos_X, -0.009272353495638, Pos_Y, -0.014821802445469021, Pos_Z, -5.4231336879571225e-05, BFx, 1.0, 0.0, 0.0,                             BFy, 0.0, -0.9820669543446031, -0.1885324831012264, BFz, 0.0, 0.18853248310122642, -0.9820669543446034
Time, 0.194, Pos_X, -0.00927201302709, Pos_Y, -0.015298357283471061, Pos_Z, 2.1421151714827994e-05, BFx, 1.0, 0.0, 0.0,                             BFy, 0.0, -0.9820807258517552, -0.18846073307320246, BFz, 0.0, 0.18846073307320252, -0.9820807258517554
Time, 0.196, Pos_X, -0.009261706612342, Pos_Y, -0.01578343295865386, Pos_Z, 9.755746946876839e-05, BFx, 1.0, 0.0, 0.0,                             BFy, 0.0, -0.9821247110164768, -0.18823137892179692, BFz, 0.0, 0.18823137892179695, -0.982124711016477
Time, 0.198, Pos_X, -0.009241301857594, Pos_Y, -0.01627705856139874, Pos_Z, 0.00017388806488342526, BFx, 1.0, 0.0, 0.0,                             BFy, 0.0, -0.9821987776187707, -0.18784451347907788, BFz, 0.0, 0.18784451347907793, -0.9821987776187711
Time, 0.2, Pos_X, -0.009210710299046, Pos_Y, -0.016779273411762777, Pos_Z, 0.0002501412037679564, BFx, 1.0, 0.0, 0.0,                             BFy, 0.0, -0.9823023483137715, -0.18730215294344268, BFz, 0.0, 0.18730215294344274, -0.982302348313772
Time, 0.202, Pos_X, -0.009169887380098, Pos_Y, -0.017290127342971612, Pos_Z, 0.0003260665766436858, BFx, 1.0, 0.0, 0.0,                             BFy, 0.0, -0.982434425149712, -0.18660814634081166, BFz, 0.0, 0.18660814634081171, -0.9824344251497124
Time, 0.204, Pos_X, -0.00911883208415, Pos_Y, -0.017809680806143764, Pos_Z, 0.0004014387999693205, BFx, 1.0, 0.0, 0.0,                             BFy, 0.0, -0.9825936470563348, -0.18576793255169255, BFz, 0.0, 0.18576793255169263, -0.982593647056335
Time, 0.206, Pos_X, -0.009057586335602, Pos_Y, -0.018338005026419635, Pos_Z, 0.000476060570613677, BFx, 1.0, 0.0, 0.0,                             BFy, 0.0, -0.9827783523743787, -0.18478828454288057, BFz, 0.0, 0.18478828454288065, -0.9827783523743789
Time, 0.208, Pos_X, -0.008986233704054, Pos_Y, -0.018875182277216275, Pos_Z, 0.0005497651688869103, BFx, 1.0, 0.0, 0.0,                             BFy, 0.0, -0.982986623203062, -0.18367715863394926, BFz, 0.0, 0.1836771586339494, -0.9829866232030621
Time, 0.21, Pos_X, -0.008904897564506001, Pos_Y, -0.019421306152815666, Pos_Z, 0.0006224179183358261, BFx, 1.0, 0.0, 0.0,                             BFy, 0.0, -0.9832163215355977, -0.1824435942038193, BFz, 0.0, 0.18244359420381942, -0.9832163215355978
Time, 0.212, Pos_X, -0.008813739352558001, Pos_Y, -0.01997648195365421, Pos_Z, 0.0006939167334534336, BFx, 1.0, 0.0, 0.0,                             BFy, 0.0, -0.9834651580979874, -0.18109744009041134, BFz, 0.0, 0.18109744009041145, -0.9834651580979875
Time, 0.214, Pos_X, -0.008712956800210002, Pos_Y, -0.020540826868001887, Pos_Z, 0.0007641920237218822, BFx, 1.0, 0.0, 0.0,                             BFy, 0.0, -0.9837307237976689, -0.17964927791815383, BFz, 0.0, 0.17964927791815397, -0.9837307237976689
Time, 0.216, Pos_X, -0.008602781183862, Pos_Y, -0.02111447002374202, Pos_Z, 0.0008332061057815034, BFx, 1.0, 0.0, 0.0,                             BFy, 0.0, -0.9840105269102143, -0.1781103111273514, BFz, 0.0, 0.1781103111273515, -0.9840105269102143
Time, 0.218, Pos_X, -0.008483473802514, Pos_Y, -0.02169755224151993, Pos_Z, 0.0009009519687433837, BFx, 1.0, 0.0, 0.0,                             BFy, 0.0, -0.9843020572602249, -0.1764920963479345, BFz, 0.0, 0.17649209634793467, -0.9843020572602249
Time, 0.22, Pos_X, -0.008355322507566, Pos_Y, -0.022290225353666544, Pos_Z, 0.0009674516130398968, BFx, 1.0, 0.0, 0.0,                             BFy, 0.0, -0.9846028235985295, -0.17480640652391097, BFz, 0.0, 0.1748064065239111, -0.9846028235985295
Time, 0.222, Pos_X, -0.008218638228818, Pos_Y, -0.02289265158786824, Pos_Z, 0.0010327538433592576, BFx, 1.0, 0.0, 0.0,                             BFy, 0.0, -0.9849103937312988, -0.17306506383455136, BFz, 0.0, 0.17306506383455153, -0.9849103937312988
Time, 0.224, Pos_X, -0.00807375154407, Pos_Y, -0.023505002893144104, Pos_Z, 0.0010969313052963236, BFx, 1.0, 0.0, 0.0,                             BFy, 0.0, -0.9852224495023171, -0.17127966895301264, BFz, 0.0, 0.1712796689530128, -0.9852224495023172
Time, 0.226, Pos_X, -0.007921008644321999, Pos_Y, -0.02412746019838075, Pos_Z, 0.001160076641509845, BFx, 1.0, 0.0, 0.0,                             BFy, 0.0, -0.9855368277625987, -0.16946138534673136, BFz, 0.0, 0.16946138534673152, -0.9855368277625988
Time, 0.228, Pos_X, -0.007760766652973998, Pos_Y, -0.024760212235352297, Pos_Z, 0.0012222979650759371, BFx, 1.0, 0.0, 0.0,                             BFy, 0.0, -0.9858515371251684, -0.167620842224177, BFz, 0.0, 0.16762084222417717, -0.9858515371251683
Time, 0.23, Pos_X, -0.007593389122825998, Pos_Y, -0.02540345379345459, Pos_Z, 0.0012837141959131035, BFx, 1.0, 0.0, 0.0,                             BFy, 0.0, -0.9861647835935688, -0.16576796916126268, BFz, 0.0, 0.16576796916126285, -0.9861647835935688
Time, 0.232, Pos_X, -0.0074192418360779985, Pos_Y, -0.026057383753748033, Pos_Z, 0.0013444499454314876, BFx, 1.0, 0.0, 0.0,                             BFy, 0.0, -0.9864749637955078, -0.16391200628584812, BFz, 0.0, 0.1639120062858483, -0.9864749637955077
Time, 0.234, Pos_X, -0.007238688493529998, Pos_Y, -0.02672220304316034, Pos_Z, 0.0014046304856400879, BFx, 1.0, 0.0, 0.0,                             BFy, 0.0, -0.9867807140429297, -0.16206116867691037, BFz, 0.0, 0.16206116867691053, -0.9867807140429297
Time, 0.236, Pos_X, -0.007052086419782001, Pos_Y, -0.027398112559259346, Pos_Z, 0.0014643766050333738, BFx, 1.0, 0.0, 0.0,                             BFy, 0.0, -0.9870809038184666, -0.16022262423552672, BFz, 0.0, 0.16022262423552688, -0.9870809038184667
Time, 0.238, Pos_X, -0.006859782163234, Pos_Y, -0.028085310736964166, Pos_Z, 0.0015237985885858123, BFx, 1.0, 0.0, 0.0,                             BFy, 0.0, -0.9873746537909137, -0.15840231390757264, BFz, 0.0, 0.15840231390757284, -0.9873746537909138
Time, 0.24, Pos_X, -0.0066621072086859995, Pos_Y, -0.028783990875443467, Pos_Z, 0.0015829906631370423, BFx, 1.0, 0.0, 0.0,                             BFy, 0.0, -0.9876613345016484, -0.15660487965073958, BFz, 0.0, 0.15660487965073977, -0.9876613345016485
Time, 0.242, Pos_X, -0.006459374532537999, Pos_Y, -0.029494338706938517, Pos_Z, 0.001642025570776927, BFx, 1.0, 0.0, 0.0,                             BFy, 0.0, -0.9879405625689249, -0.1548336036879457, BFz, 0.0, 0.15483360368794588, -0.9879405625689249
Time, 0.244, Pos_X, -0.006251874910789999, Pos_Y, -0.030216529924236617, Pos_Z, 0.001700949431802008, BFx, 1.0, 0.0, 0.0,                             BFy, 0.0, -0.988212211083606, -0.15309025398519027, BFz, 0.0, 0.1530902539851905, -0.988212211083606
Time, 0.246, Pos_X, -0.0060398728168419985, Pos_Y, -0.030950727377734022, Pos_Z, 0.0017597774251496261, BFx, 1.0, 0.0, 0.0,                             BFy, 0.0, -0.9884763879977869, -0.1513751312826783, BFz, 0.0, 0.15137513128267852, -0.9884763879977869
Time, 0.248, Pos_X, -0.0058236030174939986, Pos_Y, -0.031697078717517514, Pos_Z, 0.0018184899176435995, BFx, 1.0, 0.0, 0.0,                             BFy, 0.0, -0.9887334414729034, -0.14968694570051252, BFz, 0.0, 0.14968694570051275, -0.9887334414729033
Time, 0.25, Pos_X, -0.005603267673445998, Pos_Y, -0.032455714590026885, Pos_Z, 0.0018770293197772803, BFx, 1.0, 0.0, 0.0,                             BFy, 0.0, -0.988983970767828, -0.14802265219992358, BFz, 0.0, 0.14802265219992378, -0.9889839707678278
Time, 0.252, Pos_X, -0.005379033412297998, Pos_Y, -0.03322674672359753, Pos_Z, 0.0019352973887391334, BFx, 1.0, 0.0, 0.0,                             BFy, 0.0, -0.9892288080662284, -0.14637747535692824, BFz, 0.0, 0.14637747535692844, -0.9892288080662284
Time, 0.254, Pos_X, -0.005151028434149997, Pos_Y, -0.03401026618563371, Pos_Z, 0.0019931533202155226, BFx, 1.0, 0.0, 0.0,                             BFy, 0.0, -0.989468996579265, -0.14474496470835033, BFz, 0.0, 0.14474496470835055, -0.9894689965792651
Time, 0.256, Pos_X, -0.004919340553701997, Pos_Y, -0.03480634215981488, Pos_Z, 0.002050412342416605, BFx, 1.0, 0.0, 0.0,                             BFy, 0.0, -0.9897057743411973, -0.14311701588451975, BFz, 0.0, 0.14311701588451994, -0.9897057743411974
Time, 0.258, Pos_X, -0.004684016294553997, Pos_Y, -0.03561502123468102, Pos_Z, 0.00210684470152389, BFx, 1.0, 0.0, 0.0,                             BFy, 0.0, -0.9899405362872158, -0.14148404367764744, BFz, 0.0, 0.1414840436776476, -0.989940536287216
Time, 0.26, Pos_X, -0.004445060691285996, Pos_Y, -0.036436327190229295, Pos_Z, 0.0021621754554564054, BFx, 1.0, 0.0, 0.0,                             BFy, 0.0, -0.9901747940928313, -0.13983517848960134, BFz, 0.0, 0.13983517848960153, -0.9901747940928314
Time, 0.262, Pos_X, -0.004202436959777996, Pos_Y, -0.037270261244488304, Pos_Z, 0.002216085855701596, BFx, 1.0, 0.0, 0.0,                             BFy, 0.0, -0.9904101114447956, -0.13815864485404902, BFz, 0.0, 0.13815864485404922, -0.9904101114447956
Time, 0.264, Pos_X, -0.003956065918149996, Pos_Y, -0.03811680223426903, Pos_Z, 0.002268216473656027, BFx, 1.0, 0.0, 0.0,                             BFy, 0.0, -0.9906480390440146, -0.136442158947476, BFz, 0.0, 0.1364421589474762, -0.9906480390440147
Time, 0.266, Pos_X, -0.003705826834801996, Pos_Y, -0.0389759071887812, Pos_Z, 0.0023181709697427185, BFx, 1.0, 0.0, 0.0,                             BFy, 0.0, -0.9908900425756659, -0.13467339575578607, BFz, 0.0, 0.13467339575578627, -0.9908900425756662
Time, 0.268, Pos_X, -0.003451559375133996, Pos_Y, -0.039847512455659706, Pos_Z, 0.0023655200418298576, BFx, 1.0, 0.0, 0.0,                             BFy, 0.0, -0.9911374443877394, -0.13284037914934158, BFz, 0.0, 0.13284037914934177, -0.9911374443877394
Time, 0.27, Pos_X, -0.0031930657560659955, Pos_Y, -0.04073153514111538, Pos_Z, 0.002409805991820755, BFx, 1.0, 0.0, 0.0,                             BFy, 0.0, -0.9913913436344054, -0.1309320578268311, BFz, 0.0, 0.13093205782683123, -0.9913913436344055
Time, 0.272, Pos_X, -0.0029301137427979952, Pos_Y, -0.04162787509064955, Pos_Z, 0.0024505479719161677, BFx, 1.0, 0.0, 0.0,                             BFy, 0.0, -0.9916525790490006, -0.12893859959479145, BFz, 0.0, 0.12893859959479156, -0.9916525790490008
Time, 0.274, Pos_X, -0.002662440476529995, Pos_Y, -0.04253641696366518, Pos_Z, 0.002487247898392663, BFx, 1.0, 0.0, 0.0,                             BFy, 0.0, -0.9919216942142529, -0.12685169508968638, BFz, 0.0, 0.1268516950896865, -0.9919216942142532
Time, 0.276, Pos_X, -0.0023897568966619945, Pos_Y, -0.04345703267183751, Pos_Z, 0.0025193967848176, BFx, 1.0, 0.0, 0.0,                             BFy, 0.0, -0.99219895159473, -0.12466451160743003, BFz, 0.0, 0.12466451160743013, -0.9921989515947304
Time, 0.278, Pos_X, -0.002111752445793994, Pos_Y, -0.04438958387049815, Pos_Z, 0.002546481084612466, BFx, 1.0, 0.0, 0.0,                             BFy, 0.0, -0.9924843230543059, -0.12237184517460098, BFz, 0.0, 0.12237184517460108, -0.9924843230543062
Time, 0.28, Pos_X, -0.0018281002283259936, Pos_Y, -0.04533392445602813, Pos_Z, 0.0025679890407091103, BFx, 1.0, 0.0, 0.0,                             BFy, 0.0, -0.9927775277162314, -0.11996991481887455, BFz, 0.0, 0.11996991481887463, -0.9927775277162317
Time, 0.282, Pos_X, -0.0015384627808580013, Pos_Y, -0.04628990317856376, Pos_Z, 0.002583416926089551, BFx, 1.0, 0.0, 0.0,                             BFy, 0.0, -0.9930780795756351, -0.1174560678141811, BFz, 0.0, 0.11745606781418118, -0.9930780795756354
Time, 0.284, Pos_X, -0.001242498140790001, Pos_Y, -0.04725736639564525, Pos_Z, 0.0025922749370776987, BFx, 1.0, 0.0, 0.0,                             BFy, 0.0, -0.9933853222127051, -0.11482857489475849, BFz, 0.0, 0.11482857489475858, -0.9933853222127054
Time, 0.286, Pos_X, -0.0009398663905220008, Pos_Y, -0.04823616075982829, Pos_Z, 0.0025940926578159034, BFx, 1.0, 0.0, 0.0,                             BFy, 0.0, -0.9936984677433286, -0.11208637385767173, BFz, 0.0, 0.11208637385767181, -0.993698467743329
Time, 0.288, Pos_X, -0.0006302363494540006, Pos_Y, -0.04922613539488666, Pos_Z, 0.0025884238984876817, BFx, 1.0, 0.0, 0.0,                             BFy, 0.0, -0.9940166077980976, -0.10922904110887532, BFz, 0.0, 0.1092290411088754, -0.994016607798098
Time, 0.29, Pos_X, -0.00031329194798600035, Pos_Y, -0.05022714428814591, Pos_Z, 0.002574851002413882, BFx, 1.0, 0.0, 0.0,                             BFy, 0.0, -0.9943387369931576, -0.10625665209695863, BFz, 0.0, 0.1062566520969587, -0.9943387369931578
Time, 0.292, Pos_X, 1.1261477881999908e-05, Pos_Y, -0.051239049022329924, Pos_Z, 0.002552988655264632, BFx, 1.0, 0.0, 0.0,                             BFy, 0.0, -0.9946637590360285, -0.10316979432139778, BFz, 0.0, 0.10316979432139783, -0.9946637590360287
Time, 0.294, Pos_X, 0.00034369100435000015, Pos_Y, -0.05226172092292675, Pos_Z, 0.0025224869765468885, BFx, 1.0, 0.0, 0.0,                             BFy, 0.0, -0.9949904833821726, -0.09996968529965822, BFz, 0.0, 0.09996968529965827, -0.9949904833821727
Time, 0.296, Pos_X, 0.0006842303812180004, Pos_Y, -0.053295042665256906, Pos_Z, 0.0024830340060380614, BFx, 1.0, 0.0, 0.0,                             BFy, 0.0, -0.9953176288806284, -0.09665825179179274, BFz, 0.0, 0.0966582517917928, -0.9953176288806285
Time, 0.298, Pos_X, 0.0010330753268860007, Pos_Y, -0.054338909718353465, Pos_Z, 0.002434357326632355, BFx, 1.0, 0.0, 0.0,                             BFy, 0.0, -0.9956438188834192, -0.09323832859528998, BFz, 0.0, 0.09323832859529002, -0.9956438188834194
Time, 0.3, Pos_X, 0.001390379327554001, Pos_Y, -0.05539323158585454, Pos_Z, 0.0023762249744779767, BFx, 1.0, 0.0, 0.0,                             BFy, 0.0, -0.995967597894044, -0.08971367758134845, BFz, 0.0, 0.08971367758134849, -0.9959675978940441
Time, 0.302, Pos_X, 0.0017562499424220014, Pos_Y, -0.05645793262981261, Pos_Z, 0.002308445369302755, BFx, 1.0, 0.0, 0.0,                             BFy, 0.0, -0.9962874351513548, -0.086089177946691, BFz, 0.0, 0.08608917794669106, -0.9962874351513549
Time, 0.304, Pos_X, 0.002130745689490002, Pos_Y, -0.05753295234380314, Pos_Z, 0.0022308665546458026, BFx, 1.0, 0.0, 0.0,                             BFy, 0.0, -0.9966017377747928, -0.08237096736268767, BFz, 0.0, 0.08237096736268773, -0.996601737774793
Time, 0.306, Pos_X, 0.0025138739721580023, Pos_Y, -0.05861824545113576, Pos_Z, 0.0021433747155279875, BFx, 1.0, 0.0, 0.0,                             BFy, 0.0, -0.996908884215004, -0.07856638322589218, BFz, 0.0, 0.07856638322589224, -0.9969088842150041
Time, 0.308, Pos_X, 0.0029055898060260025, Pos_Y, -0.05971378159052469, Pos_Z, 0.0020458917661038767, BFx, 1.0, 0.0, 0.0,                             BFy, 0.0, -0.9972072538659961, -0.07468395300893652, BFz, 0.0, 0.07468395300893658, -0.9972072538659962
Time, 0.31, Pos_X, 0.003305794993094003, Pos_Y, -0.06081954463197053, Pos_Z, 0.0019383722306404434, BFx, 1.0, 0.0, 0.0,                             BFy, 0.0, -0.9974952617420761, -0.0707333217239891, BFz, 0.0, 0.07073332172398919, -0.9974952617420763
Time, 0.312, Pos_X, 0.0037143387841620033, Pos_Y, -0.0619355320164796, Pos_Z, 0.001820799603559433, BFx, 1.0, 0.0, 0.0,                             BFy, 0.0, -0.9977713927129149, -0.06672516679433804, BFz, 0.0, 0.06672516679433814, -0.997771392712915
