Time, 0, Pos_X, 0.0, Pos_Y, 0.0, Pos_Z, 0.0, BFx, 1, 0, 0,                         BFy, 0, -1, 0, BFz, 0, 0, -1
Time, 0.0, Pos_X, 0.0, Pos_Y, 0.0, Pos_Z, 0.0, BFx, 1.0, 0.0, 0.0,                             BFy, 0.0, -1.0, 0.0, BFz, 0.0, 0.0, -1.0
Time, 0.002, Pos_X, -1.7819332e-06, Pos_Y, -1.6109965354233095e-06, Pos_Z, -1.8454574188209114e-06, BFx, 1.0, 0.0, 0.0,                             BFy, 0.0, -0.999999828136666, -0.000586282046413202, BFz, 0.0, 0.000586282046413202, -0.9999998281366661
Time, 0.004, Pos_X, -7.105628600000001e-06, Pos_Y, -6.4646532980394056e-06, Pos_Z, -7.351756182264869e-06, BFx, 1.0, 0.0, 0.0,                             BFy, 0.0, -0.9999993240884519, -0.0011626790780438572, BFz, 0.0, 0.0011626790780438572, -0.9999993240884522
Time, 0.006, Pos_X, -1.59278886e-05, Pos_Y, -1.4604210899776537e-05, Pos_Z, -1.6454852243567637e-05, BFx, 1.0, 0.0, 0.0,                             BFy, 0.0, -0.9999985066240462, -0.0017282215357046578, BFz, 0.0, 0.0017282215357046578, -0.9999985066240464
Time, 0.008, Pos_X, -2.82082918e-05, Pos_Y, -2.6076771229400495e-05, Pos_Z, -2.908318263978711e-05, BFx, 1.0, 0.0, 0.0,                             BFy, 0.0, -0.9999973970049663, -0.0022816623962793096, BFz, 0.0, 0.0022816623962793096, -0.9999973970049665
Time, 0.01, Pos_X, -4.39097742e-05, Pos_Y, -4.093275184731552e-05, Pos_Z, -4.51583093742175e-05, BFx, 1.0, 0.0, 0.0,                             BFy, 0.0, -0.9999960204572573, -0.0028211823136555085, BFz, 0.0, 0.002821182313655508, -0.9999960204572576
Time, 0.012, Pos_X, -6.29987776e-05, Pos_Y, -5.92250269149758e-05, Pos_Z, -6.459557970441159e-05, BFx, 1.0, 0.0, 0.0,                             BFy, 0.0, -0.9999944060010563, -0.0033448417889722325, BFz, 0.0, 0.0033448417889722316, -0.9999944060010565
Time, 0.014, Pos_X, -8.54467762e-05, Pos_Y, -8.100821764735186e-05, Pos_Z, -8.730547144825372e-05, BFx, 1.0, 0.0, 0.0,                             BFy, 0.0, -0.9999925863236575, -0.00385062303021416, BFz, 0.0, 0.003850623030214159, -0.9999925863236576
Time, 0.016, Pos_X, -0.00011123142592, Pos_Y, -0.00010633916203811018, Pos_Z, -0.00011319484906842619, BFx, 1.0, 0.0, 0.0,                             BFy, 0.0, -0.9999905983909182, -0.004336257576682689, BFz, 0.0, 0.004336257576682689, -0.9999905983909183
Time, 0.018, Pos_X, -0.00014033763075999998, Pos_Y, -0.00013527792472337686, Pos_Z, -0.00014216694882487711, BFx, 1.0, 0.0, 0.0,                             BFy, 0.0, -0.9999884840537204, -0.004799141583696249, BFz, 0.0, 0.00479914158369625, -0.9999884840537205
Time, 0.02, Pos_X, -0.00017275916454, Pos_Y, -0.00016788722315349983, Pos_Z, -0.00017412215254927185, BFx, 1.0, 0.0, 0.0,                             BFy, 0.0, -0.9999862899880667, -0.005236395315521342, BFz, 0.0, 0.005236395315521341, -0.9999862899880666
Time, 0.022, Pos_X, -0.0002084995858, Pos_Y, -0.0002042309334820262, Pos_Z, -0.00020895925882514886, BFx, 1.0, 0.0, 0.0,                             BFy, 0.0, -0.9999840673479241, -0.00564491366632712, BFz, 0.0, 0.00564491366632712, -0.999984067347924
Time, 0.024, Pos_X, -0.0002475732234, Pos_Y, -0.0002443729212853534, Pos_Z, -0.00024657645866286136, BFx, 1.0, 0.0, 0.0,                             BFy, 0.0, -0.9999818694172157, -0.006021697173443035, BFz, 0.0, 0.006021697173443034, -0.9999818694172156
Time, 0.026, Pos_X, -0.00029000603179999996, Pos_Y, -0.0002883761069226659, Pos_Z, -0.000286872365470156, BFx, 1.0, 0.0, 0.0,                             BFy, 0.0, -0.9999797483962822, -0.006364180804029433, BFz, 0.0, 0.006364180804029432, -0.9999797483962822
Time, 0.028, Pos_X, -0.0003358364514, Pos_Y, -0.00033630158401829743, Pos_Z, -0.0003297470692892515, BFx, 1.0, 0.0, 0.0,                             BFy, 0.0, -0.99997775619857, -0.006669865671170786, BFz, 0.0, 0.006669865671170784, -0.99997775619857
Time, 0.03, Pos_X, -0.00038511649811999996, Pos_Y, -0.00038820779837819695, Pos_Z, -0.00037510363459582034, BFx, 1.0, 0.0, 0.0,                             BFy, 0.0, -0.9999759304714971, -0.006938189797145018, BFz, 0.0, 0.006938189797145017, -0.9999759304714972
Time, 0.032, Pos_X, -0.00043791255822, Pos_Y, -0.00044414938697564415, Pos_Z, -0.00042284969645017085, BFx, 1.0, 0.0, 0.0,                             BFy, 0.0, -0.9999742943233088, -0.007170125005729859, BFz, 0.0, 0.007170125005729857, -0.999974294323309
Time, 0.034, Pos_X, -0.00049430545418, Pos_Y, -0.0005041758569751347, Pos_Z, -0.0004728994251919118, BFx, 1.0, 0.0, 0.0,                             BFy, 0.0, -0.9999728533482715, -0.0073683489679415674, BFz, 0.0, 0.007368348967941566, -0.9999728533482718
Time, 0.036, Pos_X, -0.0005543902947399999, Pos_Y, -0.0005683304587086876, Pos_Z, -0.0005251747932421081, BFx, 1.0, 0.0, 0.0,                             BFy, 0.0, -0.9999715935617934, -0.007537378157166751, BFz, 0.0, 0.00753737815716675, -0.9999715935617938
Time, 0.038, Pos_X, -0.0006182774405, Pos_Y, -0.0006366500403389257, Pos_Z, -0.0005796059643247859, BFx, 1.0, 0.0, 0.0,                             BFy, 0.0, -0.999970482561187, -0.007683359053413824, BFz, 0.0, 0.0076833590534138236, -0.9999704825611873
Time, 0.04, Pos_X, -0.00068609245938, Pos_Y, -0.0007091649467434448, Pos_Z, -0.0006361324500842941, BFx, 1.0, 0.0, 0.0,                             BFy, 0.0, -0.9999694739917648, -0.007813519349843853, BFz, 0.0, 0.007813519349843853, -0.999969473991765
Time, 0.042, Pos_X, -0.00075797450058, Pos_Y, -0.0007858986984177654, Pos_Z, -0.0006947034475931517, BFx, 1.0, 0.0, 0.0,                             BFy, 0.0, -0.9999685123689973, -0.007935632963523412, BFz, 0.0, 0.007935632963523412, -0.9999685123689974
Time, 0.044, Pos_X, -0.0008340746825799998, Pos_Y, -0.0008668682520730187, Pos_Z, -0.0007552767447047415, BFx, 1.0, 0.0, 0.0,                             BFy, 0.0, -0.9999675411764446, -0.008057083438384913, BFz, 0.0, 0.008057083438384913, -0.9999675411764447
Time, 0.046, Pos_X, -0.0009145547709799998, Pos_Y, -0.000952084167873882, Pos_Z, -0.0008178175838985158, BFx, 1.0, 0.0, 0.0,                             BFy, 0.0, -0.999966507133952, -0.008184412643630385, BFz, 0.0, 0.008184412643630384, -0.9999665071339522
Time, 0.048, Pos_X, -0.0009995857511799998, Pos_Y, -0.0010415503566092636, Pos_Z, -0.0008822980176083325, BFx, 1.0, 0.0, 0.0,                             BFy, 0.0, -0.999965363597423, -0.008322956534244273, BFz, 0.0, 0.008322956534244271, -0.9999653635974233
Time, 0.05, Pos_X, -0.0010893454491799999, Pos_Y, -0.0011352637517653447, Pos_Z, -0.0009486967146692118, BFx, 1.0, 0.0, 0.0,                             BFy, 0.0, -0.9999640740067627, -0.008476478973899155, BFz, 0.0, 0.008476478973899153, -0.9999640740067628
Time, 0.052, Pos_X, -0.0011840163305799995, Pos_Y, -0.0012332143302184408, Pos_Z, -0.0010169983446919845, BFx, 1.0, 0.0, 0.0,                             BFy, 0.0, -0.9999626112840336, -0.008647313687736424, BFz, 0.0, 0.00864731368773642, -0.9999626112840336
Time, 0.054, Pos_X, -0.0012837837199799996, Pos_Y, -0.0013353855564765434, Pos_Z, -0.0010871932279509255, BFx, 1.0, 0.0, 0.0,                             BFy, 0.0, -0.999960957408027, -0.008836495890302835, BFz, 0.0, 0.00883649589030283, -0.9999609574080272
Time, 0.056, Pos_X, -0.0013888341009799998, Pos_Y, -0.0014417559617528539, Pos_Z, -0.00115927706063444, BFx, 1.0, 0.0, 0.0,                             BFy, 0.0, -0.9999591002704038, -0.009044212868029181, BFz, 0.0, 0.009044212868029177, -0.9999591002704038
Time, 0.058, Pos_X, -0.00149935385778, Pos_Y, -0.0015523002504699852, Pos_Z, -0.0012332505611296614, BFx, 1.0, 0.0, 0.0,                             BFy, 0.0, -0.9999570311252913, -0.009270161977575008, BFz, 0.0, 0.009270161977575003, -0.9999570311252914
Time, 0.06, Pos_X, -0.0016155273015799998, Pos_Y, -0.0016669899487760558, Pos_Z, -0.001309119060032104, BFx, 1.0, 0.0, 0.0,                             BFy, 0.0, -0.9999547418087292, -0.009513902156067126, BFz, 0.0, 0.009513902156067119, -0.9999547418087292
Time, 0.062, Pos_X, -0.0017375335723799998, Pos_Y, -0.0017857945787918186, Pos_Z, -0.0013868916127288088, BFx, 1.0, 0.0, 0.0,                             BFy, 0.0, -0.9999522229289945, -0.009775063138396314, BFz, 0.0, 0.009775063138396305, -0.9999522229289945
Time, 0.064, Pos_X, -0.00186554324138, Pos_Y, -0.001908682042628827, Pos_Z, -0.0014665799723733725, BFx, 1.0, 0.0, 0.0,                             BFy, 0.0, -0.999949462274448, -0.01005350173020586, BFz, 0.0, 0.010053501730205848, -0.999949462274448
Time, 0.066, Pos_X, -0.0019997151233800002, Pos_Y, -0.0020356184816794696, Pos_Z, -0.0015481974723502573, BFx, 1.0, 0.0, 0.0,                             BFy, 0.0, -0.9999464493164285, -0.010348840488882174, BFz, 0.0, 0.010348840488882158, -0.9999464493164287
Time, 0.068, Pos_X, -0.0021401943067800005, Pos_Y, -0.0021665677098422664, Pos_Z, -0.001631758451345001, BFx, 1.0, 0.0, 0.0,                             BFy, 0.0, -0.9999431739104678, -0.010660626147511199, BFz, 0.0, 0.010660626147511183, -0.999943173910468
Time, 0.07, Pos_X, -0.0022871108211800005, Pos_Y, -0.002301490666294391, Pos_Z, -0.0017172782057272586, BFx, 1.0, 0.0, 0.0,                             BFy, 0.0, -0.9999396252576691, -0.01098844117922438, BFz, 0.0, 0.010988441179224366, -0.9999396252576693
Time, 0.072, Pos_X, -0.0024405784245799997, Pos_Y, -0.0024403447325954137, Pos_Z, -0.0018047731830991493, BFx, 1.0, 0.0, 0.0,                             BFy, 0.0, -0.9999357921596302, -0.011331882371872704, BFz, 0.0, 0.01133188237187269, -0.9999357921596304
Time, 0.074, Pos_X, -0.0026006936905799997, Pos_Y, -0.002583082679251662, Pos_Z, -0.0018942609209201431, BFx, 1.0, 0.0, 0.0,                             BFy, 0.0, -0.9999316631136493, -0.011690556135985226, BFz, 0.0, 0.011690556135985209, -0.9999316631136493
Time, 0.076, Pos_X, -0.00276753535098, Pos_Y, -0.0027296520631133795, Pos_Z, -0.001985759116237829, BFx, 1.0, 0.0, 0.0,                             BFy, 0.0, -0.9999272211144485, -0.012064513016875314, BFz, 0.0, 0.012064513016875295, -0.9999272211144485
Time, 0.078, Pos_X, -0.0029411626537800004, Pos_Y, -0.0028799938892024404, Pos_Z, -0.0020792849895680454, BFx, 1.0, 0.0, 0.0,                             BFy, 0.0, -0.9999224418611341, -0.012454327057868374, BFz, 0.0, 0.012454327057868355, -0.9999224418611341
Time, 0.08, Pos_X, -0.0031216124245800007, Pos_Y, -0.0030340400397739884, Pos_Z, -0.0021748557821621916, BFx, 1.0, 0.0, 0.0,                             BFy, 0.0, -0.9999172892098002, -0.012861366153015648, BFz, 0.0, 0.012861366153015629, -0.9999172892098002
Time, 0.082, Pos_X, -0.003308897935180001, Pos_Y, -0.003191711294414654, Pos_Z, -0.002272489163702316, BFx, 1.0, 0.0, 0.0,                             BFy, 0.0, -0.9999117098874372, -0.013288055914204363, BFz, 0.0, 0.013288055914204344, -0.9999117098874372
Time, 0.084, Pos_X, -0.003503008925380001, Pos_Y, -0.00335291561603427, Pos_Z, -0.0023722034464773085, BFx, 1.0, 0.0, 0.0,                             BFy, 0.0, -0.9999056296660052, -0.013737967907479783, BFz, 0.0, 0.013737967907479762, -0.9999056296660052
Time, 0.086, Pos_X, -0.00370391053838, Pos_Y, -0.0035175457307117775, Pos_Z, -0.0024740173759939844, BFx, 1.0, 0.0, 0.0,                             BFy, 0.0, -0.9998989509276482, -0.014215763566737963, BFz, 0.0, 0.01421576356673794, -0.9998989509276482
Time, 0.088, Pos_X, -0.00391154223818, Pos_Y, -0.003685476528231437, Pos_Z, -0.0025779495777045877, BFx, 1.0, 0.0, 0.0,                             BFy, 0.0, -0.999891547301348, -0.014727309167428228, BFz, 0.0, 0.014727309167428208, -0.9998915473013479
Time, 0.09, Pos_X, -0.00412581745298, Pos_Y, -0.003856563063837062, Pos_Z, -0.0026840184611324315, BFx, 1.0, 0.0, 0.0,                             BFy, 0.0, -0.9998832624690671, -0.015279444826681178, BFz, 0.0, 0.015279444826681157, -0.999883262469067
Time, 0.092, Pos_X, -0.004346622208180001, Pos_Y, -0.00403063857571051, Pos_Z, -0.0027922410660923733, BFx, 1.0, 0.0, 0.0,                             BFy, 0.0, -0.9998739054112247, -0.015879964663128316, BFz, 0.0, 0.015879964663128295, -0.9998739054112246
Time, 0.094, Pos_X, -0.004573811803780001, Pos_Y, -0.004207512673027293, Pos_Z, -0.0029026303149327156, BFx, 1.0, 0.0, 0.0,                             BFy, 0.0, -0.9998632429646351, -0.016537695372694457, BFz, 0.0, 0.01653769537269444, -0.999863242964635
Time, 0.096, Pos_X, -0.004807208767380001, Pos_Y, -0.0043869705142789385, Pos_Z, -0.0030151930044173157, BFx, 1.0, 0.0, 0.0,                             BFy, 0.0, -0.9998509925758111, -0.01726246347315334, BFz, 0.0, 0.017262463473153328, -0.9998509925758112
Time, 0.098, Pos_X, -0.005046602372780001, Pos_Y, -0.0045687717347668265, Pos_Z, -0.003129929979526736, BFx, 1.0, 0.0, 0.0,                             BFy, 0.0, -0.9998368143530207, -0.018065012161621305, BFz, 0.0, 0.018065012161621295, -0.9998368143530207
Time, 0.1, Pos_X, -0.005291749401180002, Pos_Y, -0.004752649587479143, Pos_Z, -0.0032468374446654995, BFx, 1.0, 0.0, 0.0,                             BFy, 0.0, -0.999820309144896, -0.018956513956981707, BFz, 0.0, 0.018956513956981697, -0.999820309144896
Time, 0.102, Pos_X, -0.00554237539978, Pos_Y, -0.004938310574586876, Pos_Z, -0.0033659085810651343, BFx, 1.0, 0.0, 0.0,                             BFy, 0.0, -0.9998010168373201, -0.019948100938608777, BFz, 0.0, 0.019948100938608767, -0.9998010168373201
Time, 0.104, Pos_X, -0.005798175538580001, Pos_Y, -0.005125433940514078, Pos_Z, -0.003487135053467439, BFx, 1.0, 0.0, 0.0,                             BFy, 0.0, -0.9997784130282911, -0.021050530697057195, BFz, 0.0, 0.021050530697057184, -0.9997784130282911
Time, 0.106, Pos_X, -0.006058816565580001, Pos_Y, -0.005313672000357124, Pos_Z, -0.003610508599739382, BFx, 1.0, 0.0, 0.0,                             BFy, 0.0, -0.999751914075912, -0.022273533656472465, BFz, 0.0, 0.02227353365647246, -0.9997519140759121
Time, 0.108, Pos_X, -0.006323939823180001, Pos_Y, -0.00550265174417066, Pos_Z, -0.0037360235934889184, BFx, 1.0, 0.0, 0.0,                             BFy, 0.0, -0.9997208820479885, -0.023625367662481116, BFz, 0.0, 0.02362536766248111, -0.9997208820479886
Time, 0.11, Pos_X, -0.0065931636989800015, Pos_Y, -0.005691976452931036, Pos_Z, -0.0038636806758780354, BFx, 1.0, 0.0, 0.0,                             BFy, 0.0, -0.9996846298368783, -0.025112563945138507, BFz, 0.0, 0.025112563945138496, -0.9996846298368786
Time, 0.112, Pos_X, -0.0068660873522600014, Pos_Y, -0.005881227485083056, Pos_Z, -0.0039934898897039045, BFx, 1.0, 0.0, 0.0,                             BFy, 0.0, -0.9996424299827121, -0.026739711633700917, BFz, 0.0, 0.02673971163370091, -0.9996424299827124
Time, 0.114, Pos_X, -0.007142296116620002, Pos_Y, -0.006069966564934189, Pos_Z, -0.004125473386180068, BFx, 1.0, 0.0, 0.0,                             BFy, 0.0, -0.9995935249157054, -0.028509383483155414, BFz, 0.0, 0.028509383483155404, -0.9995935249157057
Time, 0.116, Pos_X, -0.007421366605580002, Pos_Y, -0.006257738295659912, Pos_Z, -0.004259668267137504, BFx, 1.0, 0.0, 0.0,                             BFy, 0.0, -0.9995371334869093, -0.030422340159278118, BFz, 0.0, 0.0304223401592781, -0.9995371334869096
Time, 0.118, Pos_X, -0.007702872336740001, Pos_Y, -0.006444073137956941, Pos_Z, -0.0043961290020063295, BFx, 1.0, 0.0, 0.0,                             BFy, 0.0, -0.9994724524901095, -0.03247794195141736, BFz, 0.0, 0.03247794195141734, -0.9994724524901101
Time, 0.12, Pos_X, -0.007986390276500001, Pos_Y, -0.00662849089763409, Pos_Z, -0.004534929358403783, BFx, 1.0, 0.0, 0.0,                             BFy, 0.0, -0.9993986544160564, -0.03467462402636904, BFz, 0.0, 0.03467462402636902, -0.999398654416057
Time, 0.122, Pos_X, -0.008271507860000001, Pos_Y, -0.006810504299989548, Pos_Z, -0.0046761645650146046, BFx, 1.0, 0.0, 0.0,                             BFy, 0.0, -0.9993148845790544, -0.037010288552578575, BFz, 0.0, 0.037010288552578555, -0.9993148845790549
Time, 0.124, Pos_X, -0.008557829686640001, Pos_Y, -0.006989622449374946, Pos_Z, -0.004819953271258762, BFx, 1.0, 0.0, 0.0,                             BFy, 0.0, -0.9992202452503022, -0.03948292646094209, BFz, 0.0, 0.03948292646094207, -0.9992202452503027
Time, 0.126, Pos_X, -0.008844985167220001, Pos_Y, -0.00716535349931844, Pos_Z, -0.004966439297145658, BFx, 1.0, 0.0, 0.0,                             BFy, 0.0, -0.9991137743765698, -0.04209116119803749, BFz, 0.0, 0.04209116119803748, -0.9991137743765703
Time, 0.128, Pos_X, -0.009132635985460002, Pos_Y, -0.007337207323141333, Pos_Z, -0.005115793794296267, BFx, 1.0, 0.0, 0.0,                             BFy, 0.0, -0.9989944298429981, -0.04483446378242219, BFz, 0.0, 0.044834463782422174, -0.9989944298429986
Time, 0.13, Pos_X, -0.009420482765082002, Pos_Y, -0.007504699416223349, Pos_Z, -0.005268215860906446, BFx, 1.0, 0.0, 0.0,                             BFy, 0.0, -0.9988610857209427, -0.047713011143437414, BFz, 0.0, 0.0477130111434374, -0.998861085720943
Time, 0.132, Pos_X, -0.009708271790754003, Pos_Y, -0.00766735489961723, Pos_Z, -0.00542393192033135, BFx, 1.0, 0.0, 0.0,                             BFy, 0.0, -0.9987125293696223, -0.05072754360429725, BFz, 0.0, 0.05072754360429725, -0.9987125293696226
Time, 0.134, Pos_X, -0.009995801221654003, Pos_Y, -0.0078247118531668, Pos_Z, -0.005583194645108719, BFx, 1.0, 0.0, 0.0,                             BFy, 0.0, -0.9985474716360684, -0.05387900230340302, BFz, 0.0, 0.05387900230340302, -0.9985474716360685
Time, 0.136, Pos_X, -0.010282926441254003, Pos_Y, -0.007976324144434655, Pos_Z, -0.005746280941232047, BFx, 1.0, 0.0, 0.0,                             BFy, 0.0, -0.9983645681866539, -0.057168076664090024, BFz, 0.0, 0.05716807666409004, -0.9983645681866539
Time, 0.138, Pos_X, -0.010569563774114004, Pos_Y, -0.008121763904518312, Pos_Z, -0.005913488387826615, BFx, 1.0, 0.0, 0.0,                             BFy, 0.0, -0.9981624576275514, -0.060594621732640595, BFz, 0.0, 0.06059462173264061, -0.9981624576275514
Time, 0.14, Pos_X, -0.010855690782854005, Pos_Y, -0.008260622600334978, Pos_Z, -0.006085129705205381, BFx, 1.0, 0.0, 0.0,                             BFy, 0.0, -0.9979397987284087, -0.064157291977596, BFz, 0.0, 0.06415729197759601, -0.9979397987284087
Time, 0.142, Pos_X, -0.011141343544944001, Pos_Y, -0.0083925112883671, Pos_Z, -0.006261526505560992, BFx, 1.0, 0.0, 0.0,                             BFy, 0.0, -0.9976953113727144, -0.06785326569073874, BFz, 0.0, 0.06785326569073875, -0.9976953113727144
Time, 0.144, Pos_X, -0.011426614472044001, Pos_Y, -0.008517060374003209, Pos_Z, -0.006443004312169021, BFx, 1.0, 0.0, 0.0,                             BFy, 0.0, -0.997427806320601, -0.0716782475962483, BFz, 0.0, 0.07167824759624832, -0.9974278063206009
Time, 0.146, Pos_X, -0.011711651281838, Pos_Y, -0.00863391864134654, Pos_Z, -0.006629890166178959, BFx, 1.0, 0.0, 0.0,                             BFy, 0.0, -0.9971362045153782, -0.07562664639306223, BFz, 0.0, 0.07562664639306224, -0.9971362045153781
Time, 0.148, Pos_X, -0.011996654238966, Pos_Y, -0.008742751464910147, Pos_Z, -0.006822510392637077, BFx, 1.0, 0.0, 0.0,                             BFy, 0.0, -0.9968195482872527, -0.07969183240704747, BFz, 0.0, 0.07969183240704748, -0.9968195482872525
Time, 0.15, Pos_X, -0.012281871376914002, Pos_Y, -0.008843238581995889, Pos_Z, -0.007021184905351733, BFx, 1.0, 0.0, 0.0,                             BFy, 0.0, -0.9964769769352614, -0.08386676599200737, BFz, 0.0, 0.08386676599200739, -0.9964769769352612
Time, 0.152, Pos_X, -0.012567592275302002, Pos_Y, -0.008935072004292622, Pos_Z, -0.007226220668312947, BFx, 1.0, 0.0, 0.0,                             BFy, 0.0, -0.9961076802582908, -0.08814470676360658, BFz, 0.0, 0.08814470676360658, -0.9961076802582907
Time, 0.154, Pos_X, -0.012854140513690002, Pos_Y, -0.009017953401811591, Pos_Z, -0.007437906944781278, BFx, 1.0, 0.0, 0.0,                             BFy, 0.0, -0.9957108513918217, -0.0925197298989178, BFz, 0.0, 0.0925197298989178, -0.9957108513918216
Time, 0.156, Pos_X, -0.013141865442278002, Pos_Y, -0.009091591951401334, Pos_Z, -0.0076565115329937155, BFx, 1.0, 0.0, 0.0,                             BFy, 0.0, -0.9952856387140859, -0.0969870989848081, BFz, 0.0, 0.09698709898480809, -0.9952856387140858
Time, 0.158, Pos_X, -0.013431133918166001, Pos_Y, -0.009155703148674822, Pos_Z, -0.00788227693654684, BFx, 1.0, 0.0, 0.0,                             BFy, 0.0, -0.9948311165436865, -0.10154333831639313, BFz, 0.0, 0.10154333831639314, -0.9948311165436862
Time, 0.16, Pos_X, -0.013722322293094, Pos_Y, -0.009210007604649717, Pos_Z, -0.008115416222865882, BFx, 1.0, 0.0, 0.0,                             BFy, 0.0, -0.9943462738216833, -0.10618609954664143, BFz, 0.0, 0.10618609954664146, -0.994346273821683
Time, 0.162, Pos_X, -0.014015806810482001, Pos_Y, -0.009254229061724973, Pos_Z, -0.00835610963942658, BFx, 1.0, 0.0, 0.0,                             BFy, 0.0, -0.9938300456373013, -0.11091366186613201, BFz, 0.0, 0.11091366186613202, -0.9938300456373008
Time, 0.164, Pos_X, -0.014311952720090003, Pos_Y, -0.009288091528648358, Pos_Z, -0.00860450159843721, BFx, 1.0, 0.0, 0.0,                             BFy, 0.0, -0.9932813675399083, -0.11572434876915216, BFz, 0.0, 0.11572434876915218, -0.9932813675399078
Time, 0.166, Pos_X, -0.014611104045258004, Pos_Y, -0.009311316336255891, Pos_Z, -0.008860698922667512, BFx, 1.0, 0.0, 0.0,                             BFy, 0.0, -0.9926992101358436, -0.12061624349840627, BFz, 0.0, 0.12061624349840629, -0.9926992101358432
Time, 0.168, Pos_X, -0.014913573819086003, Pos_Y, -0.009323619489308396, Pos_Z, -0.009124771027146667, BFx, 1.0, 0.0, 0.0,                             BFy, 0.0, -0.9920826370762981, -0.12558678756833208, BFz, 0.0, 0.1255867875683321, -0.9920826370762974
Time, 0.17, Pos_X, -0.015219634732714003, Pos_Y, -0.009324708968441757, Pos_Z, -0.009396751357071525, BFx, 1.0, 0.0, 0.0,                             BFy, 0.0, -0.991430931616508, -0.13063195563880428, BFz, 0.0, 0.13063195563880434, -0.9914309316165073
Time, 0.172, Pos_X, -0.015529511130942, Pos_Y, -0.009314282788429159, Pos_Z, -0.009676639809685835, BFx, 1.0, 0.0, 0.0,                             BFy, 0.0, -0.9907436648188138, -0.13574605195504302, BFz, 0.0, 0.13574605195504305, -0.990743664818813
Time, 0.174, Pos_X, -0.01584337123557, Pos_Y, -0.009292027922551441, Pos_Z, -0.009964405576016496, BFx, 1.0, 0.0, 0.0,                             BFy, 0.0, -0.9900207226750445, -0.1409218530745965, BFz, 0.0, 0.14092185307459654, -0.9900207226750437
Time, 0.176, Pos_X, -0.016161319118398, Pos_Y, -0.00925761930621225, Pos_Z, -0.01025998978130387, BFx, 1.0, 0.0, 0.0,                             BFy, 0.0, -0.9892623011011921, -0.1461509480638776, BFz, 0.0, 0.14615094806387766, -0.9892623011011911
Time, 0.178, Pos_X, -0.016483388455026, Pos_Y, -0.009210720200102428, Pos_Z, -0.010563306851455196, BFx, 1.0, 0.0, 0.0,                             BFy, 0.0, -0.9884689442982093, -0.1514237304981603, BFz, 0.0, 0.15142373049816038, -0.9884689442982083
Time, 0.18, Pos_X, -0.016809539605654, Pos_Y, -0.009150984128169618, Pos_Z, -0.0108742448507498, BFx, 1.0, 0.0, 0.0,                             BFy, 0.0, -0.9876415829196761, -0.156729396374491, BFz, 0.0, 0.15672939637449104, -0.9876415829196751
Time, 0.182, Pos_X, -0.017139659900562, Pos_Y, -0.009078058021976258, Pos_Z, -0.011192665509514619, BFx, 1.0, 0.0, 0.0,                             BFy, 0.0, -0.9867815134741285, -0.1620563009133055, BFz, 0.0, 0.16205630091330558, -0.9867815134741276
Time, 0.184, Pos_X, -0.017473565201350003, Pos_Y, -0.00899158663045955, Pos_Z, -0.011518403958234974, BFx, 1.0, 0.0, 0.0,                             BFy, 0.0, -0.9858903867327514, -0.16739219022386148, BFz, 0.0, 0.16739219022386156, -0.9858903867327505
Time, 0.186, Pos_X, -0.017811002469838, Pos_Y, -0.008891217179626607, Pos_Z, -0.011851268272559699, BFx, 1.0, 0.0, 0.0,                             BFy, 0.0, -0.9849702004213866, -0.17272435926020657, BFz, 0.0, 0.17272435926020663, -0.9849702004213857
Time, 0.188, Pos_X, -0.018151654878546003, Pos_Y, -0.008776604496959812, Pos_Z, -0.012191037302107178, BFx, 1.0, 0.0, 0.0,                             BFy, 0.0, -0.9840232923926228, -0.17803977091868783, BFz, 0.0, 0.17803977091868786, -0.9840232923926218
Time, 0.19, Pos_X, -0.018495148380674002, Pos_Y, -0.008647416318414232, Pos_Z, -0.012537457142444836, BFx, 1.0, 0.0, 0.0,                             BFy, 0.0, -0.983052409716328, -0.18332473851315595, BFz, 0.0, 0.18332473851315595, -0.9830524097163271
Time, 0.192, Pos_X, -0.018841057515702003, Pos_Y, -0.008503337325787777, Pos_Z, -0.012890238887888223, BFx, 1.0, 0.0, 0.0,                             BFy, 0.0, -0.9820607810064302, -0.18856463721768396, BFz, 0.0, 0.18856463721768396, -0.9820607810064295
Time, 0.194, Pos_X, -0.019188912358330003, Pos_Y, -0.00834407302904622, Pos_Z, -0.013249057535442584, BFx, 1.0, 0.0, 0.0,                             BFy, 0.0, -0.9810522383196291, -0.1937434016632354, BFz, 0.0, 0.1937434016632354, -0.9810522383196284
Time, 0.196, Pos_X, -0.019538209339258004, Pos_Y, -0.00816935486539117, Pos_Z, -0.013613551104656316, BFx, 1.0, 0.0, 0.0,                             BFy, 0.0, -0.9800313587628503, -0.19884299294025165, BFz, 0.0, 0.19884299294025173, -0.9800313587628497
Time, 0.198, Pos_X, -0.019888424519726004, Pos_Y, -0.007978945997249529, Pos_Z, -0.013983319629310747, BFx, 1.0, 0.0, 0.0,                             BFy, 0.0, -0.9790036109201796, -0.2038429047213692, BFz, 0.0, 0.2038429047213693, -0.9790036109201791
Time, 0.2, Pos_X, -0.020239027655140004, Pos_Y, -0.007772647047909639, Pos_Z, -0.01435792310391369, BFx, 1.0, 0.0, 0.0,                             BFy, 0.0, -0.9779754639506083, -0.20871988863207988, BFz, 0.0, 0.20871988863207996, -0.9779754639506079
Time, 0.202, Pos_X, -0.020589497360312004, Pos_Y, -0.007550302607300665, Pos_Z, -0.014736878432113684, BFx, 1.0, 0.0, 0.0,                             BFy, 0.0, -0.9769544437003579, -0.21344792089434755, BFz, 0.0, 0.21344792089434764, -0.9769544437003574
Time, 0.204, Pos_X, -0.020939337236916, Pos_Y, -0.007311808425899107, Pos_Z, -0.015119656249882749, BFx, 1.0, 0.0, 0.0,                             BFy, 0.0, -0.9759490952825673, -0.2179985399426647, BFz, 0.0, 0.21799853994266477, -0.975949095282567
Time, 0.206, Pos_X, -0.0212880917605, Pos_Y, -0.007057118622742465, Pos_Z, -0.01550567765854915, BFx, 1.0, 0.0, 0.0,                             BFy, 0.0, -0.9749688262961802, -0.22234160148439164, BFz, 0.0, 0.22234160148439172, -0.9749688262961798
Time, 0.208, Pos_X, -0.021635362356224, Pos_Y, -0.006786253173161095, Pos_Z, -0.015894311300805444, BFx, 1.0, 0.0, 0.0,                             BFy, 0.0, -0.9740236068959178, -0.22644649083053128, BFz, 0.0, 0.22644649083053137, -0.9740236068959174
Time, 0.21, Pos_X, -0.021980821711028, Pos_Y, -0.006499304126043348, Pos_Z, -0.016284871665992812, BFx, 1.0, 0.0, 0.0,                             BFy, 0.0, -0.9731235694021214, -0.23028356144994436, BFz, 0.0, 0.23028356144994444, -0.9731235694021207
Time, 0.212, Pos_X, -0.022324226460472003, Pos_Y, -0.006196440367274272, Pos_Z, -0.016676618817879685, BFx, 1.0, 0.0, 0.0,                             BFy, 0.0, -0.9722785821648949, -0.23382548762574606, BFz, 0.0, 0.23382548762574612, -0.9722785821648942
Time, 0.214, Pos_X, -0.022665429361616005, Pos_Y, -0.005877911386845131, Pos_Z, -0.017068759574855333, BFx, 1.0, 0.0, 0.0,                             BFy, 0.0, -0.971497815390442, -0.23704850704358998, BFz, 0.0, 0.23704850704359004, -0.9714978153904413
Time, 0.216, Pos_X, -0.023004389066560004, Pos_Y, -0.005544049412216746, Pos_Z, -0.017460450411029754, BFx, 1.0, 0.0, 0.0,                             BFy, 0.0, -0.9707893416108533, -0.2399334370502834, BFz, 0.0, 0.23993343705028344, -0.9707893416108524
Time, 0.218, Pos_X, -0.023341178206224004, Pos_Y, -0.005195269081961726, Pos_Z, -0.01785080170084367, BFx, 1.0, 0.0, 0.0,                             BFy, 0.0, -0.9701598053788986, -0.24246639360367828, BFz, 0.0, 0.24246639360367836, -0.9701598053788978
Time, 0.22, Pos_X, -0.023675990759548005, Pos_Y, -0.004832065056741481, Pos_Z, -0.018238882876134815, BFx, 1.0, 0.0, 0.0,                             BFy, 0.0, -0.9696141971272665, -0.24463913981463156, BFz, 0.0, 0.24463913981463165, -0.9696141971272657
Time, 0.222, Pos_X, -0.024009147166352007, Pos_Y, -0.004455008452439388, Pos_Z, -0.018623729649059173, BFx, 1.0, 0.0, 0.0,                             BFy, 0.0, -0.9691557095933652, -0.24644920483251165, BFz, 0.0, 0.24644920483251176, -0.9691557095933642
Time, 0.224, Pos_X, -0.02434109746411601, Pos_Y, -0.004064741633558553, Pos_Z, -0.019004352744355284, BFx, 1.0, 0.0, 0.0,                             BFy, 0.0, -0.9687856364364837, -0.2478999609406048, BFz, 0.0, 0.24789996094060487, -0.9687856364364827
Time, 0.226, Pos_X, -0.024672422682252008, Pos_Y, -0.0036619716813626984, Pos_Z, -0.01937974799290892, BFx, 1.0, 0.0, 0.0,                             BFy, 0.0, -0.9685035384914361, -0.24899979102313263, BFz, 0.0, 0.24899979102313274, -0.9685035384914351
Time, 0.228, Pos_X, -0.02500383291366001, Pos_Y, -0.0032474626591299334, Pos_Z, -0.01974890766529102, BFx, 1.0, 0.0, 0.0,                             BFy, 0.0, -0.9683075036879322, -0.24976104240181565, BFz, 0.0, 0.24976104240181574, -0.9683075036879312
Time, 0.23, Pos_X, -0.025336162470988008, Pos_Y, -0.002822026162584973, Pos_Z, -0.020110832127118387, BFx, 1.0, 0.0, 0.0,                             BFy, 0.0, -0.9681943756269958, -0.25019922262918426, BFz, 0.0, 0.25019922262918426, -0.9681943756269947
Time, 0.232, Pos_X, -0.02567036298161601, Pos_Y, -0.0023865105467927024, Pos_Z, -0.020464541199952915, BFx, 1.0, 0.0, 0.0,                             BFy, 0.0, -0.968159927274654, -0.25033248934074204, BFz, 0.0, 0.25033248934074204, -0.9681599272746529
Time, 0.234, Pos_X, -0.02600749440394401, Pos_Y, -0.0019417894983748845, Pos_Z, -0.020809084687506342, BFx, 1.0, 0.0, 0.0,                             BFy, 0.0, -0.9681990694392175, -0.2501810583098362, BFz, 0.0, 0.2501810583098362, -0.9681990694392164
Time, 0.236, Pos_X, -0.026348713581672005, Pos_Y, -0.0014887500283133218, Pos_Z, -0.021143552466563926, BFx, 1.0, 0.0, 0.0,                             BFy, 0.0, -0.9683060681428735, -0.2497666078515815, BFz, 0.0, 0.24976660785158158, -0.9683060681428722
Time, 0.238, Pos_X, -0.026695260922800005, Pos_Y, -0.00102827987814776, Pos_Z, -0.021467083399503407, BFx, 1.0, 0.0, 0.0,                             BFy, 0.0, -0.9684747063939999, -0.24911190873792607, BFz, 0.0, 0.24911190873792616, -0.9684747063939987
Time, 0.24, Pos_X, -0.027048444833728005, Pos_Y, -0.0005612550049142888, Pos_Z, -0.0217788730205492, BFx, 1.0, 0.0, 0.0,                             BFy, 0.0, -0.9686983751694289, -0.24824072579676595, BFz, 0.0, 0.24824072579676604, -0.9686983751694278
Time, 0.242, Pos_X, -0.027409624663456006, Pos_Y, -8.852770332058214e-05, Pos_Z, -0.022078180677072658, BFx, 1.0, 0.0, 0.0,                             BFy, 0.0, -0.968970183058232, -0.24717763722491756, BFz, 0.0, 0.24717763722491765, -0.9689701830582309
Time, 0.244, Pos_X, -0.027780193426384006, Pos_Y, 0.0003890844598274897, Pos_Z, -0.022364335884029928, BFx, 1.0, 0.0, 0.0,                             BFy, 0.0, -0.9692830152418199, -0.24594803590133066, BFz, 0.0, 0.24594803590133074, -0.9692830152418189
Time, 0.246, Pos_X, -0.028161560619912006, Pos_Y, 0.0008708086338069002, Pos_Z, -0.02263674226151274, BFx, 1.0, 0.0, 0.0,                             BFy, 0.0, -0.9696297287916895, -0.24457757264996963, BFz, 0.0, 0.24457757264996965, -0.9696297287916883
Time, 0.248, Pos_X, -0.028555134913440007, Pos_Y, 0.001355925122371379, Pos_Z, -0.022894878601230965, BFx, 1.0, 0.0, 0.0,                             BFy, 0.0, -0.9700033790279828, -0.2430914327455662, BFz, 0.0, 0.24309143274556624, -0.9700033790279815
Time, 0.25, Pos_X, -0.028962308415768006, Pos_Y, 0.0018437731854794052, Pos_Z, -0.023138298817782565, BFx, 1.0, 0.0, 0.0,                             BFy, 0.0, -0.9703974715872723, -0.24151345125484366, BFz, 0.0, 0.24151345125484375, -0.970397471587271
Time, 0.252, Pos_X, -0.029384442361496007, Pos_Y, 0.002333754809427341, Pos_Z, -0.023366631612475187, BFx, 1.0, 0.0, 0.0,                             BFy, 0.0, -0.9708062054364164, -0.23986519440332235, BFz, 0.0, 0.23986519440332246, -0.970806205436415
Time, 0.254, Pos_X, -0.029822851406824006, Pos_Y, 0.0028253376798897728, Pos_Z, -0.023579578219526783, BFx, 1.0, 0.0, 0.0,                             BFy, 0.0, -0.9712246896886905, -0.2381650732981307, BFz, 0.0, 0.2381650732981308, -0.971224689688689
Time, 0.256, Pos_X, -0.030278787183552005, Pos_Y, 0.003318057118740603, Pos_Z, -0.023776907961062684, BFx, 1.0, 0.0, 0.0,                             BFy, 0.0, -0.9716490850837769, -0.23642769604226957, BFz, 0.0, 0.23642769604226965, -0.9716490850837756
Time, 0.258, Pos_X, -0.030753423837080004, Pos_Y, 0.003811516655462519, Pos_Z, -0.02395845466068221, BFx, 1.0, 0.0, 0.0,                             BFy, 0.0, -0.9720766806467734, -0.23466343333111714, BFz, 0.0, 0.23466343333111722, -0.9720766806467721
Time, 0.26, Pos_X, -0.031247847635808006, Pos_Y, 0.00430538665418086, Pos_Z, -0.024124115740125775, BFx, 1.0, 0.0, 0.0,                             BFy, 0.0, -0.9725058101265371, -0.2328786148836446, BFz, 0.0, 0.2328786148836447, -0.9725058101265358
Time, 0.262, Pos_X, -0.03176304853973601, Pos_Y, 0.004799402211753533, Pos_Z, -0.02427385279930488, BFx, 1.0, 0.0, 0.0,                             BFy, 0.0, -0.9729357264181179, -0.23107590151127028, BFz, 0.0, 0.2310759015112704, -0.9729357264181164
Time, 0.264, Pos_X, -0.03229991307686401, Pos_Y, 0.005293360972847658, Pos_Z, -0.02440769062317827, BFx, 1.0, 0.0, 0.0,                             BFy, 0.0, -0.9733664045877044, -0.22925497250878143, BFz, 0.0, 0.22925497250878155, -0.973366404587703
Time, 0.266, Pos_X, -0.03285921870119201, Pos_Y, 0.005787120772579428, Pos_Z, -0.024525715010271246, BFx, 1.0, 0.0, 0.0,                             BFy, 0.0, -0.9737983247936194, -0.2274133299284318, BFz, 0.0, 0.22741332992843194, -0.9737983247936179
Time, 0.268, Pos_X, -0.03344162884552001, Pos_Y, 0.006280597318010167, Pos_Z, -0.02462807228429677, BFx, 1.0, 0.0, 0.0,                             BFy, 0.0, -0.9742322609343825, -0.22554711648495684, BFz, 0.0, 0.22554711648495698, -0.9742322609343811
Time, 0.27, Pos_X, -0.03404769043304801, Pos_Y, 0.0067737613578818055, Pos_Z, -0.02471496926347985, BFx, 1.0, 0.0, 0.0,                             BFy, 0.0, -0.9746691314949342, -0.22365170267831277, BFz, 0.0, 0.2236517026783129, -0.9746691314949327
Time, 0.272, Pos_X, -0.034677835601776015, Pos_Y, 0.00726663545461996, Pos_Z, -0.024786669826793943, BFx, 1.0, 0.0, 0.0,                             BFy, 0.0, -0.9751099040295684, -0.221722067154904, BFz, 0.0, 0.2217220671549041, -0.9751099040295671
Time, 0.274, Pos_X, -0.03533238493250401, Pos_Y, 0.00775929082922574, Pos_Z, -0.02484348941043534, BFx, 1.0, 0.0, 0.0,                             BFy, 0.0, -0.9755555596017141, -0.2197529297419824, BFz, 0.0, 0.21975292974198252, -0.9755555596017127
Time, 0.276, Pos_X, -0.03601154785183201, Pos_Y, 0.008251843702532437, Pos_Z, -0.024885797505644302, BFx, 1.0, 0.0, 0.0,                             BFy, 0.0, -0.9760070679911889, -0.21773884180651257, BFz, 0.0, 0.21773884180651265, -0.9760070679911873
Time, 0.278, Pos_X, -0.03671542553376001, Pos_Y, 0.008744450808415584, Pos_Z, -0.024914025556685482, BFx, 1.0, 0.0, 0.0,                             BFy, 0.0, -0.97646538526809, -0.21567417873551575, BFz, 0.0, 0.21567417873551584, -0.9764653852680886
Time, 0.28, Pos_X, -0.03744401836368801, Pos_Y, 0.009237305514604695, Pos_Z, -0.024928666984466243, BFx, 1.0, 0.0, 0.0,                             BFy, 0.0, -0.9769313625187269, -0.21355353644297784, BFz, 0.0, 0.2135535364429779, -0.9769313625187254
Time, 0.282, Pos_X, -0.03819723128761599, Pos_Y, 0.009730635960204938, Pos_Z, -0.0249302708713919, BFx, 1.0, 0.0, 0.0,                             BFy, 0.0, -0.9774056446950081, -0.21137219712709138, BFz, 0.0, 0.21137219712709143, -0.9774056446950067
Time, 0.284, Pos_X, -0.03897487846874399, Pos_Y, 0.010224702828303915, Pos_Z, -0.024919438276462456, BFx, 1.0, 0.0, 0.0,                             BFy, 0.0, -0.9778885914302129, -0.20912652330738038, BFz, 0.0, 0.2091265233073805, -0.9778885914302116
Time, 0.286, Pos_X, -0.039776690589671995, Pos_Y, 0.010719794687934941, Pos_Z, -0.024896821796123684, BFx, 1.0, 0.0, 0.0,                             BFy, 0.0, -0.978380162630179, -0.2068145482594064, BFz, 0.0, 0.2068145482594065, -0.9783801626301777
Time, 0.288, Pos_X, -0.0406023213012, Pos_Y, 0.011216223308791169, Pos_Z, -0.024863125142894134, BFx, 1.0, 0.0, 0.0,                             BFy, 0.0, -0.9788797946002403, -0.20443665944098394, BFz, 0.0, 0.20443665944098405, -0.978879794600239
Time, 0.29, Pos_X, -0.041451351896728, Pos_Y, 0.011714320247302267, Pos_Z, -0.024819101551584427, BFx, 1.0, 0.0, 0.0,                             BFy, 0.0, -0.9793863237533393, -0.2019961109648314, BFz, 0.0, 0.20199611096483144, -0.9793863237533381
Time, 0.292, Pos_X, -0.042323296376256, Pos_Y, 0.012214433814703713, Pos_Z, -0.024765550593331583, BFx, 1.0, 0.0, 0.0,                             BFy, 0.0, -0.9798979521857131, -0.1994993817089251, BFz, 0.0, 0.19949938170892514, -0.979897952185712
Time, 0.294, Pos_X, -0.043217607634784, Pos_Y, 0.01271692546019508, Pos_Z, -0.024703314717499182, BFx, 1.0, 0.0, 0.0,                             BFy, 0.0, -0.9804123105600141, -0.19695608978239862, BFz, 0.0, 0.19695608978239867, -0.9804123105600129
Time, 0.296, Pos_X, -0.044133684585112, Pos_Y, 0.013222164739211336, Pos_Z, -0.02463327619808871, BFx, 1.0, 0.0, 0.0,                             BFy, 0.0, -0.9809265484019453, -0.19437877106372486, BFz, 0.0, 0.19437877106372492, -0.980926548401944
Time, 0.298, Pos_X, -0.04507088019344, Pos_Y, 0.013730522126796913, Pos_Z, -0.02455635368683924, BFx, 1.0, 0.0, 0.0,                             BFy, 0.0, -0.9814374328252311, -0.19178259944379142, BFz, 0.0, 0.1917825994437915, -0.98143743282523
Time, 0.3, Pos_X, -0.046028510118368005, Pos_Y, 0.014242360900697292, Pos_Z, -0.024473497569628504, BFx, 1.0, 0.0, 0.0,                             BFy, 0.0, -0.981941550935773, -0.18918454098008733, BFz, 0.0, 0.1891845409800874, -0.9819415509357718
Time, 0.302, Pos_X, -0.047005861064096, Pos_Y, 0.014758029023436923, Pos_Z, -0.024385684652233546, BFx, 1.0, 0.0, 0.0,                             BFy, 0.0, -0.9824356001983724, -0.18660195996522008, BFz, 0.0, 0.18660195996522017, -0.9824356001983713
Time, 0.304, Pos_X, -0.048002197920224005, Pos_Y, 0.015277851456496617, Pos_Z, -0.02429391283982328, BFx, 1.0, 0.0, 0.0,                             BFy, 0.0, -0.9829165644202142, -0.18405169759706227, BFz, 0.0, 0.18405169759706236, -0.9829165644202132
Time, 0.306, Pos_X, -0.049016769571352, Pos_Y, 0.015802123704063982, Pos_Z, -0.024199196061631064, BFx, 1.0, 0.0, 0.0,                             BFy, 0.0, -0.9833817002460583, -0.18155008020149513, BFz, 0.0, 0.1815500802014952, -0.9833817002460574
Time, 0.308, Pos_X, -0.050048814072480005, Pos_Y, 0.016331106769604014, Pos_Z, -0.024102560313503198, BFx, 1.0, 0.0, 0.0,                             BFy, 0.0, -0.9838287614693229, -0.1791116079592155, BFz, 0.0, 0.1791116079592156, -0.983828761469322
Time, 0.31, Pos_X, -0.051097564076808, Pos_Y, 0.016865023153244202, Pos_Z, -0.024005041173539597, BFx, 1.0, 0.0, 0.0,                             BFy, 0.0, -0.9842561909480535, -0.17674770318288738, BFz, 0.0, 0.17674770318288746, -0.9842561909480526
Time, 0.312, Pos_X, -0.052162252769536004, Pos_Y, 0.017404054213680773, Pos_Z, -0.02390768268057815, BFx, 1.0, 0.0, 0.0,                             BFy, 0.0, -0.9846630449446475, -0.1744668676864808, BFz, 0.0, 0.17446686768648084, -0.9846630449446468
