Time, 0, Pos_X, 0.0, Pos_Y, 0.0, Pos_Z, 0.0, BFx, 1, 0, 0,                         BFy, 0, -1, 0, BFz, 0, 0, -1
Time, 0.0, Pos_X, 0.0, Pos_Y, 0.0, Pos_Z, 0.0, BFx, 1.0, 0.0, 0.0,                             BFy, 0.0, -1.0, 0.0, BFz, 0.0, 0.0, -1.0
Time, 0.002, Pos_X, -1.5511474599999999e-06, Pos_Y, -3.0939709392131387e-07, Pos_Z, -1.8577220510712626e-06, BFx, 1.0, 0.0, 0.0,                             BFy, 0.0, -0.9999996124537733, 0.000880393266268953, BFz, 0.0, -0.000880393266268953, -0.9999996124537732
Time, 0.004, Pos_X, -6.23045158e-06, Pos_Y, -1.2581356200555862e-06, Pos_Z, -7.4154153021725745e-06, BFx, 1.0, 0.0, 0.0,                             BFy, 0.0, -0.9999985111813687, 0.0017255825236396863, BFz, 0.0, -0.0017255825236396861, -0.9999985111813685
Time, 0.006, Pos_X, -1.408851742e-05, Pos_Y, -2.8881487962270234e-06, Pos_Z, -1.6640821183874253e-05, BFx, 1.0, 0.0, 0.0,                             BFy, 0.0, -0.9999967983105728, 0.002530487819384509, BFz, 0.0, -0.0025304878193845087, -0.9999967983105724
Time, 0.008, Pos_X, -2.5173141460000002e-05, Pos_Y, -5.242885889574094e-06, Pos_Z, -2.9499170314419848e-05, BFx, 1.0, 0.0, 0.0,                             BFy, 0.0, -0.9999945903631529, 0.003289261988749548, BFz, 0.0, -0.003289261988749547, -0.9999945903631525
Time, 0.01, Pos_X, -3.952822764e-05, Pos_Y, -8.367291436071464e-06, Pos_Z, -4.595330248739739e-05, BFx, 1.0, 0.0, 0.0,                             BFy, 0.0, -0.9999920190992956, 0.003995214351496393, BFz, 0.0, -0.0039952143514963906, -0.9999920190992951
Time, 0.012, Pos_X, -5.719344716e-05, Pos_Y, -1.2308053809124235e-05, Pos_Z, -6.59635691312272e-05, BFx, 1.0, 0.0, 0.0,                             BFy, 0.0, -0.999989230972846, 0.004640898440607796, BFz, 0.0, -0.004640898440607793, -0.9999892309728455
Time, 0.014, Pos_X, -7.820377276e-05, Pos_Y, -1.7113684648491204e-05, Pos_Z, -8.948759862820687e-05, BFx, 1.0, 0.0, 0.0,                             BFy, 0.0, -0.999986385078747, 0.005218204398057042, BFz, 0.0, -0.0052182043980570384, -0.9999863850787466
Time, 0.016, Pos_X, -0.00010258879316, Pos_Y, -2.2834481109070607e-05, Pos_Z, -0.00011648008529838418, BFx, 1.0, 0.0, 0.0,                             BFy, 0.0, -0.9999836481972552, 0.0057186832495359705, BFz, 0.0, -0.005718683249535967, -0.9999836481972546
Time, 0.018, Pos_X, -0.00013037194925999998, Pos_Y, -2.9522482802773194e-05, Pos_Z, -0.00014689239269869157, BFx, 1.0, 0.0, 0.0,                             BFy, 0.0, -0.9999811874292729, 0.006133904754871537, BFz, 0.0, -0.006133904754871533, -0.9999811874292722
Time, 0.02, Pos_X, -0.00016156949506000002, Pos_Y, -3.72314383734411e-05, Pos_Z, -0.0001806722455440233, BFx, 1.0, 0.0, 0.0,                             BFy, 0.0, -0.9999791608611573, 0.006455837932925177, BFz, 0.0, -0.006455837932925172, -0.9999791608611567
Time, 0.022, Pos_X, -0.00019618955775999999, Pos_Y, -4.601668267385188e-05, Pos_Z, -0.0002177638503856243, BFx, 1.0, 0.0, 0.0,                             BFy, 0.0, -0.9999777062672878, 0.00667734740855805, BFz, 0.0, -0.006677347408558045, -0.9999777062672872
Time, 0.024, Pos_X, -0.00023423138006000002, Pos_Y, -5.59351857926578e-05, Pos_Z, -0.0002581079379201346, BFx, 1.0, 0.0, 0.0,                             BFy, 0.0, -0.9999769300660789, 0.006792594174618387, BFz, 0.0, -0.006792594174618382, -0.9999769300660784
Time, 0.026, Pos_X, -0.00027568511134, Pos_Y, -6.704564094249411e-05, Pos_Z, -0.00030164207707168066, BFx, 1.0, 0.0, 0.0,                             BFy, 0.0, -0.9999768975288639, 0.006797382477712109, BFz, 0.0, -0.006797382477712104, -0.9999768975288634
Time, 0.028, Pos_X, -0.00032053122550000006, Pos_Y, -7.940837667037373e-05, Pos_Z, -0.0003483009604460462, BFx, 1.0, 0.0, 0.0,                             BFy, 0.0, -0.999977640164627, 0.006687239399336859, BFz, 0.0, -0.006687239399336853, -0.9999776401646265
Time, 0.03, Pos_X, -0.00036874024786, Pos_Y, -9.308522037509706e-05, Pos_Z, -0.00039801634157226847, BFx, 1.0, 0.0, 0.0,                             BFy, 0.0, -0.9999791191074959, 0.006462302143718849, BFz, 0.0, -0.006462302143718844, -0.9999791191074954
Time, 0.032, Pos_X, -0.00042027303402, Pos_Y, -0.00010813953025608858, Pos_Z, -0.0004507170757156191, BFx, 1.0, 0.0, 0.0,                             BFy, 0.0, -0.9999812460159062, 0.006124346208055675, BFz, 0.0, -0.006124346208055669, -0.9999812460159057
Time, 0.034, Pos_X, -0.00047508075918000007, Pos_Y, -0.00012463640366346937, Pos_Z, -0.0005063290056086626, BFx, 1.0, 0.0, 0.0,                             BFy, 0.0, -0.9999838892850427, 0.005676369469986713, BFz, 0.0, -0.00567636946998671, -0.9999838892850421
Time, 0.036, Pos_X, -0.00053310500114, Pos_Y, -0.00014264279420966755, Pos_Z, -0.0005647748406629755, BFx, 1.0, 0.0, 0.0,                             BFy, 0.0, -0.9999868795892809, 0.005122562766146615, BFz, 0.0, -0.005122562766146612, -0.9999868795892802
Time, 0.038, Pos_X, -0.0005942780627, Pos_Y, -0.00016222776705554167, Pos_Z, -0.0006259741906848042, BFx, 1.0, 0.0, 0.0,                             BFy, 0.0, -0.9999900186547752, 0.00446795152419178, BFz, 0.0, -0.004467951524191777, -0.9999900186547745
Time, 0.04, Pos_X, -0.00065852367066, Pos_Y, -0.00018346264921947854, Pos_Z, -0.0006898435503418517, BFx, 1.0, 0.0, 0.0,                             BFy, 0.0, -0.9999930878601571, 0.00371809519895166, BFz, 0.0, -0.003718095198951658, -0.9999930878601565
Time, 0.042, Pos_X, -0.0007257579493600001, Pos_Y, -0.00020642112598429915, Pos_Z, -0.0007562963225573083, BFx, 1.0, 0.0, 0.0,                             BFy, 0.0, -0.9999958557527088, 0.0028789715885766715, BFz, 0.0, -0.0028789715885766693, -0.9999958557527083
Time, 0.044, Pos_X, -0.0007958906491199999, Pos_Y, -0.00023117939797476204, Pos_Z, -0.0008252433145509262, BFx, 1.0, 0.0, 0.0,                             BFy, 0.0, -0.99999808560641, 0.0019567277569900207, BFz, 0.0, -0.0019567277569900194, -0.9999980856064096
Time, 0.046, Pos_X, -0.0008688263952, Pos_Y, -0.00025781623644650833, Pos_Z, -0.0008965929214917295, BFx, 1.0, 0.0, 0.0,                             BFy, 0.0, -0.9999995414177771, 0.0009576869192472423, BFz, 0.0, -0.0009576869192472415, -0.9999995414177768
Time, 0.048, Pos_X, -0.00094446575428, Pos_Y, -0.0002864132231991985, Pos_Z, -0.0009702506586111365, BFx, 1.0, 0.0, 0.0,                             BFy, 0.0, -0.9999999937522139, -0.00011178359412719979, BFz, 0.0, 0.00011178359412720014, -0.9999999937522136
Time, 0.05, Pos_X, -0.00102270664366, Pos_Y, -0.0003170550631591073, Pos_Z, -0.0010461186734653399, BFx, 1.0, 0.0, 0.0,                             BFy, 0.0, -0.9999992246955774, -0.001245234212548037, BFz, 0.0, 0.0012452342125480371, -0.9999992246955771
Time, 0.052, Pos_X, -0.0011034456494199998, Pos_Y, -0.0003498298978415624, Pos_Z, -0.0011240951042165606, BFx, 1.0, 0.0, 0.0,                             BFy, 0.0, -0.9999970325392497, -0.002436167624613202, BFz, 0.0, 0.002436167624613202, -0.9999970325392493
Time, 0.054, Pos_X, -0.00118657902226, Pos_Y, -0.00038482933351685123, Pos_Z, -0.001204073324314051, BFx, 1.0, 0.0, 0.0,                             BFy, 0.0, -0.9999932359736533, -0.0036780439015422777, BFz, 0.0, 0.0036780439015422772, -0.9999932359736531
Time, 0.056, Pos_X, -0.00127200414658, Pos_Y, -0.00042214937612584913, Pos_Z, -0.0012859408564375363, BFx, 1.0, 0.0, 0.0,                             BFy, 0.0, -0.9999876776114779, -0.004964335323436625, BFz, 0.0, 0.004964335323436625, -0.9999876776114777
Time, 0.058, Pos_X, -0.0013596200277, Pos_Y, -0.000461890568961095, Pos_Z, -0.0013695793124170223, BFx, 1.0, 0.0, 0.0,                             BFy, 0.0, -0.9999802265591174, -0.006288600064944957, BFz, 0.0, 0.006288600064944957, -0.9999802265591172
Time, 0.06, Pos_X, -0.0014493275206799998, Pos_Y, -0.0005041569349988798, Pos_Z, -0.0014548649500185171, BFx, 1.0, 0.0, 0.0,                             BFy, 0.0, -0.999970778561751, -0.0076447382300742425, BFz, 0.0, 0.007644738230074243, -0.9999707785617508
Time, 0.062, Pos_X, -0.00154103020916, Pos_Y, -0.0005490557008314116, Pos_Z, -0.001541668500572577, BFx, 1.0, 0.0, 0.0,                             BFy, 0.0, -0.9999592544863016, -0.009027146127126325, BFz, 0.0, 0.009027146127126327, -0.9999592544863016
Time, 0.064, Pos_X, -0.0016346344787400002, Pos_Y, -0.000596697210340411, Pos_Z, -0.0016298548238604695, BFx, 1.0, 0.0, 0.0,                             BFy, 0.0, -0.9999455965995827, -0.01043090797128919, BFz, 0.0, 0.010430907971289193, -0.9999455965995827
Time, 0.066, Pos_X, -0.0017300497364600002, Pos_Y, -0.0006471952944422993, Pos_Z, -0.001719282188351892, BFx, 1.0, 0.0, 0.0,                             BFy, 0.0, -0.9999297607525546, -0.011852154291097336, BFz, 0.0, 0.011852154291097337, -0.9999297607525546
Time, 0.068, Pos_X, -0.0018271882240800002, Pos_Y, -0.0007006670804851106, Pos_Z, -0.001809801301630337, BFx, 1.0, 0.0, 0.0,                             BFy, 0.0, -0.9999117078238134, -0.013288211198852911, BFz, 0.0, 0.013288211198852911, -0.9999117078238136
Time, 0.07, Pos_X, -0.0019259642670600003, Pos_Y, -0.000757232950645252, Pos_Z, -0.0019012544522711077, BFx, 1.0, 0.0, 0.0,                             BFy, 0.0, -0.9998913915719645, -0.014737878418577065, BFz, 0.0, 0.014737878418577065, -0.9998913915719646
Time, 0.072, Pos_X, -0.0020262937254, Pos_Y, -0.000817016592973949, Pos_Z, -0.001993474791407856, BFx, 1.0, 0.0, 0.0,                             BFy, 0.0, -0.9998687481958902, -0.016201431454775015, BFz, 0.0, 0.01620143145477502, -0.9998687481958903
Time, 0.074, Pos_X, -0.00212809337314, Pos_Y, -0.0008801445756435033, Pos_Z, -0.00208628601690831, BFx, 1.0, 0.0, 0.0,                             BFy, 0.0, -0.9998436862185128, -0.017680586216991655, BFz, 0.0, 0.01768058621699166, -0.999843686218513
Time, 0.076, Pos_X, -0.00223128045488, Pos_Y, -0.0009467461486700539, Pos_Z, -0.002179502629184453, BFx, 1.0, 0.0, 0.0,                             BFy, 0.0, -0.9998160765958775, -0.019178450939190315, BFz, 0.0, 0.01917845093919032, -0.9998160765958777
Time, 0.078, Pos_X, -0.00233577230022, Pos_Y, -0.0010169532101349098, Pos_Z, -0.00227293029427183, BFx, 1.0, 0.0, 0.0,                             BFy, 0.0, -0.9997857473756215, -0.020699259517432577, BFz, 0.0, 0.020699259517432577, -0.9997857473756218
Time, 0.08, Pos_X, -0.00244148597472, Pos_Y, -0.0010908999607934975, Pos_Z, -0.0023663665329386164, BFx, 1.0, 0.0, 0.0,                             BFy, 0.0, -0.9997524797552794, -0.02224812853185981, BFz, 0.0, 0.022248128531859812, -0.9997524797552795
Time, 0.082, Pos_X, -0.0025483374275600003, Pos_Y, -0.0011687225154805906, Pos_Z, -0.002459601448729809, BFx, 1.0, 0.0, 0.0,                             BFy, 0.0, -0.9997160067317356, -0.023830775991408586, BFz, 0.0, 0.02383077599140859, -0.9997160067317357
Time, 0.084, Pos_X, -0.0026562407462200005, Pos_Y, -0.001250558537332187, Pos_Z, -0.0025524182418433148, BFx, 1.0, 0.0, 0.0,                             BFy, 0.0, -0.9996760123425809, -0.02545329736667715, BFz, 0.0, 0.025453297366677157, -0.999676012342581
Time, 0.086, Pos_X, -0.0027651077598599997, Pos_Y, -0.0013365471584463222, Pos_Z, -0.002644594129930522, BFx, 1.0, 0.0, 0.0,                             BFy, 0.0, -0.9996321282778883, -0.027122096427453127, BFz, 0.0, 0.027122096427453134, -0.9996321282778883
Time, 0.088, Pos_X, -0.00287484746638, Pos_Y, -0.001426829209155607, Pos_Z, -0.002735901593124344, BFx, 1.0, 0.0, 0.0,                             BFy, 0.0, -0.9995839374516631, -0.028843577944319652, BFz, 0.0, 0.02884357794431966, -0.9995839374516632
Time, 0.09, Pos_X, -0.0029853660287, Pos_Y, -0.0015215474560421186, Pos_Z, -0.0028261104357372633, BFx, 1.0, 0.0, 0.0,                             BFy, 0.0, -0.999530972583605, -0.030624089310097486, BFz, 0.0, 0.030624089310097493, -0.9995309725836051
Time, 0.092, Pos_X, -0.00309656702462, Pos_Y, -0.0016208469579080962, Pos_Z, -0.002914990204088181, BFx, 1.0, 0.0, 0.0,                             BFy, 0.0, -0.999472720868036, -0.03246968186855399, BFz, 0.0, 0.032469681868554, -0.9994727208680361
Time, 0.094, Pos_X, -0.0032083518987600004, Pos_Y, -0.0017248752034840459, Pos_Z, -0.003002312364925487, BFx, 1.0, 0.0, 0.0,                             BFy, 0.0, -0.999408627168631, -0.0343859846581807, BFz, 0.0, 0.0343859846581807, -0.9994086271686311
Time, 0.096, Pos_X, -0.0033206201810200005, Pos_Y, -0.0018337824737132958, Pos_Z, -0.0030878523839594696, BFx, 1.0, 0.0, 0.0,                             BFy, 0.0, -0.9993380988080295, -0.036378074038539245, BFz, 0.0, 0.036378074038539245, -0.9993380988080296
Time, 0.098, Pos_X, -0.0034332697994600004, Pos_Y, -0.0019477223091735414, Pos_Z, -0.0031713910380841317, BFx, 1.0, 0.0, 0.0,                             BFy, 0.0, -0.9992605160786762, -0.038450240651761045, BFz, 0.0, 0.038450240651761045, -0.9992605160786762
Time, 0.1, Pos_X, -0.0035461975387200005, Pos_Y, -0.0020668514356103214, Pos_Z, -0.003252716218609618, BFx, 1.0, 0.0, 0.0,                             BFy, 0.0, -0.9991752444985319, -0.040605797385337164, BFz, 0.0, 0.040605797385337164, -0.999175244498532
Time, 0.102, Pos_X, -0.0036592993843119997, Pos_Y, -0.0021913299264706624, Pos_Z, -0.003331625271593207, BFx, 1.0, 0.0, 0.0,                             BFy, 0.0, -0.9990816492719157, -0.04284691456930338, BFz, 0.0, 0.04284691456930339, -0.9990816492719157
Time, 0.104, Pos_X, -0.0037724711965188, Pos_Y, -0.0023213219489653537, Pos_Z, -0.0034079268527540474, BFx, 1.0, 0.0, 0.0,                             BFy, 0.0, -0.9989791116394977, -0.04517448957055513, BFz, 0.0, 0.04517448957055515, -0.9989791116394979
Time, 0.106, Pos_X, -0.0038856090330804, Pos_Y, -0.0024569962617304254, Pos_Z, -0.003481442930250564, BFx, 1.0, 0.0, 0.0,                             BFy, 0.0, -0.9988670457337814, -0.047588075681500926, BFz, 0.0, 0.047588075681500946, -0.9988670457337817
Time, 0.108, Pos_X, -0.003998609194804, Pos_Y, -0.0025985267142139635, Pos_Z, -0.003552011160216001, BFx, 1.0, 0.0, 0.0,                             BFy, 0.0, -0.9987449084204008, -0.050086005074526874, BFz, 0.0, 0.0500860050745269, -0.9987449084204011
Time, 0.11, Pos_X, -0.0041113687270176, Pos_Y, -0.0027460927119911287, Pos_Z, -0.0036194872012185113, BFx, 1.0, 0.0, 0.0,                             BFy, 0.0, -0.998612198527139, -0.05266570945875445, BFz, 0.0, 0.05266570945875447, -0.9986121985271392
Time, 0.112, Pos_X, -0.0042237857718912, Pos_Y, -0.0028998795485349863, Pos_Z, -0.0036837469292231237, BFx, 1.0, 0.0, 0.0,                             BFy, 0.0, -0.9984684525995501, -0.05532403784486266, BFz, 0.0, 0.05532403784486268, -0.9984684525995503
Time, 0.114, Pos_X, -0.0043357595361848, Pos_Y, -0.0030600786499481846, Pos_Z, -0.0037446887921807927, BFx, 1.0, 0.0, 0.0,                             BFy, 0.0, -0.9983132330407094, -0.05805763288152311, BFz, 0.0, 0.05805763288152314, -0.9983132330407096
Time, 0.116, Pos_X, -0.0044471901298584, Pos_Y, -0.0032268876869141834, Pos_Z, -0.0038022363865229756, BFx, 1.0, 0.0, 0.0,                             BFy, 0.0, -0.9981460983424497, -0.06086350600930165, BFz, 0.0, 0.060863506009301675, -0.9981460983424499
Time, 0.118, Pos_X, -0.004557978608452, Pos_Y, -0.0034005104733939424, Pos_Z, -0.0038563413148180996, BFx, 1.0, 0.0, 0.0,                             BFy, 0.0, -0.9979665727847108, -0.06373946661479195, BFz, 0.0, 0.06373946661479199, -0.9979665727847111
Time, 0.12, Pos_X, -0.0046680269988256, Pos_Y, -0.0035811565865761855, Pos_Z, -0.003906985884621829, BFx, 1.0, 0.0, 0.0,                             BFy, 0.0, -0.9977741165734432, -0.06668442318926222, BFz, 0.0, 0.06668442318926227, -0.9977741165734435
Time, 0.122, Pos_X, -0.0047772373953192, Pos_Y, -0.0037690406906738323, Pos_Z, -0.003954186070823955, BFx, 1.0, 0.0, 0.0,                             BFy, 0.0, -0.9975680942026763, -0.06969861855761146, BFz, 0.0, 0.0696986185576115, -0.9975680942026768
Time, 0.124, Pos_X, -0.004885511190032801, Pos_Y, -0.003964381932678972, Pos_Z, -0.003997994658677065, BFx, 1.0, 0.0, 0.0,                             BFy, 0.0, -0.9973477512497431, -0.07278367314913277, BFz, 0.0, 0.07278367314913278, -0.9973477512497434
Time, 0.126, Pos_X, -0.004992748567186401, Pos_Y, -0.004167403284450056, Pos_Z, -0.004038504003388689, BFx, 1.0, 0.0, 0.0,                             BFy, 0.0, -0.997112201623746, -0.07594246093619161, BFz, 0.0, 0.07594246093619163, -0.9971122016237465
Time, 0.128, Pos_X, -0.005098847936820001, Pos_Y, -0.0043783308080072, Pos_Z, -0.004075848975057206, BFx, 1.0, 0.0, 0.0,                             BFy, 0.0, -0.9968604283157162, -0.07917882581982215, BFz, 0.0, 0.07917882581982212, -0.9968604283157165
Time, 0.13, Pos_X, -0.005203706046253601, Pos_Y, -0.004597392985740911, Pos_Z, -0.0041102096021321585, BFx, 1.0, 0.0, 0.0,                             BFy, 0.0, -0.996591290872244, -0.08249726636436601, BFz, 0.0, 0.08249726636436595, -0.9965912908722443
Time, 0.132, Pos_X, -0.005307218263047202, Pos_Y, -0.00482482010748345, Pos_Z, -0.0041418130045086845, BFx, 1.0, 0.0, 0.0,                             BFy, 0.0, -0.9963035554157922, -0.08590241827707797, BFz, 0.0, 0.0859024182770779, -0.9963035554157924
Time, 0.134, Pos_X, -0.005409278571960802, Pos_Y, -0.00506084340832174, Pos_Z, -0.004170935219191892, BFx, 1.0, 0.0, 0.0,                             BFy, 0.0, -0.9959959173114927, -0.08939872873166002, BFz, 0.0, 0.08939872873165994, -0.9959959173114928
Time, 0.136, Pos_X, -0.0055097792755144015, Pos_Y, -0.00530569409185246, Pos_Z, -0.004197901935865669, BFx, 1.0, 0.0, 0.0,                             BFy, 0.0, -0.9956670494146874, -0.0929899280021728, BFz, 0.0, 0.0929899280021727, -0.9956670494146875
Time, 0.138, Pos_X, -0.005608610993288001, Pos_Y, -0.005559602573708652, Pos_Z, -0.00422308865393278, BFx, 1.0, 0.0, 0.0,                             BFy, 0.0, -0.9953156394482143, -0.09667873535473562, BFz, 0.0, 0.09667873535473552, -0.9953156394482144
Time, 0.14, Pos_X, -0.005705663265061602, Pos_Y, -0.005822798154829692, Pos_Z, -0.004246920737988452, BFx, 1.0, 0.0, 0.0,                             BFy, 0.0, -0.9949404358598385, -0.10046655707763247, BFz, 0.0, 0.10046655707763237, -0.9949404358598387
Time, 0.142, Pos_X, -0.0058008254165752005, Pos_Y, -0.006095509219959701, Pos_Z, -0.004269872597098904, BFx, 1.0, 0.0, 0.0,                             BFy, 0.0, -0.994540273923816, -0.10435345487112227, BFz, 0.0, 0.10435345487112217, -0.9945402739238166
Time, 0.144, Pos_X, -0.0058939880665688, Pos_Y, -0.006377963461085958, Pos_Z, -0.004292466327490963, BFx, 1.0, 0.0, 0.0,                             BFy, 0.0, -0.994114098225708, -0.10833817290727216, BFz, 0.0, 0.10833817290727206, -0.9941140982257085
Time, 0.146, Pos_X, -0.0059850444614424, Pos_Y, -0.006670388279695805, Pos_Z, -0.004315269707869521, BFx, 1.0, 0.0, 0.0,                             BFy, 0.0, -0.9936609905544493, -0.11241812954478901, BFz, 0.0, 0.11241812954478891, -0.99366099055445
Time, 0.148, Pos_X, -0.006073892003316, Pos_Y, -0.006973011311200389, Pos_Z, -0.00433889324745258, BFx, 1.0, 0.0, 0.0,                             BFy, 0.0, -0.9931801782194593, -0.11658959469850422, BFz, 0.0, 0.11658959469850412, -0.9931801782194599
Time, 0.15, Pos_X, -0.006160434285369601, Pos_Y, -0.007286061256619569, Pos_Z, -0.004363986485514194, BFx, 1.0, 0.0, 0.0,                             BFy, 0.0, -0.9926710667857266, -0.12084764443912724, BFz, 0.0, 0.12084764443912716, -0.9926710667857274
Time, 0.152, Pos_X, -0.006244583202163201, Pos_Y, -0.007609769189084266, Pos_Z, -0.004391233621136479, BFx, 1.0, 0.0, 0.0,                             BFy, 0.0, -0.9921332823543441, -0.1251860617033443, BFz, 0.0, 0.1251860617033442, -0.9921332823543447
Time, 0.154, Pos_X, -0.006326261301756801, Pos_Y, -0.007944369977055438, Pos_Z, -0.004421348091100343, BFx, 1.0, 0.0, 0.0,                             BFy, 0.0, -0.9915667271429046, -0.12959716672484264, BFz, 0.0, 0.12959716672484253, -0.9915667271429053
Time, 0.156, Pos_X, -0.0064054044876704005, Pos_Y, -0.008290104005898311, Pos_Z, -0.004455066738908883, BFx, 1.0, 0.0, 0.0,                             BFy, 0.0, -0.9909716625084029, -0.13407148878613354, BFz, 0.0, 0.13407148878613345, -0.9909716625084034
Time, 0.158, Pos_X, -0.006481964572384, Pos_Y, -0.008647219241540065, Pos_Z, -0.004493143740200182, BFx, 1.0, 0.0, 0.0,                             BFy, 0.0, -0.9903487947009961, -0.13859749216447803, BFz, 0.0, 0.13859749216447792, -0.9903487947009968
Time, 0.16, Pos_X, -0.0065559115222976, Pos_Y, -0.00901597320787347, Pos_Z, -0.004536343764255442, BFx, 1.0, 0.0, 0.0,                             BFy, 0.0, -0.9896993739508059, -0.14316126990698505, BFz, 0.0, 0.14316126990698494, -0.9896993739508066
Time, 0.162, Pos_X, -0.0066272358830112, Pos_Y, -0.009396634867921175, Pos_Z, -0.004585434862062939, BFx, 1.0, 0.0, 0.0,                             BFy, 0.0, -0.9890252871253427, -0.14774634149998905, BFz, 0.0, 0.14774634149998891, -0.9890252871253434
Time, 0.164, Pos_X, -0.0066959510472448, Pos_Y, -0.009789486612312345, Pos_Z, -0.004641180751729888, BFx, 1.0, 0.0, 0.0,                             BFy, 0.0, -0.9883291578985592, -0.15233343575040523, BFz, 0.0, 0.15233343575040506, -0.98832915789856
Time, 0.166, Pos_X, -0.0067620946035984, Pos_Y, -0.010194825615964532, Pos_Z, -0.004704332227849632, BFx, 1.0, 0.0, 0.0,                             BFy, 0.0, -0.9876143859856511, -0.15690068385505423, BFz, 0.0, 0.15690068385505407, -0.9876143859856518
Time, 0.168, Pos_X, -0.006825728950952, Pos_Y, -0.010612964889982339, Pos_Z, -0.0047756194556199515, BFx, 1.0, 0.0, 0.0,                             BFy, 0.0, -0.9868851670035587, -0.16142387415855355, BFz, 0.0, 0.1614238741585534, -0.9868851670035593
Time, 0.17, Pos_X, -0.0068869418779056, Pos_Y, -0.011044234215278117, Pos_Z, -0.004855745137119188, BFx, 1.0, 0.0, 0.0,                             BFy, 0.0, -0.9861464563364131, -0.1658769624002469, BFz, 0.0, 0.16587696240024677, -0.9861464563364138
Time, 0.172, Pos_X, -0.0069458464292592, Pos_Y, -0.011488980454596906, Pos_Z, -0.00494537806293526, BFx, 1.0, 0.0, 0.0,                             BFy, 0.0, -0.985403869665415, -0.17023282188938615, BFz, 0.0, 0.17023282188938602, -0.9854038696654157
Time, 0.174, Pos_X, -0.0070025800972128, Pos_Y, -0.011947567232814519, Pos_Z, -0.005045147477158609, BFx, 1.0, 0.0, 0.0,                             BFy, 0.0, -0.9846635356517852, -0.17446409819135617, BFz, 0.0, 0.17446409819135603, -0.984663535651786
Time, 0.176, Pos_X, -0.0070573032916664, Pos_Y, -0.012420373793341329, Pos_Z, -0.005155638878690322, BFx, 1.0, 0.0, 0.0,                             BFy, 0.0, -0.9839319000049616, -0.17854415743065977, BFz, 0.0, 0.17854415743065963, -0.9839319000049623
Time, 0.178, Pos_X, -0.0071101971552200004, Pos_Y, -0.01290779356794125, Pos_Z, -0.005277390922931988, BFx, 1.0, 0.0, 0.0,                             BFy, 0.0, -0.9832155180761535, -0.18244792411600436, BFz, 0.0, 0.18244792411600422, -0.9832155180761543
Time, 0.18, Pos_X, -0.0071614607640536005, Pos_Y, -0.013410231961453635, Pos_Z, -0.0054108928218804435, BFx, 1.0, 0.0, 0.0,                             BFy, 0.0, -0.9825208056005866, -0.18615280433550455, BFz, 0.0, 0.18615280433550443, -0.9825208056005875
Time, 0.182, Pos_X, -0.007211307393367201, Pos_Y, -0.01392810364331481, Pos_Z, -0.0055565833579369886, BFx, 1.0, 0.0, 0.0,                             BFy, 0.0, -0.9818538172789507, -0.18963934585088432, BFz, 0.0, 0.1896393458508842, -0.9818538172789514
Time, 0.184, Pos_X, -0.007259960612280801, Pos_Y, -0.01446182971578222, Pos_Z, -0.005714851137830174, BFx, 1.0, 0.0, 0.0,                             BFy, 0.0, -0.9812200359141143, -0.192891786037412, BFz, 0.0, 0.19289178603741192, -0.981220035914115
Time, 0.186, Pos_X, -0.007307649800434401, Pos_Y, -0.015011834432309324, Pos_Z, -0.0058860356206993205, BFx, 1.0, 0.0, 0.0,                             BFy, 0.0, -0.9806241582387109, -0.19589859692866138, BFz, 0.0, 0.1958985969286613, -0.9806241582387116
Time, 0.188, Pos_X, -0.007354604911628001, Pos_Y, -0.01557854142392956, Pos_Z, -0.006070429017679062, BFx, 1.0, 0.0, 0.0,                             BFy, 0.0, -0.9800699955091356, -0.19865247016516202, BFz, 0.0, 0.1986524701651619, -0.9800699955091368
Time, 0.19, Pos_X, -0.007401050734041601, Pos_Y, -0.016162369669994736, Pos_Z, -0.006268278802403541, BFx, 1.0, 0.0, 0.0,                             BFy, 0.0, -0.9795603680677535, -0.20115040469997833, BFz, 0.0, 0.2011504046999782, -0.9795603680677546
Time, 0.192, Pos_X, -0.007447201070955201, Pos_Y, -0.016763729212110386, Pos_Z, -0.0064797912079917145, BFx, 1.0, 0.0, 0.0,                             BFy, 0.0, -0.9790970889091956, -0.20339343767569457, BFz, 0.0, 0.20339343767569443, -0.9790970889091967
Time, 0.194, Pos_X, -0.007493253639083002, Pos_Y, -0.017383016838467314, Pos_Z, -0.0067051357520382686, BFx, 1.0, 0.0, 0.0,                             BFy, 0.0, -0.9786810089781329, -0.20538617934403805, BFz, 0.0, 0.2053861793440379, -0.9786810089781339
Time, 0.196, Pos_X, -0.007539384975941002, Pos_Y, -0.018020611685026354, Pos_Z, -0.006944450297909541, BFx, 1.0, 0.0, 0.0,                             BFy, 0.0, -0.978312095478145, -0.20713629291159477, BFz, 0.0, 0.20713629291159463, -0.9783120954781461
Time, 0.198, Pos_X, -0.007585745438775002, Pos_Y, -0.018676870828891405, Pos_Z, -0.007197846264680098, BFx, 1.0, 0.0, 0.0,                             BFy, 0.0, -0.9779895499732804, -0.20865387641512279, BFz, 0.0, 0.20865387641512267, -0.9779895499732816
Time, 0.2, Pos_X, -0.007632454156769002, Pos_Y, -0.019352125003967765, Pos_Z, -0.007465413559970376, BFx, 1.0, 0.0, 0.0,                             BFy, 0.0, -0.9777119441792739, -0.2099508376005704, BFz, 0.0, 0.20995083760057032, -0.9777119441792752
Time, 0.202, Pos_X, -0.007679594607903002, Pos_Y, -0.020046674775144005, Pos_Z, -0.0077472256690962055, BFx, 1.0, 0.0, 0.0,                             BFy, 0.0, -0.9774773864016341, -0.21104018355144488, BFz, 0.0, 0.21104018355144483, -0.9774773864016353
Time, 0.204, Pos_X, -0.007727211053157002, Pos_Y, -0.020760787454763015, Pos_Z, -0.008043344869702004, BFx, 1.0, 0.0, 0.0,                             BFy, 0.0, -0.9772836071411296, -0.21193572424963905, BFz, 0.0, 0.21193572424963897, -0.9772836071411308
Time, 0.206, Pos_X, -0.007775305565331001, Pos_Y, -0.021494694433352536, Pos_Z, -0.008353827364635582, BFx, 1.0, 0.0, 0.0,                             BFy, 0.0, -0.977128065355909, -0.21265169619313065, BFz, 0.0, 0.21265169619313054, -0.9771280653559103
Time, 0.208, Pos_X, -0.007823836364905001, Pos_Y, -0.02224858969940043, Pos_Z, -0.008678728278425717, BFx, 1.0, 0.0, 0.0,                             BFy, 0.0, -0.9770080176891397, -0.21320256417579644, BFz, 0.0, 0.2132025641757963, -0.9770080176891411
Time, 0.21, Pos_X, -0.007872716756691002, Pos_Y, -0.023022629020761545, Pos_Z, -0.009018105012999092, BFx, 1.0, 0.0, 0.0,                             BFy, 0.0, -0.9769205663391414, -0.21360291913643975, BFz, 0.0, 0.2136029191364396, -0.9769205663391429
Time, 0.212, Pos_X, -0.007921814693509001, Pos_Y, -0.02381692906722233, Pos_Z, -0.009372019295027494, BFx, 1.0, 0.0, 0.0,                             BFy, 0.0, -0.9768627428782285, -0.2138672054720441, BFz, 0.0, 0.21386720547204394, -0.97686274287823
Time, 0.214, Pos_X, -0.007970953108555001, Pos_Y, -0.024631567069705984, Pos_Z, -0.009740538349832613, BFx, 1.0, 0.0, 0.0,                             BFy, 0.0, -0.9768315416903064, -0.2140096707135832, BFz, 0.0, 0.21400967071358307, -0.976831541690308
Time, 0.216, Pos_X, -0.008019911140389002, Pos_Y, -0.02546658145845234, Pos_Z, -0.010123735210576652, BFx, 1.0, 0.0, 0.0,                             BFy, 0.0, -0.97682397132285, -0.2140442221809608, BFz, 0.0, 0.21404422218096064, -0.9768239713228517
Time, 0.218, Pos_X, -0.008068426313523001, Pos_Y, -0.02632197302147135, Pos_Z, -0.01052168855292766, BFx, 1.0, 0.0, 0.0,                             BFy, 0.0, -0.9768371062986786, -0.21398426988454286, BFz, 0.0, 0.21398426988454272, -0.9768371062986803
Time, 0.22, Pos_X, -0.008116196842017, Pos_Y, -0.027197706802928864, Pos_Z, -0.010934482171760816, BFx, 1.0, 0.0, 0.0,                             BFy, 0.0, -0.9768681415566584, -0.21384254490544566, BFz, 0.0, 0.21384254490544552, -0.9768681415566599
Time, 0.222, Pos_X, -0.008162884577271, Pos_Y, -0.028093714776264544, Pos_Z, -0.011362203968937635, BFx, 1.0, 0.0, 0.0,                             BFy, 0.0, -0.9769144341677076, -0.21363096291217867, BFz, 0.0, 0.21363096291217853, -0.9769144341677092
Time, 0.224, Pos_X, -0.008208119331045, Pos_Y, -0.029009899067968505, Pos_Z, -0.011804943957129178, BFx, 1.0, 0.0, 0.0,                             BFy, 0.0, -0.9769735643848866, -0.21336038641951877, BFz, 0.0, 0.21336038641951866, -0.9769735643848884
Time, 0.226, Pos_X, -0.008251503573259, Pos_Y, -0.029946135849381834, Pos_Z, -0.012262791572309617, BFx, 1.0, 0.0, 0.0,                             BFy, 0.0, -0.9770434104213255, -0.21304031109689503, BFz, 0.0, 0.21304031109689492, -0.9770434104213273
Time, 0.228, Pos_X, -0.008292616727872999, Pos_Y, -0.030902279489936683, Pos_Z, -0.012735832284582273, BFx, 1.0, 0.0, 0.0,                             BFy, 0.0, -0.9771222122103991, -0.21267858943733017, BFz, 0.0, 0.2126785894373301, -0.977122212210401
Time, 0.23, Pos_X, -0.008331020045086998, Pos_Y, -0.031878166692503596, Pos_Z, -0.013224144087961406, BFx, 1.0, 0.0, 0.0,                             BFy, 0.0, -0.9772086140708237, -0.21228123936367305, BFz, 0.0, 0.21228123936367296, -0.9772086140708255
Time, 0.232, Pos_X, -0.008366261992960998, Pos_Y, -0.03287362102513659, Pos_Z, -0.01372779396161335, BFx, 1.0, 0.0, 0.0,                             BFy, 0.0, -0.9773017003004404, -0.2118522753945904, BFz, 0.0, 0.21185227539459028, -0.9773017003004422
Time, 0.234, Pos_X, -0.008397883752594999, Pos_Y, -0.0338884574967492, Pos_Z, -0.014246834538085461, BFx, 1.0, 0.0, 0.0,                             BFy, 0.0, -0.9774010209832427, -0.21139357648924006, BFz, 0.0, 0.21139357648923995, -0.9774010209832444
Time, 0.236, Pos_X, -0.008425424841328999, Pos_Y, -0.034922486870597416, Pos_Z, -0.014781301289754543, BFx, 1.0, 0.0, 0.0,                             BFy, 0.0, -0.9775065910195408, -0.2109048707672574, BFz, 0.0, 0.2109048707672573, -0.9775065910195425
Time, 0.238, Pos_X, -0.008448428474062998, Pos_Y, -0.03597552002182644, Pos_Z, -0.01533120933760429, BFx, 1.0, 0.0, 0.0,                             BFy, 0.0, -0.9776188798189227, -0.21038375845485904, BFz, 0.0, 0.210383758454859, -0.9776188798189243
Time, 0.24, Pos_X, -0.008466446141596999, Pos_Y, -0.03704737231430803, Pos_Z, -0.01589655006921019, BFx, 1.0, 0.0, 0.0,                             BFy, 0.0, -0.9777387807009359, -0.2098258247057417, BFz, 0.0, 0.20982582470574165, -0.9777387807009376
Time, 0.242, Pos_X, -0.008479041609931, Pos_Y, -0.038137867587320164, Pos_Z, -0.01647728816219841, BFx, 1.0, 0.0, 0.0,                             BFy, 0.0, -0.9778675321937291, -0.20922497336920223, BFz, 0.0, 0.20922497336920218, -0.9778675321937309
Time, 0.244, Pos_X, -0.008485794824664999, Pos_Y, -0.039246841859716185, Pos_Z, -0.01707335904352016, BFx, 1.0, 0.0, 0.0,                             BFy, 0.0, -0.9780066218907502, -0.20857384193095793, BFz, 0.0, 0.20857384193095785, -0.978006621890752
Time, 0.246, Pos_X, -0.008486305930999, Pos_Y, -0.040374146849324825, Pos_Z, -0.017684667240022954, BFx, 1.0, 0.0, 0.0,                             BFy, 0.0, -0.9781576850239829, -0.2078642423037682, BFz, 0.0, 0.2078642423037681, -0.9781576850239847
Time, 0.248, Pos_X, -0.008480199016733, Pos_Y, -0.04151965289730143, Pos_Z, -0.018311085585007724, BFx, 1.0, 0.0, 0.0,                             BFy, 0.0, -0.9783223759358393, -0.2070877319960107, BFz, 0.0, 0.20708773199601058, -0.9783223759358411
Time, 0.25, Pos_X, -0.008467124660467, Pos_Y, -0.042683251264159665, Pos_Z, -0.018952455067668277, BFx, 1.0, 0.0, 0.0,                             BFy, 0.0, -0.9785022847968448, -0.20623597806239177, BFz, 0.0, 0.20623597806239163, -0.9785022847968466
Time, 0.252, Pos_X, -0.008446762002801, Pos_Y, -0.04386485570939144, Pos_Z, -0.019608585766396982, BFx, 1.0, 0.0, 0.0,                             BFy, 0.0, -0.9786988517541926, -0.2053011387572449, BFz, 0.0, 0.20530113875724476, -0.9786988517541945
Time, 0.254, Pos_X, -0.008418820487735, Pos_Y, -0.0450644039012578, Pos_Z, -0.02027925852998283, BFx, 1.0, 0.0, 0.0,                             BFy, 0.0, -0.9789132835338895, -0.20427624267372751, BFz, 0.0, 0.2042762426737274, -0.9789132835338914
Time, 0.256, Pos_X, -0.008383041518869, Pos_Y, -0.046281858801134494, Pos_Z, -0.020964226991771185, BFx, 1.0, 0.0, 0.0,                             BFy, 0.0, -0.9791465151830272, -0.20315536371193924, BFz, 0.0, 0.20315536371193912, -0.9791465151830291
Time, 0.258, Pos_X, -0.008339199383003001, Pos_Y, -0.04751721012385921, Pos_Z, -0.02166322010583677, BFx, 1.0, 0.0, 0.0,                             BFy, 0.0, -0.9793992466389964, -0.20193344369609179, BFz, 0.0, 0.20193344369609167, -0.9793992466389984
Time, 0.26, Pos_X, -0.008287101219937, Pos_Y, -0.04877047541095541, Pos_Z, -0.022375945129495475, BFx, 1.0, 0.0, 0.0,                             BFy, 0.0, -0.9796719524139663, -0.20060624530009796, BFz, 0.0, 0.20060624530009782, -0.9796719524139684
Time, 0.262, Pos_X, -0.008226586721671, Pos_Y, -0.05004170034364426, Pos_Z, -0.02310209132239387, BFx, 1.0, 0.0, 0.0,                             BFy, 0.0, -0.9799649251458104, -0.19917014204935862, BFz, 0.0, 0.19917014204935843, -0.9799649251458126
Time, 0.264, Pos_X, -0.008157527226605, Pos_Y, -0.05133095838966979, Pos_Z, -0.023841334036955392, BFx, 1.0, 0.0, 0.0,                             BFy, 0.0, -0.9802783450520818, -0.19762177567754818, BFz, 0.0, 0.197621775677548, -0.9802783450520841
Time, 0.266, Pos_X, -0.008079824283739, Pos_Y, -0.05263835006615935, Pos_Z, -0.024593339205043464, BFx, 1.0, 0.0, 0.0,                             BFy, 0.0, -0.9806123239291901, -0.1959578274991554, BFz, 0.0, 0.1959578274991552, -0.9806123239291923
Time, 0.268, Pos_X, -0.007993408494273, Pos_Y, -0.053964001912212886, Pos_Z, -0.025357768497118235, BFx, 1.0, 0.0, 0.0,                             BFy, 0.0, -0.9809669617993756, -0.1941747147753737, BFz, 0.0, 0.19417471477537346, -0.9809669617993779
Time, 0.27, Pos_X, -0.007898238060007, Pos_Y, -0.0553080651335551, Pos_Z, -0.026134284988457514, BFx, 1.0, 0.0, 0.0,                             BFy, 0.0, -0.9813423730706116, -0.19226842386657264, BFz, 0.0, 0.19226842386657234, -0.981342373070614
Time, 0.272, Pos_X, -0.007794296630140999, Pos_Y, -0.05667071404957108, Pos_Z, -0.026922558630246448, BFx, 1.0, 0.0, 0.0,                             BFy, 0.0, -0.9817386890123946, -0.19023445139148762, BFz, 0.0, 0.1902344513914873, -0.9817386890123971
Time, 0.274, Pos_X, -0.007681590839874999, Pos_Y, -0.05805214435218477, Pos_Z, -0.027722271659978946, BFx, 1.0, 0.0, 0.0,                             BFy, 0.0, -0.9821560750221716, -0.18806765882798035, BFz, 0.0, 0.18806765882798002, -0.9821560750221743
Time, 0.276, Pos_X, -0.007560148413408999, Pos_Y, -0.05945257142474948, Pos_Z, -0.028533123929657102, BFx, 1.0, 0.0, 0.0,                             BFy, 0.0, -0.9825946921675744, -0.18576240449591722, BFz, 0.0, 0.18576240449591688, -0.9825946921675771
Time, 0.278, Pos_X, -0.007430015956342999, Pos_Y, -0.06087222783394423, Pos_Z, -0.02935483710647253, BFx, 1.0, 0.0, 0.0,                             BFy, 0.0, -0.9830546415284207, -0.18331277033917603, BFz, 0.0, 0.1833127703391757, -0.9830546415284234
Time, 0.28, Pos_X, -0.007291256152476998, Pos_Y, -0.06231136056307526, Pos_Z, -0.030187158504832223, BFx, 1.0, 0.0, 0.0,                             BFy, 0.0, -0.9835358913646237, -0.1807128949399847, BFz, 0.0, 0.18071289493998438, -0.9835358913646264
Time, 0.282, Pos_X, -0.0071439455022110025, Pos_Y, -0.06377022844000868, Pos_Z, -0.031029864700631304, BFx, 1.0, 0.0, 0.0,                             BFy, 0.0, -0.9840382082482845, -0.17795731147525445, BFz, 0.0, 0.17795731147525412, -0.9840382082482871
Time, 0.284, Pos_X, -0.006988171567545003, Pos_Y, -0.06524909936759561, Pos_Z, -0.03188276453822388, BFx, 1.0, 0.0, 0.0,                             BFy, 0.0, -0.9845611049750331, -0.17504122534516517, BFz, 0.0, 0.17504122534516486, -0.9845611049750357
Time, 0.286, Pos_X, -0.006824030424079003, Pos_Y, -0.06674824752413962, Pos_Z, -0.03274570092322802, BFx, 1.0, 0.0, 0.0,                             BFy, 0.0, -0.9851037998343863, -0.17196076166337596, BFz, 0.0, 0.17196076166337562, -0.985103799834389
Time, 0.288, Pos_X, -0.006651624147213003, Pos_Y, -0.06826795037779818, Pos_Z, -0.03361855214452782, BFx, 1.0, 0.0, 0.0,                             BFy, 0.0, -0.9856651673888212, -0.16871330059115652, BFz, 0.0, 0.16871330059115616, -0.985665167388824
Time, 0.29, Pos_X, -0.006471058089347003, Pos_Y, -0.06980848576545534, Pos_Z, -0.03450123313883316, BFx, 1.0, 0.0, 0.0,                             BFy, 0.0, -0.9862437435578276, -0.1652975447277926, BFz, 0.0, 0.1652975447277922, -0.9862437435578305
Time, 0.292, Pos_X, -0.006282438592481003, Pos_Y, -0.07137012856842273, Pos_Z, -0.03539369582358494, BFx, 1.0, 0.0, 0.0,                             BFy, 0.0, -0.9868377303204302, -0.16171361728690825, BFz, 0.0, 0.16171361728690786, -0.986837730320433
Time, 0.294, Pos_X, -0.006085870145015003, Pos_Y, -0.07295314707762877, Pos_Z, -0.03629592936420716, BFx, 1.0, 0.0, 0.0,                             BFy, 0.0, -0.9874450449864398, -0.15796291695117218, BFz, 0.0, 0.15796291695117173, -0.9874450449864425
Time, 0.296, Pos_X, -0.005881452613349002, Pos_Y, -0.07455779964513908, Pos_Z, -0.03720796036542023, BFx, 1.0, 0.0, 0.0,                             BFy, 0.0, -0.9880633634068631, -0.15404801164932902, BFz, 0.0, 0.15404801164932852, -0.9880633634068658
Time, 0.298, Pos_X, -0.005669278960883002, Pos_Y, -0.07618433170307924, Pos_Z, -0.038129852624712704, BFx, 1.0, 0.0, 0.0,                             BFy, 0.0, -0.9886902130929799, -0.1499722058721309, BFz, 0.0, 0.14997220587213037, -0.9886902130929827
Time, 0.3, Pos_X, -0.005449433209617003, Pos_Y, -0.07783297284840755, Pos_Z, -0.039061706592735966, BFx, 1.0, 0.0, 0.0,                             BFy, 0.0, -0.9893230272786667, -0.14573931417489833, BFz, 0.0, 0.1457393141748978, -0.9893230272786694
Time, 0.302, Pos_X, -0.005221988723551002, Pos_Y, -0.07950393403492599, Pos_Z, -0.040003658536584455, BFx, 1.0, 0.0, 0.0,                             BFy, 0.0, -0.9899592173753543, -0.14135327351558213, BFz, 0.0, 0.14135327351558163, -0.9899592173753572
Time, 0.304, Pos_X, -0.004987005559285002, Pos_Y, -0.08119740497742589, Pos_Z, -0.04095587872726927, BFx, 1.0, 0.0, 0.0,                             BFy, 0.0, -0.990596224130523, -0.13681783779297885, BFz, 0.0, 0.13681783779297835, -0.9905962241305258
Time, 0.306, Pos_X, -0.004744528137019002, Pos_Y, -0.08291355177737696, Pos_Z, -0.04191856933450474, BFx, 1.0, 0.0, 0.0,                             BFy, 0.0, -0.9912315468780544, -0.13213637074528176, BFz, 0.0, 0.13213637074528123, -0.9912315468780574
Time, 0.308, Pos_X, -0.004494583447753001, Pos_Y, -0.08465251463241663, Pos_Z, -0.04289196219260952, BFx, 1.0, 0.0, 0.0,                             BFy, 0.0, -0.9918627605607279, -0.12731168136839371, BFz, 0.0, 0.1273116813683932, -0.9918627605607309
Time, 0.31, Pos_X, -0.004237179892687001, Pos_Y, -0.08641440603081288, Pos_Z, -0.04387631637181502, BFx, 1.0, 0.0, 0.0,                             BFy, 0.0, -0.992487510956877, -0.12234598724362854, BFz, 0.0, 0.12234598724362798, -0.99248751095688
Time, 0.312, Pos_X, -0.003972306208821001, Pos_Y, -0.08819930932995615, Pos_Z, -0.04487191570044871, BFx, 1.0, 0.0, 0.0,                             BFy, 0.0, -0.993103486715044, -0.117241053707385, BFz, 0.0, 0.11724105370738443, -0.9931034867150469
