Time, 0, Pos_X, 0.0, Pos_Y, 0.0, Pos_Z, 0.0, BFx, 1, 0, 0,                         BFy, 0, -1, 0, BFz, 0, 0, -1
Time, 0.0, Pos_X, 0.0, Pos_Y, 0.0, Pos_Z, 0.0, BFx, 1.0, 0.0, 0.0,                             BFy, 0.0, -1.0, 0.0, BFz, 0.0, 0.0, -1.0
Time, 0.002, Pos_X, -7.507694600000001e-08, Pos_Y, -1.995721637097135e-09, Pos_Z, 4.8863568788897736e-08, BFx, 1.0, 0.0, 0.0,                             BFy, 0.0, -0.999999505543152, -0.0009944412760972013, BFz, 0.0, 0.0009944412760972013, -0.999999505543152
Time, 0.004, Pos_X, -3.25071678e-07, Pos_Y, -1.4864859805999315e-08, Pos_Z, 2.110003954287472e-07, BFx, 1.0, 0.0, 0.0,                             BFy, 0.0, -0.9999980448584878, -0.0019774425912722927, BFz, 0.0, 0.0019774425912722927, -0.9999980448584878
Time, 0.006, Pos_X, -8.0324091e-07, Pos_Y, -5.3538119971026846e-08, Pos_Z, 5.184875938782863e-07, BFx, 1.0, 0.0, 0.0,                             BFy, 0.0, -0.9999956508724105, -0.002949277244398218, BFz, 0.0, 0.0029492772443982184, -0.9999956508724104
Time, 0.008, Pos_X, -1.570443482e-06, Pos_Y, -1.3550006875978993e-07, Pos_Z, 1.0055158195233813e-06, BFx, 1.0, 0.0, 0.0,                             BFy, 0.0, -0.9999923538307574, -0.003910534493099996, BFz, 0.0, 0.003910534493099996, -0.9999923538307572
Time, 0.01, Pos_X, -2.695366514e-06, Pos_Y, -2.8118538482071487e-07, Pos_Z, 1.7089724203616068e-06, BFx, 1.0, 0.0, 0.0,                             BFy, 0.0, -0.9999881793353519, -0.004862220641682864, BFz, 0.0, 0.004862220641682865, -0.999988179335352
Time, 0.012, Pos_X, -4.255697598e-06, Pos_Y, -5.147709848572835e-07, Pos_Z, 2.668983588529998e-06, BFx, 1.0, 0.0, 0.0,                             BFy, 0.0, -0.9999831464097962, -0.00580576406379067, BFz, 0.0, 0.005805764063790671, -0.9999831464097964
Time, 0.014, Pos_X, -6.339147494e-06, Pos_Y, -8.649894868943089e-07, Pos_Z, 3.929073282468078e-06, BFx, 1.0, 0.0, 0.0,                             BFy, 0.0, -0.9999772656183556, -0.006743014640112556, BFz, 0.0, 0.006743014640112558, -0.9999772656183558
Time, 0.016, Pos_X, -9.04398085e-06, Pos_Y, -1.3656504736091638e-06, Pos_Z, 5.536422445111374e-06, BFx, 1.0, 0.0, 0.0,                             BFy, 0.0, -0.9999705371605431, -0.0076762497910731215, BFz, 0.0, 0.007676249791073125, -0.9999705371605432
Time, 0.018, Pos_X, -1.2480006265999998e-05, Pos_Y, -2.056321811908441e-06, Pos_Z, 7.541925011509725e-06, BFx, 1.0, 0.0, 0.0,                             BFy, 0.0, -0.999962950028962, -0.008608052589058095, BFz, 0.0, 0.008608052589058102, -0.999962950028962
Time, 0.02, Pos_X, -1.6769302402e-05, Pos_Y, -2.9830350206573412e-06, Pos_Z, 9.999764991687008e-06, BFx, 1.0, 0.0, 0.0,                             BFy, 0.0, -0.9999544819550834, -0.00954117487215538, BFz, 0.0, 0.009541174872155387, -0.9999544819550835
Time, 0.022, Pos_X, -2.2046911317999998e-05, Pos_Y, -4.19871251651791e-06, Pos_Z, 1.296716256972421e-05, BFx, 1.0, 0.0, 0.0,                             BFy, 0.0, -0.9999450995416517, -0.010478449438563225, BFz, 0.0, 0.010478449438563232, -0.9999450995416519
Time, 0.024, Pos_X, -2.8461574494000004e-05, Pos_Y, -5.76394847265649e-06, Pos_Z, 1.6504560688799866e-05, BFx, 1.0, 0.0, 0.0,                             BFy, 0.0, -0.9999347599140086, -0.011422605469596435, BFz, 0.0, 0.011422605469596442, -0.9999347599140088
Time, 0.026, Pos_X, -3.6176381269999995e-05, Pos_Y, -7.747878536745511e-06, Pos_Z, 2.0675911377683646e-05, BFx, 1.0, 0.0, 0.0,                             BFy, 0.0, -0.9999234120517604, -0.012376188054703613, BFz, 0.0, 0.012376188054703618, -0.9999234120517606
Time, 0.028, Pos_X, -4.5369230646e-05, Pos_Y, -1.0228619892983608e-05, Pos_Z, 2.5548909072897305e-05, BFx, 1.0, 0.0, 0.0,                             BFy, 0.0, -0.9999110016297311, -0.013341245062887194, BFz, 0.0, 0.013341245062887199, -0.9999110016297313
Time, 0.03, Pos_X, -5.6233087761999994e-05, Pos_Y, -1.3293862803064635e-05, Pos_Z, 3.119497307587984e-05, BFx, 1.0, 0.0, 0.0,                             BFy, 0.0, -0.9998974609606632, -0.014320180320745909, BFz, 0.0, 0.014320180320745913, -0.9998974609606637
Time, 0.032, Pos_X, -6.8975936958e-05, Pos_Y, -1.704146657440393e-05, Pos_Z, 3.768924741259654e-05, BFx, 1.0, 0.0, 0.0,                             BFy, 0.0, -0.9998827151469825, -0.015315219564150467, BFz, 0.0, 0.01531521956415047, -0.9998827151469829
Time, 0.034, Pos_X, -8.382029075400003e-05, Pos_Y, -2.1579717823743423e-05, Pos_Z, 4.511062870013104e-05, BFx, 1.0, 0.0, 0.0,                             BFy, 0.0, -0.9998666790418942, -0.016328629511789722, BFz, 0.0, 0.016328629511789722, -0.9998666790418946
Time, 0.036, Pos_X, -0.00010100214034999998, Pos_Y, -2.7027542018941554e-05, Pos_Z, 5.354182584031736e-05, BFx, 1.0, 0.0, 0.0,                             BFy, 0.0, -0.9998492552966325, -0.017362795937548647, BFz, 0.0, 0.01736279593754865, -0.9998492552966329
Time, 0.038, Pos_X, -0.00012076985954599999, Pos_Y, -3.351434931267017e-05, Pos_Z, 6.30697587319538e-05, BFx, 1.0, 0.0, 0.0,                             BFy, 0.0, -0.9998303311764778, -0.018420338203587478, BFz, 0.0, 0.01842033820358748, -0.9998303311764781
Time, 0.04, Pos_X, -0.000143382842942, Pos_Y, -4.1179682077235275e-05, Pos_Z, 7.378564689744114e-05, BFx, 1.0, 0.0, 0.0,                             BFy, 0.0, -0.9998097731549203, -0.019504294499084668, BFz, 0.0, 0.01950429449908467, -0.9998097731549207
Time, 0.042, Pos_X, -0.00016910954643800002, Pos_Y, -5.017253368101886e-05, Pos_Z, 8.578471964980304e-05, BFx, 1.0, 0.0, 0.0,                             BFy, 0.0, -0.9997874241587597, -0.020618110825010715, BFz, 0.0, 0.020618110825010718, -0.9997874241587601
Time, 0.044, Pos_X, -0.00019822552303399993, Pos_Y, -6.0649946452167996e-05, Pos_Z, 9.916563721397073e-05, BFx, 1.0, 0.0, 0.0,                             BFy, 0.0, -0.9997631013115766, -0.02176559798991036, BFz, 0.0, 0.02176559798991037, -0.9997631013115771
Time, 0.046, Pos_X, -0.00023101082550999996, Pos_Y, -7.277543643287247e-05, Pos_Z, 0.00011402964205001542, BFx, 1.0, 0.0, 0.0,                             BFy, 0.0, -0.9997365956630899, -0.0229508015541052, BFz, 0.0, 0.022950801554105213, -0.9997365956630903
Time, 0.048, Pos_X, -0.000267747190466, Pos_Y, -8.671739742771639e-05, Pos_Z, 0.00013048012567809237, BFx, 1.0, 0.0, 0.0,                             BFy, 0.0, -0.9997076716123267, -0.024177909741355523, BFz, 0.0, 0.024177909741355537, -0.999707671612327
Time, 0.05, Pos_X, -0.00030871488722200005, Pos_Y, -0.0001026468867301813, Pos_Z, 0.00014862269706904257, BFx, 1.0, 0.0, 0.0,                             BFy, 0.0, -0.9996760718042118, -0.025450961909152317, BFz, 0.0, 0.025450961909152327, -0.9996760718042123
Time, 0.052, Pos_X, -0.0003541897733779999, Pos_Y, -0.00012073485765864441, Pos_Z, 0.0001685646445797118, BFx, 1.0, 0.0, 0.0,                             BFy, 0.0, -0.9996415211274412, -0.026773666876543277, BFz, 0.0, 0.02677366687654329, -0.9996415211274418
Time, 0.054, Pos_X, -0.0004044423063339999, Pos_Y, -0.00014114975369833793, Pos_Z, 0.000190413167874981, BFx, 1.0, 0.0, 0.0,                             BFy, 0.0, -0.9996037379783599, -0.028149014542088784, BFz, 0.0, 0.028149014542088797, -0.9996037379783606
Time, 0.056, Pos_X, -0.00045973763449, Pos_Y, -0.00016405552188495967, Pos_Z, 0.00021427445407876233, BFx, 1.0, 0.0, 0.0,                             BFy, 0.0, -0.9995624373010809, -0.029579282221233787, BFz, 0.0, 0.029579282221233807, -0.9995624373010814
Time, 0.058, Pos_X, -0.000520331012446, Pos_Y, -0.00018960746609977217, Pos_Z, 0.0002402528359656255, BFx, 1.0, 0.0, 0.0,                             BFy, 0.0, -0.9995173404863711, -0.031065834401345725, BFz, 0.0, 0.031065834401345745, -0.9995173404863718
Time, 0.06, Pos_X, -0.0005864623184019998, Pos_Y, -0.00021794763820123748, Pos_Z, 0.00026844964992701556, BFx, 1.0, 0.0, 0.0,                             BFy, 0.0, -0.9994681805070197, -0.03260914218417762, BFz, 0.0, 0.03260914218417764, -0.9994681805070204
Time, 0.062, Pos_X, -0.0006583545417579999, Pos_Y, -0.0002492025566920937, Pos_Z, 0.00029896219947877253, BFx, 1.0, 0.0, 0.0,                             BFy, 0.0, -0.9994147058866145, -0.03420885349689556, BFz, 0.0, 0.03420885349689558, -0.9994147058866153
Time, 0.064, Pos_X, -0.0007362119963139999, Pos_Y, -0.00028348092026212027, Pos_Z, 0.00033188178019727686, BFx, 1.0, 0.0, 0.0,                             BFy, 0.0, -0.9993566819805085, -0.035863939840860226, BFz, 0.0, 0.03586393984086025, -0.9993566819805095
Time, 0.066, Pos_X, -0.00082021876887, Pos_Y, -0.00032087173133278906, Pos_Z, 0.00036729209179156097, BFx, 1.0, 0.0, 0.0,                             BFy, 0.0, -0.9992938883115025, -0.03757292620064013, BFz, 0.0, 0.03757292620064015, -0.9992938883115035
Time, 0.068, Pos_X, -0.000910537842026, Pos_Y, -0.0003614431966230971, Pos_Z, 0.0004052680083462806, BFx, 1.0, 0.0, 0.0,                             BFy, 0.0, -0.9992261137780073, -0.03933412696502658, BFz, 0.0, 0.039334126965026604, -0.9992261137780083
Time, 0.07, Pos_X, -0.001007310638982, Pos_Y, -0.0004052417116481035, Pos_Z, 0.0004458747626650926, BFx, 1.0, 0.0, 0.0,                             BFy, 0.0, -0.9991531576147945, -0.04114568784678564, BFz, 0.0, 0.04114568784678567, -0.9991531576147956
Time, 0.072, Pos_X, -0.0011106566523379994, Pos_Y, -0.00045229049346005444, Pos_Z, 0.000489167047341962, BFx, 1.0, 0.0, 0.0,                             BFy, 0.0, -0.999074819114274, -0.043005881130147965, BFz, 0.0, 0.04300588113014799, -0.9990748191142751
Time, 0.074, Pos_X, -0.0012206742354939995, Pos_Y, -0.000502588908070442, Pos_Z, 0.0005351879347639363, BFx, 1.0, 0.0, 0.0,                             BFy, 0.0, -0.998990893397431, -0.04491319303949128, BFz, 0.0, 0.04491319303949131, -0.9989908933974321
Time, 0.076, Pos_X, -0.0013374422430499995, Pos_Y, -0.0005561127959583064, Pos_Z, 0.0005839696373415719, BFx, 1.0, 0.0, 0.0,                             BFy, 0.0, -0.9989011708477862, -0.04686630856939738, BFz, 0.0, 0.046866308569397414, -0.9989011708477872
Time, 0.078, Pos_X, -0.0014610211602059996, Pos_Y, -0.0006128151576477967, Pos_Z, 0.0006355352221306559, BFx, 1.0, 0.0, 0.0,                             BFy, 0.0, -0.998805436074149, -0.04886410613865072, BFz, 0.0, 0.048864106138650755, -0.99880543607415
Time, 0.08, Pos_X, -0.0015914547191619997, Pos_Y, -0.0006726271607598557, Pos_Z, 0.0006898994761206036, BFx, 1.0, 0.0, 0.0,                             BFy, 0.0, -0.9987034695350125, -0.05090559830439451, BFz, 0.0, 0.050905598304394555, -0.9987034695350135
Time, 0.082, Pos_X, -0.0017287723477179997, Pos_Y, -0.0007354595384200265, Pos_Z, 0.0007470692205966902, BFx, 1.0, 0.0, 0.0,                             BFy, 0.0, -0.9985950603827393, -0.052989672382392876, BFz, 0.0, 0.052989672382392924, -0.9985950603827404
Time, 0.084, Pos_X, -0.001872991427074, Pos_Y, -0.000801204765061907, Pos_Z, 0.0008070434265491437, BFx, 1.0, 0.0, 0.0,                             BFy, 0.0, -0.9984800181646046, -0.05511491019688719, BFz, 0.0, 0.05511491019688724, -0.9984800181646057
Time, 0.086, Pos_X, -0.002024119732229999, Pos_Y, -0.0008697399644722033, Pos_Z, 0.0008698134846905492, BFx, 1.0, 0.0, 0.0,                             BFy, 0.0, -0.9983581825813473, -0.05727948387397999, BFz, 0.0, 0.05727948387398004, -0.9983581825813483
Time, 0.088, Pos_X, -0.002182158227185999, Pos_Y, -0.0009409299669135364, Pos_Z, 0.0009353644626967697, BFx, 1.0, 0.0, 0.0,                             BFy, 0.0, -0.9982294260112514, -0.059481199090538645, BFz, 0.0, 0.0594811990905387, -0.9982294260112523
Time, 0.09, Pos_X, -0.0023471030057419994, Pos_Y, -0.0010146305999222233, Pos_Z, 0.001003676194032709, BFx, 1.0, 0.0, 0.0,                             BFy, 0.0, -0.9980936497796997, -0.06171763337522661, BFz, 0.0, 0.06171763337522667, -0.9980936497797007
Time, 0.092, Pos_X, -0.0025189465732979996, Pos_Y, -0.0010906923475842215, Pos_Z, 0.0010747231832924707, BFx, 1.0, 0.0, 0.0,                             BFy, 0.0, -0.9979507821572201, -0.06398622032745359, BFz, 0.0, 0.06398622032745364, -0.9979507821572212
Time, 0.094, Pos_X, -0.0026976792070539995, Pos_Y, -0.0011689644918873158, Pos_Z, 0.0011484746835023802, BFx, 1.0, 0.0, 0.0,                             BFy, 0.0, -0.997800766987798, -0.0662844581977003, BFz, 0.0, 0.06628445819770037, -0.9978007669877991
Time, 0.096, Pos_X, -0.0028832900116099996, Pos_Y, -0.001249299327918612, Pos_Z, 0.0012248954173847203, BFx, 1.0, 0.0, 0.0,                             BFy, 0.0, -0.9976435341603876, -0.06861033994939907, BFz, 0.0, 0.06861033994939914, -0.9976435341603889
Time, 0.098, Pos_X, -0.0030757671347659997, Pos_Y, -0.0013315557438388706, Pos_Z, 0.001303946408869529, BFx, 1.0, 0.0, 0.0,                             BFy, 0.0, -0.9974789634335913, -0.07096278959742398, BFz, 0.0, 0.07096278959742408, -0.9974789634335927
Time, 0.1, Pos_X, -0.003275097883922, Pos_Y, -0.0014156027354004022, Pos_Z, 0.001385585290051031, BFx, 1.0, 0.0, 0.0,                             BFy, 0.0, -0.9973068335783464, -0.07334220952448078, BFz, 0.0, 0.07334220952448091, -0.9973068335783477
Time, 0.102, Pos_X, -0.0034812684776779988, Pos_Y, -0.0015013225339526538, Pos_Z, 0.0014697663610392542, BFx, 1.0, 0.0, 0.0,                             BFy, 0.0, -0.9971267797864952, -0.07575080879181882, BFz, 0.0, 0.07575080879181896, -0.9971267797864966
Time, 0.104, Pos_X, -0.003694263119233999, Pos_Y, -0.001588612527743281, Pos_Z, 0.0015564412845208533, BFx, 1.0, 0.0, 0.0,                             BFy, 0.0, -0.9969382621088468, -0.07819272052686704, BFz, 0.0, 0.07819272052686718, -0.9969382621088483
Time, 0.106, Pos_X, -0.003914062591389999, Pos_Y, -0.0016773862388490552, Pos_Z, 0.0016455599613312947, BFx, 1.0, 0.0, 0.0,                             BFy, 0.0, -0.9967405538377464, -0.08067383922451549, BFz, 0.0, 0.08067383922451564, -0.9967405538377477
Time, 0.108, Pos_X, -0.004140642999545999, Pos_Y, -0.0017675740190482004, Pos_Z, 0.0017370711180455254, BFx, 1.0, 0.0, 0.0,                             BFy, 0.0, -0.9965327199974673, -0.08320179069256903, BFz, 0.0, 0.08320179069256918, -0.9965327199974686
Time, 0.11, Pos_X, -0.004373974985701999, Pos_Y, -0.0018591234164244193, Pos_Z, 0.0018309229614996499, BFx, 1.0, 0.0, 0.0,                             BFy, 0.0, -0.9963136334126474, -0.08578545259010872, BFz, 0.0, 0.08578545259010889, -0.9963136334126488
Time, 0.112, Pos_X, -0.004614022812857999, Pos_Y, -0.0019519987619021734, Pos_Z, 0.001927063829600017, BFx, 1.0, 0.0, 0.0,                             BFy, 0.0, -0.9960820082509574, -0.08843434196476223, BFz, 0.0, 0.0884343419647624, -0.9960820082509587
Time, 0.114, Pos_X, -0.004860743594214, Pos_Y, -0.0020461793858717048, Pos_Z, 0.0020254421953439963, BFx, 1.0, 0.0, 0.0,                             BFy, 0.0, -0.995836457632198, -0.09115782824615958, BFz, 0.0, 0.09115782824615973, -0.9958364576321992
Time, 0.116, Pos_X, -0.00511408660477, Pos_Y, -0.0021416571858116234, Pos_Z, 0.002126006561532536, BFx, 1.0, 0.0, 0.0,                             BFy, 0.0, -0.9955755624192982, -0.09396435235502183, BFz, 0.0, 0.09396435235502199, -0.9955755624192996
Time, 0.118, Pos_X, -0.005373991997725999, Pos_Y, -0.0022384335123579384, Pos_Z, 0.0022287048038629065, BFx, 1.0, 0.0, 0.0,                             BFy, 0.0, -0.9952979467934436, -0.09686070982992163, BFz, 0.0, 0.09686070982992179, -0.995297946793445
Time, 0.12, Pos_X, -0.005640390124281999, Pos_Y, -0.002336516496627109, Pos_Z, 0.0023334843258260457, BFx, 1.0, 0.0, 0.0,                             BFy, 0.0, -0.9950023294887743, -0.09985171161233783, BFz, 0.0, 0.099851711612338, -0.9950023294887755
Time, 0.122, Pos_X, -0.005913201083837999, Pos_Y, -0.002435918586918243, Pos_Z, 0.002440292842369369, BFx, 1.0, 0.0, 0.0,                             BFy, 0.0, -0.994687561346627, -0.10294005684038283, BFz, 0.0, 0.10294005684038302, -0.9946875613466282
Time, 0.124, Pos_X, -0.006192334496193999, Pos_Y, -0.0025366529096316564, Pos_Z, 0.002549078417108656, BFx, 1.0, 0.0, 0.0,                             BFy, 0.0, -0.9943526271362206, -0.10612658906841849, BFz, 0.0, 0.10612658906841868, -0.9943526271362219
Time, 0.126, Pos_X, -0.006477689129549999, Pos_Y, -0.0026387287229398186, Pos_Z, 0.002659790298178397, BFx, 1.0, 0.0, 0.0,                             BFy, 0.0, -0.993996645761657, -0.10941054891817213, BFz, 0.0, 0.10941054891817234, -0.9939966457616582
Time, 0.128, Pos_X, -0.006769151730305999, Pos_Y, -0.002742146567230942, Pos_Z, 0.0027723802109999663, BFx, 1.0, 0.0, 0.0,                             BFy, 0.0, -0.9936188593777237, -0.11278990331103206, BFz, 0.0, 0.1127899033110323, -0.9936188593777249
Time, 0.13, Pos_X, -0.007066596667061999, Pos_Y, -0.0028468941690178266, Pos_Z, 0.0028868040756862786, BFx, 1.0, 0.0, 0.0,                             BFy, 0.0, -0.9932186115828519, -0.11626172889404618, BFz, 0.0, 0.11626172889404641, -0.9932186115828532
Time, 0.132, Pos_X, -0.007369886444817999, Pos_Y, -0.0029529430721745987, Pos_Z, 0.0030030238456691064, BFx, 1.0, 0.0, 0.0,                             BFy, 0.0, -0.9927953348815658, -0.11982246466084923, BFz, 0.0, 0.11982246466084946, -0.9927953348815671
Time, 0.134, Pos_X, -0.007678872869773999, Pos_Y, -0.0030602457318322715, Pos_Z, 0.0031210086179219512, BFx, 1.0, 0.0, 0.0,                             BFy, 0.0, -0.9923485459658473, -0.12346806599064185, BFz, 0.0, 0.12346806599064208, -0.9923485459658486
Time, 0.136, Pos_X, -0.00799339857353, Pos_Y, -0.003168733479120387, Pos_Z, 0.0032407350519143307, BFx, 1.0, 0.0, 0.0,                             BFy, 0.0, -0.9918778262898204, -0.12719425189285186, BFz, 0.0, 0.12719425189285213, -0.9918778262898217
Time, 0.138, Pos_X, -0.008313298581086, Pos_Y, -0.0032783154988188646, Pos_Z, 0.0033621882055652145, BFx, 1.0, 0.0, 0.0,                             BFy, 0.0, -0.9913828507090274, -0.13099634849889213, BFz, 0.0, 0.13099634849889244, -0.9913828507090288
Time, 0.14, Pos_X, -0.008638401476642, Pos_Y, -0.003388878179185523, Pos_Z, 0.0034853627364038377, BFx, 1.0, 0.0, 0.0,                             BFy, 0.0, -0.9908634776065174, -0.13486870928988623, BFz, 0.0, 0.13486870928988656, -0.9908634776065187
Time, 0.142, Pos_X, -0.008968531167397997, Pos_Y, -0.003500285443943564, Pos_Z, 0.003610263215640806, BFx, 1.0, 0.0, 0.0,                             BFy, 0.0, -0.9903198599232111, -0.13880408870660962, BFz, 0.0, 0.13880408870660993, -0.9903198599232126
Time, 0.144, Pos_X, -0.009303509094353997, Pos_Y, -0.00361238004986134, Pos_Z, 0.003736902972834422, BFx, 1.0, 0.0, 0.0,                             BFy, 0.0, -0.9897525228905949, -0.14279335920029132, BFz, 0.0, 0.1427933592002916, -0.9897525228905965
Time, 0.146, Pos_X, -0.009643156029709997, Pos_Y, -0.0037249849036160893, Pos_Z, 0.003865302216901366, BFx, 1.0, 0.0, 0.0,                             BFy, 0.0, -0.9891624339456123, -0.14682533592944153, BFz, 0.0, 0.14682533592944183, -0.9891624339456138
Time, 0.148, Pos_X, -0.009987294485265997, Pos_Y, -0.003837905740714352, Pos_Z, 0.00399548515373881, BFx, 1.0, 0.0, 0.0,                             BFy, 0.0, -0.9885509872494194, -0.15088719497757005, BFz, 0.0, 0.15088719497757036, -0.9885509872494207
Time, 0.15, Pos_X, -0.010335752012821997, Pos_Y, -0.003950935400014397, Pos_Z, 0.00412747588518316, BFx, 1.0, 0.0, 0.0,                             BFy, 0.0, -0.9879199751361898, -0.15496490804989055, BFz, 0.0, 0.15496490804989083, -0.9879199751361911
Time, 0.152, Pos_X, -0.010688363984577997, Pos_Y, -0.004063858433000152, Pos_Z, 0.004261295056372223, BFx, 1.0, 0.0, 0.0,                             BFy, 0.0, -0.9872715180660053, -0.15904386066631374, BFz, 0.0, 0.159043860666314, -0.9872715180660067
Time, 0.154, Pos_X, -0.011044975450333996, Pos_Y, -0.004176455722766072, Pos_Z, 0.004396957880355265, BFx, 1.0, 0.0, 0.0,                             BFy, 0.0, -0.9866079280744176, -0.16310976752084902, BFz, 0.0, 0.1631097675208493, -0.9866079280744188
Time, 0.156, Pos_X, -0.011405443576089996, Pos_Y, -0.004288509236226007, Pos_Z, 0.004534471222489037, BFx, 1.0, 0.0, 0.0,                             BFy, 0.0, -0.9859314996828906, -0.16714986668569767, BFz, 0.0, 0.16714986668569792, -0.985931499682892
Time, 0.158, Pos_X, -0.011769640145245997, Pos_Y, -0.004399807406407309, Pos_Z, 0.004673828309613741, BFx, 1.0, 0.0, 0.0,                             BFy, 0.0, -0.9852442724409752, -0.1711540932091707, BFz, 0.0, 0.17115409320917094, -0.9852442724409765
Time, 0.16, Pos_X, -0.012137453896801997, Pos_Y, -0.004510151188412868, Pos_Z, 0.004815003120133641, BFx, 1.0, 0.0, 0.0,                             BFy, 0.0, -0.9845478418366576, -0.175115810636218, BFz, 0.0, 0.17511581063621828, -0.9845478418366588
Time, 0.162, Pos_X, -0.012508791726857997, Pos_Y, -0.004619359692650925, Pos_Z, 0.00495794658938871, BFx, 1.0, 0.0, 0.0,                             BFy, 0.0, -0.9838432830620436, -0.17903182503035378, BFz, 0.0, 0.17903182503035406, -0.9838432830620447
Time, 0.164, Pos_X, -0.012883577730553998, Pos_Y, -0.004727274691914529, Pos_Z, 0.005102584046977087, BFx, 1.0, 0.0, 0.0,                             BFy, 0.0, -0.9831311395894708, -0.18290205676675145, BFz, 0.0, 0.1829020567667517, -0.9831311395894721
Time, 0.166, Pos_X, -0.013261753592389998, Pos_Y, -0.004833764890088181, Pos_Z, 0.005248812297653993, BFx, 1.0, 0.0, 0.0,                             BFy, 0.0, -0.9824114928336113, -0.18672883748482763, BFz, 0.0, 0.1867288374848279, -0.9824114928336124
Time, 0.168, Pos_X, -0.013643280153305997, Pos_Y, -0.004938730114773201, Pos_Z, 0.005396496347745511, BFx, 1.0, 0.0, 0.0,                             BFy, 0.0, -0.9816840921107511, -0.19051599223343477, BFz, 0.0, 0.19051599223343504, -0.9816840921107524
Time, 0.17, Pos_X, -0.014028137128301997, Pos_Y, -0.005042104131965894, Pos_Z, 0.0055454675853990115, BFx, 1.0, 0.0, 0.0,                             BFy, 0.0, -0.980948586606778, -0.1942675228497149, BFz, 0.0, 0.1942675228497152, -0.9809485866067792
Time, 0.172, Pos_X, -0.014416321440577992, Pos_Y, -0.005143856005073621, Pos_Z, 0.005695524163845796, BFx, 1.0, 0.0, 0.0,                             BFy, 0.0, -0.9802047947177646, -0.19798626319092158, BFz, 0.0, 0.19798626319092189, -0.9802047947177657
Time, 0.174, Pos_X, -0.014807845131213993, Pos_Y, -0.0052439910172220015, Pos_Z, 0.005846433318882391, BFx, 1.0, 0.0, 0.0,                             BFy, 0.0, -0.9794530176444165, -0.20167247265615174, BFz, 0.0, 0.20167247265615204, -0.9794530176444177
Time, 0.176, Pos_X, -0.015202732776929993, Pos_Y, -0.005342550102797999, Pos_Z, 0.005997934136033817, BFx, 1.0, 0.0, 0.0,                             BFy, 0.0, -0.9786942741962779, -0.2053229593967061, BFz, 0.0, 0.20532295939670642, -0.978694274196279
Time, 0.178, Pos_X, -0.015601018251445994, Pos_Y, -0.005439607815192099, Pos_Z, 0.006149741512570546, BFx, 1.0, 0.0, 0.0,                             BFy, 0.0, -0.9779304528330681, -0.20893068090089417, BFz, 0.0, 0.20893068090089448, -0.9779304528330691
Time, 0.18, Pos_X, -0.016002741015561994, Pos_Y, -0.00553526913341169, Pos_Z, 0.006301550583253364, BFx, 1.0, 0.0, 0.0,                             BFy, 0.0, -0.9771644217563328, -0.212484570860128, BFz, 0.0, 0.2124845708601283, -0.9771644217563339
Time, 0.182, Pos_X, -0.016407941672757994, Pos_Y, -0.005629664997951221, Pos_Z, 0.006453041341472341, BFx, 1.0, 0.0, 0.0,                             BFy, 0.0, -0.9764000489636222, -0.21596977655180635, BFz, 0.0, 0.21596977655180669, -0.9764000489636233
Time, 0.184, Pos_X, -0.016816656342033994, Pos_Y, -0.00572294641073946, Pos_Z, 0.0066038844905477794, BFx, 1.0, 0.0, 0.0,                             BFy, 0.0, -0.9756421845633494, -0.21936801886431886, BFz, 0.0, 0.2193680188643192, -0.9756421845633505
Time, 0.186, Pos_X, -0.017228910913709993, Pos_Y, -0.005815277478890066, Pos_Z, 0.006753745911601351, BFx, 1.0, 0.0, 0.0,                             BFy, 0.0, -0.9748966420010241, -0.22265789322439897, BFz, 0.0, 0.2226578932243993, -0.9748966420010252
Time, 0.188, Pos_X, -0.017644716083985993, Pos_Y, -0.005906828120322593, Pos_Z, 0.00690229105429098, BFx, 1.0, 0.0, 0.0,                             BFy, 0.0, -0.9741701352504989, -0.2258152952880417, BFz, 0.0, 0.22581529528804203, -0.9741701352504999
Time, 0.19, Pos_X, -0.018064062609401993, Pos_Y, -0.005997766422278061, Pos_Z, 0.007049191215288902, BFx, 1.0, 0.0, 0.0,                             BFy, 0.0, -0.9734701431305098, -0.2288140739409749, BFz, 0.0, 0.22881407394097522, -0.9734701431305106
Time, 0.192, Pos_X, -0.018486916464297995, Pos_Y, -0.006088250711507667, Pos_Z, 0.007194130186459214, BFx, 1.0, 0.0, 0.0,                             BFy, 0.0, -0.9728046799808883, -0.23162697297008178, BFz, 0.0, 0.23162697297008214, -0.972804679980889
Time, 0.194, Pos_X, -0.018913214921813994, Pos_Y, -0.006178421330207803, Pos_Z, 0.007336810129674617, BFx, 1.0, 0.0, 0.0,                             BFy, 0.0, -0.9721819513560983, -0.2342269272680878, BFz, 0.0, 0.23422692726808816, -0.9721819513560992
Time, 0.196, Pos_X, -0.019342863663209996, Pos_Y, -0.006268392278609974, Pos_Z, 0.0074769560707143015, BFx, 1.0, 0.0, 0.0,                             BFy, 0.0, -0.9716099960048218, -0.23658828302245144, BFz, 0.0, 0.23658828302245183, -0.9716099960048226
Time, 0.198, Pos_X, -0.019775734736745997, Pos_Y, -0.006358243900895711, Pos_Z, 0.007614318282084896, BFx, 1.0, 0.0, 0.0,                             BFy, 0.0, -0.971096311406925, -0.23868798455696552, BFz, 0.0, 0.23868798455696594, -0.9710963114069258
Time, 0.2, Pos_X, -0.020211665850281998, Pos_Y, -0.0064480167440414595, Pos_Z, 0.007748673994286936, BFx, 1.0, 0.0, 0.0,                             BFy, 0.0, -0.9706474044874421, -0.2405069981555495, BFz, 0.0, 0.24050699815554993, -0.9706474044874428
Time, 0.202, Pos_X, -0.020650460374478, Pos_Y, -0.0065377060975276005, Pos_Z, 0.007879829020828965, BFx, 1.0, 0.0, 0.0,                             BFy, 0.0, -0.970268442136736, -0.24203130002863765, BFz, 0.0, 0.2420313000286381, -0.9702684421367369
Time, 0.204, Pos_X, -0.021091887407973995, Pos_Y, -0.006627257278639562, Pos_Z, 0.0080076175891196, BFx, 1.0, 0.0, 0.0,                             BFy, 0.0, -0.9699627695747073, -0.24325341855555557, BFz, 0.0, 0.243253418555556, -0.9699627695747082
Time, 0.206, Pos_X, -0.021535682827849994, Pos_Y, -0.006716562780004304, Pos_Z, 0.008131900028874726, BFx, 1.0, 0.0, 0.0,                             BFy, 0.0, -0.9697316288363542, -0.2441732336567463, BFz, 0.0, 0.24417323365674676, -0.9697316288363552
Time, 0.208, Pos_X, -0.021981551228125996, Pos_Y, -0.0068054614254918835, Pos_Z, 0.008252559803318271, BFx, 1.0, 0.0, 0.0,                             BFy, 0.0, -0.969574054740379, -0.2447981870323014, BFz, 0.0, 0.24479818703230186, -0.9695740547403799
Time, 0.21, Pos_X, -0.022429167918721998, Pos_Y, -0.006893738436698904, Pos_Z, 0.008369500538339555, BFx, 1.0, 0.0, 0.0,                             BFy, 0.0, -0.969486870530785, -0.24514323949157957, BFz, 0.0, 0.24514323949158, -0.9694868705307861
Time, 0.212, Pos_X, -0.022878181578657997, Pos_Y, -0.006981127078969342, Pos_Z, 0.008482642535742397, BFx, 1.0, 0.0, 0.0,                             BFy, 0.0, -0.9694648626343411, -0.24523025938366397, BFz, 0.0, 0.2452302593836644, -0.9694648626343422
Time, 0.214, Pos_X, -0.023328218904294, Pos_Y, -0.007067312941147783, Pos_Z, 0.008591918301525985, BFx, 1.0, 0.0, 0.0,                             BFy, 0.0, -0.9695011229009816, -0.24508686764846546, BFz, 0.0, 0.24508686764846585, -0.9695011229009828
Time, 0.216, Pos_X, -0.02377889131465, Pos_Y, -0.007151940031066573, Pos_Z, 0.00869726788498927, BFx, 1.0, 0.0, 0.0,                             BFy, 0.0, -0.9695874848081301, -0.2447449883111898, BFz, 0.0, 0.24474498831119015, -0.9695874848081313
Time, 0.218, Pos_X, -0.024229800967410002, Pos_Y, -0.007234617212423232, Pos_Z, 0.008798634367663368, BFx, 1.0, 0.0, 0.0,                             BFy, 0.0, -0.9697150733328689, -0.24423897426706737, BFz, 0.0, 0.24423897426706773, -0.9697150733328701
Time, 0.22, Pos_X, -0.024680545219314003, Pos_Y, -0.0073149246847820345, Pos_Z, 0.008895959947867762, BFx, 1.0, 0.0, 0.0,                             BFy, 0.0, -0.9698748644848253, -0.24360366836429673, BFz, 0.0, 0.24360366836429706, -0.9698748644848265
Time, 0.222, Pos_X, -0.025130720396418, Pos_Y, -0.00739242129764302, Pos_Z, 0.008989183638632528, BFx, 1.0, 0.0, 0.0,                             BFy, 0.0, -0.9700582137745541, -0.2428725218885869, BFz, 0.0, 0.2428725218885872, -0.9700582137745551
Time, 0.224, Pos_X, -0.025579924965282, Pos_Y, -0.007466654164614499, Pos_Z, 0.009078241798064325, BFx, 1.0, 0.0, 0.0,                             BFy, 0.0, -0.9702572599000793, -0.24207612358758246, BFz, 0.0, 0.24207612358758276, -0.9702572599000803
Time, 0.226, Pos_X, -0.026027762396046, Pos_Y, -0.007537168666151224, Pos_Z, 0.009163070914193714, BFx, 1.0, 0.0, 0.0,                             BFy, 0.0, -0.9704652276319934, -0.24124104534092797, BFz, 0.0, 0.24124104534092827, -0.9704652276319944
Time, 0.228, Pos_X, -0.02647384607731, Pos_Y, -0.007603516818323239, Pos_Z, 0.009243610431920483, BFx, 1.0, 0.0, 0.0,                             BFy, 0.0, -0.970676584889844, -0.2403892001454928, BFz, 0.0, 0.24038920014549311, -0.9706765848898449
Time, 0.23, Pos_X, -0.026917805282634003, Pos_Y, -0.00766526279951557, Pos_Z, 0.009319801399427258, BFx, 1.0, 0.0, 0.0,                             BFy, 0.0, -0.9708870877960777, -0.2395376019560435, BFz, 0.0, 0.23953760195604382, -0.9708870877960786
Time, 0.232, Pos_X, -0.027359291202418003, Pos_Y, -0.007721987673945181, Pos_Z, 0.00939158166778938, BFx, 1.0, 0.0, 0.0,                             BFy, 0.0, -0.9710936981936273, -0.23869861610119383, BFz, 0.0, 0.23869861610119414, -0.9710936981936282
Time, 0.234, Pos_X, -0.027797984132862004, Pos_Y, -0.007773296656415676, Pos_Z, 0.009458881676712595, BFx, 1.0, 0.0, 0.0,                             BFy, 0.0, -0.9712943449442669, -0.23788084302710943, BFz, 0.0, 0.23788084302710977, -0.9712943449442678
Time, 0.236, Pos_X, -0.028233600136406, Pos_Y, -0.007818828203954636, Pos_Z, 0.009521622551079184, BFx, 1.0, 0.0, 0.0,                             BFy, 0.0, -0.9714876664109543, -0.2370900968227037, BFz, 0.0, 0.23709009682270404, -0.9714876664109551
Time, 0.238, Pos_X, -0.02866589681845, Pos_Y, -0.007858262654578426, Pos_Z, 0.009579716916820226, BFx, 1.0, 0.0, 0.0,                             BFy, 0.0, -0.9716727404339253, -0.23633045825205462, BFz, 0.0, 0.23633045825205493, -0.9716727404339262
Time, 0.24, Pos_X, -0.029094677837293997, Pos_Y, -0.007891329241427483, Pos_Z, 0.009633069844112776, BFx, 1.0, 0.0, 0.0,                             BFy, 0.0, -0.971848823124651, -0.23560531613533467, BFz, 0.0, 0.235605316135335, -0.9718488231246519
Time, 0.242, Pos_X, -0.029519794508078, Pos_Y, -0.00791781099415491, Pos_Z, 0.009681579320789786, BFx, 1.0, 0.0, 0.0,                             BFy, 0.0, -0.972015223721642, -0.23491786831436715, BFz, 0.0, 0.23491786831436748, -0.9720152237216428
Time, 0.244, Pos_X, -0.029941146418142, Pos_Y, -0.007937547661414461, Pos_Z, 0.009725136936312901, BFx, 1.0, 0.0, 0.0,                             BFy, 0.0, -0.9721712494098332, -0.2342713422954749, BFz, 0.0, 0.23427134229547522, -0.9721712494098342
Time, 0.246, Pos_X, -0.030358682551345998, Pos_Y, -0.00795043753123537, Pos_Z, 0.009763629080583423, BFx, 1.0, 0.0, 0.0,                             BFy, 0.0, -0.9723162576825759, -0.2336687720816586, BFz, 0.0, 0.2336687720816589, -0.9723162576825769
Time, 0.248, Pos_X, -0.030772401591349998, Pos_Y, -0.007956438129066438, Pos_Z, 0.009796938634110818, BFx, 1.0, 0.0, 0.0,                             BFy, 0.0, -0.9724498524871259, -0.23311217127762007, BFz, 0.0, 0.23311217127762038, -0.9724498524871269
Time, 0.25, Pos_X, -0.031182352334154, Pos_Y, -0.007955566333362162, Pos_Z, 0.009824948506126549, BFx, 1.0, 0.0, 0.0,                             BFy, 0.0, -0.9725721650882996, -0.2326013407000423, BFz, 0.0, 0.2326013407000426, -0.9725721650883005
Time, 0.252, Pos_X, -0.031588633543478, Pos_Y, -0.007947897726433862, Pos_Z, 0.009847546812580292, BFx, 1.0, 0.0, 0.0,                             BFy, 0.0, -0.9726841123408942, -0.23213275856631352, BFz, 0.0, 0.23213275856631382, -0.972684112340895
Time, 0.254, Pos_X, -0.031991393129182, Pos_Y, -0.007933565052520616, Pos_Z, 0.009864632911213337, BFx, 1.0, 0.0, 0.0,                             BFy, 0.0, -0.9727876115432075, -0.23169864658228256, BFz, 0.0, 0.23169864658228284, -0.9727876115432083
Time, 0.256, Pos_X, -0.032390826853545995, Pos_Y, -0.007912756283909885, Pos_Z, 0.009876123117571682, BFx, 1.0, 0.0, 0.0,                             BFy, 0.0, -0.972885714267196, -0.23128637438207958, BFz, 0.0, 0.23128637438207986, -0.9728857142671966
Time, 0.258, Pos_X, -0.03278717517451, Pos_Y, -0.007885710713049556, Pos_Z, 0.009881955715890489, BFx, 1.0, 0.0, 0.0,                             BFy, 0.0, -0.9729827839848433, -0.23087767771940043, BFz, 0.0, 0.2308776777194007, -0.972982783984844
Time, 0.26, Pos_X, -0.033180718722194, Pos_Y, -0.00785271298273192, Pos_Z, 0.009882095908458897, BFx, 1.0, 0.0, 0.0,                             BFy, 0.0, -0.9730845899302883, -0.2304482172641016, BFz, 0.0, 0.2304482172641019, -0.9730845899302888
Time, 0.262, Pos_X, -0.033571774700797995, Pos_Y, -0.007814087307269148, Pos_Z, 0.009876538191579404, BFx, 1.0, 0.0, 0.0,                             BFy, 0.0, -0.9731983082877645, -0.22996750367352575, BFz, 0.0, 0.22996750367352603, -0.9731983082877649
Time, 0.264, Pos_X, -0.03396069285810199, Pos_Y, -0.007770191825784908, Pos_Z, 0.00986530618012796, BFx, 1.0, 0.0, 0.0,                             BFy, 0.0, -0.9733323560559909, -0.22939948704060614, BFz, 0.0, 0.22939948704060642, -0.9733323560559913
Time, 0.266, Pos_X, -0.034347849917625996, Pos_Y, -0.00772141211528705, Pos_Z, 0.00984845273810757, BFx, 1.0, 0.0, 0.0,                             BFy, 0.0, -0.9734959016947692, -0.22870445859993124, BFz, 0.0, 0.22870445859993152, -0.9734959016947696
Time, 0.268, Pos_X, -0.03473364387031, Pos_Y, -0.0076681538696942815, Pos_Z, 0.00982606035243562, BFx, 1.0, 0.0, 0.0,                             BFy, 0.0, -0.9736980527123617, -0.22784227470808574, BFz, 0.0, 0.22784227470808602, -0.973698052712362
Time, 0.27, Pos_X, -0.035118488260214, Pos_Y, -0.007610835906989964, Pos_Z, 0.009798239864390521, BFx, 1.0, 0.0, 0.0,                             BFy, 0.0, -0.9739469332141295, -0.22677603771737445, BFz, 0.0, 0.22677603771737473, -0.9739469332141297
Time, 0.272, Pos_X, -0.035502806842498, Pos_Y, -0.007549883956313183, Pos_Z, 0.009765127150954409, BFx, 1.0, 0.0, 0.0,                             BFy, 0.0, -0.9742487303512122, -0.22547596636681952, BFz, 0.0, 0.22547596636681982, -0.9742487303512124
Time, 0.274, Pos_X, -0.03588702857313, Pos_Y, -0.007485724760092716, Pos_Z, 0.009726878959855917, BFx, 1.0, 0.0, 0.0,                             BFy, 0.0, -0.9746068941777577, -0.2239227586048028, BFz, 0.0, 0.22392275860480312, -0.9746068941777579
Time, 0.276, Pos_X, -0.036271582223310006, Pos_Y, -0.007418780318898405, Pos_Z, 0.00968366843219465, BFx, 1.0, 0.0, 0.0,                             BFy, 0.0, -0.9750216157456286, -0.22210999263604328, BFz, 0.0, 0.2221099926360436, -0.9750216157456291
Time, 0.278, Pos_X, -0.036656891240830006, Pos_Y, -0.007349462368792549, Pos_Z, 0.009635679635969643, BFx, 1.0, 0.0, 0.0,                             BFy, 0.0, -0.9754896032179541, -0.2200455271385398, BFz, 0.0, 0.22004552713854014, -0.9754896032179546
Time, 0.28, Pos_X, -0.03704336898015, Pos_Y, -0.007278167514828424, Pos_Z, 0.009583101038988889, BFx, 1.0, 0.0, 0.0,                             BFy, 0.0, -0.9760042624562459, -0.21775141714174667, BFz, 0.0, 0.217751417141747, -0.9760042624562464
Time, 0.282, Pos_X, -0.03743141492946999, Pos_Y, -0.007205273285095243, Pos_Z, 0.00952611846996703, BFx, 1.0, 0.0, 0.0,                             BFy, 0.0, -0.9765563094018709, -0.21526210666858336, BFz, 0.0, 0.2152621066685837, -0.9765563094018714
Time, 0.284, Pos_X, -0.03782141234332999, Pos_Y, -0.007131135580888759, Pos_Z, 0.009464907463811668, BFx, 1.0, 0.0, 0.0,                             BFy, 0.0, -0.9771346922370633, -0.21262124359239967, BFz, 0.0, 0.2126212435924, -0.9771346922370638
Time, 0.286, Pos_X, -0.03821372588498999, Pos_Y, -0.0070560874484539545, Pos_Z, 0.009399625503431144, BFx, 1.0, 0.0, 0.0,                             BFy, 0.0, -0.9777277238492336, -0.20987734040766792, BFz, 0.0, 0.20987734040766826, -0.9777277238492341
Time, 0.288, Pos_X, -0.038608699216649986, Pos_Y, -0.0069804385469756005, Pos_Z, 0.00933040387901499, BFx, 1.0, 0.0, 0.0,                             BFy, 0.0, -0.9783242537736652, -0.20707886052951127, BFz, 0.0, 0.2070788605295116, -0.9783242537736656
Time, 0.29, Pos_X, -0.03900665263530999, Pos_Y, -0.006904474590936055, Pos_Z, 0.009257341050937222, BFx, 1.0, 0.0, 0.0,                             BFy, 0.0, -0.9789146798150011, -0.20426955143313322, BFz, 0.0, 0.20426955143313355, -0.9789146798150015
Time, 0.292, Pos_X, -0.03940788105168999, Pos_Y, -0.006828456676249848, Pos_Z, 0.009180498724732868, BFx, 1.0, 0.0, 0.0,                             BFy, 0.0, -0.9794916887348973, -0.20148456938251808, BFz, 0.0, 0.20148456938251838, -0.9794916887348977
Time, 0.294, Pos_X, -0.03981265226018999, Pos_Y, -0.006752620699150847, Pos_Z, 0.009099899033396266, BFx, 1.0, 0.0, 0.0,                             BFy, 0.0, -0.9800506878253752, -0.1987477026106428, BFz, 0.0, 0.19874770261064306, -0.9800506878253756
Time, 0.296, Pos_X, -0.040221205185549995, Pos_Y, -0.006677177197563064, Pos_Z, 0.009015523247564204, BFx, 1.0, 0.0, 0.0,                             BFy, 0.0, -0.9805898767793928, -0.19607012408262103, BFz, 0.0, 0.19607012408262128, -0.9805898767793934
Time, 0.298, Pos_X, -0.04063374859556999, Pos_Y, -0.006602311824126857, Pos_Z, 0.008927311714878828, BFx, 1.0, 0.0, 0.0,                             BFy, 0.0, -0.9811100209467091, -0.19345057973019233, BFz, 0.0, 0.1934505797301926, -0.9811100209467095
Time, 0.3, Pos_X, -0.041050460189389994, Pos_Y, -0.0065281858508658384, Pos_Z, 0.008835164595750988, BFx, 1.0, 0.0, 0.0,                             BFy, 0.0, -0.9816139774361823, -0.1908769218683016, BFz, 0.0, 0.19087692186830194, -0.9816139774361826
Time, 0.302, Pos_X, -0.041471485823609995, Pos_Y, -0.006454936654858544, Pos_Z, 0.008738943909022136, BFx, 1.0, 0.0, 0.0,                             BFy, 0.0, -0.9821060327220993, -0.1883288095084191, BFz, 0.0, 0.18832880950841943, -0.9821060327220996
Time, 0.304, Pos_X, -0.04189693876063, Pos_Y, -0.006382678308734983, Pos_Z, 0.00863847703549097, BFx, 1.0, 0.0, 0.0,                             BFy, 0.0, -0.9825911960401116, -0.18578089639266693, BFz, 0.0, 0.18578089639266726, -0.9825911960401118
Time, 0.306, Pos_X, -0.04232689869345, Pos_Y, -0.0063115023659018185, Pos_Z, 0.008533561037270153, BFx, 1.0, 0.0, 0.0,                             BFy, 0.0, -0.9830746257853183, -0.18320556797503737, BFz, 0.0, 0.18320556797503773, -0.9830746257853187
Time, 0.308, Pos_X, -0.04276141136867, Pos_Y, -0.0062414786978871655, Pos_Z, 0.0084239677463454, BFx, 1.0, 0.0, 0.0,                             BFy, 0.0, -0.9835611439844067, -0.1805754026551919, BFz, 0.0, 0.18057540265519223, -0.9835611439844071
Time, 0.31, Pos_X, -0.04320048879209001, Pos_Y, -0.006172656594008482, Pos_Z, 0.008309449434493682, BFx, 1.0, 0.0, 0.0,                             BFy, 0.0, -0.9840548592891399, -0.17786521275794814, BFz, 0.0, 0.17786521275794842, -0.9840548592891403
Time, 0.312, Pos_X, -0.043644110274110005, Pos_Y, -0.006105066631318951, Pos_Z, 0.008189744506166323, BFx, 1.0, 0.0, 0.0,                             BFy, 0.0, -0.9845588631818195, -0.17505383437709343, BFz, 0.0, 0.17505383437709374, -0.9845588631818197
