Time, 0, Pos_X, 0.0, Pos_Y, 0.0, Pos_Z, 0.0, BFx, 1, 0, 0,                         BFy, 0, -1, 0, BFz, 0, 0, -1
Time, 0.0, Pos_X, 0.0, Pos_Y, 0.0, Pos_Z, 0.0, BFx, 1.0, 0.0, 0.0,                             BFy, 0.0, -1.0, 0.0, BFz, 0.0, 0.0, -1.0
Time, 0.002, Pos_X, 5.589211799999999e-08, Pos_Y, -1.039072031519594e-06, Pos_Z, -3.273357145037119e-07, BFx, 1.0, 0.0, 0.0,                             BFy, 0.0, -0.9999865158867063, 0.005193076618529615, BFz, 0.0, -0.005193076618529615, -0.9999865158867064
Time, 0.004, Pos_X, 8.881293399999999e-08, Pos_Y, -4.210590227636634e-06, Pos_Z, -1.41770307941167e-06, BFx, 1.0, 0.0, 0.0,                             BFy, 0.0, -0.9999461594373199, 0.010376811964857522, BFz, 0.0, -0.010376811964857522, -0.9999461594373199
Time, 0.006, Pos_X, -1.7660697000000004e-07, Pos_Y, -9.632815004059864e-06, Pos_Z, -3.495826157428273e-06, BFx, 1.0, 0.0, 0.0,                             BFy, 0.0, -0.9998792441359248, 0.01554017844722547, BFz, 0.0, -0.015540178447225468, -0.9998792441359248
Time, 0.008, Pos_X, -1.0265379140000001e-06, Pos_Y, -1.7443017806232836e-05, Pos_Z, -6.803296066743734e-06, BFx, 1.0, 0.0, 0.0,                             BFy, 0.0, -0.9997863615400993, 0.020669573735570178, BFz, 0.0, -0.020669573735570178, -0.9997863615400991
Time, 0.01, Pos_X, -2.755959338e-06, Pos_Y, -2.7796702859139037e-05, Pos_Z, -1.1600823089723398e-05, BFx, 1.0, 0.0, 0.0,                             BFy, 0.0, -0.9996684502381562, 0.025748584396882244, BFz, 0.0, -0.025748584396882244, -0.9996684502381562
Time, 0.012, Pos_X, -5.666107822e-06, Pos_Y, -4.086686526965886e-05, Pos_Z, -1.817004304609559e-05, BFx, 1.0, 0.0, 0.0,                             BFy, 0.0, -0.9995268472686946, 0.03075843931515627, BFz, 0.0, -0.03075843931515627, -0.9995268472686945
Time, 0.014, Pos_X, -1.0060938326e-05, Pos_Y, -5.68429007943034e-05, Pos_Z, -2.6813213794243176e-05, BFx, 1.0, 0.0, 0.0,                             BFy, 0.0, -0.9993632964424985, 0.03567914970375578, BFz, 0.0, -0.035679149703755776, -0.9993632964424984
Time, 0.016, Pos_X, -1.6243160369999998e-05, Pos_Y, -7.592921437214117e-05, Pos_Z, -3.7851318492336095e-05, BFx, 1.0, 0.0, 0.0,                             BFy, 0.0, -0.9991798980595655, 0.04049112635722425, BFz, 0.0, -0.040491126357224246, -0.9991798980595654
Time, 0.018, Pos_X, -2.451047445399999e-05, Pos_Y, -9.834395977358193e-05, Pos_Z, -5.162199008528309e-05, BFx, 1.0, 0.0, 0.0,                             BFy, 0.0, -0.9989789928955498, 0.04517711537264869, BFz, 0.0, -0.04517711537264868, -0.9989789928955497
Time, 0.02, Pos_X, -3.5150978438e-05, Pos_Y, -0.00012431674433050475, Pos_Z, -6.847875539007946e-05, BFx, 1.0, 0.0, 0.0,                             BFy, 0.0, -0.9987629835465095, 0.04972426668413585, BFz, 0.0, -0.049724266684135834, -0.9987629835465094
Time, 0.022, Pos_X, -4.843680106199999e-05, Pos_Y, -0.0001540850510035395, Pos_Z, -8.879090119636392e-05, BFx, 1.0, 0.0, 0.0,                             BFy, 0.0, -0.9985341100089457, 0.05412606718248451, BFz, 0.0, -0.05412606718248448, -0.9985341100089455
Time, 0.024, Pos_X, -6.4616437626e-05, Pos_Y, -0.0001878894255573058, Pos_Z, -0.00011294250321349169, BFx, 1.0, 0.0, 0.0,                             BFy, 0.0, -0.99829421012872, 0.05838381645177784, BFz, 0.0, -0.058383816451777815, -0.9982942101287199
Time, 0.026, Pos_X, -8.390720238999999e-05, Pos_Y, -0.00022596838812206184, Pos_Z, -0.00014133050181309062, BFx, 1.0, 0.0, 0.0,                             BFy, 0.0, -0.9980445056924174, 0.06250731682913979, BFz, 0.0, -0.06250731682913975, -0.9980445056924173
Time, 0.028, Pos_X, -0.00010648760375400001, Pos_Y, -0.00026855343211518043, Pos_Z, -0.00017436150143871715, BFx, 1.0, 0.0, 0.0,                             BFy, 0.0, -0.9977855317718622, 0.06651340155744781, BFz, 0.0, -0.06651340155744777, -0.9977855317718621
Time, 0.03, Pos_X, -0.000132490275718, Pos_Y, -0.0003158640856335393, Pos_Z, -0.00021244772430469678, BFx, 1.0, 0.0, 0.0,                             BFy, 0.0, -0.9975168760688756, 0.07042784930545344, BFz, 0.0, -0.07042784930545339, -0.9975168760688754
Time, 0.032, Pos_X, -0.000161996317942, Pos_Y, -0.0003681034592658662, Pos_Z, -0.00025600284389558597, BFx, 1.0, 0.0, 0.0,                             BFy, 0.0, -0.9972372197743486, 0.07428275369645189, BFz, 0.0, -0.07428275369645186, -0.9972372197743483
Time, 0.034, Pos_X, -0.00019503103402600003, Pos_Y, -0.0004254536070322851, Pos_Z, -0.00030543801791299774, BFx, 1.0, 0.0, 0.0,                             BFy, 0.0, -0.9969443904712976, 0.07811454607058485, BFz, 0.0, -0.07811454607058481, -0.9969443904712972
Time, 0.036, Pos_X, -0.00023156015330999993, Pos_Y, -0.0004880704262129115, Pos_Z, -0.00036115867846615385, BFx, 1.0, 0.0, 0.0,                             BFy, 0.0, -0.9966354369470779, 0.0819622219153927, BFz, 0.0, -0.08196222191539265, -0.9966354369470775
Time, 0.038, Pos_X, -0.00027148496479399996, Pos_Y, -0.000556077358066511, Pos_Z, -0.00042356064489522854, BFx, 1.0, 0.0, 0.0,                             BFy, 0.0, -0.9963067017801038, 0.08586591866423299, BFz, 0.0, -0.08586591866423293, -0.9963067017801033
Time, 0.04, Pos_X, -0.000314640645798, Pos_Y, -0.0006295595565247686, Pos_Z, -0.0004930267921753999, BFx, 1.0, 0.0, 0.0,                             BFy, 0.0, -0.9959538867925333, 0.0898657631294993, BFz, 0.0, -0.08986576312949925, -0.9959538867925326
Time, 0.042, Pos_X, -0.00036079756592200007, Pos_Y, -0.0007085595367267313, Pos_Z, -0.0005699249735506321, BFx, 1.0, 0.0, 0.0,                             BFy, 0.0, -0.9955721623122715, 0.09400037036559875, BFz, 0.0, -0.09400037036559868, -0.9955721623122707
Time, 0.044, Pos_X, -0.0004096623589659999, Pos_Y, -0.000793073602411232, Pos_Z, -0.0006546057942860974, BFx, 1.0, 0.0, 0.0,                             BFy, 0.0, -0.9951562958346774, 0.09830537554277352, BFz, 0.0, -0.09830537554277344, -0.9951562958346766
Time, 0.046, Pos_X, -0.00046088009133, Pos_Y, -0.0008830495868337035, Pos_Z, -0.0007474007806326537, BFx, 1.0, 0.0, 0.0,                             BFy, 0.0, -0.9947008202099451, 0.1028118586237217, BFz, 0.0, -0.10281185862372162, -0.9947008202099443
Time, 0.048, Pos_X, -0.000514038041574, Pos_Y, -0.000978385571457371, Pos_Z, -0.0008486211957430905, BFx, 1.0, 0.0, 0.0,                             BFy, 0.0, -0.9942002016023549, 0.1075451492808437, BFz, 0.0, -0.1075451492808436, -0.9942002016023541
Time, 0.05, Pos_X, -0.000568671077858, Pos_Y, -0.0010789293691706996, Pos_Z, -0.0009585571518131721, BFx, 1.0, 0.0, 0.0,                             BFy, 0.0, -0.9936490238247966, 0.11252385281366378, BFz, 0.0, -0.11252385281366369, -0.9936490238247957
Time, 0.052, Pos_X, -0.0006242684345019998, Pos_Y, -0.001184479039399442, Pos_Z, -0.0010774771234689005, BFx, 1.0, 0.0, 0.0,                             BFy, 0.0, -0.993042196221722, 0.11775906132073775, BFz, 0.0, -0.11775906132073764, -0.9930421962217211
Time, 0.054, Pos_X, -0.0006802810109939998, Pos_Y, -0.0012947842938882074, Pos_Z, -0.0012056281378316585, BFx, 1.0, 0.0, 0.0,                             BFy, 0.0, -0.9923752316602645, 0.12325339584465365, BFz, 0.0, -0.12325339584465352, -0.9923752316602635
Time, 0.056, Pos_X, -0.0007361287301139998, Pos_Y, -0.0014095443983747247, Pos_Z, -0.0013432400904794019, BFx, 1.0, 0.0, 0.0,                             BFy, 0.0, -0.9916445443978991, 0.1290003781617942, BFz, 0.0, -0.12900037816179405, -0.9916445443978981
Time, 0.058, Pos_X, -0.0007912097652539999, Pos_Y, -0.001528414772101812, Pos_Z, -0.001490524199553556, BFx, 1.0, 0.0, 0.0,                             BFy, 0.0, -0.9908477080640737, 0.1349845154977965, BFz, 0.0, -0.13498451549779633, -0.9908477080640727
Time, 0.06, Pos_X, -0.0008449096461539997, Pos_Y, -0.0016510190116716624, Pos_Z, -0.001647666512134495, BFx, 1.0, 0.0, 0.0,                             BFy, 0.0, -0.9899835804229778, 0.14118254315921513, BFz, 0.0, -0.141182543159215, -0.989983580422977
Time, 0.062, Pos_X, -0.0008966086853739998, Pos_Y, -0.0017769526489600617, Pos_Z, -0.0018148283335820534, BFx, 1.0, 0.0, 0.0,                             BFy, 0.0, -0.9890523283487602, 0.1475652119840517, BFz, 0.0, -0.14756521198405156, -0.9890523283487594
Time, 0.064, Pos_X, -0.0009456896734939998, Pos_Y, -0.0019057853285136045, Pos_Z, -0.0019921494197578447, BFx, 1.0, 0.0, 0.0,                             BFy, 0.0, -0.9880553389270559, 0.1540994718282407, BFz, 0.0, -0.15409947182824055, -0.988055338927055
Time, 0.066, Pos_X, -0.0009915458243139998, Pos_Y, -0.002037063261234258, Pos_Z, -0.0021797515603456698, BFx, 1.0, 0.0, 0.0,                             BFy, 0.0, -0.9869950874504763, 0.1607504194353124, BFz, 0.0, -0.16075041943531224, -0.9869950874504755
Time, 0.068, Pos_X, -0.0010335882169339998, Pos_Y, -0.002170314312311692, Pos_Z, -0.0023777402378156176, BFx, 1.0, 0.0, 0.0,                             BFy, 0.0, -0.9858751026838846, 0.16748218385261776, BFz, 0.0, -0.16748218385261757, -0.9858751026838837
Time, 0.07, Pos_X, -0.001071251887754, Pos_Y, -0.0023050551304924327, Pos_Z, -0.0025862037944913486, BFx, 1.0, 0.0, 0.0,                             BFy, 0.0, -0.9846997893462612, 0.1742593609004442, BFz, 0.0, -0.17425936090044397, -0.9846997893462602
Time, 0.072, Pos_X, -0.0011040011341739997, Pos_Y, -0.0024407983567900212, Pos_Z, -0.002805213014817149, BFx, 1.0, 0.0, 0.0,                             BFy, 0.0, -0.9834742772272004, 0.18104791087565317, BFz, 0.0, -0.18104791087565295, -0.9834742772271994
Time, 0.074, Pos_X, -0.0011313328629939997, Pos_Y, -0.0025770579170978822, Pos_Z, -0.0030348243820119843, BFx, 1.0, 0.0, 0.0,                             BFy, 0.0, -0.9822043877746827, 0.18781517679932977, BFz, 0.0, -0.18781517679932955, -0.9822043877746817
Time, 0.076, Pos_X, -0.0011527784420139998, Pos_Y, -0.002713351924317852, Pos_Z, -0.003275085851090905, BFx, 1.0, 0.0, 0.0,                             BFy, 0.0, -0.9808966653009809, 0.19452951447381525, BFz, 0.0, -0.194529514473815, -0.9808966653009797
Time, 0.078, Pos_X, -0.0011679067174339998, Pos_Y, -0.002849206218267192, Pos_Z, -0.0035260409438911755, BFx, 1.0, 0.0, 0.0,                             BFy, 0.0, -0.9795585085019177, 0.20115946018395695, BFz, 0.0, -0.2011594601839567, -0.9795585085019168
Time, 0.08, Pos_X, -0.0011763275040539997, Pos_Y, -0.002984160003861231, Pos_Z, -0.0037877292764380687, BFx, 1.0, 0.0, 0.0,                             BFy, 0.0, -0.978198373781812, 0.20767267882564913, BFz, 0.0, -0.20767267882564885, -0.9781983737818112
Time, 0.082, Pos_X, -0.0011776948164739997, Pos_Y, -0.0031177721210003473, Pos_Z, -0.0040601873503125895, BFx, 1.0, 0.0, 0.0,                             BFy, 0.0, -0.9768259880776473, 0.21403501820059964, BFz, 0.0, -0.21403501820059934, -0.9768259880776463
Time, 0.084, Pos_X, -0.0011717087640939997, Pos_Y, -0.0032496247240985272, Pos_Z, -0.004343453203450106, BFx, 1.0, 0.0, 0.0,                             BFy, 0.0, -0.9754525597915731, 0.22020968097717886, BFz, 0.0, -0.22020968097717852, -0.975452559791572
Time, 0.086, Pos_X, -0.0011581168611139998, Pos_Y, -0.003379323048163076, Pos_Z, -0.004637574966300978, BFx, 1.0, 0.0, 0.0,                             BFy, 0.0, -0.9740908988422935, 0.22615684997942387, BFz, 0.0, -0.22615684997942354, -0.9740908988422925
Time, 0.088, Pos_X, -0.0011367167043339998, Pos_Y, -0.0035064932503327813, Pos_Z, -0.004942620606006514, BFx, 1.0, 0.0, 0.0,                             BFy, 0.0, -0.9727553808477756, 0.23183392554089607, BFz, 0.0, -0.23183392554089569, -0.9727553808477746
Time, 0.09, Pos_X, -0.0011073578381539998, Pos_Y, -0.0036307801282454526, Pos_Z, -0.005258685811728752, BFx, 1.0, 0.0, 0.0,                             BFy, 0.0, -0.9714617524139232, 0.23719625544445774, BFz, 0.0, -0.23719625544445733, -0.9714617524139222
Time, 0.092, Pos_X, -0.0010699433289739998, Pos_Y, -0.003751846051272343, Pos_Z, -0.0055858993218936585, BFx, 1.0, 0.0, 0.0,                             BFy, 0.0, -0.9702267482612378, 0.24219838347608208, BFz, 0.0, -0.24219838347608166, -0.9702267482612368
Time, 0.094, Pos_X, -0.0010244323603939998, Pos_Y, -0.0038693720414601173, Pos_Z, -0.005924425732031507, BFx, 1.0, 0.0, 0.0,                             BFy, 0.0, -0.9690675751075107, 0.24679553252693062, BFz, 0.0, -0.2467955325269302, -0.9690675751075097
Time, 0.096, Pos_X, -0.0009708444760139998, Pos_Y, -0.003983060330100928, Pos_Z, -0.006274467580145901, BFx, 1.0, 0.0, 0.0,                             BFy, 0.0, -0.9680012593300316, 0.2509453365485696, BFz, 0.0, -0.25094533654856915, -0.9680012593300307
Time, 0.098, Pos_X, -0.0009092651112339997, Pos_Y, -0.004092636942321098, Pos_Z, -0.006636268939085837, BFx, 1.0, 0.0, 0.0,                             BFy, 0.0, -0.9670439500076403, 0.2546095024809997, BFz, 0.0, -0.2546095024809993, -0.9670439500076394
Time, 0.1, Pos_X, -0.0008398491960539996, Pos_Y, -0.004197852883792838, Pos_Z, -0.0070101190565006865, BFx, 1.0, 0.0, 0.0,                             BFy, 0.0, -0.9662102606655584, 0.2577551787735712, BFz, 0.0, -0.25775517877357074, -0.9662102606655574
Time, 0.102, Pos_X, -0.000762821948874, Pos_Y, -0.004298483453582126, Pos_Z, -0.0073963547525674345, BFx, 1.0, 0.0, 0.0,                             BFy, 0.0, -0.965512729707584, 0.2603558502753718, BFz, 0.0, -0.26035585027537134, -0.965512729707583
Time, 0.104, Pos_X, -0.000678479935294, Pos_Y, -0.004394328334476648, Pos_Z, -0.007795361761472379, BFx, 1.0, 0.0, 0.0,                             BFy, 0.0, -0.9649614394546939, 0.26239173074913535, BFz, 0.0, -0.2623917307491349, -0.9649614394546929
Time, 0.106, Pos_X, -0.0005871932233139998, Pos_Y, -0.004485214192604456, Pos_Z, -0.008207573283675322, BFx, 1.0, 0.0, 0.0,                             BFy, 0.0, -0.9645638471732205, 0.263849549414809, BFz, 0.0, -0.2638495494148085, -0.9645638471732195
Time, 0.108, Pos_X, -0.0004894089691339997, Pos_Y, -0.0045709990471775215, Pos_Z, -0.008633467362012951, BFx, 1.0, 0.0, 0.0,                             BFy, 0.0, -0.9643247899866142, 0.2647219284783073, BFz, 0.0, -0.2647219284783068, -0.9643247899866132
Time, 0.11, Pos_X, -0.0003856565485539996, Pos_Y, -0.0046515786091217955, Pos_Z, -0.009073564852230327, BFx, 1.0, 0.0, 0.0,                             BFy, 0.0, -0.9642466170275863, 0.26500653114754913, BFz, 0.0, -0.2650065311475487, -0.9642466170275853
Time, 0.112, Pos_X, -0.0002765480789739995, Pos_Y, -0.004726892142054131, Pos_Z, -0.009528425166346466, BFx, 1.0, 0.0, 0.0,                             BFy, 0.0, -0.9643294219999368, 0.2647050544762401, BFz, 0.0, -0.2647050544762397, -0.9643294219999359
Time, 0.114, Pos_X, -0.00016277472839399936, Pos_Y, -0.00479692651452409, Pos_Z, -0.009998639921015058, BFx, 1.0, 0.0, 0.0,                             BFy, 0.0, -0.9645713629304633, 0.263822072265513, BFz, 0.0, -0.26382207226551263, -0.9645713629304624
Time, 0.116, Pos_X, -4.510405989399922e-05, Pos_Y, -0.004861720493181291, Pos_Z, -0.010484825161840036, BFx, 1.0, 0.0, 0.0,                             BFy, 0.0, -0.9649690012869993, 0.2623639200712858, BFz, 0.0, -0.2623639200712854, -0.9649690012869984
Time, 0.118, Pos_X, 7.562161998600009e-05, Pos_Y, -0.0049213707085065846, Pos_Z, -0.01098761188683535, BFx, 1.0, 0.0, 0.0,                             BFy, 0.0, -0.9655176588190457, 0.2603375702978529, BFz, 0.0, -0.2603375702978525, -0.9655176588190448
Time, 0.12, Pos_X, 0.00019848776756600025, Pos_Y, -0.004976039166068303, Pos_Z, -0.01150763493582408, BFx, 1.0, 0.0, 0.0,                             BFy, 0.0, -0.9662116164944352, 0.25775009631658896, BFz, 0.0, -0.2577500963165886, -0.9662116164944344
Time, 0.122, Pos_X, 0.00032251149262600037, Pos_Y, -0.005025960790364902, Pos_Z, -0.012045520993306786, BFx, 1.0, 0.0, 0.0,                             BFy, 0.0, -0.967044117391282, 0.25460886673271305, BFz, 0.0, -0.25460886673271255, -0.9670441173912814
Time, 0.124, Pos_X, 0.00044664586752600054, Pos_Y, -0.005071450966037565, Pos_Z, -0.012601876911236988, BFx, 1.0, 0.0, 0.0,                             BFy, 0.0, -0.9680075214633358, 0.25092117963697197, BFz, 0.0, -0.25092117963697147, -0.9680075214633351
Time, 0.126, Pos_X, 0.0005697857015460007, Pos_Y, -0.005112912077851819, Pos_Z, -0.013177277773472594, BFx, 1.0, 0.0, 0.0,                             BFy, 0.0, -0.9690932960984598, 0.24669451444453105, BFz, 0.0, -0.24669451444453055, -0.9690932960984592
Time, 0.128, Pos_X, 0.0006907763110860009, Pos_Y, -0.005150837851432878, Pos_Z, -0.013772254406478637, BFx, 1.0, 0.0, 0.0,                             BFy, 0.0, -0.9702919333229797, 0.24193710779529992, BFz, 0.0, -0.2419371077952994, -0.9702919333229789
Time, 0.13, Pos_X, 0.000808422948166001, Pos_Y, -0.005185817816781379, Pos_Z, -0.01438727888177535, BFx, 1.0, 0.0, 0.0,                             BFy, 0.0, -0.9715928733920147, 0.23665859032337738, BFz, 0.0, -0.23665859032337688, -0.9715928733920141
Time, 0.132, Pos_X, 0.000921498418986001, Pos_Y, -0.005218542514427996, Pos_Z, -0.015022747769837962, BFx, 1.0, 0.0, 0.0,                             BFy, 0.0, -0.9729844628046233, 0.23087060259114395, BFz, 0.0, -0.23087060259114342, -0.9729844628046227
Time, 0.134, Pos_X, 0.0010287515220060012, Pos_Y, -0.0052498070041117105, Pos_Z, -0.015678966134255783, BFx, 1.0, 0.0, 0.0,                             BFy, 0.0, -0.9744539431181637, 0.22458742783482302, BFz, 0.0, -0.2245874278348225, -0.9744539431181631
Time, 0.136, Pos_X, 0.0011289184318260012, Pos_Y, -0.005280510040478624, Pos_Z, -0.016356133948434284, BFx, 1.0, 0.0, 0.0,                             BFy, 0.0, -0.9759875794836272, 0.21782618000068274, BFz, 0.0, -0.21782618000068224, -0.9759875794836266
Time, 0.138, Pos_X, 0.0012207347150460014, Pos_Y, -0.005311649223582464, Pos_Z, -0.017054334436448874, BFx, 1.0, 0.0, 0.0,                             BFy, 0.0, -0.9775708979001968, 0.2106065990860735, BFz, 0.0, -0.21060659908607296, -0.9775708979001961
Time, 0.14, Pos_X, 0.0013029457384660015, Pos_Y, -0.0053443142391344615, Pos_Z, -0.017773524933955065, BFx, 1.0, 0.0, 0.0,                             BFy, 0.0, -0.9791889534150863, 0.20295071694839303, BFz, 0.0, -0.20295071694839253, -0.9791889534150856
Time, 0.142, Pos_X, 0.0013743155590860007, Pos_Y, -0.005379678986553137, Pos_Z, -0.01851353006187883, BFx, 1.0, 0.0, 0.0,                             BFy, 0.0, -0.9808266200840834, 0.19488237820396132, BFz, 0.0, -0.19488237820396084, -0.9808266200840828
Time, 0.144, Pos_X, 0.0014336364643060008, Pos_Y, -0.005418992866346574, Pos_Z, -0.019274035005565487, BFx, 1.0, 0.0, 0.0,                             BFy, 0.0, -0.9824689281306833, 0.1864264070826461, BFz, 0.0, -0.18642640708264563, -0.9824689281306828
Time, 0.146, Pos_X, 0.001479738133126001, Pos_Y, -0.005463570843004784, Pos_Z, -0.020054578564263164, BFx, 1.0, 0.0, 0.0,                             BFy, 0.0, -0.9841013748230891, 0.17760766895408622, BFz, 0.0, -0.17760766895408575, -0.9841013748230887
Time, 0.148, Pos_X, 0.0015114941905460012, Pos_Y, -0.0055147833122163835, Pos_Z, -0.020854548732854344, BFx, 1.0, 0.0, 0.0,                             BFy, 0.0, -0.9857101529266148, 0.1684502728326322, BFz, 0.0, -0.16845027283263173, -0.9857101529266145
Time, 0.15, Pos_X, 0.0015278295033660013, Pos_Y, -0.005574044818260203, Pos_Z, -0.021673179875997428, BFx, 1.0, 0.0, 0.0,                             BFy, 0.0, -0.9872823135255537, 0.15897683290224596, BFz, 0.0, -0.1589768329022455, -0.9872823135255534
Time, 0.152, Pos_X, 0.0015277271695860015, Pos_Y, -0.005642801135656955, Pos_Z, -0.02250955150025009, BFx, 1.0, 0.0, 0.0,                             BFy, 0.0, -0.9888058662647896, 0.1492077707102998, BFz, 0.0, -0.14920777071029936, -0.9888058662647892
Time, 0.154, Pos_X, 0.0015102318808060016, Pos_Y, -0.005722516262980489, Pos_Z, -0.023362590026998385, BFx, 1.0, 0.0, 0.0,                             BFy, 0.0, -0.9902697424649709, 0.1391611912796034, BFz, 0.0, -0.13916119127960294, -0.9902697424649705
Time, 0.156, Pos_X, 0.0014744516890260017, Pos_Y, -0.005814659148278188, Pos_Z, -0.024231071735914593, BFx, 1.0, 0.0, 0.0,                             BFy, 0.0, -0.9916637391740286, 0.12885273923119375, BFz, 0.0, -0.12885273923119328, -0.9916637391740282
Time, 0.158, Pos_X, 0.0014195599112460018, Pos_Y, -0.005920689921695214, Pos_Z, -0.025113626802309684, BFx, 1.0, 0.0, 0.0,                             BFy, 0.0, -0.9929784273202048, 0.11829557420584644, BFz, 0.0, -0.118295574205846, -0.9929784273202042
Time, 0.16, Pos_X, 0.0013447966048660018, Pos_Y, -0.006042046465680718, Pos_Z, -0.026008745786913635, BFx, 1.0, 0.0, 0.0,                             BFy, 0.0, -0.9942049999624236, 0.1075007816237417, BFz, 0.0, -0.10750078162374126, -0.9942049999624231
Time, 0.162, Pos_X, 0.0012494682950860017, Pos_Y, -0.006180131864399051, Pos_Z, -0.02691478791600265, BFx, 1.0, 0.0, 0.0,                             BFy, 0.0, -0.9953351396682009, 0.0964777681213745, BFz, 0.0, -0.09647776812137407, -0.9953351396682002
Time, 0.164, Pos_X, 0.0011329456705060016, Pos_Y, -0.006336303142562747, Pos_Z, -0.027829989676458524, BFx, 1.0, 0.0, 0.0,                             BFy, 0.0, -0.9963609114609022, 0.08523458284522335, BFz, 0.0, -0.08523458284522292, -0.9963609114609014
Time, 0.166, Pos_X, 0.0009946603173260015, Pos_Y, -0.0065118607899127285, Pos_Z, -0.02875247409244258, BFx, 1.0, 0.0, 0.0,                             BFy, 0.0, -0.9972746689497978, 0.07377828048328457, BFz, 0.0, -0.07377828048328416, -0.997274668949797
Time, 0.168, Pos_X, 0.0008341015935460013, Pos_Y, -0.006708038397709307, Pos_Z, -0.02968026083921577, BFx, 1.0, 0.0, 0.0,                             BFy, 0.0, -0.9980689912802508, 0.06211512412304476, BFz, 0.0, -0.062115124123044374, -0.9980689912802501
Time, 0.17, Pos_X, 0.000650814044366001, Pos_Y, -0.006925993122323241, Pos_Z, -0.030611276401405405, BFx, 1.0, 0.0, 0.0,                             BFy, 0.0, -0.9987366310225416, 0.050250789583276216, BFz, 0.0, -0.05025078958327584, -0.9987366310225407
Time, 0.172, Pos_X, 0.00044439404318600374, Pos_Y, -0.007166797387598298, Pos_Z, -0.031543364392665314, BFx, 1.0, 0.0, 0.0,                             BFy, 0.0, -0.9992704716130044, 0.03819063448442751, BFz, 0.0, -0.03819063448442715, -0.9992704716130035
Time, 0.174, Pos_X, 0.00021448584140600375, Pos_Y, -0.007431431009276194, Pos_Z, -0.032474297832771414, BFx, 1.0, 0.0, 0.0,                             BFy, 0.0, -0.9996635086331852, 0.025939728356118505, BFz, 0.0, -0.025939728356118158, -0.9996635086331843
Time, 0.176, Pos_X, -3.9223450373996276e-05, Pos_Y, -0.007720774734494056, Pos_Z, -0.0334017938414509, BFx, 1.0, 0.0, 0.0,                             BFy, 0.0, -0.999908831259417, 0.013502931882603576, BFz, 0.0, -0.013502931882603235, -0.9999088312594162
Time, 0.178, Pos_X, -0.0003170095313539963, Pos_Y, -0.008035605176790627, Pos_Z, -0.03432352827348876, BFx, 1.0, 0.0, 0.0,                             BFy, 0.0, -0.9999996085476532, 0.0008848189305450041, BFz, 0.0, -0.0008848189305446726, -0.9999996085476524
Time, 0.18, Pos_X, -0.0006191143895339965, Pos_Y, -0.008376590059633086, Pos_Z, -0.035237150238585056, BFx, 1.0, 0.0, 0.0,                             BFy, 0.0, -0.9999290692736823, -0.011910349342767006, BFz, 0.0, 0.011910349342767327, -0.9999290692736814
Time, 0.182, Pos_X, -0.0009457491617139966, Pos_Y, -0.00874428511574142, Pos_Z, -0.03614029730734044, BFx, 1.0, 0.0, 0.0,                             BFy, 0.0, -0.999690477375458, -0.024878694596544477, BFz, 0.0, 0.024878694596544786, -0.9996904773754571
Time, 0.184, Pos_X, -0.0012970981652939968, Pos_Y, -0.009139132852495615, Pos_Z, -0.037030610877960314, BFx, 1.0, 0.0, 0.0,                             BFy, 0.0, -0.9992770949233265, -0.038016937825083044, BFz, 0.0, 0.038016937825083336, -0.9992770949233256
Time, 0.186, Pos_X, -0.0016733223682739971, Pos_Y, -0.009561462766442323, Pos_Z, -0.037905752330394886, BFx, 1.0, 0.0, 0.0,                             BFy, 0.0, -0.9986821263178721, -0.05132261268887621, BFz, 0.0, 0.0513226126888765, -0.9986821263178713
Time, 0.188, Pos_X, -0.0020745614144539975, Pos_Y, -0.010011492397732257, Pos_Z, -0.03876341979843909, BFx, 1.0, 0.0, 0.0,                             BFy, 0.0, -0.9978986306161658, -0.06479446746736812, BFz, 0.0, 0.0647944674673684, -0.9978986306161651
Time, 0.19, Pos_X, -0.002500935237833998, Pos_Y, -0.010489329742166601, Pos_Z, -0.03960136613208864, BFx, 1.0, 0.0, 0.0,                             BFy, 0.0, -0.9969194124381974, -0.07843267880085379, BFz, 0.0, 0.07843267880085408, -0.9969194124381968
Time, 0.192, Pos_X, -0.002952545217213998, Pos_Y, -0.010994977499417162, Pos_Z, -0.04041741712270851, BFx, 1.0, 0.0, 0.0,                             BFy, 0.0, -0.995736901687005, -0.09223894307049527, BFz, 0.0, 0.09223894307049556, -0.9957369016870045
Time, 0.194, Pos_X, -0.0034294740999939984, Pos_Y, -0.011528338321658449, Pos_Z, -0.041209489559861597, BFx, 1.0, 0.0, 0.0,                             BFy, 0.0, -0.994343004003772, -0.10621671426264799, BFz, 0.0, 0.10621671426264828, -0.9943430040037714
Time, 0.196, Pos_X, -0.003931785306173999, Pos_Y, -0.012089221630288815, Pos_Z, -0.04197560945202372, BFx, 1.0, 0.0, 0.0,                             BFy, 0.0, -0.9927289119912305, -0.12037153856583316, BFz, 0.0, 0.12037153856583344, -0.9927289119912298
Time, 0.198, Pos_X, -0.004459523501153999, Pos_Y, -0.012677352214578637, Pos_Z, -0.042713926882843034, BFx, 1.0, 0.0, 0.0,                             BFy, 0.0, -0.9908849726558476, -0.13471069358005028, BFz, 0.0, 0.13471069358005056, -0.9908849726558467
Time, 0.2, Pos_X, -0.005012716716134, Pos_Y, -0.013292380029153774, Pos_Z, -0.043422727383284086, BFx, 1.0, 0.0, 0.0,                             BFy, 0.0, -0.9888005585116771, -0.14924294116303485, BFz, 0.0, 0.1492429411630351, -0.9888005585116763
Time, 0.202, Pos_X, -0.005591376642314, Pos_Y, -0.013933890505929114, Pos_Z, -0.04410044469486701, BFx, 1.0, 0.0, 0.0,                             BFy, 0.0, -0.9864640351694315, -0.16397776470375586, BFz, 0.0, 0.16397776470375608, -0.9864640351694306
Time, 0.204, Pos_X, -0.0061954956464939925, Pos_Y, -0.014601414667626197, Pos_Z, -0.044745676028132, BFx, 1.0, 0.0, 0.0,                             BFy, 0.0, -0.9838628088678187, -0.17892449057276444, BFz, 0.0, 0.17892449057276466, -0.983862808867818
Time, 0.206, Pos_X, -0.006825044940673992, Pos_Y, -0.01529444071616402, Pos_Z, -0.04535719569018359, BFx, 1.0, 0.0, 0.0,                             BFy, 0.0, -0.9809834747854952, -0.19409127285319352, BFz, 0.0, 0.19409127285319372, -0.9809834747854945
Time, 0.208, Pos_X, -0.007479975460253993, Pos_Y, -0.01601242697516038, Pos_Z, -0.04593396104744266, BFx, 1.0, 0.0, 0.0,                             BFy, 0.0, -0.97781205248469, -0.209484104446316, BFz, 0.0, 0.20948410444631618, -0.9778120524846894
Time, 0.21, Pos_X, -0.008160219891233993, Pos_Y, -0.01675481513621031, Pos_Z, -0.04647511321852842, BFx, 1.0, 0.0, 0.0,                             BFy, 0.0, -0.9743342487402015, -0.22510613437190946, BFz, 0.0, 0.22510613437190966, -0.9743342487402008
Time, 0.212, Pos_X, -0.008865696197613994, Pos_Y, -0.01752104365132958, Pos_Z, -0.046979977029597365, BFx, 1.0, 0.0, 0.0,                             BFy, 0.0, -0.9705357906828259, -0.2409570065461028, BFz, 0.0, 0.24095700654610303, -0.9705357906828253
Time, 0.214, Pos_X, -0.009596310157393994, Pos_Y, -0.018310559728668185, Pos_Z, -0.047448060852648605, BFx, 1.0, 0.0, 0.0,                             BFy, 0.0, -0.9664027421869462, -0.25703256582298556, BFz, 0.0, 0.2570325658229858, -0.9664027421869458
Time, 0.216, Pos_X, -0.010351957242173995, Pos_Y, -0.01912283036069215, Pos_Z, -0.047879056404143534, BFx, 1.0, 0.0, 0.0,                             BFy, 0.0, -0.9619217744444882, -0.27332489796863296, BFz, 0.0, 0.27332489796863324, -0.9619217744444878
Time, 0.218, Pos_X, -0.011132524611353995, Pos_Y, -0.01995735208088509, Pos_Z, -0.04827283480533396, BFx, 1.0, 0.0, 0.0,                             BFy, 0.0, -0.9570803264911912, -0.28982278834403474, BFz, 0.0, 0.289822788344035, -0.9570803264911909
Time, 0.22, Pos_X, -0.011937892437933995, Pos_Y, -0.020813658696384428, Pos_Z, -0.04862943742609571, BFx, 1.0, 0.0, 0.0,                             BFy, 0.0, -0.951866736400377, -0.30651217942276243, BFz, 0.0, 0.3065121794227627, -0.9518667364003766
Time, 0.222, Pos_X, -0.012767939401113995, Pos_Y, -0.021691330092968666, Pos_Z, -0.048949063368389584, BFx, 1.0, 0.0, 0.0,                             BFy, 0.0, -0.9462702988260916, -0.3233767486378322, BFz, 0.0, 0.3233767486378325, -0.9462702988260911
Time, 0.224, Pos_X, -0.013622551100893996, Pos_Y, -0.02259000141776419, Pos_Z, -0.049232055056896616, BFx, 1.0, 0.0, 0.0,                             BFy, 0.0, -0.9402812714369907, -0.34039848792970934, BFz, 0.0, 0.3403984879297096, -0.9402812714369903
Time, 0.226, Pos_X, -0.014501625770673997, Pos_Y, -0.023509369475257152, Pos_Z, -0.04947888271515334, BFx, 1.0, 0.0, 0.0,                             BFy, 0.0, -0.9338909126589101, -0.35755805577990263, BFz, 0.0, 0.35755805577990296, -0.9338909126589098
Time, 0.228, Pos_X, -0.015405077186453998, Pos_Y, -0.024449195534406557, Pos_Z, -0.04969012805940689, BFx, 1.0, 0.0, 0.0,                             BFy, 0.0, -0.9270914896536746, -0.3748351235032899, BFz, 0.0, 0.37483512350329024, -0.9270914896536744
Time, 0.23, Pos_X, -0.016332837746233998, Pos_Y, -0.025409305816423883, Pos_Z, -0.04986646780072153, BFx, 1.0, 0.0, 0.0,                             BFy, 0.0, -0.9198763663429316, -0.39220845304980445, BFz, 0.0, 0.3922084530498048, -0.9198763663429315
Time, 0.232, Pos_X, -0.017284861597414, Pos_Y, -0.026389590004882543, Pos_Z, -0.050008656899683375, BFx, 1.0, 0.0, 0.0,                             BFy, 0.0, -0.912240173909777, -0.40965578856529783, BFz, 0.0, 0.4096557885652981, -0.9122401739097769
Time, 0.234, Pos_X, -0.018261126546994, Pos_Y, -0.02738999740442087, Pos_Z, -0.05011751159767772, BFx, 1.0, 0.0, 0.0,                             BFy, 0.0, -0.9041789061236787, -0.4271539602075394, BFz, 0.0, 0.4271539602075396, -0.9041789061236783
Time, 0.236, Pos_X, -0.01926163575257399, Pos_Y, -0.028410531906785906, Pos_Z, -0.05019389186164685, BFx, 1.0, 0.0, 0.0,                             BFy, 0.0, -0.8956899947067418, -0.444679022871816, BFz, 0.0, 0.4446790228718162, -0.8956899947067415
Time, 0.238, Pos_X, -0.02028641971155399, Pos_Y, -0.02945124553187456, Pos_Z, -0.05023868302040578, BFx, 1.0, 0.0, 0.0,                             BFy, 0.0, -0.8867724015802505, -0.46220634763662777, BFz, 0.0, 0.462206347636628, -0.8867724015802501
Time, 0.24, Pos_X, -0.02133553699193399, Pos_Y, -0.030512230414603436, Pos_Z, -0.05025277861318164, BFx, 1.0, 0.0, 0.0,                             BFy, 0.0, -0.8774267265411675, -0.4797106831739813, BFz, 0.0, 0.4797106831739815, -0.877426726541167
Time, 0.242, Pos_X, -0.02240907221931399, Pos_Y, -0.031593609608387786, Pos_Z, -0.05023706543337845, BFx, 1.0, 0.0, 0.0,                             BFy, 0.0, -0.867655338300435, -0.4971661834022448, BFz, 0.0, 0.497166183402245, -0.8676553383004345
Time, 0.244, Pos_X, -0.02350713264789399, Pos_Y, -0.03269552593968178, Pos_Z, -0.050192408178877344, BFx, 1.0, 0.0, 0.0,                             BFy, 0.0, -0.8574622963208276, -0.5145468009697566, BFz, 0.0, 0.5145468009697568, -0.857462296320827
Time, 0.246, Pos_X, -0.024629844616273988, Pos_Y, -0.033818129241126337, Pos_Z, -0.05011963317602576, BFx, 1.0, 0.0, 0.0,                             BFy, 0.0, -0.846853168276502, -0.5318267682056323, BFz, 0.0, 0.5318267682056325, -0.8468531682765015
Time, 0.248, Pos_X, -0.02577734923125399, Pos_Y, -0.03496156265354705, Pos_Z, -0.05001951404209867, BFx, 1.0, 0.0, 0.0,                             BFy, 0.0, -0.8358347834444667, -0.5489810696047163, BFz, 0.0, 0.5489810696047164, -0.8358347834444663
Time, 0.25, Pos_X, -0.02694979473103399, Pos_Y, -0.03612594633216684, Pos_Z, -0.049892759721120776, BFx, 1.0, 0.0, 0.0,                             BFy, 0.0, -0.8244150998350761, -0.5659856386551858, BFz, 0.0, 0.565985638655186, -0.8244150998350755
Time, 0.252, Pos_X, -0.02814732614361399, Pos_Y, -0.03731135891455862, Pos_Z, -0.04974000503839335, BFx, 1.0, 0.0, 0.0,                             BFy, 0.0, -0.8126029981900653, -0.5828176106918131, BFz, 0.0, 0.5828176106918134, -0.8126029981900649
Time, 0.254, Pos_X, -0.02937007606419399, Pos_Y, -0.038517819683930345, Pos_Z, -0.049561804554471865, BFx, 1.0, 0.0, 0.0,                             BFy, 0.0, -0.8004081829779687, -0.5994553700000556, BFz, 0.0, 0.5994553700000559, -0.8004081829779682
Time, 0.256, Pos_X, -0.03061815686597399, Pos_Y, -0.039745271958125626, Pos_Z, -0.04935862904172076, BFx, 1.0, 0.0, 0.0,                             BFy, 0.0, -0.7878410960362262, -0.6158785654627339, BFz, 0.0, 0.6158785654627342, -0.7878410960362257
Time, 0.258, Pos_X, -0.031891652430953994, Pos_Y, -0.04099356620766592, Pos_Z, -0.04913086380670049, BFx, 1.0, 0.0, 0.0,                             BFy, 0.0, -0.774913023825924, -0.6320678804566486, BFz, 0.0, 0.6320678804566491, -0.7749130238259233
Time, 0.26, Pos_X, -0.03319060891513399, Pos_Y, -0.042262442653688864, Pos_Z, -0.04887880921666129, BFx, 1.0, 0.0, 0.0,                             BFy, 0.0, -0.7616361741946841, -0.648004890535621, BFz, 0.0, 0.6480048905356214, -0.7616361741946835
Time, 0.262, Pos_X, -0.034515025704513994, Pos_Y, -0.04355151424247975, Pos_Z, -0.048602683522204176, BFx, 1.0, 0.0, 0.0,                             BFy, 0.0, -0.7480238278945817, -0.6636718714108162, BFz, 0.0, 0.6636718714108165, -0.7480238278945811
Time, 0.264, Pos_X, -0.03586484630389399, Pos_Y, -0.044860250377223236, Pos_Z, -0.04830262808246812, BFx, 1.0, 0.0, 0.0,                             BFy, 0.0, -0.7340904622792495, -0.6790516866856566, BFz, 0.0, 0.6790516866856569, -0.7340904622792488
Time, 0.266, Pos_X, -0.037239949772273996, Pos_Y, -0.04618796269079816, Pos_Z, -0.047978715436172006, BFx, 1.0, 0.0, 0.0,                             BFy, 0.0, -0.7198517723091377, -0.6941278166904068, BFz, 0.0, 0.6941278166904069, -0.719851772309137
Time, 0.268, Pos_X, -0.038640143879654, Pos_Y, -0.047533793906055416, Pos_Z, -0.047630959747100965, BFx, 1.0, 0.0, 0.0,                             BFy, 0.0, -0.705324425551778, -0.7088846554412443, BFz, 0.0, 0.7088846554412443, -0.7053244255517773
Time, 0.27, Pos_X, -0.040065158812434, Pos_Y, -0.048896708888526375, Pos_Z, -0.047259329572229655, BFx, 1.0, 0.0, 0.0,                             BFy, 0.0, -0.6905257529549288, -0.7233078075798891, BFz, 0.0, 0.7233078075798891, -0.690525752954928
Time, 0.272, Pos_X, -0.041514640487814, Pos_Y, -0.05027548811792705, Pos_Z, -0.04686376331140906, BFx, 1.0, 0.0, 0.0,                             BFy, 0.0, -0.6754735265986125, -0.7373842382804441, BFz, 0.0, 0.7373842382804442, -0.6754735265986117
Time, 0.274, Pos_X, -0.042988144601394, Pos_Y, -0.05166872479379166, Pos_Z, -0.0464441872901621, BFx, 1.0, 0.0, 0.0,                             BFy, 0.0, -0.6601854200164032, -0.7511026635538997, BFz, 0.0, 0.7511026635538997, -0.6601854200164023
Time, 0.276, Pos_X, -0.044485132095374004, Pos_Y, -0.053074825059734335, Pos_Z, -0.046000535021034024, BFx, 1.0, 0.0, 0.0,                             BFy, 0.0, -0.6446785780803956, -0.7644537467788595, BFz, 0.0, 0.7644537467788597, -0.6446785780803947
Time, 0.278, Pos_X, -0.046004967259954004, Pos_Y, -0.05449200960969644, Pos_Z, -0.04553276500749185, BFx, 1.0, 0.0, 0.0,                             BFy, 0.0, -0.6289692876689843, -0.7774301480963857, BFz, 0.0, 0.7774301480963859, -0.6289692876689833
Time, 0.28, Pos_X, -0.047546919766534, Pos_Y, -0.05591831760333911, Pos_Z, -0.045040876898358874, BFx, 1.0, 0.0, 0.0,                             BFy, 0.0, -0.613072533108796, -0.7900266255940755, BFz, 0.0, 0.7900266255940759, -0.6130725331087951
Time, 0.282, Pos_X, -0.04911016813591396, Pos_Y, -0.057351614525494254, Pos_Z, -0.044524926740180104, BFx, 1.0, 0.0, 0.0,                             BFy, 0.0, -0.5970016994051442, -0.8022399708985877, BFz, 0.0, 0.8022399708985881, -0.5970016994051432
Time, 0.284, Pos_X, -0.050693803721293965, Pos_Y, -0.05878960382190558, Pos_Z, -0.04398504134409437, BFx, 1.0, 0.0, 0.0,                             BFy, 0.0, -0.5807680573555936, -0.8140690778769375, BFz, 0.0, 0.8140690778769379, -0.5807680573555926
Time, 0.286, Pos_X, -0.05229683534067397, Pos_Y, -0.06022983882581724, Pos_Z, -0.043421430629535136, BFx, 1.0, 0.0, 0.0,                             BFy, 0.0, -0.564380191400033, -0.8255149905091119, BFz, 0.0, 0.8255149905091124, -0.564380191400032
Time, 0.288, Pos_X, -0.05391819256065397, Pos_Y, -0.06166973669304679, Pos_Z, -0.04283439903509792, BFx, 1.0, 0.0, 0.0,                             BFy, 0.0, -0.5478435370658533, -0.8365808143240988, BFz, 0.0, 0.8365808143240993, -0.5478435370658523
Time, 0.29, Pos_X, -0.05555673251923397, Pos_Y, -0.06310659806963266, Pos_Z, -0.04222435653146636, BFx, 1.0, 0.0, 0.0,                             BFy, 0.0, -0.5311598680603113, -0.8472716179373354, BFz, 0.0, 0.847271617937336, -0.5311598680603103
Time, 0.292, Pos_X, -0.05721124809881398, Pos_Y, -0.06453762921650381, Pos_Z, -0.041591829935780276, BFx, 1.0, 0.0, 0.0,                             BFy, 0.0, -0.5143265747273555, -0.8575944114377283, BFz, 0.0, 0.8575944114377287, -0.5143265747273545
Time, 0.294, Pos_X, -0.058880472349393975, Pos_Y, -0.0659599646328227, Pos_Z, -0.040937473764871786, BFx, 1.0, 0.0, 0.0,                             BFy, 0.0, -0.497336078212857, -0.8675579665404799, BFz, 0.0, 0.8675579665404803, -0.49733607821285614
Time, 0.296, Pos_X, -0.060563083989973975, Pos_Y, -0.06737068944309786, Pos_Z, -0.040262077705517124, BFx, 1.0, 0.0, 0.0,                             BFy, 0.0, -0.48017553061747775, -0.877172423070984, BFz, 0.0, 0.8771724230709843, -0.48017553061747686
Time, 0.298, Pos_X, -0.06225771422335397, Pos_Y, -0.06876686139393001, Pos_Z, -0.03956657105467257, BFx, 1.0, 0.0, 0.0,                             BFy, 0.0, -0.4628269001099627, -0.8864486790190393, BFz, 0.0, 0.8864486790190397, -0.46282690010996186
Time, 0.3, Pos_X, -0.06396295433053398, Pos_Y, -0.07014553285190848, Pos_Z, -0.038852024349149826, BFx, 1.0, 0.0, 0.0,                             BFy, 0.0, -0.44526726507036346, -0.8953977120010727, BFz, 0.0, 0.8953977120010729, -0.44526726507036263
Time, 0.302, Pos_X, -0.06567736265471398, Pos_Y, -0.071503771834642, Pos_Z, -0.038119648586729164, BFx, 1.0, 0.0, 0.0,                             BFy, 0.0, -0.42746919762869723, -0.9040299138184946, BFz, 0.0, 0.904029913818495, -0.4274691976286964
Time, 0.304, Pos_X, -0.06739946898189399, Pos_Y, -0.07283868083802954, Pos_Z, -0.03737079228819542, BFx, 1.0, 0.0, 0.0,                             BFy, 0.0, -0.40940128105162477, -0.9123544218522128, BFz, 0.0, 0.9123544218522132, -0.409401281051624
Time, 0.306, Pos_X, -0.06912777784147399, Pos_Y, -0.07414741393122416, Pos_Z, -0.036606936708183664, BFx, 1.0, 0.0, 0.0,                             BFy, 0.0, -0.39102852954156286, -0.9203785574884716, BFz, 0.0, 0.920378557488472, -0.39102852954156203
Time, 0.308, Pos_X, -0.070860769884254, Pos_Y, -0.0754271941002241, Pos_Z, -0.035829690684973894, BFx, 1.0, 0.0, 0.0,                             BFy, 0.0, -0.3723128275213319, -0.9281072990032284, BFz, 0.0, 0.9281072990032287, -0.37231282752133105
Time, 0.31, Pos_X, -0.072596901370634, Pos_Y, -0.07667533034745419, Pos_Z, -0.03504078501652061, BFx, 1.0, 0.0, 0.0,                             BFy, 0.0, -0.35321376506049196, -0.9355426426260798, BFz, 0.0, 0.93554264262608, -0.3532137650604911
Time, 0.312, Pos_X, -0.074334605813434, Pos_Y, -0.07788923225581279, Pos_Z, -0.0342420635361005, BFx, 1.0, 0.0, 0.0,                             BFy, 0.0, -0.3336897480656117, -0.9426829541451917, BFz, 0.0, 0.9426829541451919, -0.3336897480656108
