Time, 0, Pos_X, 0.0, Pos_Y, 0.0, Pos_Z, 0.0, BFx, 1, 0, 0,                         BFy, 0, -1, 0, BFz, 0, 0, -1
Time, 0.0, Pos_X, 0.0, Pos_Y, 0.0, Pos_Z, 0.0, BFx, 1.0, 0.0, 0.0,                             BFy, 0.0, -1.0, 0.0, BFz, 0.0, 0.0, -1.0
Time, 0.002, Pos_X, -1.4144889199999998e-06, Pos_Y, -1.3375351505960485e-06, Pos_Z, -3.975948764391841e-06, BFx, 1.0, 0.0, 0.0,                             BFy, 0.0, -0.9999999929577311, 0.00011867829572141185, BFz, 0.0, -0.00011867829572141185, -0.9999999929577311
Time, 0.004, Pos_X, -5.3603311600000005e-06, Pos_Y, -5.325926128157999e-06, Pos_Z, -1.580103300525815e-05, BFx, 1.0, 0.0, 0.0,                             BFy, 0.0, -0.9999999738386954, 0.00022874135800527592, BFz, 0.0, -0.0002287413580052759, -0.9999999738386954
Time, 0.006, Pos_X, -1.1233747e-05, Pos_Y, -1.1921575022192388e-05, Pos_Z, -3.525660836232439e-05, BFx, 1.0, 0.0, 0.0,                             BFy, 0.0, -0.9999999458552579, 0.00032907367206079697, BFz, 0.0, -0.00032907367206079686, -0.9999999458552579
Time, 0.008, Pos_X, -1.8413775120000003e-05, Pos_Y, -2.1091149184743428e-05, Pos_Z, -6.209760020763038e-05, BFx, 1.0, 0.0, 0.0,                             BFy, 0.0, -0.9999999123990154, 0.0004185713337775794, BFz, 0.0, -0.00041857133377757927, -0.9999999123990155
Time, 0.01, Pos_X, -2.6263027680000005e-05, Pos_Y, -3.281311871880532e-05, Pos_Z, -9.605153307660116e-05, BFx, 1.0, 0.0, 0.0,                             BFy, 0.0, -0.9999998769153544, 0.0004961544876436661, BFz, 0.0, -0.000496154487643666, -0.9999998769153546
Time, 0.012, Pos_X, -3.412916432000001e-05, Pos_Y, -4.707955483745388e-05, Pos_Z, -0.00013681715789925193, BFx, 1.0, 0.0, 0.0,                             BFy, 0.0, -0.9999998426987616, 0.0005608943315902074, BFz, 0.0, -0.0005608943315902073, -0.9999998426987619
Time, 0.014, Pos_X, -4.134678990000001e-05, Pos_Y, -6.389814292399054e-05, Pos_Z, -0.0001840630125973338, BFx, 1.0, 0.0, 0.0,                             BFy, 0.0, -0.9999998127021997, 0.000612042126788616, BFz, 0.0, -0.0006120421267886159, -0.9999998127022
Time, 0.016, Pos_X, -4.724061264000001e-05, Pos_Y, -8.329403858407145e-05, Pos_Z, -0.00023742639637360635, BFx, 1.0, 0.0, 0.0,                             BFy, 0.0, -0.9999997892494786, 0.0006492310817914, BFz, 0.0, -0.0006492310817913999, -0.9999997892494789
Time, 0.018, Pos_X, -5.1128756600000014e-05, Pos_Y, -0.0001053114902624711, Pos_Z, -0.0002965135563409336, BFx, 1.0, 0.0, 0.0,                             BFy, 0.0, -0.9999997737041268, 0.0006727493546531947, BFz, 0.0, -0.0006727493546531947, -0.9999997737041272
Time, 0.02, Pos_X, -5.2325996040000015e-05, Pos_Y, -0.00013001528409409163, Pos_Z, -0.00036090108368876773, BFx, 1.0, 0.0, 0.0,                             BFy, 0.0, -0.9999997662708878, 0.0006837091261324195, BFz, 0.0, -0.0006837091261324195, -0.9999997662708882
Time, 0.022, Pos_X, -5.014751078000002e-05, Pos_Y, -0.0001574918365064245, Pos_Z, -0.0004301391400502863, BFx, 1.0, 0.0, 0.0,                             BFy, 0.0, -0.9999997659223875, 0.0006842186563332387, BFz, 0.0, -0.0006842186563332387, -0.9999997659223878
Time, 0.024, Pos_X, -4.391313622000002e-05, Pos_Y, -0.00018785039153027314, Pos_Z, -0.0005037554590942789, BFx, 1.0, 0.0, 0.0,                             BFy, 0.0, -0.9999997704821639, 0.0006775216738855593, BFz, 0.0, -0.0006775216738855594, -0.9999997704821643
Time, 0.026, Pos_X, -3.295182686000003e-05, Pos_Y, -0.00022122401917014557, Pos_Z, -0.000581259321607944, BFx, 1.0, 0.0, 0.0,                             BFy, 0.0, -0.9999997768396173, 0.0006680723876242325, BFz, 0.0, -0.0006680723876242326, -0.9999997768396176
Time, 0.028, Pos_X, -1.6605870900000016e-05, Pos_Y, -0.00025776979869438594, Pos_Z, -0.0006621453785680208, BFx, 1.0, 0.0, 0.0,                             BFy, 0.0, -0.9999997814631835, 0.0006611154095606437, BFz, 0.0, -0.0006611154095606439, -0.9999997814631838
Time, 0.03, Pos_X, 5.764808259999963e-06, Pos_Y, -0.0002976683002228176, Pos_Z, -0.0007458975469359025, BFx, 1.0, 0.0, 0.0,                             BFy, 0.0, -0.9999997798564548, 0.000663541288228552, BFz, 0.0, -0.0006635412882285522, -0.9999997798564552
Time, 0.032, Pos_X, 3.477856201999998e-05, Pos_Y, -0.00034112294144114804, Pos_Z, -0.0008319941406119419, BFx, 1.0, 0.0, 0.0,                             BFy, 0.0, -0.999999766789183, 0.0006829506418295028, BFz, 0.0, -0.000682950641829503, -0.9999997667891833
Time, 0.034, Pos_X, 7.102893178000001e-05, Pos_Y, -0.00038835815884499667, Pos_Z, -0.0009199134968779372, BFx, 1.0, 0.0, 0.0,                             BFy, 0.0, -0.9999997354710712, 0.0007273635865837566, BFz, 0.0, -0.0007273635865837569, -0.9999997354710716
Time, 0.036, Pos_X, 0.0001150845029399999, Pos_Y, -0.00043961590716996585, Pos_Z, -0.001009138686494276, BFx, 1.0, 0.0, 0.0,                             BFy, 0.0, -0.9999996760973449, 0.0008048634698208504, BFz, 0.0, -0.0008048634698208508, -0.9999996760973451
Time, 0.038, Pos_X, 0.00016748284889999993, Pos_Y, -0.0004951548516502697, Pos_Z, -0.0010991661860233445, BFx, 1.0, 0.0, 0.0,                             BFy, 0.0, -0.9999995737344324, 0.0009233260275259465, BFz, 0.0, -0.0009233260275259472, -0.9999995737344326
Time, 0.04, Pos_X, 0.00022872048606, Pos_Y, -0.0005552504858441554, Pos_Z, -0.0011895202229175782, BFx, 1.0, 0.0, 0.0,                             BFy, 0.0, -0.9999994060181613, 0.001089937302918961, BFz, 0.0, -0.0010899373029189619, -0.9999994060181615
Time, 0.042, Pos_X, 0.00029925107302000004, Pos_Y, -0.0006201922532488479, Pos_Z, -0.0012797644471483583, BFx, 1.0, 0.0, 0.0,                             BFy, 0.0, -0.9999991412189653, 0.001310557641559189, BFz, 0.0, -0.0013105576415591898, -0.9999991412189655
Time, 0.044, Pos_X, 0.0003794868601799998, Pos_Y, -0.0006902805278453247, Pos_Z, -0.0013695066345426605, BFx, 1.0, 0.0, 0.0,                             BFy, 0.0, -0.9999987370059408, 0.0015893352456126705, BFz, 0.0, -0.0015893352456126714, -0.999998737005941
Time, 0.046, Pos_X, 0.0004697981577399999, Pos_Y, -0.0007658235025817259, Pos_Z, -0.001458400084542985, BFx, 1.0, 0.0, 0.0,                             BFy, 0.0, -0.9999981408898445, 0.0019282678377650045, BFz, 0.0, -0.0019282678377650054, -0.9999981408898447
Time, 0.048, Pos_X, 0.0005705100684999999, Pos_Y, -0.0008471327218569124, Pos_Z, -0.0015461472280789124, BFx, 1.0, 0.0, 0.0,                             BFy, 0.0, -0.9999972928326408, 0.002326870728974898, BFz, 0.0, -0.0023268707289748987, -0.9999972928326409
Time, 0.05, Pos_X, 0.00068189928246, Pos_Y, -0.0009345184880155344, Pos_Z, -0.0016325050563752465, BFx, 1.0, 0.0, 0.0,                             BFy, 0.0, -0.9999961298862595, 0.00278212373966934, BFz, 0.0, -0.002782123739669341, -0.9999961298862596
Time, 0.052, Pos_X, 0.0008041929472199996, Pos_Y, -0.001028287054155547, Pos_Z, -0.0017172905718881527, BFx, 1.0, 0.0, 0.0,                             BFy, 0.0, -0.9999945928144646, 0.0032885166615006047, BFz, 0.0, -0.003288516661500605, -0.9999945928144647
Time, 0.054, Pos_X, 0.0009375680851799997, Pos_Y, -0.0011287393035021174, Pos_Z, -0.0018003860213698904, BFx, 1.0, 0.0, 0.0,                             BFy, 0.0, -0.9999926335377384, 0.0038383421236914284, BFz, 0.0, -0.0038383421236914293, -0.9999926335377385
Time, 0.056, Pos_X, 0.00108216102554, Pos_Y, -0.001236169855395079, Pos_Z, -0.0018817390116604587, BFx, 1.0, 0.0, 0.0,                             BFy, 0.0, -0.9999902216096632, 0.0044222940943576755, BFz, 0.0, -0.004422294094357676, -0.9999902216096633
Time, 0.058, Pos_X, 0.0012380642821000001, Pos_Y, -0.0013508649086106154, Pos_Z, -0.001961362140583258, BFx, 1.0, 0.0, 0.0,                             BFy, 0.0, -0.9999873490973876, 0.005030074072953585, BFz, 0.0, -0.005030074072953587, -0.9999873490973877
Time, 0.06, Pos_X, 0.0014053113774599997, Pos_Y, -0.001473101051999451, Pos_Z, -0.002039326294104098, BFx, 1.0, 0.0, 0.0,                             BFy, 0.0, -0.9999840323719531, 0.005651106186274006, BFz, 0.0, -0.005651106186274008, -0.9999840323719531
Time, 0.062, Pos_X, 0.0015838733398199998, Pos_Y, -0.0016031475530146192, Pos_Z, -0.002115750327669953, BFx, 1.0, 0.0, 0.0,                             BFy, 0.0, -0.9999803114940247, 0.00627507962608143, BFz, 0.0, -0.006275079626081433, -0.9999803114940247
Time, 0.064, Pos_X, 0.00177365851718, Pos_Y, -0.0017412649278806401, Pos_Z, -0.0021908156893423606, BFx, 1.0, 0.0, 0.0,                             BFy, 0.0, -0.9999762445571433, 0.006892773127908642, BFz, 0.0, -0.006892773127908644, -0.9999762445571433
Time, 0.066, Pos_X, 0.0019745101255400003, Pos_Y, -0.001887702436654487, Pos_Z, -0.0022647871544467985, BFx, 1.0, 0.0, 0.0,                             BFy, 0.0, -0.9999718991367712, 0.007496728406417473, BFz, 0.0, -0.0074967284064174754, -0.9999718991367712
Time, 0.068, Pos_X, 0.0021862025319000005, Pos_Y, -0.0020427014630841696, Pos_Z, -0.002338005031850763, BFx, 1.0, 0.0, 0.0,                             BFy, 0.0, -0.9999673415141369, 0.008081825607508216, BFz, 0.0, -0.008081825607508222, -0.9999673415141369
Time, 0.07, Pos_X, 0.002408440500660001, Pos_Y, -0.002206503149382299, Pos_Z, -0.0024108568749457203, BFx, 1.0, 0.0, 0.0,                             BFy, 0.0, -0.9999626294184631, 0.008645216394855437, BFz, 0.0, -0.008645216394855442, -0.9999626294184631
Time, 0.072, Pos_X, 0.0026408567026199995, Pos_Y, -0.0023793550718435854, Pos_Z, -0.002483755291465106, BFx, 1.0, 0.0, 0.0,                             BFy, 0.0, -0.9999578001997343, 0.009186828599094624, BFz, 0.0, -0.00918682859909463, -0.9999578001997342
Time, 0.074, Pos_X, 0.0028830085869799996, Pos_Y, -0.0025615142776277858, Pos_Z, -0.002557127882919874, BFx, 1.0, 0.0, 0.0,                             BFy, 0.0, -0.9999528592330313, 0.009709753430768336, BFz, 0.0, -0.009709753430768344, -0.9999528592330311
Time, 0.076, Pos_X, 0.0031343739545399998, Pos_Y, -0.00275325058552114, Pos_Z, -0.0026314176564953087, BFx, 1.0, 0.0, 0.0,                             BFy, 0.0, -0.9999477767742497, 0.010219771241863419, BFz, 0.0, -0.010219771241863424, -0.9999477767742496
Time, 0.078, Pos_X, 0.0033943478892999998, Pos_Y, -0.0029548495335885248, Pos_Z, -0.002707093722823132, BFx, 1.0, 0.0, 0.0,                             BFy, 0.0, -0.9999424928854056, 0.010724314529196219, BFz, 0.0, -0.010724314529196222, -0.9999424928854055
Time, 0.08, Pos_X, 0.00366224558726, Pos_Y, -0.003166614445625758, Pos_Z, -0.0027846528188993093, BFx, 1.0, 0.0, 0.0,                             BFy, 0.0, -0.9999369222486241, 0.011231719545556993, BFz, 0.0, -0.011231719545556997, -0.999936922248624
Time, 0.082, Pos_X, 0.00393730137382, Pos_Y, -0.0033888699085771056, Pos_Z, -0.0028646028461981623, BFx, 1.0, 0.0, 0.0,                             BFy, 0.0, -0.9999309577877734, 0.011750730089117742, BFz, 0.0, -0.011750730089117747, -0.9999309577877733
Time, 0.084, Pos_X, 0.00421866763098, Pos_Y, -0.003621963375934463, Pos_Z, -0.002947439586247753, BFx, 1.0, 0.0, 0.0,                             BFy, 0.0, -0.9999244718182623, 0.012290266838869239, BFz, 0.0, -0.012290266838869244, -0.999924471818262
Time, 0.086, Pos_X, 0.004505433439939998, Pos_Y, -0.0038662573546092856, Pos_Z, -0.0030336511559498937, BFx, 1.0, 0.0, 0.0,                             BFy, 0.0, -0.9999173159030508, 0.012859290697384727, BFz, 0.0, -0.012859290697384732, -0.9999173159030506
Time, 0.088, Pos_X, 0.004796631825099999, Pos_Y, -0.0041221268519185455, Pos_Z, -0.0031237430250138573, BFx, 1.0, 0.0, 0.0,                             BFy, 0.0, -0.9999093252836418, 0.01346629907634056, BFz, 0.0, -0.013466299076340563, -0.9999093252836416
Time, 0.09, Pos_X, 0.005091222714339999, Pos_Y, -0.0043899713568803615, Pos_Z, -0.0032182314387095012, BFx, 1.0, 0.0, 0.0,                             BFy, 0.0, -0.9999003132858928, 0.01411961369071306, BFz, 0.0, -0.014119613690713063, -0.9999003132858925
Time, 0.092, Pos_X, 0.005388095562659999, Pos_Y, -0.004670220459923304, Pos_Z, -0.0033176135919154824, BFx, 1.0, 0.0, 0.0,                             BFy, 0.0, -0.9998900778395219, 0.014826740642377488, BFz, 0.0, -0.014826740642377491, -0.9998900778395216
Time, 0.094, Pos_X, 0.00568608583888, Pos_Y, -0.004963330620758232, Pos_Z, -0.003422350693597015, BFx, 1.0, 0.0, 0.0,                             BFy, 0.0, -0.9998784268557389, 0.015592674834488018, BFz, 0.0, -0.015592674834488021, -0.9998784268557387
Time, 0.096, Pos_X, 0.0059839797901, Pos_Y, -0.0052697819425337016, Pos_Z, -0.0035328724286880944, BFx, 1.0, 0.0, 0.0,                             BFy, 0.0, -0.9998651803682019, 0.01642014272972434, BFz, 0.0, -0.016420142729724342, -0.9998651803682017
Time, 0.098, Pos_X, 0.00628051850478, Pos_Y, -0.005590071055795781, Pos_Z, -0.0036495937177297875, BFx, 1.0, 0.0, 0.0,                             BFy, 0.0, -0.9998501673352047, 0.01731019583264531, BFz, 0.0, -0.017310195832645314, -0.9998501673352046
Time, 0.1, Pos_X, 0.00657441025962, Pos_Y, -0.005924703113724955, Pos_Z, -0.003772927250702859, BFx, 1.0, 0.0, 0.0,                             BFy, 0.0, -0.9998332299294752, 0.01826231991819942, BFz, 0.0, -0.01826231991819942, -0.999833229929475
Time, 0.102, Pos_X, 0.006864345114259998, Pos_Y, -0.006274188394909124, Pos_Z, -0.0039032829523616037, BFx, 1.0, 0.0, 0.0,                             BFy, 0.0, -0.9998142369150665, 0.019274118966765414, BFz, 0.0, -0.01927411896676541, -0.9998142369150663
Time, 0.104, Pos_X, 0.007149010182899998, Pos_Y, -0.006639038766664354, Pos_Z, -0.004041058620601714, BFx, 1.0, 0.0, 0.0,                             BFy, 0.0, -0.9997930957027888, 0.02034123361638833, BFz, 0.0, -0.020341233616388326, -0.9997930957027884
Time, 0.106, Pos_X, 0.007427105244739998, Pos_Y, -0.007019760860540244, Pos_Z, -0.004186630895416636, BFx, 1.0, 0.0, 0.0,                             BFy, 0.0, -0.999769770030981, 0.02145709514827445, BFz, 0.0, -0.021457095148274444, -0.9997697700309803
Time, 0.108, Pos_X, 0.007697356784579998, Pos_Y, -0.00741684836707796, Pos_Z, -0.004340354361696915, BFx, 1.0, 0.0, 0.0,                             BFy, 0.0, -0.9997442705937754, 0.022614009262457994, BFz, 0.0, -0.022614009262457987, -0.9997442705937747
Time, 0.11, Pos_X, 0.007958533069019998, Pos_Y, -0.007830774801010632, Pos_Z, -0.004502569002671767, BFx, 1.0, 0.0, 0.0,                             BFy, 0.0, -0.9997166265435569, 0.02380476028808356, BFz, 0.0, -0.023804760288083555, -0.9997166265435561
Time, 0.112, Pos_X, 0.008209462082259998, Pos_Y, -0.008261986822464061, Pos_Z, -0.004673609129179888, BFx, 1.0, 0.0, 0.0,                             BFy, 0.0, -0.9996868380715676, 0.025024503720839933, BFz, 0.0, -0.025024503720839926, -0.9996868380715669
Time, 0.114, Pos_X, 0.008449049749499999, Pos_Y, -0.008710897898760868, Pos_Z, -0.0048538074199654556, BFx, 1.0, 0.0, 0.0,                             BFy, 0.0, -0.9996548280010741, 0.026272130750008043, BFz, 0.0, -0.026272130750008033, -0.9996548280010734
Time, 0.116, Pos_X, 0.008676297804139999, Pos_Y, -0.009177880971316416, Pos_Z, -0.005043494992691026, BFx, 1.0, 0.0, 0.0,                             BFy, 0.0, -0.9996204256516228, 0.02755003847675728, BFz, 0.0, -0.02755003847675727, -0.9996204256516222
Time, 0.118, Pos_X, 0.008890320366779997, Pos_Y, -0.009663260536035681, Pos_Z, -0.005243000454651453, BFx, 1.0, 0.0, 0.0,                             BFy, 0.0, -0.9995833437969109, 0.028864143912280125, BFz, 0.0, -0.02886414391228012, -0.9995833437969106
Time, 0.12, Pos_X, 0.009090358954019998, Pos_Y, -0.01016730496212194, Pos_Z, -0.005452650475973528, BFx, 1.0, 0.0, 0.0,                             BFy, 0.0, -0.9995431379811612, 0.03022441587153381, BFz, 0.0, -0.030224415871533804, -0.999543137981161
Time, 0.122, Pos_X, 0.009275795767459998, Pos_Y, -0.01069021979207636, Pos_Z, -0.005672772656769435, BFx, 1.0, 0.0, 0.0,                             BFy, 0.0, -0.9994991927525618, 0.03164433104016467, BFz, 0.0, -0.031644331040164654, -0.9994991927525616
Time, 0.124, Pos_X, 0.009446165208499998, Pos_Y, -0.011232142361075647, Pos_Z, -0.005903698455405795, BFx, 1.0, 0.0, 0.0,                             BFy, 0.0, -0.9994507539557574, 0.033138956188597975, BFz, 0.0, -0.03313895618859796, -0.9994507539557573
Time, 0.126, Pos_X, 0.009601163639139997, Pos_Y, -0.011793138430576418, Pos_Z, -0.006145765083751219, BFx, 1.0, 0.0, 0.0,                             BFy, 0.0, -0.9993970480419601, 0.03472089234190186, BFz, 0.0, -0.03472089234190185, -0.9993970480419598
Time, 0.128, Pos_X, 0.009740655884579997, Pos_Y, -0.012373201333904026, Pos_Z, -0.00639931615720366, BFx, 1.0, 0.0, 0.0,                             BFy, 0.0, -0.9993374165436827, 0.03639681161585998, BFz, 0.0, -0.03639681161585997, -0.9993374165436822
Time, 0.13, Pos_X, 0.009864678353419996, Pos_Y, -0.012972252649693854, Pos_Z, -0.0066647020829436335, BFx, 1.0, 0.0, 0.0,                             BFy, 0.0, -0.9992713868568631, 0.03816667930491013, BFz, 0.0, -0.03816667930491011, -0.9992713868568626
Time, 0.132, Pos_X, 0.009973439162259996, Pos_Y, -0.01359014421030151, Pos_Z, -0.006942279867051859, BFx, 1.0, 0.0, 0.0,                             BFy, 0.0, -0.9991986936421121, 0.04002462521872465, BFz, 0.0, -0.040024625218724644, -0.9991986936421113
Time, 0.134, Pos_X, 0.010067315090299995, Pos_Y, -0.014226661410397225, Pos_Z, -0.007232412381318243, BFx, 1.0, 0.0, 0.0,                             BFy, 0.0, -0.9991193043262436, 0.04195969164145057, BFz, 0.0, -0.04195969164145056, -0.999119304326243
Time, 0.136, Pos_X, 0.010146845175139994, Pos_Y, -0.014881527572756051, Pos_Z, -0.007535467080330363, BFx, 1.0, 0.0, 0.0,                             BFy, 0.0, -0.9990334491713057, 0.04395642657094211, BFz, 0.0, -0.0439564265709421, -0.999033449171305
Time, 0.138, Pos_X, 0.010212721180779994, Pos_Y, -0.015554409439397711, Pos_Z, -0.007851814551760929, BFx, 1.0, 0.0, 0.0,                             BFy, 0.0, -0.9989416277566612, 0.04599591650217045, BFz, 0.0, -0.045995916502170435, -0.9989416277566606
Time, 0.14, Pos_X, 0.010265775339219994, Pos_Y, -0.01624492412688865, Pos_Z, -0.008181826612329572, BFx, 1.0, 0.0, 0.0,                             BFy, 0.0, -0.9988445421645411, 0.04805809596842851, BFz, 0.0, -0.0480580959684285, -0.9988445421645408
Time, 0.142, Pos_X, 0.010306965427259993, Pos_Y, -0.016952647221420272, Pos_Z, -0.008525873353211118, BFx, 1.0, 0.0, 0.0,                             BFy, 0.0, -0.9987429851396159, 0.05012434173544661, BFz, 0.0, -0.050124341735446595, -0.9987429851396155
Time, 0.144, Pos_X, 0.010337357847499992, Pos_Y, -0.01767712232134222, Pos_Z, -0.008884319897757422, BFx, 1.0, 0.0, 0.0,                             BFy, 0.0, -0.9986377389494867, 0.05217917540417414, BFz, 0.0, -0.05217917540417412, -0.9986377389494863
Time, 0.146, Pos_X, 0.010358108439739992, Pos_Y, -0.018417871233708607, Pos_Z, -0.009257523239041872, BFx, 1.0, 0.0, 0.0,                             BFy, 0.0, -0.9985294465158948, 0.05421203224989188, BFz, 0.0, -0.05421203224989186, -0.9985294465158944
Time, 0.148, Pos_X, 0.010370448153779993, Pos_Y, -0.01917440165972022, Pos_Z, -0.009645824807426703, BFx, 1.0, 0.0, 0.0,                             BFy, 0.0, -0.9984184726018316, 0.05621880083591982, BFz, 0.0, -0.05621880083591979, -0.9984184726018309
Time, 0.15, Pos_X, 0.010375670250219992, Pos_Y, -0.0199462147798597, Pos_Z, -0.010049539568569023, BFx, 1.0, 0.0, 0.0,                             BFy, 0.0, -0.9983049033742648, 0.05820068641264595, BFz, 0.0, -0.05820068641264593, -0.9983049033742641
Time, 0.152, Pos_X, 0.010375108889059991, Pos_Y, -0.020732814998165167, Pos_Z, -0.01046895013946969, BFx, 1.0, 0.0, 0.0,                             BFy, 0.0, -0.9981885496501327, 0.060163272412395614, BFz, 0.0, -0.0601632724123956, -0.998188549650132
Time, 0.154, Pos_X, 0.010370116888299991, Pos_Y, -0.021533718034393662, Pos_Z, -0.01090430697108281, BFx, 1.0, 0.0, 0.0,                             BFy, 0.0, -0.9980689059118419, 0.06211649581183874, BFz, 0.0, -0.06211649581183872, -0.9980689059118413
Time, 0.156, Pos_X, 0.010362048383539992, Pos_Y, -0.02234845759171974, Pos_Z, -0.011355829279535585, BFx, 1.0, 0.0, 0.0,                             BFy, 0.0, -0.9979451043934129, 0.06407471121451612, BFz, 0.0, -0.06407471121451609, -0.9979451043934124
Time, 0.158, Pos_X, 0.010352245316139992, Pos_Y, -0.02317659226490973, Pos_Z, -0.011823702091626457, BFx, 1.0, 0.0, 0.0,                             BFy, 0.0, -0.9978159080935897, 0.06605613942222266, BFz, 0.0, -0.06605613942222263, -0.9978159080935893
Time, 0.16, Pos_X, 0.010342024676471991, Pos_Y, -0.02401771112920098, Pos_Z, -0.012308071411801779, BFx, 1.0, 0.0, 0.0,                             BFy, 0.0, -0.9976797178874168, 0.06808216004275515, BFz, 0.0, -0.06808216004275511, -0.9976797178874165
Time, 0.162, Pos_X, 0.010332665091935991, Pos_Y, -0.024871436694530853, Pos_Z, -0.012809039390847994, BFx, 1.0, 0.0, 0.0,                             BFy, 0.0, -0.9975346661306753, 0.0701754221046426, BFz, 0.0, -0.07017542210464256, -0.997534666130675
Time, 0.164, Pos_X, 0.010325394770359991, Pos_Y, -0.025737425895318335, Pos_Z, -0.013326660036003204, BFx, 1.0, 0.0, 0.0,                             BFy, 0.0, -0.9973787227930726, 0.07235802180589164, BFz, 0.0, -0.0723580218058916, -0.997378722793072
Time, 0.166, Pos_X, 0.010321382533983991, Pos_Y, -0.026615370772963113, Pos_Z, -0.013860937291421743, BFx, 1.0, 0.0, 0.0,                             BFy, 0.0, -0.9972097965944687, 0.07464999381125881, BFz, 0.0, -0.07464999381125875, -0.9972097965944682
Time, 0.168, Pos_X, 0.010321730183407991, Pos_Y, -0.02750500009233214, Pos_Z, -0.014411826047638856, BFx, 1.0, 0.0, 0.0,                             BFy, 0.0, -0.9970258065544954, 0.07706841807355792, BFz, 0.0, -0.0770684180735579, -0.9970258065544949
Time, 0.17, Pos_X, 0.010327468523231992, Pos_Y, -0.02840607791496788, Pos_Z, -0.014979239205124208, BFx, 1.0, 0.0, 0.0,                             BFy, 0.0, -0.9968247077970988, 0.07962726872894618, BFz, 0.0, -0.07962726872894615, -0.9968247077970982
Time, 0.172, Pos_X, 0.010339556528655992, Pos_Y, -0.02931839902027528, Pos_Z, -0.015563051567883485, BFx, 1.0, 0.0, 0.0,                             BFy, 0.0, -0.9966046185162715, 0.08233610600484155, BFz, 0.0, -0.0823361060048415, -0.9966046185162709
Time, 0.174, Pos_X, 0.010358877490479992, Pos_Y, -0.030241790425330754, Pos_Z, -0.01616308351364516, BFx, 1.0, 0.0, 0.0,                             BFy, 0.0, -0.9963639801154076, 0.0851987037964027, BFz, 0.0, -0.08519870379640264, -0.9963639801154069
Time, 0.176, Pos_X, 0.010386238039303993, Pos_Y, -0.031176112761683614, Pos_Z, -0.016779089323722407, BFx, 1.0, 0.0, 0.0,                             BFy, 0.0, -0.9961016153416299, 0.08821321847546036, BFz, 0.0, -0.0882132184754603, -0.9961016153416292
Time, 0.178, Pos_X, 0.010422369027727993, Pos_Y, -0.03212125358506687, Pos_Z, -0.017410776732675732, BFx, 1.0, 0.0, 0.0,                             BFy, 0.0, -0.9958166988132506, 0.09137342263855133, BFz, 0.0, -0.09137342263855128, -0.99581669881325
Time, 0.18, Pos_X, 0.010467924650951992, Pos_Y, -0.03307711773874112, Pos_Z, -0.018057837193118927, BFx, 1.0, 0.0, 0.0,                             BFy, 0.0, -0.995508669782713, 0.09467041981240297, BFz, 0.0, -0.09467041981240291, -0.9955086697827124
Time, 0.182, Pos_X, 0.010523484384775992, Pos_Y, -0.034043621749872736, Pos_Z, -0.01871995930930244, BFx, 1.0, 0.0, 0.0,                             BFy, 0.0, -0.9951772141246457, 0.09809338656154426, BFz, 0.0, -0.09809338656154422, -0.9951772141246449
Time, 0.184, Pos_X, 0.010589556376599992, Pos_Y, -0.035020693777331184, Pos_Z, -0.019396827091531895, BFx, 1.0, 0.0, 0.0,                             BFy, 0.0, -0.9948223694369321, 0.10162899816435733, BFz, 0.0, -0.10162899816435729, -0.9948223694369315
Time, 0.186, Pos_X, 0.010666582665623993, Pos_Y, -0.03600827373538417, Pos_Z, -0.020088111099999077, BFx, 1.0, 0.0, 0.0,                             BFy, 0.0, -0.9944446061577199, 0.10526122402774932, BFz, 0.0, -0.10526122402774925, -0.9944446061577192
Time, 0.188, Pos_X, 0.010754943337247993, Pos_Y, -0.03700631298393386, Pos_Z, -0.02079345726487655, BFx, 1.0, 0.0, 0.0,                             BFy, 0.0, -0.9940447879891922, 0.10897228763096124, BFz, 0.0, -0.10897228763096119, -0.9940447879891914
Time, 0.19, Pos_X, 0.010854956971071993, Pos_Y, -0.03801477344036835, Pos_Z, -0.021512490297972357, BFx, 1.0, 0.0, 0.0,                             BFy, 0.0, -0.9936240451502711, 0.11274421004741188, BFz, 0.0, -0.11274421004741181, -0.9936240451502704
Time, 0.192, Pos_X, 0.010966887122095993, Pos_Y, -0.03903362416044674, Pos_Z, -0.022244831155820412, BFx, 1.0, 0.0, 0.0,                             BFy, 0.0, -0.9931836633341415, 0.11655990256592444, BFz, 0.0, -0.11655990256592436, -0.9931836633341408
Time, 0.194, Pos_X, 0.011090948848719993, Pos_Y, -0.040062839291032146, Pos_Z, -0.022990113215295302, BFx, 1.0, 0.0, 0.0,                             BFy, 0.0, -0.9927250644586508, 0.12040326571804719, BFz, 0.0, -0.12040326571804708, -0.9927250644586499
Time, 0.196, Pos_X, 0.011227300394143994, Pos_Y, -0.04110240541603629, Pos_Z, -0.023747970814837566, BFx, 1.0, 0.0, 0.0,                             BFy, 0.0, -0.9922497723764391, 0.1242593627011989, BFz, 0.0, -0.1242593627011988, -0.9922497723764383
Time, 0.198, Pos_X, 0.011376051938167995, Pos_Y, -0.04215232177240473, Pos_Z, -0.024518017992355784, BFx, 1.0, 0.0, 0.0,                             BFy, 0.0, -0.9917593865362797, 0.12811447700078787, BFz, 0.0, -0.1281144770007878, -0.9917593865362789
Time, 0.2, Pos_X, 0.011537293682591994, Pos_Y, -0.04321258471276438, Pos_Z, -0.02529986277823523, BFx, 1.0, 0.0, 0.0,                             BFy, 0.0, -0.9912555211062424, 0.13195640142257334, BFz, 0.0, -0.13195640142257328, -0.9912555211062415
Time, 0.202, Pos_X, 0.011711099111815995, Pos_Y, -0.04428318150019451, Pos_Z, -0.02609313525694375, BFx, 1.0, 0.0, 0.0,                             BFy, 0.0, -0.9907397291037161, 0.13577477370814664, BFz, 0.0, -0.13577477370814658, -0.9907397291037152
Time, 0.204, Pos_X, 0.011897517913839993, Pos_Y, -0.04536409611130811, Pos_Z, -0.026897492979661475, BFx, 1.0, 0.0, 0.0,                             BFy, 0.0, -0.9902134226168242, 0.13956137599449994, BFz, 0.0, -0.1395613759944999, -0.9902134226168232
Time, 0.206, Pos_X, 0.012096583594663993, Pos_Y, -0.04645531478748918, Pos_Z, -0.027712605604863653, BFx, 1.0, 0.0, 0.0,                             BFy, 0.0, -0.9896777877396695, 0.14331041990977972, BFz, 0.0, -0.14331041990977963, -0.9896777877396684
Time, 0.208, Pos_X, 0.012308320470087992, Pos_Y, -0.04755683381426063, Pos_Z, -0.028538135215239225, BFx, 1.0, 0.0, 0.0,                             BFy, 0.0, -0.9891337289715623, 0.14701859137815157, BFz, 0.0, -0.1470185913781515, -0.9891337289715612
Time, 0.21, Pos_X, 0.012532742082711993, Pos_Y, -0.04866866578515798, Pos_Z, -0.029373727457577405, BFx, 1.0, 0.0, 0.0,                             BFy, 0.0, -0.9885818376641616, 0.15068493700616828, BFz, 0.0, -0.1506849370061682, -0.9885818376641605
Time, 0.212, Pos_X, 0.012769849762935994, Pos_Y, -0.049790838416594804, Pos_Z, -0.03021901826238435, BFx, 1.0, 0.0, 0.0,                             BFy, 0.0, -0.988022371299408, 0.15431070543516606, BFz, 0.0, -0.15431070543516598, -0.9880223712994068
Time, 0.214, Pos_X, 0.013019632659959994, Pos_Y, -0.050923392658053776, Pos_Z, -0.03107364636361867, BFx, 1.0, 0.0, 0.0,                             BFy, 0.0, -0.9874552760268454, 0.1578989482129319, BFz, 0.0, -0.15789894821293182, -0.9874552760268441
Time, 0.216, Pos_X, 0.013282067931383994, Pos_Y, -0.052066385007305614, Pos_Z, -0.0319372607028431, BFx, 1.0, 0.0, 0.0,                             BFy, 0.0, -0.986880268646376, 0.16145381802998837, BFz, 0.0, -0.1614538180299883, -0.9868802686463748
Time, 0.218, Pos_X, 0.013557121730807994, Pos_Y, -0.053219891514119363, Pos_Z, -0.032809518685152306, BFx, 1.0, 0.0, 0.0,                             BFy, 0.0, -0.9862969447561096, 0.1649798071424723, BFz, 0.0, -0.16497980714247218, -0.9862969447561085
Time, 0.22, Pos_X, 0.013844748402431994, Pos_Y, -0.054384010849180216, Pos_Z, -0.03369007953783028, BFx, 1.0, 0.0, 0.0,                             BFy, 0.0, -0.9857048594590935, 0.1684812453620072, BFz, 0.0, -0.1684812453620071, -0.9857048594590924
Time, 0.222, Pos_X, 0.014144886695455995, Pos_Y, -0.055558865870926635, Pos_Z, -0.03457860037938098, BFx, 1.0, 0.0, 0.0,                             BFy, 0.0, -0.9851036418774644, 0.17196166654158976, BFz, 0.0, -0.17196166654158962, -0.9851036418774631
Time, 0.224, Pos_X, 0.014457455376479996, Pos_Y, -0.056744604311003595, Pos_Z, -0.03547473885700076, BFx, 1.0, 0.0, 0.0,                             BFy, 0.0, -0.9844930757938857, 0.1754234411756288, BFz, 0.0, -0.17542344117562858, -0.9844930757938845
Time, 0.226, Pos_X, 0.014782350399303996, Pos_Y, -0.05794139776597098, Pos_Z, -0.03637816120779031, BFx, 1.0, 0.0, 0.0,                             BFy, 0.0, -0.9838731521695713, 0.17886760589865483, BFz, 0.0, -0.17886760589865464, -0.9838731521695702
Time, 0.228, Pos_X, 0.015119442503927997, Pos_Y, -0.05914944147357228, Pos_Z, -0.037288549675579395, BFx, 1.0, 0.0, 0.0,                             BFy, 0.0, -0.983244109785153, 0.18229377546369205, BFz, 0.0, -0.18229377546369183, -0.9832441097851519
Time, 0.23, Pos_X, 0.015468573770551997, Pos_Y, -0.06036895538332409, Pos_Z, -0.03820560691278941, BFx, 1.0, 0.0, 0.0,                             BFy, 0.0, -0.9826064321753605, 0.1857002946890867, BFz, 0.0, -0.18570029468908647, -0.9826064321753594
Time, 0.232, Pos_X, 0.015829554976775996, Pos_Y, -0.06160018260823009, Pos_Z, -0.039129059440275005, BFx, 1.0, 0.0, 0.0,                             BFy, 0.0, -0.9819608245927858, 0.18908447573785914, BFz, 0.0, -0.1890844757378589, -0.9819608245927847
Time, 0.234, Pos_X, 0.016202163861999998, Pos_Y, -0.06284338566292211, Pos_Z, -0.04005866131152912, BFx, 1.0, 0.0, 0.0,                             BFy, 0.0, -0.9813081814705199, 0.19244285639905245, BFz, 0.0, -0.19244285639905223, -0.9813081814705187
Time, 0.236, Pos_X, 0.016586144040623994, Pos_Y, -0.06409884120344521, Pos_Z, -0.040994198176815766, BFx, 1.0, 0.0, 0.0,                             BFy, 0.0, -0.9806494980317969, 0.19577170891114543, BFz, 0.0, -0.1957717089111452, -0.9806494980317956
Time, 0.238, Pos_X, 0.016981205024447995, Pos_Y, -0.06536683339023053, Pos_Z, -0.04193549097495158, BFx, 1.0, 0.0, 0.0,                             BFy, 0.0, -0.9799858464833494, 0.1990671763308023, BFz, 0.0, -0.1990671763308021, -0.979985846483348
Time, 0.24, Pos_X, 0.017387023072271995, Pos_Y, -0.06664764676930747, Pos_Z, -0.04288239904762723, BFx, 1.0, 0.0, 0.0,                             BFy, 0.0, -0.9793184221444239, 0.2023250554146998, BFz, 0.0, -0.2023250554146996, -0.9793184221444226
Time, 0.242, Pos_X, 0.017803243184895994, Pos_Y, -0.06794155917972136, Pos_Z, -0.04383482310536047, BFx, 1.0, 0.0, 0.0,                             BFy, 0.0, -0.9786485332462045, 0.20554086789506798, BFz, 0.0, -0.20554086789506779, -0.9786485332462032
Time, 0.244, Pos_X, 0.018229482143519993, Pos_Y, -0.06924883428622737, Pos_Z, -0.04479270848274027, BFx, 1.0, 0.0, 0.0,                             BFy, 0.0, -0.977977563399318, 0.2087100512374482, BFz, 0.0, -0.208710051237448, -0.9779775633993166
Time, 0.246, Pos_X, 0.018665332292143993, Pos_Y, -0.07056971439048743, Pos_Z, -0.04575604823700899, BFx, 1.0, 0.0, 0.0,                             BFy, 0.0, -0.9773069793304077, 0.2118279210870925, BFz, 0.0, -0.21182792108709228, -0.9773069793304062
Time, 0.248, Pos_X, 0.019110365573967992, Pos_Y, -0.07190441402422586, Pos_Z, -0.04672488470236876, BFx, 1.0, 0.0, 0.0,                             BFy, 0.0, -0.9766383118394985, 0.21488975742761676, BFz, 0.0, -0.21488975742761654, -0.976638311839497
Time, 0.25, Pos_X, 0.019564137926191993, Pos_Y, -0.07325311376063168, Pos_Z, -0.04769931029460059, BFx, 1.0, 0.0, 0.0,                             BFy, 0.0, -0.9759731298057971, 0.21789091283732498, BFz, 0.0, -0.21789091283732476, -0.9759731298057955
Time, 0.252, Pos_X, 0.020026194351615994, Pos_Y, -0.07461595374847561, Pos_Z, -0.048679467617259206, BFx, 1.0, 0.0, 0.0,                             BFy, 0.0, -0.9753130248989849, 0.22082686309051733, BFz, 0.0, -0.2208268630905171, -0.9753130248989835
Time, 0.254, Pos_X, 0.020496073729639994, Pos_Y, -0.07599302806656652, Pos_Z, -0.04966554840094174, BFx, 1.0, 0.0, 0.0,                             BFy, 0.0, -0.9746595506942143, 0.22369345149234449, BFz, 0.0, -0.22369345149234426, -0.9746595506942132
Time, 0.256, Pos_X, 0.020973313055863994, Pos_Y, -0.0773843808177469, Pos_Z, -0.05065779216119102, BFx, 1.0, 0.0, 0.0,                             BFy, 0.0, -0.9740140772348218, 0.2264874772441161, BFz, 0.0, -0.2264874772441159, -0.9740140772348207
Time, 0.258, Pos_X, 0.021457452077487994, Pos_Y, -0.07879000332900007, Pos_Z, -0.05165648438540609, BFx, 1.0, 0.0, 0.0,                             BFy, 0.0, -0.9733778343784996, 0.2292064386980172, BFz, 0.0, -0.229206438698017, -0.9733778343784985
Time, 0.26, Pos_X, 0.021948037812511995, Pos_Y, -0.08020983311339301, Pos_Z, -0.05266195379089528, BFx, 1.0, 0.0, 0.0,                             BFy, 0.0, -0.9727518855373928, 0.2318485910749793, BFz, 0.0, -0.23184859107497907, -0.9727518855373918
Time, 0.262, Pos_X, 0.022444629118535994, Pos_Y, -0.08164375444594477, Pos_Z, -0.05367456829126713, BFx, 1.0, 0.0, 0.0,                             BFy, 0.0, -0.9721370327985451, 0.2344132877241528, BFz, 0.0, -0.23441328772415257, -0.972137032798544
Time, 0.264, Pos_X, 0.022946800325159996, Pos_Y, -0.0830916003770323, Pos_Z, -0.05469473095028033, BFx, 1.0, 0.0, 0.0,                             BFy, 0.0, -0.9715337357785939, 0.23690124576307123, BFz, 0.0, -0.23690124576307095, -0.9715337357785928
Time, 0.266, Pos_X, 0.023454143515383996, Pos_Y, -0.08455315620387525, Pos_Z, -0.05572287583000612, BFx, 1.0, 0.0, 0.0,                             BFy, 0.0, -0.9709420737527584, 0.23931462432684447, BFz, 0.0, -0.23931462432684417, -0.9709420737527573
Time, 0.268, Pos_X, 0.023966269827807998, Pos_Y, -0.08602816444741054, Pos_Z, -0.056759463535374616, BFx, 1.0, 0.0, 0.0,                             BFy, 0.0, -0.9703616940735761, 0.24165715936976773, BFz, 0.0, -0.24165715936976748, -0.970361694073575
Time, 0.27, Pos_X, 0.024482810152032, Pos_Y, -0.08751633059630258, Pos_Z, -0.05780497687504397, BFx, 1.0, 0.0, 0.0,                             BFy, 0.0, -0.9697917432439374, 0.24393436563118928, BFz, 0.0, -0.24393436563118906, -0.9697917432439362
Time, 0.272, Pos_X, 0.025003415633936, Pos_Y, -0.08901732910360863, Pos_Z, -0.058859916530613815, BFx, 1.0, 0.0, 0.0,                             BFy, 0.0, -0.9692307901599508, 0.24615376374519085, BFz, 0.0, -0.2461537637451906, -0.9692307901599495
Time, 0.274, Pos_X, 0.02552775650472, Pos_Y, -0.09053081140093437, Pos_Z, -0.059924797417087255, BFx, 1.0, 0.0, 0.0,                             BFy, 0.0, -0.9686767631366506, 0.24832504617759987, BFz, 0.0, -0.24832504617759962, -0.9686767631366493
Time, 0.276, Pos_X, 0.026055520207304003, Pos_Y, -0.09205641413705605, Pos_Z, -0.06100014582435031, BFx, 1.0, 0.0, 0.0,                             BFy, 0.0, -0.9681268905800918, 0.25046022385945554, BFz, 0.0, -0.25046022385945527, -0.9681268905800906
Time, 0.278, Pos_X, 0.026586408030688003, Pos_Y, -0.09359376706306977, Pos_Z, -0.062086496597886474, BFx, 1.0, 0.0, 0.0,                             BFy, 0.0, -0.9675777113483176, 0.2525734992075727, BFz, 0.0, -0.25257349920757244, -0.9675777113483164
Time, 0.28, Pos_X, 0.027120131250172003, Pos_Y, -0.09514250171095334, Pos_Z, -0.06318439009363792, BFx, 1.0, 0.0, 0.0,                             BFy, 0.0, -0.9670251470340082, 0.25468090820448397, BFz, 0.0, -0.25468090820448364, -0.967025147034007
Time, 0.282, Pos_X, 0.027656407935495987, Pos_Y, -0.09670226019544073, Pos_Z, -0.0642943688406568, BFx, 1.0, 0.0, 0.0,                             BFy, 0.0, -0.9664645791784159, 0.2567999555948033, BFz, 0.0, -0.25679995559480295, -0.9664645791784148
Time, 0.284, Pos_X, 0.028194959682159987, Pos_Y, -0.09827270351950632, Pos_Z, -0.06541697441071481, BFx, 1.0, 0.0, 0.0,                             BFy, 0.0, -0.9658909631178269, 0.2589491211943427, BFz, 0.0, -0.2589491211943425, -0.9658909631178259
Time, 0.286, Pos_X, 0.028735509008123987, Pos_Y, -0.09985351890447527, Pos_Z, -0.06655274403706277, BFx, 1.0, 0.0, 0.0,                             BFy, 0.0, -0.9652989841654771, 0.2611472212547997, BFz, 0.0, -0.2611472212547995, -0.9652989841654762
Time, 0.288, Pos_X, 0.029277777000647986, Pos_Y, -0.10144442588031526, Pos_Z, -0.06770220654786684, BFx, 1.0, 0.0, 0.0,                             BFy, 0.0, -0.9646832344498801, 0.2634127126228397, BFz, 0.0, -0.26341271262283944, -0.9646832344498792
Time, 0.29, Pos_X, 0.029821480766551986, Pos_Y, -0.10304518089429228, Pos_Z, -0.06886587990631704, BFx, 1.0, 0.0, 0.0,                             BFy, 0.0, -0.9640384115401353, 0.2657629415008378, BFz, 0.0, -0.26576294150083746, -0.9640384115401344
Time, 0.292, Pos_X, 0.030366331608115988, Pos_Y, -0.10465558026113889, Pos_Z, -0.07004427074497446, BFx, 1.0, 0.0, 0.0,                             BFy, 0.0, -0.9633594342053385, 0.26821372173618313, BFz, 0.0, -0.2682137217361828, -0.9633594342053377
Time, 0.294, Pos_X, 0.030912033198939988, Pos_Y, -0.10627546156620787, Pos_Z, -0.07123787457015203, BFx, 1.0, 0.0, 0.0,                             BFy, 0.0, -0.9626414654379069, 0.2707792625360445, BFz, 0.0, -0.27077926253604423, -0.962641465437906
Time, 0.296, Pos_X, 0.03145828047266399, Pos_Y, -0.10790470408766632, Pos_Z, -0.07244717587764672, BFx, 1.0, 0.0, 0.0,                             BFy, 0.0, -0.9618799762279977, 0.2734719571210764, BFz, 0.0, -0.2734719571210761, -0.9618799762279966
Time, 0.298, Pos_X, 0.03200476034230199, Pos_Y, -0.1095432281763285, Pos_Z, -0.07367264770296009, BFx, 1.0, 0.0, 0.0,                             BFy, 0.0, -0.9610708230743247, 0.27630214084448446, BFz, 0.0, -0.2763021408444841, -0.9610708230743236
Time, 0.3, Pos_X, 0.03255115247771399, Pos_Y, -0.11119099286277113, Pos_Z, -0.07491475115350059, BFx, 1.0, 0.0, 0.0,                             BFy, 0.0, -0.9602102452891377, 0.2792781495960245, BFz, 0.0, -0.27927814959602415, -0.9602102452891366
Time, 0.302, Pos_X, 0.03309713018632599, Pos_Y, -0.11284799230408443, Pos_Z, -0.07617393598684212, BFx, 1.0, 0.0, 0.0,                             BFy, 0.0, -0.9592949250542141, 0.28240617338371854, BFz, 0.0, -0.2824061733837182, -0.959294925054213
Time, 0.304, Pos_X, 0.033642362553157994, Pos_Y, -0.11451425175483511, Pos_Z, -0.07745064171464261, BFx, 1.0, 0.0, 0.0,                             BFy, 0.0, -0.9583219720497543, 0.28569038815941145, BFz, 0.0, -0.28569038815941106, -0.9583219720497532
Time, 0.306, Pos_X, 0.034186517278489995, Pos_Y, -0.11618982305489149, Pos_Z, -0.0787452984524982, BFx, 1.0, 0.0, 0.0,                             BFy, 0.0, -0.9572889393451351, 0.28913299121247227, BFz, 0.0, -0.2891329912124719, -0.957288939345134
Time, 0.308, Pos_X, 0.034729263843862, Pos_Y, -0.11787477966246157, Pos_Z, -0.08005832722291839, BFx, 1.0, 0.0, 0.0,                             BFy, 0.0, -0.9561939759961302, 0.29273380445161734, BFz, 0.0, -0.292733804451617, -0.9561939759961291
Time, 0.31, Pos_X, 0.035270277021294, Pos_Y, -0.11956921124464678, Pos_Z, -0.08139013939242092, BFx, 1.0, 0.0, 0.0,                             BFy, 0.0, -0.9550358929203161, 0.2964902076526311, BFz, 0.0, -0.29649020765263073, -0.9550358929203151
Time, 0.312, Pos_X, 0.035809240055986, Pos_Y, -0.12127321797280059, Pos_Z, -0.08274113605770658, BFx, 1.0, 0.0, 0.0,                             BFy, 0.0, -0.9538140357376603, 0.30039771175866686, BFz, 0.0, -0.30039771175866636, -0.9538140357376593
