Time, 0, Pos_X, 0.0, Pos_Y, 0.0, Pos_Z, 0.0, BFx, 1, 0, 0,                         BFy, 0, -1, 0, BFz, 0, 0, -1
Time, 0.0, Pos_X, 0.0, Pos_Y, 0.0, Pos_Z, 0.0, BFx, 1.0, 0.0, 0.0,                             BFy, 0.0, -1.0, 0.0, BFz, 0.0, 0.0, -1.0
Time, 0.002, Pos_X, -1.7322929e-06, Pos_Y, -1.5148212228505636e-06, Pos_Z, -7.306076730822644e-06, BFx, 1.0, 0.0, 0.0,                             BFy, 0.0, -0.9999993866589636, -0.0011075566335633001, BFz, 0.0, 0.0011075566335633001, -0.9999993866589637
Time, 0.004, Pos_X, -6.9022025e-06, Pos_Y, -5.617384921651515e-06, Pos_Z, -2.8913592607223766e-05, BFx, 1.0, 0.0, 0.0,                             BFy, 0.0, -0.9999977361117863, -0.002127856034255814, BFz, 0.0, 0.002127856034255814, -0.9999977361117862
Time, 0.006, Pos_X, -1.54425629e-05, Pos_Y, -1.1416562313625534e-05, Pos_Z, -6.420644261886917e-05, BFx, 1.0, 0.0, 0.0,                             BFy, 0.0, -0.999995381367782, -0.003039283320880734, BFz, 0.0, 0.0030392833208807337, -0.9999953813677819
Time, 0.008, Pos_X, -2.725982438e-05, Pos_Y, -1.8008858373778223e-05, Pos_Z, -0.00011258346176918408, BFx, 1.0, 0.0, 0.0,                             BFy, 0.0, -0.9999927188562244, -0.003816049598237766, BFz, 0.0, 0.0038160495982377655, -0.9999927188562244
Time, 0.01, Pos_X, -4.223512654e-05, Pos_Y, -2.4484038030266326e-05, Pos_Z, -0.0001734659841414966, BFx, 1.0, 0.0, 0.0,                             BFy, 0.0, -0.9999901924060068, -0.004428892841015591, BFz, 0.0, 0.00442889284101559, -0.9999901924060068
Time, 0.012, Pos_X, -6.02257379e-05, Pos_Y, -2.993098346945505e-05, Pos_Z, -0.00024630336983427314, BFx, 1.0, 0.0, 0.0,                             BFy, 0.0, -0.9999882551489367, -0.004846603365699296, BFz, 0.0, 0.004846603365699296, -0.999988255148937
Time, 0.014, Pos_X, -8.106629846e-05, Pos_Y, -3.344359572403649e-05, Pos_Z, -0.0003305766950533205, BFx, 1.0, 0.0, 0.0,                             BFy, 0.0, -0.9999873079204786, -0.0050382534625872544, BFz, 0.0, 0.0050382534625872544, -0.9999873079204789
Time, 0.016, Pos_X, -0.00010457088942000001, Pos_Y, -3.4127709167498305e-05, Pos_Z, -0.00042580117930267434, BFx, 1.0, 0.0, 0.0,                             BFy, 0.0, -0.9999876194809721, -0.004976031026616036, BFz, 0.0, 0.004976031026616036, -0.9999876194809723
Time, 0.018, Pos_X, -0.00013053536618, Pos_Y, -3.110805118023704e-05, Pos_Z, -0.0005315277194352531, BFx, 1.0, 0.0, 0.0,                             BFy, 0.0, -0.9999892445145051, -0.004637979658020819, BFz, 0.0, 0.004637979658020818, -0.9999892445145053
Time, 0.02, Pos_X, -0.00015874119214, Pos_Y, -2.353560730843083e-05, Pos_Z, -0.0006473419609145038, BFx, 1.0, 0.0, 0.0,                             BFy, 0.0, -0.9999919592849715, -0.0040101577777867945, BFz, 0.0, 0.0040101577777867945, -0.9999919592849718
Time, 0.022, Pos_X, -0.0001889589285, Pos_Y, -1.0595351156828295e-05, Pos_Z, -0.0007728605405856239, BFx, 1.0, 0.0, 0.0,                             BFy, 0.0, -0.9999952330838129, -0.0030876867797426165, BFz, 0.0, 0.0030876867797426156, -0.9999952330838131
Time, 0.024, Pos_X, -0.00022094996646000004, Pos_Y, 8.486270275212343e-06, Pos_Z, -0.0009077290332801362, BFx, 1.0, 0.0, 0.0,                             BFy, 0.0, -0.9999982431608808, -0.0018744799682793175, BFz, 0.0, 0.001874479968279317, -0.9999982431608809
Time, 0.026, Pos_X, -0.00025447224608, Pos_Y, 3.4433101014042536e-05, Pos_Z, -0.0010516213209801541, BFx, 1.0, 0.0, 0.0,                             BFy, 0.0, -0.99999992725225, -0.00038143871675039943, BFz, 0.0, 0.00038143871675039894, -0.9999999272522501
Time, 0.028, Pos_X, -0.00028928644956000005, Pos_Y, 6.791228110536866e-05, Pos_Z, -0.0012042362078010156, BFx, 1.0, 0.0, 0.0,                             BFy, 0.0, -0.9999990475976198, 0.0013801463158482866, BFz, 0.0, -0.0013801463158482873, -0.9999990475976198
Time, 0.03, Pos_X, -0.00032515865764, Pos_Y, 0.00010952866378977668, Pos_Z, -0.0013652940853945495, BFx, 1.0, 0.0, 0.0,                             BFy, 0.0, -0.9999942425597038, 0.0033933534216417567, BFz, 0.0, -0.0033933534216417567, -0.9999942425597038
Time, 0.032, Pos_X, -0.00036186536292000005, Pos_Y, 0.00015981877641847183, Pos_Z, -0.0015345359909651785, BFx, 1.0, 0.0, 0.0,                             BFy, 0.0, -0.9999840883905847, 0.005641184773699981, BFz, 0.0, -0.00564118477369998, -0.9999840883905847
Time, 0.034, Pos_X, -0.0003992001936400001, Pos_Y, 0.00021924639957268704, Pos_Z, -0.00171172205041767, BFx, 1.0, 0.0, 0.0,                             BFy, 0.0, -0.9999671224236178, 0.008108888445964876, BFz, 0.0, -0.008108888445964874, -0.9999671224236178
Time, 0.036, Pos_X, -0.0004369781629, Pos_Y, 0.00028820089268675455, Pos_Z, -0.001896628076110841, BFx, 1.0, 0.0, 0.0,                             BFy, 0.0, -0.9999418374220176, 0.010785257209680661, BFz, 0.0, -0.010785257209680661, -0.9999418374220176
Time, 0.038, Pos_X, -0.00047503868380600005, Pos_Y, 0.00036699692227058745, Pos_Z, -0.0020890418146075665, BFx, 1.0, 0.0, 0.0,                             BFy, 0.0, -0.9999066579053065, 0.013662923429496302, BFz, 0.0, -0.013662923429496304, -0.9999066579053064
Time, 0.04, Pos_X, -0.000513248193496, Pos_Y, 0.00045587561270147247, Pos_Z, -0.0022887593356741517, BFx, 1.0, 0.0, 0.0,                             BFy, 0.0, -0.9998599196120689, 0.01673741776221564, BFz, 0.0, -0.016737417762215642, -0.9998599196120689
Time, 0.042, Pos_X, -0.0005515004940468001, Pos_Y, 0.000555008217966521, Pos_Z, -0.0024955812149801324, BFx, 1.0, 0.0, 0.0,                             BFy, 0.0, -0.9997998843525572, 0.02000478064396508, BFz, 0.0, -0.020004780643965086, -0.9997998843525572
Time, 0.044, Pos_X, -0.0005897151369804, Pos_Y, 0.0006645015115755617, Pos_Z, -0.002709309440364435, BFx, 1.0, 0.0, 0.0,                             BFy, 0.0, -0.999724810954465, 0.023458524294136553, BFz, 0.0, -0.023458524294136557, -0.9997248109544651
Time, 0.046, Pos_X, -0.000627834784058, Pos_Y, 0.0007844043200029327, Pos_Z, -0.0029297453903768234, BFx, 1.0, 0.0, 0.0,                             BFy, 0.0, -0.9996330654528898, 0.027087533170405905, BFz, 0.0, -0.02708753317040591, -0.99963306545289
Time, 0.048, Pos_X, -0.0006658219494096, Pos_Y, 0.0009147148982145502, Pos_Z, -0.0031566878330013095, BFx, 1.0, 0.0, 0.0,                             BFy, 0.0, -0.9995232356620972, 0.03087557888641374, BFz, 0.0, -0.030875578886413745, -0.9995232356620974
Time, 0.05, Pos_X, -0.0007036552176232, Pos_Y, 0.0010553887223995482, Pos_Z, -0.0033899304767672214, BFx, 1.0, 0.0, 0.0,                             BFy, 0.0, -0.9993942289798802, 0.03480194077505347, BFz, 0.0, -0.034801940775053476, -0.9993942289798804
Time, 0.052, Pos_X, -0.0007413249254488, Pos_Y, 0.0012063464814101815, Pos_Z, -0.0036292598453371355, BFx, 1.0, 0.0, 0.0,                             BFy, 0.0, -0.9992453475741251, 0.03884244265574913, BFz, 0.0, -0.03884244265574913, -0.9992453475741254
Time, 0.054, Pos_X, -0.0007788276786704, Pos_Y, 0.001367482419246428, Pos_Z, -0.003874453630583803, BFx, 1.0, 0.0, 0.0,                             BFy, 0.0, -0.9990763479662184, 0.04297034948057743, BFz, 0.0, -0.04297034948057744, -0.9990763479662187
Time, 0.056, Pos_X, -0.000816162280096, Pos_Y, 0.0015386857352861839, Pos_Z, -0.0041252711518320224, BFx, 1.0, 0.0, 0.0,                             BFy, 0.0, -0.9988874836905116, 0.04715713017600746, BFz, 0.0, -0.047157130176007464, -0.998887483690512
Time, 0.058, Pos_X, -0.0008533235493376001, Pos_Y, 0.0017198454868576328, Pos_Z, -0.004381447321761633, BFx, 1.0, 0.0, 0.0,                             BFy, 0.0, -0.9986795282518313, 0.05137314328225642, BFz, 0.0, -0.05137314328225643, -0.9986795282518315
Time, 0.06, Pos_X, -0.0008902906781752, Pos_Y, 0.0019108439999141011, Pos_Z, -0.0046427012172326155, BFx, 1.0, 0.0, 0.0,                             BFy, 0.0, -0.9984537303007426, 0.055589103685266816, BFz, 0.0, -0.05558910368526682, -0.9984537303007427
Time, 0.062, Pos_X, -0.0009270220465928, Pos_Y, 0.0021115639395269475, Pos_Z, -0.004908748664660128, BFx, 1.0, 0.0, 0.0,                             BFy, 0.0, -0.9982116799765858, 0.05977827329658658, BFz, 0.0, -0.05977827329658659, -0.998211679976586
Time, 0.064, Pos_X, -0.0009634559884824001, Pos_Y, 0.0023218930701283396, Pos_Z, -0.005179313485604551, BFx, 1.0, 0.0, 0.0,                             BFy, 0.0, -0.9979551212859249, 0.06391850983239637, BFz, 0.0, -0.06391850983239637, -0.9979551212859251
Time, 0.066, Pos_X, -0.0009995064415020002, Pos_Y, 0.002541731883939075, Pos_Z, -0.005454132200453597, BFx, 1.0, 0.0, 0.0,                             BFy, 0.0, -0.9976857500744243, 0.06799370631486994, BFz, 0.0, -0.06799370631486994, -0.9976857500744244
Time, 0.068, Pos_X, -0.0010350503834516001, Pos_Y, 0.002771003724080896, Pos_Z, -0.005732949949889166, BFx, 1.0, 0.0, 0.0,                             BFy, 0.0, -0.9974049990089429, 0.07199491615364435, BFz, 0.0, -0.07199491615364433, -0.9974049990089429
Time, 0.07, Pos_X, -0.0010699146342212002, Pos_Y, 0.0030096648983232877, Pos_Z, -0.006015511340551285, BFx, 1.0, 0.0, 0.0,                             BFy, 0.0, -0.9971138570585166, 0.07592072221658455, BFz, 0.0, -0.07592072221658455, -0.9971138570585166
Time, 0.072, Pos_X, -0.0011038723032508, Pos_Y, 0.0032577105312413604, Pos_Z, -0.006301551608763133, BFx, 1.0, 0.0, 0.0,                             BFy, 0.0, -0.9968127641427255, 0.07977664596947603, BFz, 0.0, -0.07977664596947602, -0.9968127641427253
Time, 0.074, Pos_X, -0.0011366483022004, Pos_Y, 0.0035151750674769617, Pos_Z, -0.006590790431462266, BFx, 1.0, 0.0, 0.0,                             BFy, 0.0, -0.9965015741993768, 0.08357399486780459, BFz, 0.0, -0.08357399486780459, -0.9965015741993766
Time, 0.076, Pos_X, -0.00116792609751, Pos_Y, 0.0037821293060127333, Pos_Z, -0.006882930608112185, BFx, 1.0, 0.0, 0.0,                             BFy, 0.0, -0.9961795971756428, 0.08732817512677957, BFz, 0.0, -0.08732817512677955, -0.9961795971756426
Time, 0.078, Pos_X, -0.0011973514184196001, Pos_Y, 0.004058676217352622, Pos_Z, -0.007177662145899688, BFx, 1.0, 0.0, 0.0,                             BFy, 0.0, -0.9958456921034748, 0.09105689166093064, BFz, 0.0, -0.0910568916609306, -0.9958456921034746
Time, 0.08, Pos_X, -0.0012245327700492002, Pos_Y, 0.004344946383020636, Pos_Z, -0.007474667025777334, BFx, 1.0, 0.0, 0.0,                             BFy, 0.0, -0.9954984015385145, 0.09477833367527486, BFz, 0.0, -0.0947783336752748, -0.9954984015385143
Time, 0.082, Pos_X, -0.0012490411283988003, Pos_Y, 0.004641092075437084, Pos_Z, -0.0077736195514568245, BFx, 1.0, 0.0, 0.0,                             BFy, 0.0, -0.9951360767915588, 0.09850984046228341, BFz, 0.0, -0.09850984046228337, -0.9951360767915585
Time, 0.084, Pos_X, -0.0012704108993484003, Pos_Y, 0.004947282376278184, Pos_Z, -0.008074184541453621, BFx, 1.0, 0.0, 0.0,                             BFy, 0.0, -0.994756976840115, 0.10226708672840229, BFz, 0.0, -0.10226708672840222, -0.9947569768401147
Time, 0.086, Pos_X, -0.0012881408216380002, Pos_Y, 0.005263702787752047, Pos_Z, -0.008376019805817588, BFx, 1.0, 0.0, 0.0,                             BFy, 0.0, -0.9943593595546362, 0.10606349073122652, BFz, 0.0, -0.10606349073122645, -0.994359359554636
Time, 0.088, Pos_X, -0.0013016947978676003, Pos_Y, 0.0055905575788386345, Pos_Z, -0.008678781245043067, BFx, 1.0, 0.0, 0.0,                             BFy, 0.0, -0.9939415232543158, 0.10991018310825057, BFz, 0.0, -0.1099101831082505, -0.9939415232543158
Time, 0.09, Pos_X, -0.0013105043510972002, Pos_Y, 0.005928071620521354, Pos_Z, -0.008982126170601566, BFx, 1.0, 0.0, 0.0,                             BFy, 0.0, -0.9935018782285314, 0.11381571928507687, BFz, 0.0, -0.11381571928507679, -0.9935018782285313
Time, 0.092, Pos_X, -0.0013139745017268002, Pos_Y, 0.006276489646798148, Pos_Z, -0.009285717347897038, BFx, 1.0, 0.0, 0.0,                             BFy, 0.0, -0.9930390019700112, 0.11778599478037878, BFz, 0.0, -0.11778599478037868, -0.993039001970011
Time, 0.094, Pos_X, -0.0013114896799564, Pos_Y, 0.006636073951641114, Pos_Z, -0.00958922869418312, BFx, 1.0, 0.0, 0.0,                             BFy, 0.0, -0.9925517855635122, 0.12182345001962269, BFz, 0.0, -0.12182345001962258, -0.992551785563512
Time, 0.096, Pos_X, -0.001302418040786, Pos_Y, 0.0070071002139883475, Pos_Z, -0.009892348441784124, BFx, 1.0, 0.0, 0.0,                             BFy, 0.0, -0.9920395222487374, 0.12592690854816116, BFz, 0.0, -0.12592690854816105, -0.9920395222487373
Time, 0.098, Pos_X, -0.0012861157206156, Pos_Y, 0.0073898514070320455, Pos_Z, -0.010194779427807592, BFx, 1.0, 0.0, 0.0,                             BFy, 0.0, -0.9915019455637579, 0.13009185963496256, BFz, 0.0, -0.13009185963496242, -0.9915019455637578
Time, 0.1, Pos_X, -0.0012619312486452, Pos_Y, 0.007784612548521014, Pos_Z, -0.010496240462542746, BFx, 1.0, 0.0, 0.0,                             BFy, 0.0, -0.9909393158586659, 0.13431035807248523, BFz, 0.0, -0.13431035807248506, -0.9909393158586657
Time, 0.102, Pos_X, -0.0012292108488748002, Pos_Y, 0.008191667154685264, Pos_Z, -0.01079647027230077, BFx, 1.0, 0.0, 0.0,                             BFy, 0.0, -0.9903524800102316, 0.13857115622518212, BFz, 0.0, -0.13857115622518193, -0.9903524800102314
Time, 0.104, Pos_X, -0.0011873034771044003, Pos_Y, 0.008611295794636768, Pos_Z, -0.01109523168145376, BFx, 1.0, 0.0, 0.0,                             BFy, 0.0, -0.9897429682380053, 0.14285957028992766, BFz, 0.0, -0.1428595702899275, -0.9897429682380049
Time, 0.106, Pos_X, -0.0011355651473340003, Pos_Y, 0.009043776805173192, Pos_Z, -0.011392314549575696, BFx, 1.0, 0.0, 0.0,                             BFy, 0.0, -0.9891130134978477, 0.1471578965914037, BFz, 0.0, -0.14715789659140358, -0.9891130134978473
Time, 0.108, Pos_X, -0.0010733626015636002, Pos_Y, 0.009489387703670839, Pos_Z, -0.011687538000347279, BFx, 1.0, 0.0, 0.0,                             BFy, 0.0, -0.9884655263616599, 0.15144604053776503, BFz, 0.0, -0.15144604053776492, -0.9884655263616594
Time, 0.11, Pos_X, -0.0010000762873932, Pos_Y, 0.009948406900178468, Pos_Z, -0.011980751829421621, BFx, 1.0, 0.0, 0.0,                             BFy, 0.0, -0.9878040080096894, 0.15570241411099942, BFz, 0.0, -0.1557024141109993, -0.9878040080096889
Time, 0.112, Pos_X, -0.0009151032968228, Pos_Y, 0.010421115645977053, Pos_Z, -0.012271837222731117, BFx, 1.0, 0.0, 0.0,                             BFy, 0.0, -0.9871322667992829, 0.15990587182373497, BFz, 0.0, -0.15990587182373486, -0.9871322667992826
Time, 0.114, Pos_X, -0.0008178595996523999, Pos_Y, 0.010907800176282637, Pos_Z, -0.012560705714885342, BFx, 1.0, 0.0, 0.0,                             BFy, 0.0, -0.9864539306796416, 0.16403854012604607, BFz, 0.0, -0.164038540126046, -0.9864539306796413
Time, 0.116, Pos_X, -0.0007077820558819998, Pos_Y, 0.011408754198661561, Pos_Z, -0.012847296172592287, BFx, 1.0, 0.0, 0.0,                             BFy, 0.0, -0.9857718779763012, 0.16808868073453448, BFz, 0.0, -0.16808868073453437, -0.9857718779763008
Time, 0.118, Pos_X, -0.0005843311047116005, Pos_Y, 0.011924279512343115, Pos_Z, -0.013131570822196991, BFx, 1.0, 0.0, 0.0,                             BFy, 0.0, -0.985087659933352, 0.17205319598028967, BFz, 0.0, -0.17205319598028954, -0.9850876599333518
Time, 0.12, Pos_X, -0.0004469939125412004, Pos_Y, 0.012454685205928639, Pos_Z, -0.013413511570966792, BFx, 1.0, 0.0, 0.0,                             BFy, 0.0, -0.9844011289349309, 0.17593867497407292, BFz, 0.0, -0.17593867497407273, -0.9844011289349308
Time, 0.122, Pos_X, -0.0002952876861708003, Pos_Y, 0.013000287027232705, Pos_Z, -0.013693117643015142, BFx, 1.0, 0.0, 0.0,                             BFy, 0.0, -0.9837104999199867, 0.17975998538932, BFz, 0.0, -0.1797599853893198, -0.9837104999199866
Time, 0.124, Pos_X, -0.00012876188720040016, Pos_Y, 0.01356140727075253, Pos_Z, -0.01397040334143518, BFx, 1.0, 0.0, 0.0,                             BFy, 0.0, -0.9830126618311694, 0.18353775273659062, BFz, 0.0, -0.1835377527365904, -0.9830126618311693
Time, 0.126, Pos_X, 5.300025536999998e-05, Pos_Y, 0.01413837468254813, Pos_Z, -0.014245394724507027, BFx, 1.0, 0.0, 0.0,                             BFy, 0.0, -0.9823036907549946, 0.18729511240049723, BFz, 0.0, -0.18729511240049704, -0.9823036907549945
Time, 0.128, Pos_X, 0.00025037969034040014, Pos_Y, 0.014731522720074355, Pos_Z, -0.014518125694364746, BFx, 1.0, 0.0, 0.0,                             BFy, 0.0, -0.9815794470396615, 0.19105441410580123, BFz, 0.0, -0.19105441410580104, -0.9815794470396615
Time, 0.13, Pos_X, 0.00046371947011080035, Pos_Y, 0.015341187296617528, Pos_Z, -0.014788635439529532, BFx, 1.0, 0.0, 0.0,                             BFy, 0.0, -0.9808361468851404, 0.19483442448271185, BFz, 0.0, -0.1948344244827117, -0.9808361468851404
Time, 0.132, Pos_X, 0.0006933225738812006, Pos_Y, 0.015967705261520842, Pos_Z, -0.01505696828614793, BFx, 1.0, 0.0, 0.0,                             BFy, 0.0, -0.9800708293284253, 0.19864835639765865, BFz, 0.0, -0.19864835639765854, -0.9800708293284253
Time, 0.134, Pos_X, 0.000939449118251601, Pos_Y, 0.016611412035060738, Pos_Z, -0.015323171679339779, BFx, 1.0, 0.0, 0.0,                             BFy, 0.0, -0.9792816272498962, 0.20250307289222566, BFz, 0.0, -0.20250307289222552, -0.9792816272498961
Time, 0.136, Pos_X, 0.0012023166052220014, Pos_Y, 0.017272639290296727, Pos_Z, -0.01558729153738072, BFx, 1.0, 0.0, 0.0,                             BFy, 0.0, -0.9784678100396841, 0.20639947847837084, BFz, 0.0, -0.20639947847837067, -0.978467810039684
Time, 0.138, Pos_X, 0.0014821002901924017, Pos_Y, 0.017951712444466004, Pos_Z, -0.015849369511794668, BFx, 1.0, 0.0, 0.0,                             BFy, 0.0, -0.9776296399059816, 0.21033375187377693, BFz, 0.0, -0.21033375187377673, -0.9776296399059814
Time, 0.14, Pos_X, 0.001778930472162802, Pos_Y, 0.018648947037945868, Pos_Z, -0.0161094396990699, BFx, 1.0, 0.0, 0.0,                             BFy, 0.0, -0.9767680928408041, 0.21429907327876546, BFz, 0.0, -0.21429907327876527, -0.9767680928408037
Time, 0.142, Pos_X, 0.002092892708533198, Pos_Y, 0.01936464587301924, Pos_Z, -0.0163675237035627, BFx, 1.0, 0.0, 0.0,                             BFy, 0.0, -0.9758845576786537, 0.21828726505304366, BFz, 0.0, -0.21828726505304344, -0.9758845576786531
Time, 0.144, Pos_X, 0.0024240294043035983, Pos_Y, 0.02009909566589756, Pos_Z, -0.01662362787483699, BFx, 1.0, 0.0, 0.0,                             BFy, 0.0, -0.9749804776097347, 0.22229050425039082, BFz, 0.0, -0.22229050425039062, -0.9749804776097342
Time, 0.146, Pos_X, 0.0027723397020739983, Pos_Y, 0.020852563272996113, Pos_Z, -0.01687774291960899, BFx, 1.0, 0.0, 0.0,                             BFy, 0.0, -0.9740572367624519, 0.22630178857158, BFz, 0.0, -0.22630178857157981, -0.9740572367624513
Time, 0.148, Pos_X, 0.0031377799938443985, Pos_Y, 0.021625292919860373, Pos_Z, -0.01712984394152596, BFx, 1.0, 0.0, 0.0,                             BFy, 0.0, -0.973116149999468, 0.2303149118277247, BFz, 0.0, -0.2303149118277245, -0.9731161499994674
Time, 0.15, Pos_X, 0.0035202650306147987, Pos_Y, 0.022417503332303915, Pos_Z, -0.017379891302332705, BFx, 1.0, 0.0, 0.0,                             BFy, 0.0, -0.9721586887584898, 0.23432345992532114, BFz, 0.0, -0.23432345992532094, -0.9721586887584891
Time, 0.152, Pos_X, 0.003919668586385199, Pos_Y, 0.02322938447831252, Pos_Z, -0.017627832034571984, BFx, 1.0, 0.0, 0.0,                             BFy, 0.0, -0.971186886526748, 0.23831917975371053, BFz, 0.0, -0.23831917975371034, -0.9711868865267473
Time, 0.154, Pos_X, 0.0043358238053556, Pos_Y, 0.02406109520916309, Pos_Z, -0.017873601788996246, BFx, 1.0, 0.0, 0.0,                             BFy, 0.0, -0.9702036149491368, 0.242291034790036, BFz, 0.0, -0.24229103479003583, -0.9702036149491364
Time, 0.156, Pos_X, 0.004768524245526, Pos_Y, 0.024912762892523692, Pos_Z, -0.018117130262878117, BFx, 1.0, 0.0, 0.0,                             BFy, 0.0, -0.9692128149190248, 0.2462245304528763, BFz, 0.0, -0.24622453045287615, -0.9692128149190244
Time, 0.158, Pos_X, 0.005217528457696401, Pos_Y, 0.02578448377917447, Pos_Z, -0.018358348769563545, BFx, 1.0, 0.0, 0.0,                             BFy, 0.0, -0.9682195629490392, 0.25010173514546163, BFz, 0.0, -0.2501017351454615, -0.9682195629490389
Time, 0.16, Pos_X, 0.005682565127866801, Pos_Y, 0.026676320560938948, Pos_Z, -0.018597195139117704, BFx, 1.0, 0.0, 0.0,                             BFy, 0.0, -0.9672300309412893, 0.2539016881497871, BFz, 0.0, -0.253901688149787, -0.967230030941289
Time, 0.162, Pos_X, 0.006163335813437201, Pos_Y, 0.02758829972315651, Pos_Z, -0.0188336163018473, BFx, 1.0, 0.0, 0.0,                             BFy, 0.0, -0.9662512596570575, 0.2576014425641845, BFz, 0.0, -0.2576014425641844, -0.9662512596570573
Time, 0.164, Pos_X, 0.006659518577207602, Pos_Y, 0.02852041350820372, Pos_Z, -0.019067568893105305, BFx, 1.0, 0.0, 0.0,                             BFy, 0.0, -0.9652907884502481, 0.2611775138351258, BFz, 0.0, -0.2611775138351257, -0.9652907884502477
Time, 0.166, Pos_X, 0.007170773684778002, Pos_Y, 0.029472624415143877, Pos_Z, -0.01929901765288574, BFx, 1.0, 0.0, 0.0,                             BFy, 0.0, -0.9643563796878843, 0.2646068271138824, BFz, 0.0, -0.2646068271138823, -0.9643563796878839
Time, 0.168, Pos_X, 0.007696749723948402, Pos_Y, 0.03044486953757703, Pos_Z, -0.01952793756867439, BFx, 1.0, 0.0, 0.0,                             BFy, 0.0, -0.9634557760638278, 0.26786744402641866, BFz, 0.0, -0.26786744402641854, -0.9634557760638275
Time, 0.17, Pos_X, 0.008237085798518803, Pos_Y, 0.03143706297496236, Pos_Z, -0.01975432220266103, BFx, 1.0, 0.0, 0.0,                             BFy, 0.0, -0.9625963953559004, 0.2709394390778619, BFz, 0.0, -0.2709394390778618, -0.9625963953559
Time, 0.172, Pos_X, 0.008791415025889196, Pos_Y, 0.03244909873293773, Pos_Z, -0.0199781920398208, BFx, 1.0, 0.0, 0.0,                             BFy, 0.0, -0.9617850141254369, 0.27380574611160474, BFz, 0.0, -0.2738057461116046, -0.9617850141254366
Time, 0.174, Pos_X, 0.009359372068659597, Pos_Y, 0.03348085429092791, Pos_Z, -0.02019959961733198, BFx, 1.0, 0.0, 0.0,                             BFy, 0.0, -0.9610273841482817, 0.27645319118633843, BFz, 0.0, -0.2764531911863382, -0.9610273841482816
Time, 0.176, Pos_X, 0.009940599018429997, Pos_Y, 0.03453219248853401, Pos_Z, -0.020418632271844064, BFx, 1.0, 0.0, 0.0,                             BFy, 0.0, -0.9603278840604131, 0.27887336749150005, BFz, 0.0, -0.27887336749149977, -0.9603278840604129
Time, 0.178, Pos_X, 0.010534746986800398, Pos_Y, 0.03560296097055493, Pos_Z, -0.02063541416031957, BFx, 1.0, 0.0, 0.0,                             BFy, 0.0, -0.9596894356626693, 0.28106260348446765, BFz, 0.0, -0.2810626034844674, -0.9596894356626691
Time, 0.18, Pos_X, 0.011141474691370798, Pos_Y, 0.036692991378029054, Pos_Z, -0.02085011243428036, BFx, 1.0, 0.0, 0.0,                             BFy, 0.0, -0.9591136528408543, 0.28302120226985256, BFz, 0.0, -0.2830212022698524, -0.9591136528408544
Time, 0.182, Pos_X, 0.011760453248141197, Pos_Y, 0.03780210281805642, Pos_Z, -0.0210629451844065, BFx, 1.0, 0.0, 0.0,                             BFy, 0.0, -0.9586010792207312, 0.28475247306537804, BFz, 0.0, -0.2847524730653779, -0.9586010792207313
Time, 0.184, Pos_X, 0.012391377147111598, Pos_Y, 0.03893010650618778, Pos_Z, -0.02127418196710882, BFx, 1.0, 0.0, 0.0,                             BFy, 0.0, -0.9581513279713146, 0.2862621747748126, BFz, 0.0, -0.2862621747748124, -0.9581513279713147
Time, 0.186, Pos_X, 0.013033973237681998, Pos_Y, 0.040076807685861325, Pos_Z, -0.021484134668365, BFx, 1.0, 0.0, 0.0,                             BFy, 0.0, -0.9577630161430631, 0.28755869819663227, BFz, 0.0, -0.2875586981966321, -0.9577630161430631
Time, 0.188, Pos_X, 0.013688005477252399, Pos_Y, 0.04124200585981801, Pos_Z, -0.021693144261247854, BFx, 1.0, 0.0, 0.0,                             BFy, 0.0, -0.9574336896165043, 0.28865330413374185, BFz, 0.0, -0.28865330413374174, -0.9574336896165043
Time, 0.19, Pos_X, 0.0143532770522228, Pos_Y, 0.0424254952509901, Pos_Z, -0.02190156982924456, BFx, 1.0, 0.0, 0.0,                             BFy, 0.0, -0.9571596191408503, 0.2895608113784415, BFz, 0.0, -0.28956081137844136, -0.9571596191408503
Time, 0.192, Pos_X, 0.015029631534793201, Pos_Y, 0.04362706647445275, Pos_Z, -0.022109783679627768, BFx, 1.0, 0.0, 0.0,                             BFy, 0.0, -0.9569354251861544, 0.2903008646624971, BFz, 0.0, -0.290300864662497, -0.9569354251861543
Time, 0.194, Pos_X, 0.0157169541589636, Pos_Y, 0.044846507596994226, Pos_Z, -0.022318169165701902, BFx, 1.0, 0.0, 0.0,                             BFy, 0.0, -0.956753692507093, 0.2908992469465025, BFz, 0.0, -0.2908992469465025, -0.9567536925070931
Time, 0.196, Pos_X, 0.016415171739334003, Pos_Y, 0.046083601488776986, Pos_Z, -0.022527114689475193, BFx, 1.0, 0.0, 0.0,                             BFy, 0.0, -0.9566048896504785, 0.2913882034276528, BFz, 0.0, -0.2913882034276528, -0.9566048896504786
Time, 0.198, Pos_X, 0.017124250448104405, Pos_Y, 0.04733812150421592, Pos_Z, -0.02273700546115999, BFx, 1.0, 0.0, 0.0,                             BFy, 0.0, -0.9564775877172177, 0.29180579876803675, BFz, 0.0, -0.2918057987680367, -0.9564775877172178
Time, 0.2, Pos_X, 0.017844193076074804, Pos_Y, 0.04860982944478764, Pos_Z, -0.022948216674916765, BFx, 1.0, 0.0, 0.0,                             BFy, 0.0, -0.9563585304834161, 0.29219575830528494, BFz, 0.0, -0.29219575830528477, -0.9563585304834163
Time, 0.202, Pos_X, 0.018575036007845203, Pos_Y, 0.04989847682377219, Pos_Z, -0.023161106835179347, BFx, 1.0, 0.0, 0.0,                             BFy, 0.0, -0.9562328496182345, 0.29260679641968357, BFz, 0.0, -0.2926067964196834, -0.9562328496182347
Time, 0.204, Pos_X, 0.019316846058815593, Pos_Y, 0.051203809765936206, Pos_Z, -0.023376011796874343, BFx, 1.0, 0.0, 0.0,                             BFy, 0.0, -0.9560845910044481, 0.2930908644837927, BFz, 0.0, -0.2930908644837925, -0.9560845910044482
Time, 0.206, Pos_X, 0.020069717378585993, Pos_Y, 0.05252557660993899, Pos_Z, -0.023593239760245303, BFx, 1.0, 0.0, 0.0,                             BFy, 0.0, -0.9558974393060062, 0.2937006733533649, BFz, 0.0, -0.2937006733533648, -0.9558974393060063
Time, 0.208, Pos_X, 0.020833768114956394, Pos_Y, 0.05386353448389904, Pos_Z, -0.023813064890827927, BFx, 1.0, 0.0, 0.0,                             BFy, 0.0, -0.9556556445042982, 0.29448648377654624, BFz, 0.0, -0.2944864837765462, -0.9556556445042983
Time, 0.21, Pos_X, 0.021609136583126794, Pos_Y, 0.05521745459170208, Pos_Z, -0.02403572188816648, BFx, 1.0, 0.0, 0.0,                             BFy, 0.0, -0.9553449967168365, 0.29549270252936455, BFz, 0.0, -0.2954927025293645, -0.9553449967168365
Time, 0.212, Pos_X, 0.022395977132097195, Pos_Y, 0.05658712711868423, Pos_Z, -0.024261403100956553, BFx, 1.0, 0.0, 0.0,                             BFy, 0.0, -0.9549537241957939, 0.29675475504965954, BFz, 0.0, -0.2967547550496595, -0.9549537241957938
Time, 0.214, Pos_X, 0.023194455432667595, Pos_Y, 0.05797236453060572, Pos_Z, -0.024490257947035937, BFx, 1.0, 0.0, 0.0,                             BFy, 0.0, -0.9544731406714836, 0.2982968718185198, BFz, 0.0, -0.29829687181851977, -0.9544731406714835
Time, 0.216, Pos_X, 0.024004743345437996, Pos_Y, 0.05937300421932757, Pos_Z, -0.024722395176370846, BFx, 1.0, 0.0, 0.0,                             BFy, 0.0, -0.9538980752617588, 0.3001307415309404, BFz, 0.0, -0.3001307415309403, -0.9538980752617587
Time, 0.218, Pos_X, 0.024827014404808397, Pos_Y, 0.0607889110085702, Pos_Z, -0.024957887023634655, BFx, 1.0, 0.0, 0.0,                             BFy, 0.0, -0.9532269580770978, 0.3022554654511366, BFz, 0.0, -0.3022554654511365, -0.9532269580770979
Time, 0.22, Pos_X, 0.0256614396041788, Pos_Y, 0.06221997865126104, Pos_Z, -0.025196773513931053, BFx, 1.0, 0.0, 0.0,                             BFy, 0.0, -0.9524615044513484, 0.30465896103393153, BFz, 0.0, -0.3046589610339314, -0.9524615044513484
Time, 0.222, Pos_X, 0.0265081843249492, Pos_Y, 0.06366613131573431, Pos_Z, -0.025439065946373043, BFx, 1.0, 0.0, 0.0,                             BFy, 0.0, -0.9516061260001232, 0.3073203230491573, BFz, 0.0, -0.3073203230491572, -0.9516061260001233
Time, 0.224, Pos_X, 0.0273674066563196, Pos_Y, 0.06512732505702304, Pos_Z, -0.025684750712455053, BFx, 1.0, 0.0, 0.0,                             BFy, 0.0, -0.9506670382727418, 0.3102131240643017, BFz, 0.0, -0.31021312406430157, -0.9506670382727418
Time, 0.226, Pos_X, 0.028239255840290002, Pos_Y, 0.06660354826335269, Pos_Z, -0.025933793415748075, BFx, 1.0, 0.0, 0.0,                             BFy, 0.0, -0.949651215635077, 0.3133090624971149, BFz, 0.0, -0.31330906249711477, -0.949651215635077
Time, 0.228, Pos_X, 0.029123871564860404, Pos_Y, 0.0680948221403443, Pos_Z, -0.026186141858658626, BFx, 1.0, 0.0, 0.0,                             BFy, 0.0, -0.9485653567094686, 0.3165813703467711, BFz, 0.0, -0.316581370346771, -0.9485653567094686
Time, 0.23, Pos_X, 0.030021384332630806, Pos_Y, 0.06960120064283888, Pos_Z, -0.026441728531523507, BFx, 1.0, 0.0, 0.0,                             BFy, 0.0, -0.9474151087157602, 0.32000720582059616, BFz, 0.0, -0.32000720582059605, -0.9474151087157601
Time, 0.232, Pos_X, 0.03093191578140121, Pos_Y, 0.07112276760243604, Pos_Z, -0.0267004735943576, BFx, 1.0, 0.0, 0.0,                             BFy, 0.0, -0.9462046359523423, 0.3235688286938288, BFz, 0.0, -0.3235688286938287, -0.9462046359523423
Time, 0.234, Pos_X, 0.03185557787077161, Pos_Y, 0.07265963173873022, Pos_Z, -0.02696228927915007, BFx, 1.0, 0.0, 0.0,                             BFy, 0.0, -0.944936495022897, 0.3272537553242796, BFz, 0.0, -0.3272537553242795, -0.944936495022897
Time, 0.236, Pos_X, 0.032792472278142, Pos_Y, 0.07421192197937115, Pos_Z, -0.02722708580651431, BFx, 1.0, 0.0, 0.0,                             BFy, 0.0, -0.9436118466424317, 0.33105389723738454, BFz, 0.0, -0.3310538972373845, -0.9436118466424317
Time, 0.238, Pos_X, 0.0337426910223124, Pos_Y, 0.07577978338989531, Pos_Z, -0.02749477646408093, BFx, 1.0, 0.0, 0.0,                             BFy, 0.0, -0.9422308547701105, 0.334964201548744, BFz, 0.0, -0.334964201548744, -0.9422308547701104
Time, 0.24, Pos_X, 0.0347063177364828, Pos_Y, 0.07736337333389041, Pos_Z, -0.027765280628328594, BFx, 1.0, 0.0, 0.0,                             BFy, 0.0, -0.9407931822892153, 0.3389811029513765, BFz, 0.0, -0.33898110295137646, -0.9407931822892152
Time, 0.242, Pos_X, 0.035683427915253196, Pos_Y, 0.07896285740584706, Pos_Z, -0.0280385238739077, BFx, 1.0, 0.0, 0.0,                             BFy, 0.0, -0.9392983606917178, 0.3431014275718657, BFz, 0.0, -0.3431014275718656, -0.9392983606917176
Time, 0.244, Pos_X, 0.036674088657823595, Pos_Y, 0.08057840563540956, Pos_Z, -0.028314436173006448, BFx, 1.0, 0.0, 0.0,                             BFy, 0.0, -0.9377462251083575, 0.3473212019083, BFz, 0.0, -0.34732120190829996, -0.9377462251083574
Time, 0.246, Pos_X, 0.037678358719994, Pos_Y, 0.08221018944777514, Pos_Z, -0.02859294985091721, BFx, 1.0, 0.0, 0.0,                             BFy, 0.0, -0.9361373271075123, 0.3516346183128203, BFz, 0.0, -0.3516346183128202, -0.9361373271075122
Time, 0.248, Pos_X, 0.0386962872005644, Pos_Y, 0.08385837892985941, Pos_Z, -0.02887399713077109, BFx, 1.0, 0.0, 0.0,                             BFy, 0.0, -0.9344731268479075, 0.3560336714400688, BFz, 0.0, -0.3560336714400688, -0.9344731268479075
Time, 0.25, Pos_X, 0.039727911788734804, Pos_Y, 0.08552314081990417, Pos_Z, -0.029157508066653227, BFx, 1.0, 0.0, 0.0,                             BFy, 0.0, -0.9327558455404397, 0.3605087136396842, BFz, 0.0, -0.3605087136396842, -0.9327558455404398
Time, 0.252, Pos_X, 0.040773256263305205, Pos_Y, 0.08720463671604158, Pos_Z, -0.029443408865045886, BFx, 1.0, 0.0, 0.0,                             BFy, 0.0, -0.930988343631043, 0.36504890634424225, BFz, 0.0, -0.3650489063442422, -0.9309883436310433
Time, 0.254, Pos_X, 0.04183232662247561, Pos_Y, 0.08890302141852287, Pos_Z, -0.029731618384362776, BFx, 1.0, 0.0, 0.0,                             BFy, 0.0, -0.929174376301323, 0.369641689241146, BFz, 0.0, -0.369641689241146, -0.9291743763013233
Time, 0.256, Pos_X, 0.04290510686204601, Pos_Y, 0.09061844151357448, Pos_Z, -0.03002204429653176, BFx, 1.0, 0.0, 0.0,                             BFy, 0.0, -0.927318817859579, 0.3742723741388261, BFz, 0.0, -0.37427237413882625, -0.9273188178595794
Time, 0.258, Pos_X, 0.04399155334701641, Pos_Y, 0.09235103576773876, Pos_Z, -0.030314582501707533, BFx, 1.0, 0.0, 0.0,                             BFy, 0.0, -0.9254276530675476, 0.3789243446097005, BFz, 0.0, -0.37892434460970065, -0.925427653067548
Time, 0.26, Pos_X, 0.045091587831786815, Pos_Y, 0.09410093530152765, Pos_Z, -0.030609114132009466, BFx, 1.0, 0.0, 0.0,                             BFy, 0.0, -0.9235078212558281, 0.3835795928869438, BFz, 0.0, -0.38357959288694393, -0.9235078212558286
Time, 0.262, Pos_X, 0.04620509089955722, Pos_Y, 0.09586826191389454, Pos_Z, -0.030905500589174444, BFx, 1.0, 0.0, 0.0,                             BFy, 0.0, -0.9215669098785039, 0.3882195649590395, BFz, 0.0, -0.38821956495903964, -0.9215669098785044
Time, 0.264, Pos_X, 0.04733189635732762, Pos_Y, 0.09765312720414294, Pos_Z, -0.031203582844771115, BFx, 1.0, 0.0, 0.0,                             BFy, 0.0, -0.919612827920396, 0.3928259751139843, BFz, 0.0, -0.3928259751139844, -0.9196128279203966
Time, 0.266, Pos_X, 0.048471785217698016, Pos_Y, 0.09945562988868348, Pos_Z, -0.03150317944174827, BFx, 1.0, 0.0, 0.0,                             BFy, 0.0, -0.9176535236980368, 0.39738144199821085, BFz, 0.0, -0.39738144199821096, -0.9176535236980372
Time, 0.268, Pos_X, 0.04962447884946842, Pos_Y, 0.10127585193216497, Pos_Z, -0.03180408131515637, BFx, 1.0, 0.0, 0.0,                             BFy, 0.0, -0.915696827780048, 0.4018697793981997, BFz, 0.0, -0.40186977939819973, -0.9156968277800485
Time, 0.27, Pos_X, 0.05078963556063882, Pos_Y, 0.10311385862018994, Pos_Z, -0.03210605070650044, BFx, 1.0, 0.0, 0.0,                             BFy, 0.0, -0.9137502267673386, 0.4062764121661969, BFz, 0.0, -0.406276412166197, -0.9137502267673391
Time, 0.272, Pos_X, 0.05196685029320922, Pos_Y, 0.1049696976292285, Pos_Z, -0.03240882400852558, BFx, 1.0, 0.0, 0.0,                             BFy, 0.0, -0.9118206476162827, 0.41058873167760374, BFz, 0.0, -0.4105887316776038, -0.9118206476162831
Time, 0.274, Pos_X, 0.053155653313179625, Pos_Y, 0.1068433919971731, Pos_Z, -0.032712115483929584, BFx, 1.0, 0.0, 0.0,                             BFy, 0.0, -0.9099141729194166, 0.4147965741425244, BFz, 0.0, -0.41479657414252447, -0.9099141729194167
Time, 0.276, Pos_X, 0.054355509142550024, Pos_Y, 0.10873493182992276, Pos_Z, -0.033015620972072744, BFx, 1.0, 0.0, 0.0,                             BFy, 0.0, -0.9080357463833126, 0.4188926870811917, BFz, 0.0, -0.4188926870811918, -0.9080357463833126
Time, 0.278, Pos_X, 0.055565817273520425, Pos_Y, 0.11064426801598741, Pos_Z, -0.033319016756199776, BFx, 1.0, 0.0, 0.0,                             BFy, 0.0, -0.9061889446301266, 0.42287302660507703, BFz, 0.0, -0.4228730266050771, -0.9061889446301266
Time, 0.28, Pos_X, 0.05678591658469083, Pos_Y, 0.11257130782829258, Pos_Z, -0.033621952087212414, BFx, 1.0, 0.0, 0.0,                             BFy, 0.0, -0.904375910102494, 0.42673670245982637, BFz, 0.0, -0.4267367024598264, -0.904375910102494
Time, 0.282, Pos_X, 0.0580150891338612, Pos_Y, 0.11451590787217285, Pos_Z, -0.03392403867556174, BFx, 1.0, 0.0, 0.0,                             BFy, 0.0, -0.9025974223395328, 0.43048564806045714, BFz, 0.0, -0.4304856480604572, -0.9025974223395327
Time, 0.284, Pos_X, 0.0592525657406316, Pos_Y, 0.11647787064359849, Pos_Z, -0.03422484958353095, BFx, 1.0, 0.0, 0.0,                             BFy, 0.0, -0.9008530644634767, 0.43412412539130274, BFz, 0.0, -0.43412412539130285, -0.9008530644634766
Time, 0.286, Pos_X, 0.060497537568401996, Pos_Y, 0.11845695429253023, Pos_Z, -0.03452393801701227, BFx, 1.0, 0.0, 0.0,                             BFy, 0.0, -0.8991415370299165, 0.4376579673529086, BFz, 0.0, -0.43765796735290874, -0.8991415370299165
Time, 0.288, Pos_X, 0.061749160223372394, Pos_Y, 0.12045288377470315, Pos_Z, -0.034820860793561816, BFx, 1.0, 0.0, 0.0,                             BFy, 0.0, -0.8974610243155257, 0.44109376535440614, BFz, 0.0, -0.44109376535440636, -0.8974610243155255
Time, 0.29, Pos_X, 0.0630065565031428, Pos_Y, 0.12246535204996757, Pos_Z, -0.035115185512228086, BFx, 1.0, 0.0, 0.0,                             BFy, 0.0, -0.8958095696938814, 0.4444380888772516, BFz, 0.0, -0.4444380888772518, -0.895809569693881
Time, 0.292, Pos_X, 0.06426882492331319, Pos_Y, 0.12449401300006765, Pos_Z, -0.03540648691646903, BFx, 1.0, 0.0, 0.0,                             BFy, 0.0, -0.8941857815566877, 0.4476960889508153, BFz, 0.0, -0.4476960889508154, -0.8941857815566874
Time, 0.294, Pos_X, 0.0655350420772836, Pos_Y, 0.1265384701708892, Pos_Z, -0.03569434816967105, BFx, 1.0, 0.0, 0.0,                             BFy, 0.0, -0.8925893800234166, 0.4508704899074827, BFz, 0.0, -0.4508704899074828, -0.8925893800234164
Time, 0.296, Pos_X, 0.066804277255974, Pos_Y, 0.12859827839042332, Pos_Z, -0.03597836941816946, BFx, 1.0, 0.0, 0.0,                             BFy, 0.0, -0.8910213715458044, 0.45396135898183493, BFz, 0.0, -0.453961358981835, -0.8910213715458042
Time, 0.298, Pos_X, 0.0680756276607844, Pos_Y, 0.13067296366271056, Pos_Z, -0.03625818107749725, BFx, 1.0, 0.0, 0.0,                             BFy, 0.0, -0.8894840626044654, 0.4569661939056942, BFz, 0.0, -0.45696619390569426, -0.8894840626044652
Time, 0.3, Pos_X, 0.0693482191637348, Pos_Y, 0.13276202730452372, Pos_Z, -0.03653345392875761, BFx, 1.0, 0.0, 0.0,                             BFy, 0.0, -0.8879809735749965, 0.4598801915377551, BFz, 0.0, -0.45988019153775517, -0.8879809735749961
Time, 0.302, Pos_X, 0.0706211889410052, Pos_Y, 0.13486493272912017, Pos_Z, -0.03680388721763182, BFx, 1.0, 0.0, 0.0,                             BFy, 0.0, -0.8865164203290526, 0.46269713256833933, BFz, 0.0, -0.4626971325683394, -0.8865164203290522
Time, 0.304, Pos_X, 0.0718937062291356, Pos_Y, 0.13698111010479028, Pos_Z, -0.03706919229239591, BFx, 1.0, 0.0, 0.0,                             BFy, 0.0, -0.8850949143606883, 0.46541056345214893, BFz, 0.0, -0.465410563452149, -0.885094914360688
Time, 0.306, Pos_X, 0.073164996320146, Pos_Y, 0.13910997817298318, Pos_Z, -0.03732910419417872, BFx, 1.0, 0.0, 0.0,                             BFy, 0.0, -0.8837203246475811, 0.4680153713338646, BFz, 0.0, -0.4680153713338647, -0.8837203246475807
Time, 0.308, Pos_X, 0.0744343411158764, Pos_Y, 0.14125096270442322, Pos_Z, -0.03758340598440215, BFx, 1.0, 0.0, 0.0,                             BFy, 0.0, -0.8823948197335444, 0.47050970458366437, BFz, 0.0, -0.4705097045836644, -0.882394819733544
Time, 0.31, Pos_X, 0.0757010809678468, Pos_Y, 0.14340350934562573, Pos_Z, -0.037831942720794, BFx, 1.0, 0.0, 0.0,                             BFy, 0.0, -0.8811177745997304, 0.4728968886389722, BFz, 0.0, -0.47289688863897233, -0.88111777459973
Time, 0.312, Pos_X, 0.0769646304578372, Pos_Y, 0.1455670939744222, Pos_Z, -0.03807462164281713, BFx, 1.0, 0.0, 0.0,                             BFy, 0.0, -0.87988507981516, 0.47518653844429537, BFz, 0.0, -0.4751865384442955, -0.8798850798151595
Time, 0.314, Pos_X, 0.0782244921262076, Pos_Y, 0.1477412252764188, Pos_Z, -0.03831140062098355, BFx, 1.0, 0.0, 0.0,                             BFy, 0.0, -0.8786891772845068, 0.47739431262121096, BFz, 0.0, -0.47739431262121107, -0.8786891772845064
Time, 0.316, Pos_X, 0.07948025965485801, Pos_Y, 0.14992544109535322, Pos_Z, -0.03854227086257476, BFx, 1.0, 0.0, 0.0,                             BFy, 0.0, -0.8775195244638249, 0.479540909813526, BFz, 0.0, -0.4795409098135261, -0.8775195244638245
