Time, 0, Pos_X, 0.0, Pos_Y, 0.0, Pos_Z, 0.0, BFx, 1, 0, 0,                         BFy, 0, -1, 0, BFz, 0, 0, -1
Time, 0.0, Pos_X, 0.0, Pos_Y, 0.0, Pos_Z, 0.0, BFx, 1.0, 0.0, 0.0,                             BFy, 0.0, -1.0, 0.0, BFz, 0.0, 0.0, -1.0
Time, 0.002, Pos_X, 2.7556984e-06, Pos_Y, 4.534855976714889e-07, Pos_Z, 1.4995523934000539e-06, BFx, 1.0, 0.0, 0.0,                             BFy, 0.0, -0.9999921036254988, 0.003974001339899345, BFz, 0.0, -0.003974001339899345, -0.9999921036254988
Time, 0.004, Pos_X, 1.1029351399999999e-05, Pos_Y, 1.8273967233579902e-06, Pos_Z, 5.904875406818236e-06, BFx, 1.0, 0.0, 0.0,                             BFy, 0.0, -0.9999677412097056, 0.008032218868997477, BFz, 0.0, -0.008032218868997477, -0.9999677412097054
Time, 0.006, Pos_X, 2.4835229199999998e-05, Pos_Y, 4.152607549300665e-06, Pos_Z, 1.3018597017803876e-05, BFx, 1.0, 0.0, 0.0,                             BFy, 0.0, -0.9999258567291153, 0.012177070441796922, BFz, 0.0, -0.01217707044179692, -0.9999258567291153
Time, 0.008, Pos_X, 4.4190049e-05, Pos_Y, 7.46920226867424e-06, Pos_Z, 2.2616892852109915e-05, BFx, 1.0, 0.0, 0.0,                             BFy, 0.0, -0.9998653632985641, 0.01640899984246728, BFz, 0.0, -0.016408999842467277, -0.9998653632985641
Time, 0.01, Pos_X, 6.91141338e-05, Pos_Y, 1.182886707511558e-05, Pos_Z, 3.444650064247949e-05, BFx, 1.0, 0.0, 0.0,                             BFy, 0.0, -0.9997852000617706, 0.020725678214353217, BFz, 0.0, -0.02072567821435321, -0.9997852000617706
Time, 0.012, Pos_X, 9.96320442e-05, Pos_Y, 1.729539930750594e-05, Pos_Z, 4.822898820854845e-05, BFx, 1.0, 0.0, 0.0,                             BFy, 0.0, -0.9996844038309483, 0.025121559210388274, BFz, 0.0, -0.025121559210388267, -0.9996844038309481
Time, 0.014, Pos_X, 0.00013577150959999997, Pos_Y, 2.3943943896667215e-05, Pos_Z, 6.366181408601366e-05, BFx, 1.0, 0.0, 0.0,                             BFy, 0.0, -0.9995621912479264, 0.029587595840887854, BFz, 0.0, -0.029587595840887843, -0.9995621912479263
Time, 0.016, Pos_X, 0.00017756372499999997, Pos_Y, 3.186181572267508e-05, Pos_Z, 8.041680676324266e-05, BFx, 1.0, 0.0, 0.0,                             BFy, 0.0, -0.9994180479485795, 0.03411107495595534, BFz, 0.0, -0.034111074955955334, -0.9994180479485794
Time, 0.018, Pos_X, 0.00022504541119999994, Pos_Y, 4.115039066078517e-05, Pos_Z, 9.814013268065961e-05, BFx, 1.0, 0.0, 0.0,                             BFy, 0.0, -0.9992518021176947, 0.03867603863555978, BFz, 0.0, -0.03867603863555977, -0.9992518021176947
Time, 0.02, Pos_X, 0.00027825968159999996, Pos_Y, 5.192650261729251e-05, Pos_Z, 0.00011645178941348929, BFx, 1.0, 0.0, 0.0,                             BFy, 0.0, -0.9990636868622659, 0.04326372144390631, BFz, 0.0, -0.043263721443906306, -0.999063686862266
Time, 0.022, Pos_X, 0.0003372559731999999, Pos_Y, 6.43233939243124e-05, Pos_Z, 0.00013494381233152317, BFx, 1.0, 0.0, 0.0,                             BFy, 0.0, -0.998854366660586, 0.047853465946352924, BFz, 0.0, -0.04785346594635292, -0.9988543666605862
Time, 0.024, Pos_X, 0.000402090679, Pos_Y, 7.849148732496061e-05, Pos_Z, 0.00015317952071970247, BFx, 1.0, 0.0, 0.0,                             BFy, 0.0, -0.9986249301288921, 0.05242374390545297, BFz, 0.0, -0.052423743905452964, -0.9986249301288923
Time, 0.026, Pos_X, 0.00047282790499999995, Pos_Y, 9.45989429800907e-05, Pos_Z, 0.00017069378978354352, BFx, 1.0, 0.0, 0.0,                             BFy, 0.0, -0.9983768549720697, 0.05695309873990824, BFz, 0.0, -0.05695309873990823, -0.99837685497207
Time, 0.028, Pos_X, 0.0005495405414, Pos_Y, 0.00011283228625429867, Pos_Z, 0.0001869935584284347, BFx, 1.0, 0.0, 0.0,                             BFy, 0.0, -0.9981118250194065, 0.06142299859521677, BFz, 0.0, -0.061422998595216764, -0.9981118250194068
Time, 0.03, Pos_X, 0.0006323113885999999, Pos_Y, 0.0001333968326705058, Pos_Z, 0.000201558879827767, BFx, 1.0, 0.0, 0.0,                             BFy, 0.0, -0.9978319323832205, 0.065813636249388, BFz, 0.0, -0.06581363624938799, -0.9978319323832207
Time, 0.032, Pos_X, 0.000721233209, Pos_Y, 0.00015651640386098257, Pos_Z, 0.00021384438932328025, BFx, 1.0, 0.0, 0.0,                             BFy, 0.0, -0.9975394581670294, 0.07010727066309251, BFz, 0.0, -0.07010727066309248, -0.9975394581670295
Time, 0.034, Pos_X, 0.0008164080308, Pos_Y, 0.00018243215525386272, Pos_Z, 0.00022328118838934954, BFx, 1.0, 0.0, 0.0,                             BFy, 0.0, -0.9972368113408098, 0.07428823666512134, BFz, 0.0, -0.07428823666512131, -0.9972368113408098
Time, 0.036, Pos_X, 0.0009179464799999998, Pos_Y, 0.00021140109311005924, Pos_Z, 0.0002292794620685483, BFx, 1.0, 0.0, 0.0,                             BFy, 0.0, -0.9969264659969211, 0.07834297284944261, BFz, 0.0, -0.07834297284944258, -0.996926465996921
Time, 0.038, Pos_X, 0.0010259681605999998, Pos_Y, 0.0002436949830887302, Pos_Z, 0.0002312320927144399, BFx, 1.0, 0.0, 0.0,                             BFy, 0.0, -0.9966108818300465, 0.08226025904369448, BFz, 0.0, -0.08226025904369445, -0.9966108818300466
Time, 0.04, Pos_X, 0.0011406031848, Pos_Y, 0.00027959931511809785, Pos_Z, 0.00022851967399341248, BFx, 1.0, 0.0, 0.0,                             BFy, 0.0, -0.9962924294360209, 0.08603136084283743, BFz, 0.0, -0.0860313608428374, -0.9962924294360209
Time, 0.042, Pos_X, 0.0012619930572, Pos_Y, 0.0003194120991131013, Pos_Z, 0.00022051622631580337, BFx, 1.0, 0.0, 0.0,                             BFy, 0.0, -0.9959733664155367, 0.08964961456081111, BFz, 0.0, -0.0896496145608111, -0.9959733664155368
Time, 0.044, Pos_X, 0.0013902906537999998, Pos_Y, 0.0003634424935807845, Pos_Z, 0.00020659434599804138, BFx, 1.0, 0.0, 0.0,                             BFy, 0.0, -0.9956557703644676, 0.09311061668755799, BFz, 0.0, -0.09311061668755798, -0.9956557703644677
Time, 0.046, Pos_X, 0.0015256589119999999, Pos_Y, 0.0004120084996481448, Pos_Z, 0.0001861316277817558, BFx, 1.0, 0.0, 0.0,                             BFy, 0.0, -0.9953414573037466, 0.09641256853985737, BFz, 0.0, -0.09641256853985736, -0.9953414573037468
Time, 0.048, Pos_X, 0.0016682679388, Pos_Y, 0.00046543239502368, Pos_Z, 0.0001585197351299854, BFx, 1.0, 0.0, 0.0,                             BFy, 0.0, -0.9950319053937761, 0.09955655301601209, BFz, 0.0, -0.09955655301601207, -0.9950319053937763
Time, 0.05, Pos_X, 0.0018182922784, Pos_Y, 0.0005240352426342129, Pos_Z, 0.00012317135994337745, BFx, 1.0, 0.0, 0.0,                             BFy, 0.0, -0.9947281622281327, 0.10254698079534214, BFz, 0.0, -0.10254698079534212, -0.9947281622281329
Time, 0.052, Pos_X, 0.0019759079721999996, Pos_Y, 0.000588132231360864, Pos_Z, 7.952218631444014e-05, BFx, 1.0, 0.0, 0.0,                             BFy, 0.0, -0.9944307409652752, 0.10539213169517048, BFz, 0.0, -0.10539213169517046, -0.9944307409652754
Time, 0.054, Pos_X, 0.002141289104, Pos_Y, 0.000658028242787514, Pos_Z, 2.7032094533115563e-05, BFx, 1.0, 0.0, 0.0,                             BFy, 0.0, -0.9941395323232909, 0.10810453400309665, BFz, 0.0, -0.10810453400309665, -0.9941395323232912
Time, 0.056, Pos_X, 0.0023146043936, Pos_Y, 0.0007340152380946204, Pos_Z, -3.4817694669854675e-05, BFx, 1.0, 0.0, 0.0,                             BFy, 0.0, -0.9938537682936194, 0.11070089091136832, BFz, 0.0, -0.11070089091136831, -0.9938537682936198
Time, 0.058, Pos_X, 0.002496014166, Pos_Y, 0.0008163670700704864, Pos_Z, -0.00010652255025191153, BFx, 1.0, 0.0, 0.0,                             BFy, 0.0, -0.9935719971865778, 0.11320197174375046, BFz, 0.0, -0.11320197174375043, -0.9935719971865783
Time, 0.06, Pos_X, 0.0026856686333999995, Pos_Y, 0.000905333122541471, Pos_Z, -0.00018854570629696534, BFx, 1.0, 0.0, 0.0,                             BFy, 0.0, -0.9932921252800273, 0.11563197592657716, BFz, 0.0, -0.11563197592657713, -0.9932921252800277
Time, 0.062, Pos_X, 0.0028837054034, Pos_Y, 0.0010011348085562745, Pos_Z, -0.0002813126850444187, BFx, 1.0, 0.0, 0.0,                             BFy, 0.0, -0.9930115096364376, 0.11801754839667367, BFz, 0.0, -0.11801754839667364, -0.993011509636438
Time, 0.064, Pos_X, 0.003090244662, Pos_Y, 0.0011039615340220775, Pos_Z, -0.00038520494148480336, BFx, 1.0, 0.0, 0.0,                             BFy, 0.0, -0.9927270677266615, 0.12038674762124905, BFz, 0.0, -0.12038674762124903, -0.9927270677266619
Time, 0.066, Pos_X, 0.0033053839902000004, Pos_Y, 0.0012139673368222865, Pos_Z, -0.0005005531154134631, BFx, 1.0, 0.0, 0.0,                             BFy, 0.0, -0.9924354281896677, 0.12276775176726663, BFz, 0.0, -0.12276775176726659, -0.992435428189668
Time, 0.068, Pos_X, 0.0035291929890000004, Pos_Y, 0.0013312677380907232, Pos_Z, -0.0006276321081431955, BFx, 1.0, 0.0, 0.0,                             BFy, 0.0, -0.9921330563486165, 0.12518785284663578, BFz, 0.0, -0.12518785284663575, -0.9921330563486168
Time, 0.07, Pos_X, 0.0037617065266000007, Pos_Y, 0.0014559352331882194, Pos_Z, -0.0007666589421818715, BFx, 1.0, 0.0, 0.0,                             BFy, 0.0, -0.9918163657962129, 0.1276726146782887, BFz, 0.0, -0.12767261467828864, -0.9918163657962134
Time, 0.072, Pos_X, 0.004002917633399999, Pos_Y, 0.001587993406107104, Pos_Z, -0.0009177934375871824, BFx, 1.0, 0.0, 0.0,                             BFy, 0.0, -0.9914818544957813, 0.13024489320355095, BFz, 0.0, -0.13024489320355095, -0.9914818544957817
Time, 0.074, Pos_X, 0.004252771690199999, Pos_Y, 0.0017274112567691505, Pos_Z, -0.0010811421508633665, BFx, 1.0, 0.0, 0.0,                             BFy, 0.0, -0.9911261673395287, 0.13292449140340895, BFz, 0.0, -0.13292449140340895, -0.9911261673395291
Time, 0.076, Pos_X, 0.004511162199, Pos_Y, 0.0018740995254171939, Pos_Z, -0.00125676376616704, BFx, 1.0, 0.0, 0.0,                             BFy, 0.0, -0.990746179381889, 0.13572769813191526, BFz, 0.0, -0.13572769813191526, -0.9907461793818894
Time, 0.078, Pos_X, 0.0047779279234, Pos_Y, 0.0020279095967250314, Pos_Z, -0.001444674110227413, BFx, 1.0, 0.0, 0.0,                             BFy, 0.0, -0.9903390718763738, 0.13866694889208858, BFz, 0.0, -0.13866694889208853, -0.990339071876374
Time, 0.08, Pos_X, 0.005052850194400001, Pos_Y, 0.0021886338145481153, Pos_Z, -0.0016448504252776653, BFx, 1.0, 0.0, 0.0,                             BFy, 0.0, -0.989902423599582, 0.14175045591345548, BFz, 0.0, -0.14175045591345542, -0.9899024235995822
Time, 0.082, Pos_X, 0.0053356494326000006, Pos_Y, 0.0023560058237460132, Pos_Z, -0.0018572341773010783, BFx, 1.0, 0.0, 0.0,                             BFy, 0.0, -0.9894342891730812, 0.14498202443254124, BFz, 0.0, -0.1449820244325412, -0.9894342891730815
Time, 0.084, Pos_X, 0.0056259815522000005, Pos_Y, 0.002529701380557508, Pos_Z, -0.002081732456444595, BFx, 1.0, 0.0, 0.0,                             BFy, 0.0, -0.9889332635009391, 0.1483610472508892, BFz, 0.0, -0.14836104725088917, -0.9889332635009395
Time, 0.086, Pos_X, 0.005923435272799999, Pos_Y, 0.0027093396401605685, Pos_Z, -0.0023182195939506966, BFx, 1.0, 0.0, 0.0,                             BFy, 0.0, -0.9883985756239146, 0.15188237456866202, BFz, 0.0, -0.15188237456866205, -0.9883985756239149
Time, 0.088, Pos_X, 0.0062275301752, Pos_Y, 0.0028944849551303022, Pos_Z, -0.002566539745632108, BFx, 1.0, 0.0, 0.0,                             BFy, 0.0, -0.987830157365663, 0.15553642724110694, BFz, 0.0, -0.15553642724110697, -0.9878301573656633
Time, 0.09, Pos_X, 0.0065377163224, Pos_Y, 0.003084649823567017, Pos_Z, -0.002826510115274904, BFx, 1.0, 0.0, 0.0,                             BFy, 0.0, -0.9872287470763562, 0.15930913641736677, BFz, 0.0, -0.15930913641736683, -0.9872287470763563
Time, 0.092, Pos_X, 0.0068533755618, Pos_Y, 0.0032792991673699645, Pos_Z, -0.003097924819523844, BFx, 1.0, 0.0, 0.0,                             BFy, 0.0, -0.9865960749423762, 0.1631814478067174, BFz, 0.0, -0.16318144780671745, -0.9865960749423764
Time, 0.094, Pos_X, 0.007173823373, Pos_Y, 0.0034778555142959983, Pos_Z, -0.003380558510720639, BFx, 1.0, 0.0, 0.0,                             BFy, 0.0, -0.9859350390441226, 0.16712898846419139, BFz, 0.0, -0.1671289884641914, -0.9859350390441228
Time, 0.096, Pos_X, 0.00749831179672, Pos_Y, 0.0036797050631681835, Pos_Z, -0.0036741685041171523, BFx, 1.0, 0.0, 0.0,                             BFy, 0.0, -0.9852497618522889, 0.17112249054407547, BFz, 0.0, -0.1711224905440755, -0.985249761852289
Time, 0.098, Pos_X, 0.007826034713700001, Pos_Y, 0.0038842047839113864, Pos_Z, -0.003978495793236251, BFx, 1.0, 0.0, 0.0,                             BFy, 0.0, -0.984545562249723, 0.17512862659878417, BFz, 0.0, -0.17512862659878417, -0.9845455622497231
Time, 0.1, Pos_X, 0.008156134282020002, Pos_Y, 0.004090690035495087, Pos_Z, -0.004293265259849006, BFx, 1.0, 0.0, 0.0,                             BFy, 0.0, -0.9838287429108484, 0.17911170989764824, BFz, 0.0, -0.17911170989764824, -0.9838287429108484
Time, 0.102, Pos_X, 0.00848770869774, Pos_Y, 0.004298483107055006, Pos_Z, -0.0046181854376884926, BFx, 1.0, 0.0, 0.0,                             BFy, 0.0, -0.9831061770501303, 0.18303618397977423, BFz, 0.0, -0.1830361839797742, -0.9831061770501301
Time, 0.104, Pos_X, 0.008819822323756, Pos_Y, 0.004506902512434104, Pos_Z, -0.004952949032519487, BFx, 1.0, 0.0, 0.0,                             BFy, 0.0, -0.9823848142054749, 0.18686914356970363, BFz, 0.0, -0.18686914356970363, -0.9823848142054746
Time, 0.106, Pos_X, 0.009151515617808, Pos_Y, 0.004715271424308038, Pos_Z, -0.005297233506676039, BFx, 1.0, 0.0, 0.0,                             BFy, 0.0, -0.9816711583134673, 0.19058262495698658, BFz, 0.0, -0.19058262495698655, -0.9816711583134671
Time, 0.108, Pos_X, 0.00948181531532, Pos_Y, 0.004922925116826369, Pos_Z, -0.0056506994084630615, BFx, 1.0, 0.0, 0.0,                             BFy, 0.0, -0.9809708111994142, 0.1941552666675907, BFz, 0.0, -0.19415526666759064, -0.980970811199414
Time, 0.11, Pos_X, 0.009809747394692, Pos_Y, 0.005129218266722759, Pos_Z, -0.00601298675753869, BFx, 1.0, 0.0, 0.0,                             BFy, 0.0, -0.9802880939971401, 0.1975734110842198, BFz, 0.0, -0.19757341108421975, -0.9802880939971399
Time, 0.112, Pos_X, 0.010134351229744, Pos_Y, 0.005333532156304718, Pos_Z, -0.006383712078428001, BFx, 1.0, 0.0, 0.0,                             BFy, 0.0, -0.9796258590370478, 0.20083121347521138, BFz, 0.0, -0.20083121347521132, -0.9796258590370477
Time, 0.114, Pos_X, 0.010454691246736, Pos_Y, 0.005535280853518232, Pos_Z, -0.006762467948265014, BFx, 1.0, 0.0, 0.0,                             BFy, 0.0, -0.9789854919055746, 0.2039299061893568, BFz, 0.0, -0.20392990618935677, -0.9789854919055744
Time, 0.116, Pos_X, 0.010769865543728, Pos_Y, 0.005733917274661071, Pos_Z, -0.007148827021224116, BFx, 1.0, 0.0, 0.0,                             BFy, 0.0, -0.978367118700057, 0.20687624572808813, BFz, 0.0, -0.20687624572808808, -0.9783671187000567
Time, 0.118, Pos_X, 0.011079015985719998, Pos_Y, 0.0059289367943191375, Pos_Z, -0.007542342614456869, BFx, 1.0, 0.0, 0.0,                             BFy, 0.0, -0.977769918500502, 0.20968067740142804, BFz, 0.0, -0.20968067740142798, -0.9777699185005017
Time, 0.12, Pos_X, 0.011381339517311998, Pos_Y, 0.006119876633438802, Pos_Z, -0.007942547984159795, BFx, 1.0, 0.0, 0.0,                             BFy, 0.0, -0.977192504183051, 0.21235538554145025, BFz, 0.0, -0.21235538554145017, -0.9771925041830505
Time, 0.122, Pos_X, 0.011676097737903998, Pos_Y, 0.006306316335087154, Pos_Z, -0.008348962050279556, BFx, 1.0, 0.0, 0.0,                             BFy, 0.0, -0.9766332859475263, 0.2149125980005296, BFz, 0.0, -0.2149125980005295, -0.9766332859475257
Time, 0.124, Pos_X, 0.011962626337695998, Pos_Y, 0.0064878808778339675, Pos_Z, -0.00876109389212798, BFx, 1.0, 0.0, 0.0,                             BFy, 0.0, -0.9760906888537937, 0.2173636748238449, BFz, 0.0, -0.2173636748238448, -0.9760906888537931
Time, 0.126, Pos_X, 0.012240342188687999, Pos_Y, 0.006664242694335929, Pos_Z, -0.009178446161374454, BFx, 1.0, 0.0, 0.0,                             BFy, 0.0, -0.975563199690867, 0.21971901012183134, BFz, 0.0, -0.21971901012183123, -0.9755631996908662
Time, 0.128, Pos_X, 0.01250874709808, Pos_Y, 0.006835121223295866, Pos_Z, -0.00960052100545212, BFx, 1.0, 0.0, 0.0,                             BFy, 0.0, -0.9750493180975229, 0.22198834941851267, BFz, 0.0, -0.22198834941851253, -0.975049318097522
Time, 0.13, Pos_X, 0.012767431441271999, Pos_Y, 0.007000281359747674, Pos_Z, -0.010026825655535868, BFx, 1.0, 0.0, 0.0,                             BFy, 0.0, -0.9745474315602074, 0.22418140788076688, BFz, 0.0, -0.22418140788076674, -0.9745474315602066
Time, 0.132, Pos_X, 0.013016075999464, Pos_Y, 0.007159530445101994, Pos_Z, -0.010456876346507271, BFx, 1.0, 0.0, 0.0,                             BFy, 0.0, -0.9740556512759104, 0.22630861277790876, BFz, 0.0, -0.2263086127779086, -0.9740556512759098
Time, 0.134, Pos_X, 0.013254451097256, Pos_Y, 0.007312714636316907, Pos_Z, -0.010890201956700605, BFx, 1.0, 0.0, 0.0,                             BFy, 0.0, -0.9735716796351674, 0.22838166435236937, BFz, 0.0, -0.2283816643523692, -0.9735716796351668
Time, 0.136, Pos_X, 0.013482416278048, Pos_Y, 0.007459716646883377, Pos_Z, -0.01132634754936093, BFx, 1.0, 0.0, 0.0,                             BFy, 0.0, -0.9730928430031008, 0.23041336527237674, BFz, 0.0, -0.23041336527237657, -0.9730928430031002
Time, 0.138, Pos_X, 0.013699917791440001, Pos_Y, 0.0076004529025760345, Pos_Z, -0.01176487835935573, BFx, 1.0, 0.0, 0.0,                             BFy, 0.0, -0.9726162010259727, 0.23241713685054197, BFz, 0.0, -0.23241713685054177, -0.972616201025972
Time, 0.14, Pos_X, 0.013906982491432001, Pos_Y, 0.00773486930719982, Pos_Z, -0.01220538482681937, BFx, 1.0, 0.0, 0.0,                             BFy, 0.0, -0.9721386670173262, 0.23440651033999768, BFz, 0.0, -0.23440651033999746, -0.9721386670173254
Time, 0.142, Pos_X, 0.014103712053024, Pos_Y, 0.007862937890249952, Pos_Z, -0.01264748764058226, BFx, 1.0, 0.0, 0.0,                             BFy, 0.0, -0.9716572045126058, 0.23639432505613925, BFz, 0.0, -0.23639432505613905, -0.9716572045126052
Time, 0.144, Pos_X, 0.014290276524416, Pos_Y, 0.007984653598184881, Pos_Z, -0.013090841037332289, BFx, 1.0, 0.0, 0.0,                             BFy, 0.0, -0.9711689982981436, 0.23839206518795925, BFz, 0.0, -0.23839206518795905, -0.9711689982981428
Time, 0.146, Pos_X, 0.014466906425008, Pos_Y, 0.008100030495376723, Pos_Z, -0.013535134605601839, BFx, 1.0, 0.0, 0.0,                             BFy, 0.0, -0.970671505743635, 0.24040970849236495, BFz, 0.0, -0.2404097084923648, -0.9706715057436343
Time, 0.148, Pos_X, 0.0146338840636, Pos_Y, 0.008209098520397945, Pos_Z, -0.013980095544321954, BFx, 1.0, 0.0, 0.0,                             BFy, 0.0, -0.9701623918475317, 0.24245604435583012, BFz, 0.0, -0.24245604435582999, -0.970162391847531
Time, 0.15, Pos_X, 0.014791533238192, Pos_Y, 0.008311901158421137, Pos_Z, -0.014425491843682203, BFx, 1.0, 0.0, 0.0,                             BFy, 0.0, -0.9696395966208401, 0.24453844823457527, BFz, 0.0, -0.24453844823457513, -0.9696395966208395
Time, 0.152, Pos_X, 0.014940210146784, Pos_Y, 0.008408493687059686, Pos_Z, -0.014871133480100688, BFx, 1.0, 0.0, 0.0,                             BFy, 0.0, -0.969101470649062, 0.24666240002445658, BFz, 0.0, -0.24666240002445644, -0.9691014706490615
Time, 0.154, Pos_X, 0.015080295976376001, Pos_Y, 0.008498941333119557, Pos_Z, -0.015316869600840947, BFx, 1.0, 0.0, 0.0,                             BFy, 0.0, -0.9685468570585282, 0.2488312393612333, BFz, 0.0, -0.24883123936123314, -0.9685468570585275
Time, 0.156, Pos_X, 0.015212190676968001, Pos_Y, 0.008583318331065399, Pos_Z, -0.01576258558496758, BFx, 1.0, 0.0, 0.0,                             BFy, 0.0, -0.9679752306168977, 0.25104571876884063, BFz, 0.0, -0.2510457187688404, -0.967975230616897
Time, 0.158, Pos_X, 0.015336309503560002, Pos_Y, 0.008661709664651808, Pos_Z, -0.016208202047140265, BFx, 1.0, 0.0, 0.0,                             BFy, 0.0, -0.967386704123062, 0.25330409528059156, BFz, 0.0, -0.2533040952805913, -0.9673867041230614
Time, 0.16, Pos_X, 0.015453078929352002, Pos_Y, 0.008734212073094199, Pos_Z, -0.016653671623363175, BFx, 1.0, 0.0, 0.0,                             BFy, 0.0, -0.9667819497710098, 0.25560254614726374, BFz, 0.0, -0.2556025461472634, -0.9667819497710092
Time, 0.162, Pos_X, 0.015562931364744003, Pos_Y, 0.008800932354382243, Pos_Z, -0.017098972959905083, BFx, 1.0, 0.0, 0.0,                             BFy, 0.0, -0.9661620161093238, 0.2579359583841819, BFz, 0.0, -0.25793595838418143, -0.9661620161093232
Time, 0.164, Pos_X, 0.015666301678136003, Pos_Y, 0.008861986161042305, Pos_Z, -0.017544106550702772, BFx, 1.0, 0.0, 0.0,                             BFy, 0.0, -0.9655281906897301, 0.26029850745522165, BFz, 0.0, -0.26029850745522115, -0.9655281906897295
Time, 0.166, Pos_X, 0.015763624643728002, Pos_Y, 0.008917497965969112, Pos_Z, -0.01798909290222951, BFx, 1.0, 0.0, 0.0,                             BFy, 0.0, -0.9648818820017384, 0.26268413310434924, BFz, 0.0, -0.26268413310434885, -0.9648818820017377
Time, 0.168, Pos_X, 0.015855332165920003, Pos_Y, 0.008967600723794213, Pos_Z, -0.01843397068376457, BFx, 1.0, 0.0, 0.0,                             BFy, 0.0, -0.9642244807087131, 0.265087062683211, BFz, 0.0, -0.2650870626832107, -0.9642244807087126
Time, 0.17, Pos_X, 0.015941850044912, Pos_Y, 0.009012435432879934, Pos_Z, -0.018878796129633345, BFx, 1.0, 0.0, 0.0,                             BFy, 0.0, -0.9635572691892379, 0.2675021289496188, BFz, 0.0, -0.26750212894961845, -0.9635572691892373
Time, 0.172, Pos_X, 0.016023596660904, Pos_Y, 0.00905215238778321, Pos_Z, -0.019323645405948293, BFx, 1.0, 0.0, 0.0,                             BFy, 0.0, -0.9628813338475526, 0.26992505798454014, BFz, 0.0, -0.2699250579845399, -0.9628813338475523
Time, 0.174, Pos_X, 0.016100984421096, Pos_Y, 0.009086913822433497, Pos_Z, -0.019768618316519635, BFx, 1.0, 0.0, 0.0,                             BFy, 0.0, -0.9621974983923692, 0.2723526649171373, BFz, 0.0, -0.27235266491713706, -0.9621974983923689
Time, 0.176, Pos_X, 0.016174419856168, Pos_Y, 0.00911689535855889, Pos_Z, -0.02021384024619088, BFx, 1.0, 0.0, 0.0,                             BFy, 0.0, -0.9615063197919276, 0.27478281787656056, BFz, 0.0, -0.2747828178765604, -0.9615063197919272
Time, 0.178, Pos_X, 0.01624430689704, Pos_Y, 0.009142288657306418, Pos_Z, -0.02065946087266634, BFx, 1.0, 0.0, 0.0,                             BFy, 0.0, -0.9608080866416865, 0.2772143947271518, BFz, 0.0, -0.27721439472715165, -0.9608080866416859
Time, 0.18, Pos_X, 0.016311050087432, Pos_Y, 0.009163304852091747, Pos_Z, -0.021105652438053405, BFx, 1.0, 0.0, 0.0,                             BFy, 0.0, -0.9601029291847484, 0.2796468583246838, BFz, 0.0, -0.2796468583246836, -0.9601029291847479
Time, 0.182, Pos_X, 0.016375054227624, Pos_Y, 0.009180177357472423, Pos_Z, -0.021552607734666367, BFx, 1.0, 0.0, 0.0,                             BFy, 0.0, -0.9593909109611976, 0.28207991769185486, BFz, 0.0, -0.28207991769185475, -0.9593909109611971
Time, 0.184, Pos_X, 0.016436726592416, Pos_Y, 0.00919316445885733, Pos_Z, -0.0220005358224892, BFx, 1.0, 0.0, 0.0,                             BFy, 0.0, -0.9586720521679108, 0.28451343798169915, BFz, 0.0, -0.28451343798169904, -0.9586720521679104
Time, 0.186, Pos_X, 0.016496476213148, Pos_Y, 0.009202547216253137, Pos_Z, -0.022449657583321618, BFx, 1.0, 0.0, 0.0,                             BFy, 0.0, -0.95794636794045, 0.28694730552786163, BFz, 0.0, -0.2869473055278616, -0.9579463679404494
Time, 0.188, Pos_X, 0.01655470810702, Pos_Y, 0.009208624045717156, Pos_Z, -0.022900203770323545, BFx, 1.0, 0.0, 0.0,                             BFy, 0.0, -0.9572138505863252, 0.28938148566503075, BFz, 0.0, -0.2893814856650308, -0.9572138505863247
Time, 0.19, Pos_X, 0.016611820392711998, Pos_Y, 0.00921170782461168, Pos_Z, -0.023352414548210357, BFx, 1.0, 0.0, 0.0,                             BFy, 0.0, -0.9564743875171329, 0.29181628813985944, BFz, 0.0, -0.29181628813985944, -0.9564743875171323
Time, 0.192, Pos_X, 0.016668204363403997, Pos_Y, 0.009212125699138537, Pos_Z, -0.023806538957244227, BFx, 1.0, 0.0, 0.0,                             BFy, 0.0, -0.9557276944528679, 0.2942525684778387, BFz, 0.0, -0.2942525684778387, -0.9557276944528674
Time, 0.194, Pos_X, 0.016724243007495997, Pos_Y, 0.009210219025442112, Pos_Z, -0.02426283682342492, BFx, 1.0, 0.0, 0.0,                             BFy, 0.0, -0.9549732861389006, 0.2966917975965451, BFz, 0.0, -0.2966917975965452, -0.9549732861389001
Time, 0.196, Pos_X, 0.016780309127453995, Pos_Y, 0.009206344246940622, Pos_Z, -0.02472158229266877, BFx, 1.0, 0.0, 0.0,                             BFy, 0.0, -0.9542104197098765, 0.29913621465329343, BFz, 0.0, -0.29913621465329343, -0.954210419709876
Time, 0.198, Pos_X, 0.016836763034897995, Pos_Y, 0.009200873502673448, Pos_Z, -0.025183064641447348, BFx, 1.0, 0.0, 0.0,                             BFy, 0.0, -0.9534380951265558, 0.3015887908418426, BFz, 0.0, -0.3015887908418426, -0.9534380951265552
Time, 0.2, Pos_X, 0.016893948709661995, Pos_Y, 0.009194192286706824, Pos_Z, -0.025647585307086815, BFx, 1.0, 0.0, 0.0,                             BFy, 0.0, -0.9526551200358875, 0.3040529925348683, BFz, 0.0, -0.30405299253486834, -0.9526551200358869
Time, 0.202, Pos_X, 0.016952191277985994, Pos_Y, 0.00918669664898029, Pos_Z, -0.026115453430596482, BFx, 1.0, 0.0, 0.0,                             BFy, 0.0, -0.9518602596327407, 0.3065322921518895, BFz, 0.0, -0.30653229215188954, -0.9518602596327401
Time, 0.204, Pos_X, 0.017011797562489994, Pos_Y, 0.00917878955971466, Pos_Z, -0.026586977595150982, BFx, 1.0, 0.0, 0.0,                             BFy, 0.0, -0.95105225447686, 0.3090301105952001, BFz, 0.0, -0.3090301105952002, -0.9510522544768595
Time, 0.206, Pos_X, 0.017073053276253993, Pos_Y, 0.009170875003490984, Pos_Z, -0.02706246148342489, BFx, 1.0, 0.0, 0.0,                             BFy, 0.0, -0.9502298270477131, 0.31154979664392773, BFz, 0.0, -0.31154979664392796, -0.9502298270477124
Time, 0.208, Pos_X, 0.017136217235117993, Pos_Y, 0.009163353821368047, Pos_Z, -0.027542205873838144, BFx, 1.0, 0.0, 0.0,                             BFy, 0.0, -0.9493917235312256, 0.3140945005733284, BFz, 0.0, -0.3140945005733286, -0.9493917235312249
Time, 0.21, Pos_X, 0.017201519677041994, Pos_Y, 0.009156620591308165, Pos_Z, -0.028026505838322356, BFx, 1.0, 0.0, 0.0,                             BFy, 0.0, -0.9485367622175171, 0.3166670344729759, BFz, 0.0, -0.316667034472976, -0.9485367622175165
Time, 0.212, Pos_X, 0.017269161744685995, Pos_Y, 0.009151059486120461, Pos_Z, -0.028515646690433286, BFx, 1.0, 0.0, 0.0,                             BFy, 0.0, -0.9476639286015138, 0.31926960147741035, BFz, 0.0, -0.3192696014774104, -0.9476639286015132
Time, 0.214, Pos_X, 0.017339313997529995, Pos_Y, 0.009147040074390406, Pos_Z, -0.02900990106555015, BFx, 1.0, 0.0, 0.0,                             BFy, 0.0, -0.9467723893292498, 0.321903778796993, BFz, 0.0, -0.321903778796993, -0.946772389329249
Time, 0.216, Pos_X, 0.017412117016713996, Pos_Y, 0.009144914382320353, Pos_Z, -0.02950952532405157, BFx, 1.0, 0.0, 0.0,                             BFy, 0.0, -0.9458614979484837, 0.32457052654030494, BFz, 0.0, -0.32457052654030494, -0.9458614979484828
Time, 0.218, Pos_X, 0.017487682417937998, Pos_Y, 0.00914501528637353, Pos_Z, -0.030014757321396347, BFx, 1.0, 0.0, 0.0,                             BFy, 0.0, -0.9449307187598773, 0.32727043365379377, BFz, 0.0, -0.32727043365379366, -0.9449307187598762
Time, 0.22, Pos_X, 0.017566091024382, Pos_Y, 0.009147654361783957, Pos_Z, -0.030525815321479605, BFx, 1.0, 0.0, 0.0,                             BFy, 0.0, -0.9439795081424381, 0.3300040730160175, BFz, 0.0, -0.3300040730160173, -0.943979508142437
Time, 0.222, Pos_X, 0.017647391489646, Pos_Y, 0.00915311971289997, Pos_Z, -0.03104289510429625, BFx, 1.0, 0.0, 0.0,                             BFy, 0.0, -0.9430072350138994, 0.3327722264724637, BFz, 0.0, -0.3327722264724635, -0.9430072350138983
Time, 0.224, Pos_X, 0.01773161166149, Pos_Y, 0.009161678667526695, Pos_Z, -0.03156616352798304, BFx, 1.0, 0.0, 0.0,                             BFy, 0.0, -0.9420131390165121, 0.3355759912750878, BFz, 0.0, -0.33557599127508775, -0.9420131390165111
Time, 0.226, Pos_X, 0.017818765998414, Pos_Y, 0.009173575745296165, Pos_Z, -0.03209575134189291, BFx, 1.0, 0.0, 0.0,                             BFy, 0.0, -0.9409963195008664, 0.33841679433181787, BFz, 0.0, -0.3384167943318178, -0.9409963195008653
Time, 0.228, Pos_X, 0.017908854739198, Pos_Y, 0.009189029337380132, Pos_Z, -0.032631750488330696, BFx, 1.0, 0.0, 0.0,                             BFy, 0.0, -0.9399557469880226, 0.3412963429399577, BFz, 0.0, -0.34129634293995764, -0.9399557469880215
Time, 0.23, Pos_X, 0.018001865577442, Pos_Y, 0.009208233070343082, Pos_Z, -0.03317421473114677, BFx, 1.0, 0.0, 0.0,                             BFy, 0.0, -0.9388902153058855, 0.3442167392833607, BFz, 0.0, -0.3442167392833606, -0.9388902153058842
Time, 0.232, Pos_X, 0.018097773925886, Pos_Y, 0.009231354084574183, Pos_Z, -0.03372315930197126, BFx, 1.0, 0.0, 0.0,                             BFy, 0.0, -0.9377983496072884, 0.3471804364791418, BFz, 0.0, -0.34718043647914165, -0.9377983496072871
Time, 0.234, Pos_X, 0.018196547634130002, Pos_Y, 0.009258531092501092, Pos_Z, -0.03427855907503368, BFx, 1.0, 0.0, 0.0,                             BFy, 0.0, -0.9366785028025383, 0.3501904944278136, BFz, 0.0, -0.3501904944278133, -0.9366785028025371
Time, 0.236, Pos_X, 0.018298154463074, Pos_Y, 0.00928987414173462, Pos_Z, -0.03484034481460939, BFx, 1.0, 0.0, 0.0,                             BFy, 0.0, -0.9355289061067817, 0.3532501462684052, BFz, 0.0, -0.35325014626840484, -0.9355289061067805
Time, 0.238, Pos_X, 0.018402568698118, Pos_Y, 0.00932546702493482, Pos_Z, -0.035408397862673795, BFx, 1.0, 0.0, 0.0,                             BFy, 0.0, -0.9343477519599485, 0.3563625659456843, BFz, 0.0, -0.3563625659456839, -0.9343477519599472
Time, 0.24, Pos_X, 0.018509775823042, Pos_Y, 0.009365369950548378, Pos_Z, -0.03598254508177031, BFx, 1.0, 0.0, 0.0,                             BFy, 0.0, -0.9331332737437164, 0.35953065715225985, BFz, 0.0, -0.35953065715225946, -0.933133273743715
Time, 0.242, Pos_X, 0.018619777730246, Pos_Y, 0.00940962172750917, Pos_Z, -0.03656255508564433, BFx, 1.0, 0.0, 0.0,                             BFy, 0.0, -0.9318838198805373, 0.36275686932828716, BFz, 0.0, -0.36275686932828677, -0.9318838198805359
Time, 0.244, Pos_X, 0.01873259756611, Pos_Y, 0.009458240882629573, Pos_Z, -0.03714813663202294, BFx, 1.0, 0.0, 0.0,                             BFy, 0.0, -0.9305977250202218, 0.3660435413816083, BFz, 0.0, -0.36604354138160794, -0.9305977250202204
Time, 0.246, Pos_X, 0.018848281975434, Pos_Y, 0.009511225128549005, Pos_Z, -0.037738939059450256, BFx, 1.0, 0.0, 0.0,                             BFy, 0.0, -0.9292733637127321, 0.3693927658929257, BFz, 0.0, -0.36939276589292536, -0.9292733637127306
Time, 0.248, Pos_X, 0.018966904456238, Pos_Y, 0.009568552304117437, Pos_Z, -0.03833455296435467, BFx, 1.0, 0.0, 0.0,                             BFy, 0.0, -0.9279091935611572, 0.372806288177499, BFz, 0.0, -0.37280628817749867, -0.9279091935611555
Time, 0.25, Pos_X, 0.019088570869122, Pos_Y, 0.009630183080320657, Pos_Z, -0.03893451069228068, BFx, 1.0, 0.0, 0.0,                             BFy, 0.0, -0.9265038110685027, 0.37628538116108373, BFz, 0.0, -0.3762853811610835, -0.9265038110685009
Time, 0.252, Pos_X, 0.019213423369806, Pos_Y, 0.009696062486013372, Pos_Z, -0.03953828749882757, BFx, 1.0, 0.0, 0.0,                             BFy, 0.0, -0.9250560187896532, 0.3798307018936712, BFz, 0.0, -0.3798307018936709, -0.9250560187896514
Time, 0.254, Pos_X, 0.019341643264289998, Pos_Y, 0.00976612143427926, Pos_Z, -0.04014530345010768, BFx, 1.0, 0.0, 0.0,                             BFy, 0.0, -0.9235648780331064, 0.3834421939011083, BFz, 0.0, -0.3834421939011081, -0.9235648780331046
Time, 0.256, Pos_X, 0.019473452833573997, Pos_Y, 0.00984027808453705, Pos_Z, -0.040754926075369236, BFx, 1.0, 0.0, 0.0,                             BFy, 0.0, -0.9220298412757824, 0.38711880837406687, BFz, 0.0, -0.38711880837406676, -0.9220298412757806
Time, 0.258, Pos_X, 0.019609115507557996, Pos_Y, 0.009918437073119778, Pos_Z, -0.04136647365938478, BFx, 1.0, 0.0, 0.0,                             BFy, 0.0, -0.9204507795724195, 0.39085849406726086, BFz, 0.0, -0.39085849406726075, -0.9204507795724175
Time, 0.26, Pos_X, 0.019748936323441997, Pos_Y, 0.010000488269890532, Pos_Z, -0.041979219046157576, BFx, 1.0, 0.0, 0.0,                             BFy, 0.0, -0.9188278889974485, 0.394658473113773, BFz, 0.0, -0.39465847311377283, -0.9188278889974464
Time, 0.262, Pos_X, 0.019893261980525996, Pos_Y, 0.010086306830164923, Pos_Z, -0.04259239616665512, BFx, 1.0, 0.0, 0.0,                             BFy, 0.0, -0.9171618196615968, 0.3985149891221543, BFz, 0.0, -0.398514989122154, -0.9171618196615947
Time, 0.264, Pos_X, 0.020042478711009996, Pos_Y, 0.01017575379032842, Pos_Z, -0.04320520872677592, BFx, 1.0, 0.0, 0.0,                             BFy, 0.0, -0.9154536541456972, 0.4024234176974455, BFz, 0.0, -0.4024234176974452, -0.9154536541456951
Time, 0.266, Pos_X, 0.020197009101693995, Pos_Y, 0.010268676661861402, Pos_Z, -0.04381683773105112, BFx, 1.0, 0.0, 0.0,                             BFy, 0.0, -0.9137049308555805, 0.4063782712328515, BFz, 0.0, -0.4063782712328512, -0.9137049308555786
Time, 0.268, Pos_X, 0.020357307839777995, Pos_Y, 0.01036491054500216, Pos_Z, -0.04442644937074342, BFx, 1.0, 0.0, 0.0,                             BFy, 0.0, -0.9119176055339951, 0.4103733430879094, BFz, 0.0, -0.41037334308790907, -0.9119176055339931
Time, 0.27, Pos_X, 0.020523857340061995, Pos_Y, 0.010464279922939208, Pos_Z, -0.045033202878383166, BFx, 1.0, 0.0, 0.0,                             BFy, 0.0, -0.9100938969557196, 0.41440209787590826, BFz, 0.0, -0.41440209787590787, -0.9100938969557176
Time, 0.272, Pos_X, 0.020697163987745997, Pos_Y, 0.010566600318818153, Pos_Z, -0.04563625709879356, BFx, 1.0, 0.0, 0.0,                             BFy, 0.0, -0.9082361278648742, 0.41845804573579604, BFz, 0.0, -0.41845804573579565, -0.9082361278648722
Time, 0.274, Pos_X, 0.020877752034829996, Pos_Y, 0.010671679512664307, Pos_Z, -0.046234778133665694, BFx, 1.0, 0.0, 0.0,                             BFy, 0.0, -0.906346664545371, 0.4225348786401928, BFz, 0.0, -0.4225348786401924, -0.9063466645453689
Time, 0.276, Pos_X, 0.021066156522513996, Pos_Y, 0.010779319069628401, Pos_Z, -0.04682794884115477, BFx, 1.0, 0.0, 0.0,                             BFy, 0.0, -0.9044277853643191, 0.42662674677168894, BFz, 0.0, -0.4266267467716886, -0.904427785364317
Time, 0.278, Pos_X, 0.021262916220997997, Pos_Y, 0.01088931656032776, Pos_Z, -0.04741497873511095, BFx, 1.0, 0.0, 0.0,                             BFy, 0.0, -0.902481558529787, 0.43072849512616207, BFz, 0.0, -0.43072849512616174, -0.9024815585297847
Time, 0.28, Pos_X, 0.021468566092682, Pos_Y, 0.011001467910086408, Pos_Z, -0.04799511320454921, BFx, 1.0, 0.0, 0.0,                             BFy, 0.0, -0.9005099036140964, 0.4348355016473839, BFz, 0.0, -0.43483550164738355, -0.9005099036140943
Time, 0.282, Pos_X, 0.021683628937565994, Pos_Y, 0.01111556873871151, Pos_Z, -0.0485676419899098, BFx, 1.0, 0.0, 0.0,                             BFy, 0.0, -0.89851458733426, 0.4389436596506957, BFz, 0.0, -0.4389436596506954, -0.8985145873342578
Time, 0.284, Pos_X, 0.021908606604649994, Pos_Y, 0.011231415093531512, Pos_Z, -0.049131906654686086, BFx, 1.0, 0.0, 0.0,                             BFy, 0.0, -0.8964973123023768, 0.44304917225361806, BFz, 0.0, -0.4430491722536177, -0.8964973123023747
Time, 0.286, Pos_X, 0.022143973023733995, Pos_Y, 0.011348805573434928, Pos_Z, -0.049687307832550105, BFx, 1.0, 0.0, 0.0,                             BFy, 0.0, -0.8944597702388607, 0.44714843108776064, BFz, 0.0, -0.44714843108776026, -0.8944597702388586
Time, 0.288, Pos_X, 0.022390164478817996, Pos_Y, 0.011467543452320504, Pos_Z, -0.05023331300946629, BFx, 1.0, 0.0, 0.0,                             BFy, 0.0, -0.8924036579775368, 0.45123797627007467, BFz, 0.0, -0.45123797627007434, -0.8924036579775348
Time, 0.29, Pos_X, 0.022647571376901997, Pos_Y, 0.01158743899547113, Pos_Z, -0.05076946202892696, BFx, 1.0, 0.0, 0.0,                             BFy, 0.0, -0.8903305235683088, 0.4553147908893167, BFz, 0.0, -0.4553147908893164, -0.8903305235683068
Time, 0.292, Pos_X, 0.022916532929985998, Pos_Y, 0.01170831221497977, Pos_Z, -0.05129537048527163, BFx, 1.0, 0.0, 0.0,                             BFy, 0.0, -0.8882416819212106, 0.45937644094770463, BFz, 0.0, -0.4593764409477043, -0.8882416819212086
Time, 0.294, Pos_X, 0.023197328538669997, Pos_Y, 0.011829994664494097, Pos_Z, -0.051810733383648055, BFx, 1.0, 0.0, 0.0,                             BFy, 0.0, -0.8861379043484076, 0.46342163790333885, BFz, 0.0, -0.46342163790333846, -0.8861379043484057
Time, 0.296, Pos_X, 0.023490173856753997, Pos_Y, 0.011952333424508924, Pos_Z, -0.05231532781748172, BFx, 1.0, 0.0, 0.0,                             BFy, 0.0, -0.8840191658625719, 0.4674506544948281, BFz, 0.0, -0.46745065449482764, -0.88401916586257
Time, 0.298, Pos_X, 0.023795217580037997, Pos_Y, 0.012075193413411532, Pos_Z, -0.05280901497046047, BFx, 1.0, 0.0, 0.0,                             BFy, 0.0, -0.8818845447337926, 0.4714654279580551, BFz, 0.0, -0.4714654279580547, -0.8818845447337906
Time, 0.3, Pos_X, 0.024112534619721997, Pos_Y, 0.012198458826141135, Pos_Z, -0.05329174475313677, BFx, 1.0, 0.0, 0.0,                             BFy, 0.0, -0.8797317197290904, 0.4754704000276968, BFz, 0.0, -0.47547040002769636, -0.8797317197290884
Time, 0.302, Pos_X, 0.024442123170006, Pos_Y, 0.012322035620490763, Pos_Z, -0.05376355938295527, BFx, 1.0, 0.0, 0.0,                             BFy, 0.0, -0.8775567240861186, 0.47947283135881696, BFz, 0.0, -0.4794728313588165, -0.8775567240861168
Time, 0.304, Pos_X, 0.02478390508489, Pos_Y, 0.012445851057189658, Pos_Z, -0.054224591901215834, BFx, 1.0, 0.0, 0.0,                             BFy, 0.0, -0.8753538154709474, 0.48348288257233596, BFz, 0.0, -0.4834828825723355, -0.8753538154709456
Time, 0.306, Pos_X, 0.025137727331774, Pos_Y, 0.012569852031694787, Pos_Z, -0.054675061018429734, BFx, 1.0, 0.0, 0.0,                             BFy, 0.0, -0.8731156447769235, 0.4875131494080725, BFz, 0.0, -0.48751314940807206, -0.8731156447769217
Time, 0.308, Pos_X, 0.025503363986658, Pos_Y, 0.012694004462618098, Pos_Z, -0.05511526451410029, BFx, 1.0, 0.0, 0.0,                             BFy, 0.0, -0.8708336200316819, 0.4915778740164342, BFz, 0.0, -0.4915778740164337, -0.87083362003168
Time, 0.31, Pos_X, 0.025880518516342, Pos_Y, 0.012818295253908433, Pos_Z, -0.055545575409955104, BFx, 1.0, 0.0, 0.0,                             BFy, 0.0, -0.8684982028669517, 0.4956923154708735, BFz, 0.0, -0.49569231547087306, -0.8684982028669498
Time, 0.312, Pos_X, 0.026268825721225998, Pos_Y, 0.012942733584915038, Pos_Z, -0.05596644063108053, BFx, 1.0, 0.0, 0.0,                             BFy, 0.0, -0.8660993618569254, 0.49987187897603097, BFz, 0.0, -0.4998718789760305, -0.8660993618569234
Time, 0.314, Pos_X, 0.026667855905309998, Pos_Y, 0.013067352577750399, Pos_Z, -0.05637838082323012, BFx, 1.0, 0.0, 0.0,                             BFy, 0.0, -0.863627096313876, 0.5041311719309411, BFz, 0.0, -0.5041311719309408, -0.8636270963138741
Time, 0.316, Pos_X, 0.027077125329594, Pos_Y, 0.013192209981830074, Pos_Z, -0.056781978213044725, BFx, 1.0, 0.0, 0.0,                             BFy, 0.0, -0.86107165525725, 0.5084836324922765, BFz, 0.0, -0.508483632492276, -0.8610716552572482
