Time, 0, Pos_X, 0.0, Pos_Y, 0.0, Pos_Z, 0.0, BFx, 1, 0, 0,                         BFy, 0, -1, 0, BFz, 0, 0, -1
Time, 0.0, Pos_X, 0.0, Pos_Y, 0.0, Pos_Z, 0.0, BFx, 1.0, 0.0, 0.0,                             BFy, 0.0, -1.0, 0.0, BFz, 0.0, 0.0, -1.0
Time, 0.002, Pos_X, 9.9077212e-07, Pos_Y, -7.405492368131945e-06, Pos_Z, -7.60416509274772e-06, BFx, 1.0, 0.0, 0.0,                             BFy, 0.0, -0.9995317564792163, -0.030598493256578662, BFz, 0.0, 0.03059849325657866, -0.9995317564792163
Time, 0.004, Pos_X, 3.97185246e-06, Pos_Y, -2.9797115035981994e-05, Pos_Z, -2.9945837161991705e-05, BFx, 1.0, 0.0, 0.0,                             BFy, 0.0, -0.9981186120985278, -0.061312610305787316, BFz, 0.0, 0.06131261030578731, -0.9981186120985277
Time, 0.006, Pos_X, 8.960454499999999e-06, Pos_Y, -6.749969879079826e-05, Pos_Z, -6.606326734673302e-05, BFx, 1.0, 0.0, 0.0,                             BFy, 0.0, -0.9957471360427388, -0.09212839444321247, BFz, 0.0, 0.09212839444321247, -0.9957471360427387
Time, 0.008, Pos_X, 1.597316114e-05, Pos_Y, -0.0001207855394751985, Pos_Z, -0.00011495491911732104, BFx, 1.0, 0.0, 0.0,                             BFy, 0.0, -0.9924027243478316, -0.12303183615228426, BFz, 0.0, 0.12303183615228425, -0.9924027243478315
Time, 0.01, Pos_X, 2.502597578e-05, Pos_Y, -0.00018987118242356506, Pos_Z, -0.00017558083110460435, BFx, 1.0, 0.0, 0.0,                             BFy, 0.0, -0.9880695800795705, -0.15400813264688923, BFz, 0.0, 0.15400813264688926, -0.9880695800795705
Time, 0.012, Pos_X, 3.613414822e-05, Pos_Y, -0.0002749140345395346, Pos_Z, -0.0002468650006207163, BFx, 1.0, 0.0, 0.0,                             BFy, 0.0, -0.9827307977116964, -0.18504102039529927, BFz, 0.0, 0.1850410203952993, -0.9827307977116965
Time, 0.014, Pos_X, 4.931149546e-05, Pos_Y, -0.00037600928680875303, Pos_Z, -0.00032769857873513877, BFx, 1.0, 0.0, 0.0,                             BFy, 0.0, -0.9763685859675211, -0.21611197175488417, BFz, 0.0, 0.2161119717548842, -0.9763685859675212
Time, 0.016, Pos_X, 6.45693011e-05, Pos_Y, -0.0004931871780136012, Pos_Z, -0.00041694311465949796, BFx, 1.0, 0.0, 0.0,                             BFy, 0.0, -0.9689646108314084, -0.24719948008913367, BFz, 0.0, 0.24719948008913373, -0.9689646108314085
Time, 0.018, Pos_X, 8.191593103999998e-05, Pos_Y, -0.0006264098847105508, Pos_Z, -0.0005134336581964297, BFx, 1.0, 0.0, 0.0,                             BFy, 0.0, -0.9605004903727804, -0.27827829235074847, BFz, 0.0, 0.2782782923507485, -0.9605004903727806
Time, 0.02, Pos_X, 0.00010135686408, Pos_Y, -0.0007755686983819764, Pos_Z, -0.0006159824095681759, BFx, 1.0, 0.0, 0.0,                             BFy, 0.0, -0.9509583685054379, -0.30931889914694194, BFz, 0.0, 0.30931889914694205, -0.950958368505438
Time, 0.022, Pos_X, 0.00012289450971999998, Pos_Y, -0.0009404819335507399, Pos_Z, -0.0007233830600490695, BFx, 1.0, 0.0, 0.0,                             BFy, 0.0, -0.9403215552167237, -0.3402871916408289, BFz, 0.0, 0.340287191640829, -0.9403215552167238
Time, 0.024, Pos_X, 0.00014652792564, Pos_Y, -0.0011208930699936847, Pos_Z, -0.0008344158086770468, BFx, 1.0, 0.0, 0.0,                             BFy, 0.0, -0.9285751662255042, -0.37114439328821536, BFz, 0.0, 0.37114439328821547, -0.9285751662255043
Time, 0.026, Pos_X, 0.00017225217744, Pos_Y, -0.0013164694970765024, Pos_Z, -0.0009478529655256721, BFx, 1.0, 0.0, 0.0,                             BFy, 0.0, -0.9157066318819415, -0.40184743912016013, BFz, 0.0, 0.40184743912016024, -0.9157066318819416
Time, 0.028, Pos_X, 0.00020005817924000001, Pos_Y, -0.0015268023282934734, Pos_Z, -0.0010624652830390302, BFx, 1.0, 0.0, 0.0,                             BFy, 0.0, -0.9017032575692613, -0.4323554501668535, BFz, 0.0, 0.4323554501668536, -0.9017032575692614
Time, 0.03, Pos_X, 0.00022993259483999998, Pos_Y, -0.0017514070572241837, Pos_Z, -0.0011770289067651036, BFx, 1.0, 0.0, 0.0,                             BFy, 0.0, -0.8865591980133684, -0.46261516233030336, BFz, 0.0, 0.46261516233030353, -0.8865591980133685
Time, 0.032, Pos_X, 0.00026185756504000003, Pos_Y, -0.001989724632747803, Pos_Z, -0.0012903322371992936, BFx, 1.0, 0.0, 0.0,                             BFy, 0.0, -0.8702719036487332, -0.4925716330845801, BFz, 0.0, 0.4925716330845802, -0.8702719036487333
Time, 0.034, Pos_X, 0.0002958105310400001, Pos_Y, -0.0022411232420119875, Pos_Z, -0.0014011827650092846, BFx, 1.0, 0.0, 0.0,                             BFy, 0.0, -0.8528423260218823, -0.5221685235109309, BFz, 0.0, 0.522168523510931, -0.8528423260218825
Time, 0.036, Pos_X, 0.00033176422016, Pos_Y, -0.002504900863778699, Pos_Z, -0.0015084135291969676, BFx, 1.0, 0.0, 0.0,                             BFy, 0.0, -0.8342750946094578, -0.5513484075558578, BFz, 0.0, 0.5513484075558578, -0.834275094609458
Time, 0.038, Pos_X, 0.00036968708980000006, Pos_Y, -0.0027802887755774067, Pos_Z, -0.0016108894104498296, BFx, 1.0, 0.0, 0.0,                             BFy, 0.0, -0.8145785371121571, -0.580053279342698, BFz, 0.0, 0.580053279342698, -0.8145785371121572
Time, 0.04, Pos_X, 0.0004095436192400001, Pos_Y, -0.0030664562211162494, Pos_Z, -0.0017075136861251304, BFx, 1.0, 0.0, 0.0,                             BFy, 0.0, -0.7937645856741633, -0.6082251084339777, BFz, 0.0, 0.6082251084339779, -0.7937645856741635
Time, 0.042, Pos_X, 0.00045129467756000016, Pos_Y, -0.003362515492704044, Pos_Z, -0.0017972345489051982, BFx, 1.0, 0.0, 0.0,                             BFy, 0.0, -0.7718487641667529, -0.6358061695629076, BFz, 0.0, 0.6358061695629078, -0.7718487641667531
Time, 0.044, Pos_X, 0.00049489837796, Pos_Y, -0.003667527047388021, Pos_Z, -0.0018790515686410952, BFx, 1.0, 0.0, 0.0,                             BFy, 0.0, -0.7488499833206682, -0.6627395434713663, BFz, 0.0, 0.6627395434713667, -0.7488499833206684
Time, 0.046, Pos_X, 0.0005403110832800001, Pos_Y, -0.003980504842416959, Pos_Z, -0.0019520217368066842, BFx, 1.0, 0.0, 0.0,                             BFy, 0.0, -0.7247903145026985, -0.6889695203730567, BFz, 0.0, 0.688969520373057, -0.7247903145026987
Time, 0.048, Pos_X, 0.0005874885579200002, Pos_Y, -0.004300421809796778, Pos_Z, -0.0020152648415025015, BFx, 1.0, 0.0, 0.0,                             BFy, 0.0, -0.6996947171276992, -0.7144419520322066, BFz, 0.0, 0.7144419520322068, -0.6996947171276993
Time, 0.05, Pos_X, 0.0006363869534800002, Pos_Y, -0.0046262158786626, Pos_Z, -0.0020679679175836627, BFx, 1.0, 0.0, 0.0,                             BFy, 0.0, -0.673591037104953, -0.739104265128997, BFz, 0.0, 0.7391042651289973, -0.673591037104953
Time, 0.052, Pos_X, 0.00068696427324, Pos_Y, -0.004956796207556583, Pos_Z, -0.0021093887766057556, BFx, 1.0, 0.0, 0.0,                             BFy, 0.0, -0.6465099505389449, -0.762905553692023, BFz, 0.0, 0.7629055536920232, -0.6465099505389448
Time, 0.054, Pos_X, 0.0007391825332000001, Pos_Y, -0.005291048535202038, Pos_Z, -0.0021388593501936557, BFx, 1.0, 0.0, 0.0,                             BFy, 0.0, -0.6184850657465981, -0.7857965534719702, BFz, 0.0, 0.7857965534719704, -0.618485065746598
Time, 0.056, Pos_X, 0.0007930093147600002, Pos_Y, -0.00562783088693907, Pos_Z, -0.002155782986254942, BFx, 1.0, 0.0, 0.0,                             BFy, 0.0, -0.5895531361923122, -0.8077295955985577, BFz, 0.0, 0.807729595598558, -0.5895531361923121
Time, 0.058, Pos_X, 0.0008484188049200002, Pos_Y, -0.005965981084470547, Pos_Z, -0.0021596387920961644, BFx, 1.0, 0.0, 0.0,                             BFy, 0.0, -0.5597542053465053, -0.8286586930678412, BFz, 0.0, 0.8286586930678415, -0.5597542053465052
Time, 0.06, Pos_X, 0.0009053932932000001, Pos_Y, -0.0063043328134263065, Pos_Z, -0.002149990833163496, BFx, 1.0, 0.0, 0.0,                             BFy, 0.0, -0.5291317374408504, -0.8485396893680505, BFz, 0.0, 0.8485396893680507, -0.5291317374408502
Time, 0.062, Pos_X, 0.0009639252108800001, Pos_Y, -0.0066417194824290185, Pos_Z, -0.0021264891756421346, BFx, 1.0, 0.0, 0.0,                             BFy, 0.0, -0.4977327812308848, -0.8673304321238641, BFz, 0.0, 0.8673304321238643, -0.49773278123088466
Time, 0.064, Pos_X, 0.00102401832202, Pos_Y, -0.006976978328642562, Pos_Z, -0.0020888702000715596, BFx, 1.0, 0.0, 0.0,                             BFy, 0.0, -0.465607776676123, -0.8849911854356055, BFz, 0.0, 0.8849911854356057, -0.4656077766761228
Time, 0.066, Pos_X, 0.00108568923236, Pos_Y, -0.0073089539032391085, Pos_Z, -0.0020369566927485156, BFx, 1.0, 0.0, 0.0,                             BFy, 0.0, -0.43281054114474343, -0.9014849058492299, BFz, 0.0, 0.9014849058492301, -0.43281054114474327
Time, 0.068, Pos_X, 0.0011489694805000002, Pos_Y, -0.007636501056312414, Pos_Z, -0.0019706583771398768, BFx, 1.0, 0.0, 0.0,                             BFy, 0.0, -0.3993979023675122, -0.9167776805662493, BFz, 0.0, 0.9167776805662495, -0.399397902367512
Time, 0.07, Pos_X, 0.0012139052373000003, Pos_Y, -0.007958488164044425, Pos_Z, -0.001889971795318355, BFx, 1.0, 0.0, 0.0,                             BFy, 0.0, -0.36542929037654864, -0.9308391019584925, BFz, 0.0, 0.9308391019584927, -0.36542929037654837
Time, 0.072, Pos_X, 0.0012805591065, Pos_Y, -0.008273798724196651, Pos_Z, -0.0017949811211350458, BFx, 1.0, 0.0, 0.0,                             BFy, 0.0, -0.3309662655415543, -0.9436425865090438, BFz, 0.0, 0.9436425865090441, -0.330966265541554
Time, 0.074, Pos_X, 0.00134901550626, Pos_Y, -0.008581332760542062, Pos_Z, -0.00168586042558911, BFx, 1.0, 0.0, 0.0,                             BFy, 0.0, -0.29607223439154295, -0.9551655521543897, BFz, 0.0, 0.9551655521543899, -0.2960722343915427
Time, 0.076, Pos_X, 0.00141938245734, Pos_Y, -0.008880013137709896, Pos_Z, -0.0015628741370764083, BFx, 1.0, 0.0, 0.0,                             BFy, 0.0, -0.2608119391280802, -0.9653896272532928, BFz, 0.0, 0.9653896272532931, -0.26081193912808
Time, 0.078, Pos_X, 0.00149179023898, Pos_Y, -0.009168795989295715, Pos_Z, -0.0014263752708058883, BFx, 1.0, 0.0, 0.0,                             BFy, 0.0, -0.22525118553818096, -0.9743007253480032, BFz, 0.0, 0.9743007253480035, -0.2252511855381807
Time, 0.08, Pos_X, 0.0015663919843400002, Pos_Y, -0.009446679334137858, Pos_Z, -0.0012768041706425267, BFx, 1.0, 0.0, 0.0,                             BFy, 0.0, -0.18945663498881982, -0.9818890891840657, BFz, 0.0, 0.981889089184066, -0.18945663498881954
Time, 0.082, Pos_X, 0.0016433650230200003, Pos_Y, -0.00971270835124002, Pos_Z, -0.001114687398373035, BFx, 1.0, 0.0, 0.0,                             BFy, 0.0, -0.15349556171789747, -0.9881493371615993, BFz, 0.0, 0.9881493371615996, -0.1534955617178972
Time, 0.084, Pos_X, 0.0017229117239800004, Pos_Y, -0.009965980024015001, Pos_Z, -0.0009406354886459089, BFx, 1.0, 0.0, 0.0,                             BFy, 0.0, -0.11743536271339029, -0.993080528247521, BFz, 0.0, 0.9930805282475214, -0.11743536271339003
Time, 0.086, Pos_X, 0.00180526144662, Pos_Y, -0.010205648224049992, Pos_Z, -0.0007553410288869634, BFx, 1.0, 0.0, 0.0,                             BFy, 0.0, -0.08134331730737131, -0.996686141535756, BFz, 0.0, 0.9966861415357563, -0.08134331730737104
Time, 0.088, Pos_X, 0.00189067265576, Pos_Y, -0.010430930981014873, Pos_Z, -0.000559576466531976, BFx, 1.0, 0.0, 0.0,                             BFy, 0.0, -0.045286282482989014, -0.9989740500227577, BFz, 0.0, 0.9989740500227582, -0.045286282482988736
Time, 0.09, Pos_X, 0.0019794346752, Pos_Y, -0.010641120351420404, Pos_Z, -0.00035419084308313824, BFx, 1.0, 0.0, 0.0,                             BFy, 0.0, -0.009330239618124616, -0.9999564723670069, BFz, 0.0, 0.9999564723670075, -0.009330239618124314
Time, 0.092, Pos_X, 0.0020718697386400003, Pos_Y, -0.010835593245512158, Pos_Z, -0.00014010504536085726, BFx, 1.0, 0.0, 0.0,                             BFy, 0.0, 0.02646025036388013, -0.9996498662785291, BFz, 0.0, 0.9996498662785299, 0.02646025036388045
Time, 0.094, Pos_X, 0.0021683345480800003, Pos_Y, -0.011013822003021988, Pos_Z, 8.169575642369355e-05, BFx, 1.0, 0.0, 0.0,                             BFy, 0.0, 0.06202240739694486, -0.9980747572104445, BFz, 0.0, 0.9980747572104453, 0.062022407396945214
Time, 0.096, Pos_X, 0.0022692216745200003, Pos_Y, -0.011175384310888015, Pos_Z, 0.0003101727197971447, BFx, 1.0, 0.0, 0.0,                             BFy, 0.0, 0.09729569943938715, -0.9952555183823905, BFz, 0.0, 0.9952555183823912, 0.09729569943938754
Time, 0.098, Pos_X, 0.0023749614249600004, Pos_Y, -0.011319972308894245, Pos_Z, 0.0005442458466869215, BFx, 1.0, 0.0, 0.0,                             BFy, 0.0, 0.13222219944091024, -0.9912201016802519, BFz, 0.0, 0.9912201016802524, 0.13222219944091065
Time, 0.1, Pos_X, 0.0024860232572000004, Pos_Y, -0.011447400523637585, Pos_Z, 0.0007828082855925398, BFx, 1.0, 0.0, 0.0,                             BFy, 0.0, 0.16674696327561353, -0.9859997212161684, BFz, 0.0, 0.9859997212161689, 0.166746963275614
Time, 0.102, Pos_X, 0.0026029157626399997, Pos_Y, -0.011557612372340681, Pos_Z, 0.0010247427215849007, BFx, 1.0, 0.0, 0.0,                             BFy, 0.0, 0.20081850158345302, -0.9796284649915892, BFz, 0.0, 0.9796284649915897, 0.2008185015834535
Time, 0.104, Pos_X, 0.0027261859614799997, Pos_Y, -0.0116506845792302, Pos_Z, 0.0012689382891815514, BFx, 1.0, 0.0, 0.0,                             BFy, 0.0, 0.2343892720147362, -0.9721428234392325, BFz, 0.0, 0.9721428234392331, 0.23438927201473667
Time, 0.106, Pos_X, 0.00285641699512, Pos_Y, -0.01172682848651988, Pos_Z, 0.0015143088101758847, BFx, 1.0, 0.0, 0.0,                             BFy, 0.0, 0.26741510540301977, -0.9635814243759023, BFz, 0.0, 0.9635814243759029, 0.2674151054030202
Time, 0.108, Pos_X, 0.00299422120496, Pos_Y, -0.011786386709656697, Pos_Z, 0.0017598127658124594, BFx, 1.0, 0.0, 0.0,                             BFy, 0.0, 0.29985438549902216, -0.9539849828466926, BFz, 0.0, 0.9539849828466932, 0.2998543854990226
Time, 0.11, Pos_X, 0.0031402348288, Pos_Y, -0.011829824179399803, Pos_Z, 0.002004471284780479, BFx, 1.0, 0.0, 0.0,                             BFy, 0.0, 0.3316669596301686, -0.9433965379890266, BFz, 0.0, 0.943396537989027, 0.33166695963016907
Time, 0.112, Pos_X, 0.00329511283864, Pos_Y, -0.011857715751656587, Pos_Z, 0.002247381783562681, BFx, 1.0, 0.0, 0.0,                             BFy, 0.0, 0.3628130024487126, -0.93186196684603, BFz, 0.0, 0.9318619668460304, 0.36281300244871306
Time, 0.114, Pos_X, 0.00345952215568, Pos_Y, -0.011870721052227737, Pos_Z, 0.0024877189576399616, BFx, 1.0, 0.0, 0.0,                             BFy, 0.0, 0.39325190833178936, -0.9194307676999975, BFz, 0.0, 0.9194307676999978, 0.3932519083317898
Time, 0.116, Pos_X, 0.0036341436529200005, Pos_Y, -0.011869546308836727, Pos_Z, 0.002724740139335952, BFx, 1.0, 0.0, 0.0,                             BFy, 0.0, 0.42294140356541504, -0.9061570333833523, BFz, 0.0, 0.9061570333833525, 0.4229414035654154
Time, 0.118, Pos_X, 0.0038196539201599995, Pos_Y, -0.011854891594719464, Pos_Z, 0.0029578376126327484, BFx, 1.0, 0.0, 0.0,                             BFy, 0.0, 0.45183671398819836, -0.8921006579374036, BFz, 0.0, 0.8921006579374037, 0.45183671398819875
Time, 0.12, Pos_X, 0.0040166933047999995, Pos_Y, -0.011827419218377419, Pos_Z, 0.00318661259352589, BFx, 1.0, 0.0, 0.0,                             BFy, 0.0, 0.47989029540250716, -0.8773285042551028, BFz, 0.0, 0.8773285042551029, 0.4798902954025075
Time, 0.122, Pos_X, 0.0042258513036399995, Pos_Y, -0.011787770646096972, Pos_Z, 0.003410909545653923, BFx, 1.0, 0.0, 0.0,                             BFy, 0.0, 0.5070518634531311, -0.861915545612625, BFz, 0.0, 0.861915545612625, 0.5070518634531315
Time, 0.124, Pos_X, 0.00444763480848, Pos_Y, -0.011736564935334152, Pos_Z, 0.0036308096642640405, BFx, 1.0, 0.0, 0.0,                             BFy, 0.0, 0.5332690511731483, -0.8459456951015778, BFz, 0.0, 0.8459456951015778, 0.5332690511731486
Time, 0.126, Pos_X, 0.00468245423192, Pos_Y, -0.011674379989864571, Pos_Z, 0.0038465946270335996, BFx, 1.0, 0.0, 0.0,                             BFy, 0.0, 0.5584888294858019, -0.8295120417086062, BFz, 0.0, 0.8295120417086062, 0.5584888294858024
Time, 0.128, Pos_X, 0.0049306382649599995, Pos_Y, -0.011601730991734092, Pos_Z, 0.004058708642990741, BFx, 1.0, 0.0, 0.0,                             BFy, 0.0, 0.5826594835723614, -0.8127163873105984, BFz, 0.0, 0.8127163873105984, 0.5826594835723619
Time, 0.13, Pos_X, 0.0051924154544, Pos_Y, -0.011519007914250567, Pos_Z, 0.004267746259796396, BFx, 1.0, 0.0, 0.0,                             BFy, 0.0, 0.6057329498241898, -0.7956680171386099, BFz, 0.0, 0.7956680171386098, 0.6057329498241902
Time, 0.132, Pos_X, 0.00546787999904, Pos_Y, -0.011426393920762305, Pos_Z, 0.00447444155806862, BFx, 1.0, 0.0, 0.0,                             BFy, 0.0, 0.6276676889191843, -0.7784813885295215, BFz, 0.0, 0.7784813885295215, 0.6276676889191848
Time, 0.134, Pos_X, 0.005756968790080001, Pos_Y, -0.01132381183114407, Pos_Z, 0.0046796521388239865, BFx, 1.0, 0.0, 0.0,                             BFy, 0.0, 0.6484313910742281, -0.7612730988742107, BFz, 0.0, 0.7612730988742106, 0.6484313910742283
Time, 0.136, Pos_X, 0.006059440248320001, Pos_Y, -0.011210910650618952, Pos_Z, 0.004884353770201152, BFx, 1.0, 0.0, 0.0,                             BFy, 0.0, 0.668003392967214, -0.7441582271159087, BFz, 0.0, 0.7441582271159086, 0.6680033929672142
Time, 0.138, Pos_X, 0.006374849706160001, Pos_Y, -0.011087063005640585, Pos_Z, 0.005089650007998899, BFx, 1.0, 0.0, 0.0,                             BFy, 0.0, 0.6863761814299201, -0.7272466827464283, BFz, 0.0, 0.7272466827464282, 0.6863761814299203
Time, 0.14, Pos_X, 0.006702527193600001, Pos_Y, -0.010951344761662875, Pos_Z, 0.005296783815602368, BFx, 1.0, 0.0, 0.0,                             BFy, 0.0, 0.7035565712527939, -0.7106392552111197, BFz, 0.0, 0.7106392552111195, 0.7035565712527942
Time, 0.142, Pos_X, 0.007041559358639997, Pos_Y, -0.010802508845823977, Pos_Z, 0.005507141377784261, BFx, 1.0, 0.0, 0.0,                             BFy, 0.0, 0.7195658156730573, -0.6944242485071863, BFz, 0.0, 0.694424248507186, 0.7195658156730578
Time, 0.144, Pos_X, 0.007390773561479998, Pos_Y, -0.010638974807382153, Pos_Z, 0.005722247188761673, BFx, 1.0, 0.0, 0.0,                             BFy, 0.0, 0.7344373858336853, -0.6786764518456382, BFz, 0.0, 0.6786764518456379, 0.7344373858336858
Time, 0.146, Pos_X, 0.007748723156919998, Pos_Y, -0.010458827179301756, Pos_Z, 0.005943745370480172, BFx, 1.0, 0.0, 0.0,                             BFy, 0.0, 0.7482135771771121, -0.6634579436014253, BFz, 0.0, 0.6634579436014251, 0.7482135771771126
Time, 0.148, Pos_X, 0.008113680274559998, Pos_Y, -0.010259821945017768, Pos_Z, 0.006173371988123594, BFx, 1.0, 0.0, 0.0,                             BFy, 0.0, 0.7609417906916458, -0.64882015318499, BFz, 0.0, 0.6488201531849898, 0.7609417906916461
Time, 0.15, Pos_X, 0.008483636633599998, Pos_Y, -0.010039411212544855, Pos_Z, 0.006412939037500601, BFx, 1.0, 0.0, 0.0,                             BFy, 0.0, 0.7726750841773373, -0.6348017125776734, BFz, 0.0, 0.6348017125776731, 0.7726750841773375
Time, 0.152, Pos_X, 0.008856304582179998, Pos_Y, -0.009794781034588609, Pos_Z, 0.006664337919970132, BFx, 1.0, 0.0, 0.0,                             BFy, 0.0, 0.7834730451390344, -0.6214257699360166, BFz, 0.0, 0.6214257699360163, 0.7834730451390346
Time, 0.154, Pos_X, 0.009229121026199999, Pos_Y, -0.00952289318234282, Pos_Z, 0.00692954699345456, BFx, 1.0, 0.0, 0.0,                             BFy, 0.0, 0.793401377320892, -0.6086988208180741, BFz, 0.0, 0.6086988208180739, 0.7934013773208922
Time, 0.156, Pos_X, 0.009599258610519999, Pos_Y, -0.009220529753957658, Pos_Z, 0.0072106329704315995, BFx, 1.0, 0.0, 0.0,                             BFy, 0.0, 0.8025314814129205, -0.5966097730855451, BFz, 0.0, 0.5966097730855449, 0.8025314814129207
Time, 0.158, Pos_X, 0.009963644564839998, Pos_Y, -0.008884342834564183, Pos_Z, 0.007509747188962344, BFx, 1.0, 0.0, 0.0,                             BFy, 0.0, 0.8109354375346279, -0.5851356391047496, BFz, 0.0, 0.5851356391047493, 0.8109354375346283
Time, 0.16, Pos_X, 0.010318987087159998, Pos_Y, -0.00851090993082448, Pos_Z, 0.007829119445728816, BFx, 1.0, 0.0, 0.0,                             BFy, 0.0, 0.8186821332912693, -0.5742469543930195, BFz, 0.0, 0.574246954393019, 0.8186821332912697
Time, 0.162, Pos_X, 0.010661808770279998, Pos_Y, -0.008096791257193328, Pos_Z, 0.008171049385324144, BFx, 1.0, 0.0, 0.0,                             BFy, 0.0, 0.8258383156763779, -0.5639069749176766, BFz, 0.0, 0.5639069749176759, 0.8258383156763783
Time, 0.164, Pos_X, 0.010988488324199998, Pos_Y, -0.0076385846060271784, Pos_Z, 0.008537890672709495, BFx, 1.0, 0.0, 0.0,                             BFy, 0.0, 0.8324718803330458, -0.5540672959621107, BFz, 0.0, 0.55406729596211, 0.8324718803330462
Time, 0.166, Pos_X, 0.011295311807319998, Pos_Y, -0.007132978690097032, Pos_Z, 0.008932025709227085, BFx, 1.0, 0.0, 0.0,                             BFy, 0.0, 0.8386545227161368, -0.544663741704706, BFz, 0.0, 0.5446637417047052, 0.8386545227161372
Time, 0.168, Pos_X, 0.011578529140839998, Pos_Y, -0.0065768049544914, Pos_Z, 0.009355835799061256, BFx, 1.0, 0.0, 0.0,                             BFy, 0.0, 0.8444618864815264, -0.5356156479044126, BFz, 0.0, 0.5356156479044119, 0.8444618864815266
Time, 0.17, Pos_X, 0.011834411369559998, Pos_Y, -0.00596708505298412, Pos_Z, 0.009811669675586082, BFx, 1.0, 0.0, 0.0,                             BFy, 0.0, 0.8499703241346167, -0.5268305686750694, BFz, 0.0, 0.5268305686750687, 0.8499703241346168
Time, 0.172, Pos_X, 0.012059309430279996, Pos_Y, -0.005301072925099204, Pos_Z, 0.010301807686860214, BFx, 1.0, 0.0, 0.0,                             BFy, 0.0, 0.8552515979879154, -0.5182129910945111, BFz, 0.0, 0.5182129910945105, 0.8552515979879153
Time, 0.174, Pos_X, 0.012249715912999996, Pos_Y, -0.004576292750579968, Pos_Z, 0.010828419705412599, BFx, 1.0, 0.0, 0.0,                             BFy, 0.0, 0.8603660887395695, -0.5096765575803713, BFz, 0.0, 0.5096765575803706, 0.8603660887395694
Time, 0.176, Pos_X, 0.012402326679719997, Pos_Y, -0.0037905726370948685, Pos_Z, 0.01139352164772702, BFx, 1.0, 0.0, 0.0,                             BFy, 0.0, 0.8653560831397922, -0.5011575095446135, BFz, 0.0, 0.5011575095446128, 0.865356083139792
Time, 0.178, Pos_X, 0.012514100142439998, Pos_Y, -0.002942072454854626, Pos_Z, 0.011998935131301234, BFx, 1.0, 0.0, 0.0,                             BFy, 0.0, 0.8702412281515748, -0.49262582638879315, BFz, 0.0, 0.49262582638879243, 0.8702412281515745
Time, 0.18, Pos_X, 0.012582314535159997, Pos_Y, -0.002029304635820624, Pos_Z, 0.012646252115825707, BFx, 1.0, 0.0, 0.0,                             BFy, 0.0, 0.8750168981135643, -0.4840923754984362, BFz, 0.0, 0.48409237549843553, 0.8750168981135636
Time, 0.182, Pos_X, 0.012604617373879997, Pos_Y, -0.00105114624565553, Pos_Z, 0.013336806890482026, BFx, 1.0, 0.0, 0.0,                             BFy, 0.0, 0.8796562788985877, -0.4756099567863283, BFz, 0.0, 0.47560995678632767, 0.8796562788985869
Time, 0.184, Pos_X, 0.012579066162599996, Pos_Y, -6.843212118745829e-06, Pos_Z, 0.014071653910067693, BFx, 1.0, 0.0, 0.0,                             BFy, 0.0, 0.8841161424723648, -0.4672672111541617, BFz, 0.0, 0.46726721115416103, 0.884116142472364
Time, 0.186, Pos_X, 0.012504166113319996, Pos_Y, 0.0011039884292494537, Pos_Z, 0.014851549040243398, BFx, 1.0, 0.0, 0.0,                             BFy, 0.0, 0.8883451765922168, -0.45917627032039215, BFz, 0.0, 0.45917627032039154, 0.888345176592216
Time, 0.188, Pos_X, 0.012378900782039997, Pos_Y, 0.00228136445893076, Pos_Z, 0.015676936410088344, BFx, 1.0, 0.0, 0.0,                             BFy, 0.0, 0.8922933560380435, -0.4514560518703546, BFz, 0.0, 0.451456051870354, 0.8922933560380425
Time, 0.19, Pos_X, 0.012202749244759996, Pos_Y, 0.0035249409863677165, Pos_Z, 0.01654794540909738, BFx, 1.0, 0.0, 0.0,                             BFy, 0.0, 0.8959205021888753, -0.44421442317605625, BFz, 0.0, 0.4442144231760557, 0.8959205021888742
Time, 0.192, Pos_X, 0.011975691959479996, Pos_Y, 0.004834029193264465, Pos_Z, 0.017464395988920453, BFx, 1.0, 0.0, 0.0,                             BFy, 0.0, 0.8992026342044034, -0.4375324246725774, BFz, 0.0, 0.4375324246725768, 0.8992026342044023
Time, 0.194, Pos_X, 0.011698206578199996, Pos_Y, 0.006207616336015384, Pos_Z, 0.018425807853280834, BFx, 1.0, 0.0, 0.0,                             BFy, 0.0, 0.902134968032293, -0.43145393665300613, BFz, 0.0, 0.4314539366530055, 0.9021349680322919
Time, 0.196, Pos_X, 0.011371252726919995, Pos_Y, 0.00764439391132813, Pos_Z, 0.01943141269895765, BFx, 1.0, 0.0, 0.0,                             BFy, 0.0, 0.9047318615136082, -0.42598152396802885, BFz, 0.0, 0.42598152396802824, 0.9047318615136068
Time, 0.198, Pos_X, 0.010996247137639994, Pos_Y, 0.009142790610170634, Pos_Z, 0.020480168937156637, BFx, 1.0, 0.0, 0.0,                             BFy, 0.0, 0.9070244911306958, -0.4210778698638833, BFz, 0.0, 0.42107786986388274, 0.9070244911306945
Time, 0.2, Pos_X, 0.010575029408359993, Pos_Y, 0.010701007814910504, Pos_Z, 0.02157077960895492, BFx, 1.0, 0.0, 0.0,                             BFy, 0.0, 0.9090562254920077, -0.41667346795089694, BFz, 0.0, 0.4166734679508963, 0.9090562254920064
Time, 0.202, Pos_X, 0.010109819361079993, Pos_Y, 0.012317055657465478, Pos_Z, 0.022701714102816486, BFx, 1.0, 0.0, 0.0,                             BFy, 0.0, 0.910876578282371, -0.4126788813794609, BFz, 0.0, 0.4126788813794603, 0.9108765782823696
Time, 0.204, Pos_X, 0.0096031675858, Pos_Y, 0.013988788973967643, Pos_Z, 0.023871232808843523, BFx, 1.0, 0.0, 0.0,                             BFy, 0.0, 0.912533471678377, -0.4090020330837156, BFz, 0.0, 0.40900203308371497, 0.9125334716783755
Time, 0.206, Pos_X, 0.00905790126452, Pos_Y, 0.015713942508768015, Pos_Z, 0.025077415790313452, BFx, 1.0, 0.0, 0.0,                             BFy, 0.0, 0.9140678069943637, -0.40556139389310586, BFz, 0.0, 0.4055613938931053, 0.9140678069943622
Time, 0.208, Pos_X, 0.00847706691424, Pos_Y, 0.017490164823739232, Pos_Z, 0.026318195788180725, BFx, 1.0, 0.0, 0.0,                             BFy, 0.0, 0.9155110896145708, -0.402292735197574, BFz, 0.0, 0.4022927351975734, 0.9155110896145694
Time, 0.21, Pos_X, 0.007863870692959999, Pos_Y, 0.01931505106351041, Pos_Z, 0.027591393671714117, BFx, 1.0, 0.0, 0.0,                             BFy, 0.0, 0.9168848121900429, -0.3991519023820803, BFz, 0.0, 0.39915190238207965, 0.9168848121900416
Time, 0.212, Pos_X, 0.007221618433679998, Pos_Y, 0.02118617387629436, Pos_Z, 0.028894755279539035, BFx, 1.0, 0.0, 0.0,                             BFy, 0.0, 0.9182032590518517, -0.396109549325136, BFz, 0.0, 0.39610954932513526, 0.9182032590518503
Time, 0.214, Pos_X, 0.006553656332399998, Pos_Y, 0.023101112681603194, Pos_Z, 0.03022598887376234, BFx, 1.0, 0.0, 0.0,                             BFy, 0.0, 0.919475211724936, -0.39314798107505067, BFz, 0.0, 0.3931479810750499, 0.9194752117249344
Time, 0.216, Pos_X, 0.005863313475119997, Pos_Y, 0.025057480045820854, Pos_Z, 0.031582802249363204, BFx, 1.0, 0.0, 0.0,                             BFy, 0.0, 0.9207034182751047, -0.3902630082092608, BFz, 0.0, 0.3902630082092601, 0.9207034182751032
Time, 0.218, Pos_X, 0.005153848493039997, Pos_Y, 0.02705294380111611, Pos_Z, 0.03296293979093949, BFx, 1.0, 0.0, 0.0,                             BFy, 0.0, 0.9218848626261746, -0.38746393388381717, BFz, 0.0, 0.38746393388381645, 0.9218848626261732
Time, 0.22, Pos_X, 0.004428397217159996, Pos_Y, 0.029085246050476587, Pos_Z, 0.034364219909339855, BFx, 1.0, 0.0, 0.0,                             BFy, 0.0, 0.9230126300663478, -0.38476965152933656, BFz, 0.0, 0.3847696515293359, 0.9230126300663464
Time, 0.222, Pos_X, 0.0036899255662799953, Pos_Y, 0.031152221996019906, Pos_Z, 0.035784568919102915, BFx, 1.0, 0.0, 0.0,                             BFy, 0.0, 0.9240790851517185, -0.38220131395007817, BFz, 0.0, 0.3822013139500775, 0.9240790851517172
Time, 0.224, Pos_X, 0.0029411899013999944, Pos_Y, 0.033251816383591204, Pos_Z, 0.037222058249183405, BFx, 1.0, 0.0, 0.0,                             BFy, 0.0, 0.925079160707938, -0.3797743361838719, BFz, 0.0, 0.37977433618387124, 0.9250791607079367
Time, 0.226, Pos_X, 0.002184695334719994, Pos_Y, 0.03538208756303368, Pos_Z, 0.03867492970442621, BFx, 1.0, 0.0, 0.0,                             BFy, 0.0, 0.9260122692199738, -0.37749341352410193, BFz, 0.0, 0.3774934135241012, 0.9260122692199725
Time, 0.228, Pos_X, 0.001422679041039993, Pos_Y, 0.03754118154954232, Pos_Z, 0.04014158552334902, BFx, 1.0, 0.0, 0.0,                             BFy, 0.0, 0.9268828636666815, -0.3753507120561455, BFz, 0.0, 0.37535071205614473, 0.9268828636666803
Time, 0.23, Pos_X, 0.0006571064796599922, Pos_Y, 0.039727327540270876, Pos_Z, 0.041620551568146404, BFx, 1.0, 0.0, 0.0,                             BFy, 0.0, 0.9276995085952224, -0.3733277671861365, BFz, 0.0, 0.37332776718613575, 0.9276995085952212
Time, 0.232, Pos_X, -0.00011034871166000861, Pos_Y, 0.041938896356798136, Pos_Z, 0.043110452616424745, BFx, 1.0, 0.0, 0.0,                             BFy, 0.0, 0.9284728431324184, -0.37140029559170656, BFz, 0.0, 0.3714002955917058, 0.9284728431324172
Time, 0.234, Pos_X, -0.0008783048144640094, Pos_Y, 0.04417444887371505, Pos_Z, 0.04461003631944119, BFx, 1.0, 0.0, 0.0,                             BFy, 0.0, 0.929213589538718, -0.3695431030564292, BFz, 0.0, 0.36954310305642846, 0.9292135895387169
Time, 0.236, Pos_X, -0.0016456850810319997, Pos_Y, 0.04643276274621102, Pos_Z, 0.046118218718598836, BFx, 1.0, 0.0, 0.0,                             BFy, 0.0, 0.9299309978399829, -0.36773406050614577, BFz, 0.0, 0.36773406050614504, 0.9299309978399819
Time, 0.238, Pos_X, -0.0024117443899200003, Pos_Y, 0.0487128354025147, Pos_Z, 0.04763411259257187, BFx, 1.0, 0.0, 0.0,                             BFy, 0.0, 0.9306318364086079, -0.3659568076464024, BFz, 0.0, 0.3659568076464017, 0.9306318364086069
Time, 0.24, Pos_X, -0.003176050011888001, Pos_Y, 0.05101383359745834, Pos_Z, 0.049157038652994534, BFx, 1.0, 0.0, 0.0,                             BFy, 0.0, 0.9313199856729976, -0.36420198281455274, BFz, 0.0, 0.36420198281455207, 0.9313199856729965
Time, 0.242, Pos_X, -0.003938446706416002, Pos_Y, 0.05333503825978801, Pos_Z, 0.05068652651511884, BFx, 1.0, 0.0, 0.0,                             BFy, 0.0, 0.9319964600976155, -0.36246737558781483, BFz, 0.0, 0.36246737558781417, 0.9319964600976144
Time, 0.244, Pos_X, -0.004699035180184003, Pos_Y, 0.05567582512239842, Pos_Z, 0.05222229261403037, BFx, 1.0, 0.0, 0.0,                             BFy, 0.0, 0.9326597084849617, -0.36075735358929323, BFz, 0.0, 0.36075735358929256, 0.9326597084849607
Time, 0.246, Pos_X, -0.005458149487192004, Pos_Y, 0.05803567000418742, Pos_Z, 0.053764192636322136, BFx, 1.0, 0.0, 0.0,                             BFy, 0.0, 0.9333060795163669, -0.3590818318124619, BFz, 0.0, 0.3590818318124613, 0.9333060795163658
Time, 0.248, Pos_X, -0.006216328815540005, Pos_Y, 0.0604141469594664, Pos_Z, 0.05531217206636569, BFx, 1.0, 0.0, 0.0,                             BFy, 0.0, 0.933930324521693, -0.3574551005914015, BFz, 0.0, 0.3574551005914009, 0.9339303245216919
Time, 0.25, Pos_X, -0.006974290323908006, Pos_Y, 0.06281090706605102, Pos_Z, 0.056866238611346036, BFx, 1.0, 0.0, 0.0,                             BFy, 0.0, 0.9345260070203707, -0.35589484711437713, BFz, 0.0, 0.3558948471143766, 0.9345260070203696
Time, 0.252, Pos_X, -0.0077329037087960064, Pos_Y, 0.06522565778108655, Pos_Z, 0.0584264519083219, BFx, 1.0, 0.0, 0.0,                             BFy, 0.0, 0.935085806269347, -0.3544214086558675, BFz, 0.0, 0.35442140865586697, 0.9350858062693459
Time, 0.254, Pos_X, -0.008493164935324007, Pos_Y, 0.06765815764729242, Pos_Z, 0.05999291742477263, BFx, 1.0, 0.0, 0.0,                             BFy, 0.0, 0.9356019215501279, -0.3530567155454096, BFz, 0.0, 0.35305671554540907, 0.935601921550127
Time, 0.256, Pos_X, -0.009256168208732008, Pos_Y, 0.0701082156439521, Pos_Z, 0.0615657893749937, BFx, 1.0, 0.0, 0.0,                             BFy, 0.0, 0.9360665924038192, -0.3518228738804601, BFz, 0.0, 0.3518228738804595, 0.9360665924038183
Time, 0.258, Pos_X, -0.010023081746140009, Pos_Y, 0.07257568983646791, Pos_Z, 0.06314527489958055, BFx, 1.0, 0.0, 0.0,                             BFy, 0.0, 0.9364726062655148, -0.3507407271964262, BFz, 0.0, 0.35074072719642563, 0.936472606265514
Time, 0.26, Pos_X, -0.01079512633294801, Pos_Y, 0.0750604864506161, Pos_Z, 0.06473161996028744, BFx, 1.0, 0.0, 0.0,                             BFy, 0.0, 0.936813937427689, -0.3498280243794563, BFz, 0.0, 0.34982802437945576, 0.9368139374276883
Time, 0.262, Pos_X, -0.011573549893356011, Pos_Y, 0.07756255436672538, Pos_Z, 0.06632508078060612, BFx, 1.0, 0.0, 0.0,                             BFy, 0.0, 0.9370862461726603, -0.3490979335860291, BFz, 0.0, 0.3490979335860285, 0.9370862461726596
Time, 0.264, Pos_X, -0.012359602361764012, Pos_Y, 0.08008187524124097, Pos_Z, 0.06792590118040322, BFx, 1.0, 0.0, 0.0,                             BFy, 0.0, 0.9372872275737822, -0.34855796222013996, BFz, 0.0, 0.34855796222013935, 0.9372872275737815
Time, 0.266, Pos_X, -0.013154514496572014, Pos_Y, 0.0826184526283667, Pos_Z, 0.06953430183732667, BFx, 1.0, 0.0, 0.0,                             BFy, 0.0, 0.9374166744745592, -0.3482096759383085, BFz, 0.0, 0.348209675938308, 0.9374166744745585
Time, 0.268, Pos_X, -0.013959480340980015, Pos_Y, 0.08517230215289681, Pos_Z, 0.07115047549016153, BFx, 1.0, 0.0, 0.0,                             BFy, 0.0, 0.9374763283757296, -0.34804903926769365, BFz, 0.0, 0.34804903926769315, 0.9374763283757289
Time, 0.27, Pos_X, -0.014775643033788016, Pos_Y, 0.087743443777383, Pos_Z, 0.07277458276582556, BFx, 1.0, 0.0, 0.0,                             BFy, 0.0, 0.9374696515544337, -0.34806702287693386, BFz, 0.0, 0.34806702287693336, 0.9374696515544331
Time, 0.272, Pos_X, -0.015604083399796017, Pos_Y, 0.09033189362381035, Pos_Z, 0.07440674875208217, BFx, 1.0, 0.0, 0.0,                             BFy, 0.0, 0.9374015439888982, -0.3482504060690147, BFz, 0.0, 0.3482504060690142, 0.9374015439888974
Time, 0.274, Pos_X, -0.016445812551204017, Pos_Y, 0.0929376559370566, Pos_Z, 0.0760470641461389, BFx, 1.0, 0.0, 0.0,                             BFy, 0.0, 0.9372780320155989, -0.34858268846999513, BFz, 0.0, 0.3485826884699947, 0.9372780320155981
Time, 0.276, Pos_X, -0.01730176776481202, Pos_Y, 0.09556071784268093, Pos_Z, 0.07769558861228636, BFx, 1.0, 0.0, 0.0,                             BFy, 0.0, 0.9371059150845832, -0.3490451316284034, BFz, 0.0, 0.34904513162840295, 0.9371059150845824
Time, 0.278, Pos_X, -0.01817280858362002, Pos_Y, 0.09820104646068865, Pos_Z, 0.07935235085227528, BFx, 1.0, 0.0, 0.0,                             BFy, 0.0, 0.9368923306710133, -0.3496180211743096, BFz, 0.0, 0.3496180211743092, 0.9368923306710125
Time, 0.28, Pos_X, -0.01905971172522802, Pos_Y, 0.10085858748255648, Pos_Z, 0.08101734548168243, BFx, 1.0, 0.0, 0.0,                             BFy, 0.0, 0.9366443650681678, -0.35028179139951277, BFz, 0.0, 0.3502817913995124, 0.9366443650681671
Time, 0.282, Pos_X, -0.019963167191035996, Pos_Y, 0.10353326552088851, Pos_Z, 0.0826905306568912, BFx, 1.0, 0.0, 0.0,                             BFy, 0.0, 0.936368791411587, -0.35101778654422455, BFz, 0.0, 0.35101778654422416, 0.9363687914115864
Time, 0.284, Pos_X, -0.020883777529843998, Pos_Y, 0.1062249874698251, Pos_Z, 0.08437182926390072, BFx, 1.0, 0.0, 0.0,                             BFy, 0.0, 0.9360720686628221, -0.3518083032978442, BFz, 0.0, 0.35180830329784374, 0.9360720686628216
Time, 0.286, Pos_X, -0.021822059326052, Pos_Y, 0.10893364816306526, Pos_Z, 0.08606113069156968, BFx, 1.0, 0.0, 0.0,                             BFy, 0.0, 0.9357603637319272, -0.3526365574756741, BFz, 0.0, 0.3526365574756736, 0.9357603637319265
Time, 0.288, Pos_X, -0.022778445452259998, Pos_Y, 0.11165913589155409, Pos_Z, 0.08775829129513264, BFx, 1.0, 0.0, 0.0,                             BFy, 0.0, 0.9354395637386893, -0.35348666536713025, BFz, 0.0, 0.35348666536712975, 0.9354395637386886
Time, 0.29, Pos_X, -0.023753288624068, Pos_Y, 0.1144013355008202, Pos_Z, 0.08946313522825286, BFx, 1.0, 0.0, 0.0,                             BFy, 0.0, 0.9351152106099877, -0.3543438201603652, BFz, 0.0, 0.3543438201603647, 0.935115210609987
Time, 0.292, Pos_X, -0.024746865982076, Pos_Y, 0.11716012922139518, Pos_Z, 0.09117545661932744, BFx, 1.0, 0.0, 0.0,                             BFy, 0.0, 0.9347923932622386, -0.3551945685100759, BFz, 0.0, 0.35519456851007547, 0.934792393262238
Time, 0.294, Pos_X, -0.025759384033884, Pos_Y, 0.11993539675642859, Pos_Z, 0.09289502324133485, BFx, 1.0, 0.0, 0.0,                             BFy, 0.0, 0.9344756916663776, -0.35602693954902886, BFz, 0.0, 0.3560269395490285, 0.9344756916663768
Time, 0.296, Pos_X, -0.026790984710292, Pos_Y, 0.12272701708015164, Pos_Z, 0.09462157978771131, BFx, 1.0, 0.0, 0.0,                             BFy, 0.0, 0.9341691943395483, -0.35683037475389057, BFz, 0.0, 0.3568303747538902, 0.9341691943395474
Time, 0.298, Pos_X, -0.0278417514267, Pos_Y, 0.12553487230558488, Pos_Z, 0.09635485051741449, BFx, 1.0, 0.0, 0.0,                             BFy, 0.0, 0.9338764611419849, -0.35759579880771214, BFz, 0.0, 0.3575957988077118, 0.9338764611419839
Time, 0.3, Pos_X, -0.028911714728108, Pos_Y, 0.12835885148004209, Pos_Z, 0.09809454253636914, BFx, 1.0, 0.0, 0.0,                             BFy, 0.0, 0.9336004337058385, -0.3583158246355763, BFz, 0.0, 0.358315824635576, 0.9336004337058375
Time, 0.302, Pos_X, -0.030000858229116, Pos_Y, 0.13119885365084605, Pos_Z, 0.09984035011703436, BFx, 1.0, 0.0, 0.0,                             BFy, 0.0, 0.9333434237858632, -0.35898475354210424, BFz, 0.0, 0.35898475354210396, 0.9333434237858621
Time, 0.304, Pos_X, -0.031109124544724, Pos_Y, 0.13405478993199063, Pos_Z, 0.10159195915003368, BFx, 1.0, 0.0, 0.0,                             BFy, 0.0, 0.9331071536656377, -0.3595984424020985, BFz, 0.0, 0.3595984424020982, 0.9331071536656363
Time, 0.306, Pos_X, -0.032236420713532, Pos_Y, 0.13692658443139116, Pos_Z, 0.1033490499822937, BFx, 1.0, 0.0, 0.0,                             BFy, 0.0, 0.9328929008393677, -0.36015390538423003, BFz, 0.0, 0.3601539053842298, 0.9328929008393665
Time, 0.308, Pos_X, -0.03338262326154, Pos_Y, 0.13981417581298802, Pos_Z, 0.10511129869813238, BFx, 1.0, 0.0, 0.0,                             BFy, 0.0, 0.9327016527212627, -0.36064889714378456, BFz, 0.0, 0.3606488971437844, 0.9327016527212615
Time, 0.31, Pos_X, -0.034547583184748, Pos_Y, 0.1427175203908562, Pos_Z, 0.10687837852277733, BFx, 1.0, 0.0, 0.0,                             BFy, 0.0, 0.9325341837933202, -0.3610817027445855, BFz, 0.0, 0.3610817027445853, 0.9325341837933192
Time, 0.312, Pos_X, -0.035731130943156005, Pos_Y, 0.14563659537208656, Pos_Z, 0.10864996234122348, BFx, 1.0, 0.0, 0.0,                             BFy, 0.0, 0.9323911036737605, -0.36145100607140374, BFz, 0.0, 0.3614510060714035, 0.9323911036737594
Time, 0.314, Pos_X, -0.036933080184164004, Pos_Y, 0.14857140010997194, Pos_Z, 0.11042572660150746, BFx, 1.0, 0.0, 0.0,                             BFy, 0.0, 0.9322728566013307, -0.3617558857080253, BFz, 0.0, 0.3617558857080251, 0.9322728566013296
Time, 0.316, Pos_X, -0.038153231747172, Pos_Y, 0.15152195536864882, Pos_Z, 0.11220535442226351, BFx, 1.0, 0.0, 0.0,                             BFy, 0.0, 0.9321798302894961, -0.36199553036114895, BFz, 0.0, 0.3619955303611487, 0.9321798302894951
Time, 0.318, Pos_X, -0.03939137890898, Pos_Y, 0.15448830202563335, Pos_Z, 0.11398853796034696, BFx, 1.0, 0.0, 0.0,                             BFy, 0.0, 0.9321123982488403, -0.3621691276610955, BFz, 0.0, 0.36216912766109527, 0.9321123982488393
