Time, 0, Pos_X, 0.0, Pos_Y, 0.0, Pos_Z, 0.0, BFx, 1, 0, 0,                         BFy, 0, -1, 0, BFz, 0, 0, -1
Time, 0.0, Pos_X, 0.0, Pos_Y, 0.0, Pos_Z, 0.0, BFx, 1.0, 0.0, 0.0,                             BFy, 0.0, -1.0, 0.0, BFz, 0.0, 0.0, -1.0
Time, 0.002, Pos_X, -2.7007498e-06, Pos_Y, -2.9612072040943353e-06, Pos_Z, -7.467055671063863e-06, BFx, 1.0, 0.0, 0.0,                             BFy, 0.0, -0.9999928661944124, -0.003777242417936681, BFz, 0.0, 0.003777242417936681, -0.9999928661944124
Time, 0.004, Pos_X, -1.07474862e-05, Pos_Y, -1.1861959827870122e-05, Pos_Z, -2.981325399379026e-05, BFx, 1.0, 0.0, 0.0,                             BFy, 0.0, -0.9999717323835023, -0.007518938351710316, BFz, 0.0, 0.007518938351710316, -0.9999717323835023
Time, 0.006, Pos_X, -2.4022532e-05, Pos_Y, -2.67359335805254e-05, Pos_Z, -6.692392936083457e-05, BFx, 1.0, 0.0, 0.0,                             BFy, 0.0, -0.9999370331861391, -0.011221838659592148, BFz, 0.0, 0.011221838659592148, -0.9999370331861392
Time, 0.008, Pos_X, -4.2393895999999996e-05, Pos_Y, -4.7615602268189893e-05, Pos_Z, -0.00011867508986596295, BFx, 1.0, 0.0, 0.0,                             BFy, 0.0, -0.9998892480478004, -0.014882595150169976, BFz, 0.0, 0.014882595150169977, -0.9998892480478008
Time, 0.01, Pos_X, -6.57143682e-05, Pos_Y, -7.453275640556108e-05, Pos_Z, -0.00018493324772993143, BFx, 1.0, 0.0, 0.0,                             BFy, 0.0, -0.9998289006616553, -0.01849782153944951, BFz, 0.0, 0.018497821539449514, -0.9998289006616558
Time, 0.012, Pos_X, -9.3820689e-05, Pos_Y, -0.00010751920787505212, Pos_Z, -0.00026555462067716503, BFx, 1.0, 0.0, 0.0,                             BFy, 0.0, -0.9997565514726413, -0.022064400910319592, BFz, 0.0, 0.022064400910319595, -0.9997565514726418
Time, 0.014, Pos_X, -0.0001265319122, Pos_Y, -0.00014660688221149724, Pos_Z, -0.0003603840790802386, BFx, 1.0, 0.0, 0.0,                             BFy, 0.0, -0.9996727853633208, -0.025579722514904958, BFz, 0.0, 0.02557972251490496, -0.9996727853633213
Time, 0.016, Pos_X, -0.00016364767560000002, Pos_Y, -0.0001918277477524586, Pos_Z, -0.00046925362432493825, BFx, 1.0, 0.0, 0.0,                             BFy, 0.0, -0.9995781944679465, -0.029041920463353025, BFz, 0.0, 0.029041920463353032, -0.9995781944679469
Time, 0.018, Pos_X, -0.00020494663359999998, Pos_Y, -0.0002432136188298469, Pos_Z, -0.0005919806195998424, BFx, 1.0, 0.0, 0.0,                             BFy, 0.0, -0.9994733586729899, -0.032450043188453015, BFz, 0.0, 0.03245004318845302, -0.9994733586729904
Time, 0.02, Pos_X, -0.0002501851896, Pos_Y, -0.00030079595073539777, Pos_Z, -0.0007283668935430837, BFx, 1.0, 0.0, 0.0,                             BFy, 0.0, -0.9993588239256148, -0.03580420425050456, BFz, 0.0, 0.035804204250504575, -0.9993588239256153
Time, 0.022, Pos_X, -0.00029909630699999996, Pos_Y, -0.00036460621587495166, Pos_Z, -0.0008781986348775697, BFx, 1.0, 0.0, 0.0,                             BFy, 0.0, -0.9992350812220812, -0.03910565758429664, BFz, 0.0, 0.039105657584296655, -0.9992350812220817
Time, 0.024, Pos_X, -0.0003513891188, Pos_Y, -0.0004346766106865731, Pos_Z, -0.001041246234452234, BFx, 1.0, 0.0, 0.0,                             BFy, 0.0, -0.9991025517343938, -0.04235671278348656, BFz, 0.0, 0.04235671278348657, -0.9991025517343943
Time, 0.026, Pos_X, -0.00040674873519999996, Pos_Y, -0.000511040482028167, Pos_Z, -0.0012172639332386247, BFx, 1.0, 0.0, 0.0,                             BFy, 0.0, -0.9989615786992503, -0.04556055621589334, BFz, 0.0, 0.04556055621589337, -0.9989615786992508
Time, 0.028, Pos_X, -0.0004648358618, Pos_Y, -0.0005937321436136597, Pos_Z, -0.0014059891550861053, BFx, 1.0, 0.0, 0.0,                             BFy, 0.0, -0.9988125063981125, -0.04871937050825559, BFz, 0.0, 0.048719370508255616, -0.998812506398113
Time, 0.03, Pos_X, -0.0005252868795399999, Pos_Y, -0.0006827869570844802, Pos_Z, -0.0016071420098625697, BFx, 1.0, 0.0, 0.0,                             BFy, 0.0, -0.9986554996512583, -0.05183814248500193, BFz, 0.0, 0.051838142485001966, -0.998655499651259
Time, 0.032, Pos_X, -0.00058771441366, Pos_Y, -0.0007782422943162422, Pos_Z, -0.001820426251561696, BFx, 1.0, 0.0, 0.0,                             BFy, 0.0, -0.9984906647342402, -0.0549216936972545, BFz, 0.0, 0.05492169369725454, -0.9984906647342408
Time, 0.034, Pos_X, -0.00065170819122, Pos_Y, -0.0008801385980633945, Pos_Z, -0.002045531175010931, BFx, 1.0, 0.0, 0.0,                             BFy, 0.0, -0.9983180857010516, -0.05797413011151987, BFz, 0.0, 0.05797413011151992, -0.9983180857010523
Time, 0.036, Pos_X, -0.0007168362057399998, Pos_Y, -0.0009885204303056658, Pos_Z, -0.0022821331505000226, BFx, 1.0, 0.0, 0.0,                             BFy, 0.0, -0.9981378126614266, -0.060999237171151764, BFz, 0.0, 0.06099923717115182, -0.9981378126614273
Time, 0.038, Pos_X, -0.0007826463061399999, Pos_Y, -0.0011034375587599403, Pos_Z, -0.0025298972390443955, BFx, 1.0, 0.0, 0.0,                             BFy, 0.0, -0.9979498750676472, -0.06400036603385378, BFz, 0.0, 0.06400036603385384, -0.9979498750676478
Time, 0.04, Pos_X, -0.0008486681593167999, Pos_Y, -0.0012249454388979387, Pos_Z, -0.0027884793774871157, BFx, 1.0, 0.0, 0.0,                             BFy, 0.0, -0.9977543168534715, -0.06698002090371635, BFz, 0.0, 0.06698002090371641, -0.9977543168534719
Time, 0.042, Pos_X, -0.0009144156312103999, Pos_Y, -0.0013531054382417888, Pos_Z, -0.003057529284631807, BFx, 1.0, 0.0, 0.0,                             BFy, 0.0, -0.997551206106146, -0.06993991132517487, BFz, 0.0, 0.06993991132517492, -0.9975512061061463
Time, 0.044, Pos_X, -0.0009793893693639997, Pos_Y, -0.0014879850530573175, Pos_Z, -0.003336694026140794, BFx, 1.0, 0.0, 0.0,                             BFy, 0.0, -0.9973406435501524, -0.07288100385537803, BFz, 0.0, 0.07288100385537806, -0.997340643550153
Time, 0.046, Pos_X, -0.0010430799833175998, Pos_Y, -0.0016296578597603765, Pos_Z, -0.0036256217708226673, BFx, 1.0, 0.0, 0.0,                             BFy, 0.0, -0.9971227949636661, -0.07580324375543979, BFz, 0.0, 0.07580324375543981, -0.9971227949636666
Time, 0.048, Pos_X, -0.0011049715932112, Pos_Y, -0.0017782035083863806, Pos_Z, -0.003923965455761629, BFx, 1.0, 0.0, 0.0,                             BFy, 0.0, -0.9968979139369066, -0.07870545843995604, BFz, 0.0, 0.07870545843995604, -0.9968979139369072
Time, 0.05, Pos_X, -0.0011645455017648, Pos_Y, -0.0019337075687571959, Pos_Z, -0.004231387151451433, BFx, 1.0, 0.0, 0.0,                             BFy, 0.0, -0.9966663476995616, -0.08158548500325406, BFz, 0.0, 0.08158548500325405, -0.9966663476995622
Time, 0.052, Pos_X, -0.0012212842958383998, Pos_Y, -0.002096261379090973, Pos_Z, -0.004547563369094088, BFx, 1.0, 0.0, 0.0,                             BFy, 0.0, -0.9964285610380068, -0.08444005416700609, BFz, 0.0, 0.08444005416700608, -0.9964285610380074
Time, 0.054, Pos_X, -0.0012746755521119999, Pos_Y, -0.002265962115153142, Pos_Z, -0.004872190591045234, BFx, 1.0, 0.0, 0.0,                             BFy, 0.0, -0.9961851219742133, -0.08726512910218856, BFz, 0.0, 0.08726512910218855, -0.996185121974214
Time, 0.056, Pos_X, -0.0013242114489855998, Pos_Y, -0.0024429130392477133, Pos_Z, -0.0052049876946075576, BFx, 1.0, 0.0, 0.0,                             BFy, 0.0, -0.9959367062716293, -0.09005596649205384, BFz, 0.0, 0.09005596649205383, -0.9959367062716302
Time, 0.058, Pos_X, -0.0013693919760591998, Pos_Y, -0.002627222305248767, Pos_Z, -0.005545701643501696, BFx, 1.0, 0.0, 0.0,                             BFy, 0.0, -0.9956840838665054, -0.09280735496132425, BFz, 0.0, 0.09280735496132425, -0.9956840838665064
Time, 0.06, Pos_X, -0.0014097331443327997, Pos_Y, -0.002819003148784952, Pos_Z, -0.005894116586207397, BFx, 1.0, 0.0, 0.0,                             BFy, 0.0, -0.9954280939324517, -0.0955139246916668, BFz, 0.0, 0.0955139246916668, -0.9954280939324528
Time, 0.062, Pos_X, -0.0014447710322063997, Pos_Y, -0.0030183747665757195, Pos_Z, -0.0062500574013066214, BFx, 1.0, 0.0, 0.0,                             BFy, 0.0, -0.9951696221779417, -0.0981703778856548, BFz, 0.0, 0.09817037788565482, -0.9951696221779428
Time, 0.064, Pos_X, -0.0014740628592799997, Pos_Y, -0.003225461405200601, Pos_Z, -0.006613391388568481, BFx, 1.0, 0.0, 0.0,                             BFy, 0.0, -0.994909575619516, -0.10077170406713376, BFz, 0.0, 0.10077170406713376, -0.9949095756195171
Time, 0.066, Pos_X, -0.0014971887727535998, Pos_Y, -0.003440391952583035, Pos_Z, -0.006984033081376857, BFx, 1.0, 0.0, 0.0,                             BFy, 0.0, -0.9946488671108993, -0.1033132670812633, BFz, 0.0, 0.10331326708126329, -0.9946488671109003
Time, 0.068, Pos_X, -0.0015137543770271998, Pos_Y, -0.0036632986584572507, Pos_Z, -0.007361950106308817, BFx, 1.0, 0.0, 0.0,                             BFy, 0.0, -0.9943883939215312, -0.10579093550090701, BFz, 0.0, 0.105790935500907, -0.9943883939215324
Time, 0.07, Pos_X, -0.0015233917293007997, Pos_Y, -0.0038943159623283253, Pos_Z, -0.007747166236830282, BFx, 1.0, 0.0, 0.0,                             BFy, 0.0, -0.994129016438554, -0.10820119534881657, BFz, 0.0, 0.10820119534881656, -0.9941290164385552
Time, 0.072, Pos_X, -0.0015257600661743996, Pos_Y, -0.004133580641553373, Pos_Z, -0.008139762974188844, BFx, 1.0, 0.0, 0.0,                             BFy, 0.0, -0.993871554967364, -0.1105410884094872, BFz, 0.0, 0.1105410884094872, -0.9938715549673651
Time, 0.074, Pos_X, -0.0015205462848479996, Pos_Y, -0.004381231775873834, Pos_Z, -0.008539879498549027, BFx, 1.0, 0.0, 0.0,                             BFy, 0.0, -0.9936167882048802, -0.11280814774393826, BFz, 0.0, 0.11280814774393826, -0.9936167882048813
Time, 0.076, Pos_X, -0.0015074645407215995, Pos_Y, -0.004637409785853563, Pos_Z, -0.00894771094135072, BFx, 1.0, 0.0, 0.0,                             BFy, 0.0, -0.9933654774225373, -0.11500012289165046, BFz, 0.0, 0.11500012289165044, -0.9933654774225386
Time, 0.078, Pos_X, -0.0014862542317951994, Pos_Y, -0.004902254389976783, Pos_Z, -0.009363506250387128, BFx, 1.0, 0.0, 0.0,                             BFy, 0.0, -0.9931183806857946, -0.11711482375867321, BFz, 0.0, 0.11711482375867321, -0.9931183806857959
Time, 0.08, Pos_X, -0.0014566800952687993, Pos_Y, -0.005175905388398851, Pos_Z, -0.009787567560747345, BFx, 1.0, 0.0, 0.0,                             BFy, 0.0, -0.9928762759815408, -0.11914990806973721, BFz, 0.0, 0.11914990806973721, -0.9928762759815423
Time, 0.082, Pos_X, -0.0014185381001423992, Pos_Y, -0.005458505736019253, Pos_Z, -0.010220254670269182, BFx, 1.0, 0.0, 0.0,                             BFy, 0.0, -0.9926399647092409, -0.12110285075933115, BFz, 0.0, 0.12110285075933115, -0.9926399647092423
Time, 0.084, Pos_X, -0.0013716563710159991, Pos_Y, -0.005750203302932702, Pos_Z, -0.010661984819488062, BFx, 1.0, 0.0, 0.0,                             BFy, 0.0, -0.9924102766810953, -0.12297090199617093, BFz, 0.0, 0.12297090199617092, -0.9924102766810967
Time, 0.086, Pos_X, -0.0013158879236895994, Pos_Y, -0.006051150489405312, Pos_Z, -0.011113222370946597, BFx, 1.0, 0.0, 0.0,                             BFy, 0.0, -0.9921880604761922, -0.12475116291438552, BFz, 0.0, 0.1247511629143855, -0.9921880604761937
Time, 0.088, Pos_X, -0.0012511078469631992, Pos_Y, -0.006361501139824344, Pos_Z, -0.01157446674804646, BFx, 1.0, 0.0, 0.0,                             BFy, 0.0, -0.9919741660458408, -0.12644071297512743, BFz, 0.0, 0.12644071297512743, -0.9919741660458423
Time, 0.09, Pos_X, -0.0011772149282367993, Pos_Y, -0.006681408159535738, Pos_Z, -0.012046244590818041, BFx, 1.0, 0.0, 0.0,                             BFy, 0.0, -0.9917694157185962, -0.12803681519467, BFz, 0.0, 0.12803681519467003, -0.9917694157185979
Time, 0.092, Pos_X, -0.001094130622710399, Pos_Y, -0.007011022955036247, Pos_Z, -0.012529104496048833, BFx, 1.0, 0.0, 0.0,                             BFy, 0.0, -0.9915745452948737, -0.1295373348624422, BFz, 0.0, 0.12953733486244223, -0.9915745452948751
Time, 0.094, Pos_X, -0.001001798145383999, Pos_Y, -0.007350496551442947, Pos_Z, -0.013023610419694616, BFx, 1.0, 0.0, 0.0,                             BFy, 0.0, -0.9913901827397693, -0.1309408475885454, BFz, 0.0, 0.13094084758854543, -0.9913901827397708
Time, 0.096, Pos_X, -0.0009001840660575989, Pos_Y, -0.007699981607573781, Pos_Z, -0.013530334586029594, BFx, 1.0, 0.0, 0.0,                             BFy, 0.0, -0.9912168125718687, -0.13224685430990274, BFz, 0.0, 0.13224685430990274, -0.99121681257187
Time, 0.098, Pos_X, -0.0007892815473311988, Pos_Y, -0.008059633949086962, Pos_Z, -0.014049851833917945, BFx, 1.0, 0.0, 0.0,                             BFy, 0.0, -0.9910547825295913, -0.1334556781303206, BFz, 0.0, 0.13345567813032058, -0.9910547825295927
Time, 0.1, Pos_X, -0.0006691131522047986, Pos_Y, -0.008429613355526973, Pos_Z, -0.01458273465167292, BFx, 1.0, 0.0, 0.0,                             BFy, 0.0, -0.990904299019128, -0.13456845910319906, BFz, 0.0, 0.13456845910319906, -0.9909042990191295
Time, 0.102, Pos_X, -0.0005397304944783994, Pos_Y, -0.008810082053699177, Pos_Z, -0.015129544311733412, BFx, 1.0, 0.0, 0.0,                             BFy, 0.0, -0.990765423489161, -0.13558715137630892, BFz, 0.0, 0.1355871513763089, -0.9907654234891625
Time, 0.104, Pos_X, -0.0004012126941519993, Pos_Y, -0.009201201545683614, Pos_Z, -0.015690816686784022, BFx, 1.0, 0.0, 0.0,                             BFy, 0.0, -0.9906380845017263, -0.13651441511704673, BFz, 0.0, 0.13651441511704673, -0.9906380845017276
Time, 0.106, Pos_X, -0.00025366486782559916, Pos_Y, -0.009603129900574534, Pos_Z, -0.016267047337018378, BFx, 1.0, 0.0, 0.0,                             BFy, 0.0, -0.9905221027177874, -0.13735342743277903, BFz, 0.0, 0.13735342743277903, -0.9905221027177887
Time, 0.108, Pos_X, -9.721700909919899e-05, Pos_Y, -0.01001602107936217, Pos_Z, -0.016858681640650387, BFx, 1.0, 0.0, 0.0,                             BFy, 0.0, -0.9904172156765944, -0.1381077075742733, BFz, 0.0, 0.1381077075742733, -0.9904172156765958
Time, 0.11, Pos_X, 6.797566202720117e-05, Pos_Y, -0.010440026776286712, Pos_Z, -0.01746610951291118, BFx, 1.0, 0.0, 0.0,                             BFy, 0.0, -0.9903231102740612, -0.13878089658561968, BFz, 0.0, 0.13878089658561968, -0.9903231102740627
Time, 0.112, Pos_X, 0.00024173168415360136, Pos_Y, -0.010875298848602114, Pos_Z, -0.01808966161576891, BFx, 1.0, 0.0, 0.0,                             BFy, 0.0, -0.9902394074632229, -0.13937688440657453, BFz, 0.0, 0.13937688440657456, -0.9902394074632245
Time, 0.114, Pos_X, 0.00042384330848000155, Pos_Y, -0.011321990548829722, Pos_Z, -0.018729604962012796, BFx, 1.0, 0.0, 0.0,                             BFy, 0.0, -0.9901657866593527, -0.13989894541869694, BFz, 0.0, 0.139898945418697, -0.9901657866593544
Time, 0.116, Pos_X, 0.0006140760754064018, Pos_Y, -0.011780257613207137, Pos_Z, -0.01938613453286136, BFx, 1.0, 0.0, 0.0,                             BFy, 0.0, -0.9901020023520235, -0.14034965243459593, BFz, 0.0, 0.140349652434596, -0.9901020023520253
Time, 0.118, Pos_X, 0.0008121657013328006, Pos_Y, -0.012250260925195001, Pos_Z, -0.020059364538243758, BFx, 1.0, 0.0, 0.0,                             BFy, 0.0, -0.9900478647681507, -0.14073103946188817, BFz, 0.0, 0.14073103946188822, -0.9900478647681525
Time, 0.12, Pos_X, 0.0010178157962592008, Pos_Y, -0.01273216728801965, Pos_Z, -0.020749327602003948, BFx, 1.0, 0.0, 0.0,                             BFy, 0.0, -0.9900032017839291, -0.14104488809441676, BFz, 0.0, 0.14104488809441684, -0.990003201783931
Time, 0.122, Pos_X, 0.001230697972185601, Pos_Y, -0.013226146631795705, Pos_Z, -0.021455979416938546, BFx, 1.0, 0.0, 0.0,                             BFy, 0.0, -0.9899678902548905, -0.14129252019933125, BFz, 0.0, 0.14129252019933133, -0.9899678902548924
Time, 0.124, Pos_X, 0.0014504529949120012, Pos_Y, -0.013732369294273223, Pos_Z, -0.022179204714005328, BFx, 1.0, 0.0, 0.0,                             BFy, 0.0, -0.9899419302800301, -0.14147428979657503, BFz, 0.0, 0.14147428979657511, -0.989941930280032
Time, 0.126, Pos_X, 0.0016766929852384013, Pos_Y, -0.014251005927417723, Pos_Z, -0.022918824704904004, BFx, 1.0, 0.0, 0.0,                             BFy, 0.0, -0.9899254702454079, -0.14158941824658158, BFz, 0.0, 0.14158941824658167, -0.9899254702454097
Time, 0.128, Pos_X, 0.0019090042241648015, Pos_Y, -0.014782230168627659, Pos_Z, -0.023674602220278073, BFx, 1.0, 0.0, 0.0,                             BFy, 0.0, -0.9899188052062164, -0.14163600918938204, BFz, 0.0, 0.1416360091893821, -0.9899188052062181
Time, 0.13, Pos_X, 0.002146952446691202, Pos_Y, -0.015326219999691757, Pos_Z, -0.024446240982001124, BFx, 1.0, 0.0, 0.0,                             BFy, 0.0, -0.9899223714702386, -0.14161108170880107, BFz, 0.0, 0.14161108170880116, -0.9899223714702404
Time, 0.132, Pos_X, 0.0023900906214176024, Pos_Y, -0.015883155230973285, Pos_Z, -0.02523338181304069, BFx, 1.0, 0.0, 0.0,                             BFy, 0.0, -0.989936788248494, -0.14151026560732008, BFz, 0.0, 0.14151026560732016, -0.9899367882484957
Time, 0.134, Pos_X, 0.0026379669989440024, Pos_Y, -0.016453213646371333, Pos_Z, -0.02603560273810303, BFx, 1.0, 0.0, 0.0,                             BFy, 0.0, -0.9899628548029393, -0.1413277966658103, BFz, 0.0, 0.14132779666581044, -0.9899628548029411
Time, 0.136, Pos_X, 0.002890131309270403, Pos_Y, -0.017036569112239608, Pos_Z, -0.026852427378569216, BFx, 1.0, 0.0, 0.0,                             BFy, 0.0, -0.9900015007209094, -0.14105682745030482, BFz, 0.0, 0.14105682745030496, -0.9900015007209112
Time, 0.138, Pos_X, 0.003146139255116803, Pos_Y, -0.017633392580402366, Pos_Z, -0.02768333982318623, BFx, 1.0, 0.0, 0.0,                             BFy, 0.0, -0.9900536938695724, -0.1406900254290005, BFz, 0.0, 0.14069002542900064, -0.9900536938695742
Time, 0.14, Pos_X, 0.0034055573800832037, Pos_Y, -0.01824385276634372, Pos_Z, -0.028527800696417287, BFx, 1.0, 0.0, 0.0,                             BFy, 0.0, -0.9901203833474199, -0.14021992183693557, BFz, 0.0, 0.14021992183693577, -0.9901203833474217
Time, 0.142, Pos_X, 0.0036679689313496005, Pos_Y, -0.01886811423522598, Pos_Z, -0.02938525838060302, BFx, 1.0, 0.0, 0.0,                             BFy, 0.0, -0.9902024539871046, -0.13963917830578268, BFz, 0.0, 0.13963917830578285, -0.9902024539871064
Time, 0.144, Pos_X, 0.003932979925816001, Pos_Y, -0.01950633406725019, Pos_Z, -0.030255155126340312, BFx, 1.0, 0.0, 0.0,                             BFy, 0.0, -0.99030071012648, -0.13894064748297238, BFz, 0.0, 0.13894064748297255, -0.9903007101264818
Time, 0.146, Pos_X, 0.004200225279982401, Pos_Y, -0.020158658266589143, Pos_Z, -0.031136932626980418, BFx, 1.0, 0.0, 0.0,                             BFy, 0.0, -0.9904159162576066, -0.1381170258281124, BFz, 0.0, 0.13811702582811256, -0.9904159162576084
Time, 0.148, Pos_X, 0.004469375145308802, Pos_Y, -0.0208252187284417, Pos_Z, -0.03203003939023997, BFx, 1.0, 0.0, 0.0,                             BFy, 0.0, -0.9905487642338254, -0.1371610209747634, BFz, 0.0, 0.1371610209747636, -0.9905487642338271
Time, 0.15, Pos_X, 0.004740141286895202, Pos_Y, -0.021506131413522228, Pos_Z, -0.032933939400694494, BFx, 1.0, 0.0, 0.0,                             BFy, 0.0, -0.990699772028489, -0.13606601964744072, BFz, 0.0, 0.1360660196474409, -0.9906997720284907
Time, 0.152, Pos_X, 0.005012282989241602, Pos_Y, -0.022201494522713635, Pos_Z, -0.033848120477703206, BFx, 1.0, 0.0, 0.0,                             BFy, 0.0, -0.9908691650343667, -0.13482691787656836, BFz, 0.0, 0.13482691787656853, -0.9908691650343684
Time, 0.154, Pos_X, 0.005285611095088002, Pos_Y, -0.022911386619060732, Pos_Z, -0.03477210307157336, BFx, 1.0, 0.0, 0.0,                             BFy, 0.0, -0.991056832604308, -0.13344045319285616, BFz, 0.0, 0.13344045319285633, -0.9910568326043097
Time, 0.156, Pos_X, 0.005559991257714402, Pos_Y, -0.02363586482239017, Pos_Z, -0.0357054500902773, BFx, 1.0, 0.0, 0.0,                             BFy, 0.0, -0.9912623524943398, -0.13190507392585482, BFz, 0.0, 0.131905073925855, -0.9912623524943415
Time, 0.158, Pos_X, 0.005835349135840802, Pos_Y, -0.02437496232364216, Pos_Z, -0.036647776499721396, BFx, 1.0, 0.0, 0.0,                             BFy, 0.0, -0.9914849821583426, -0.13022108183573386, BFz, 0.0, 0.13022108183573405, -0.9914849821583444
Time, 0.16, Pos_X, 0.006111673725487202, Pos_Y, -0.02512868780467423, Pos_Z, -0.037598754695334524, BFx, 1.0, 0.0, 0.0,                             BFy, 0.0, -0.9917235538623317, -0.12839156013798156, BFz, 0.0, 0.12839156013798173, -0.9917235538623334
Time, 0.162, Pos_X, 0.0063890165042936025, Pos_Y, -0.02589702613804596, Pos_Z, -0.03855811690982122, BFx, 1.0, 0.0, 0.0,                             BFy, 0.0, -0.9919763770996058, -0.12642336523102918, BFz, 0.0, 0.12642336523102937, -0.9919763770996075
Time, 0.164, Pos_X, 0.006667489136100003, Pos_Y, -0.026679938414189246, Pos_Z, -0.039525660166089056, BFx, 1.0, 0.0, 0.0,                             BFy, 0.0, -0.9922412111781787, -0.12432770744954114, BFz, 0.0, 0.12432770744954134, -0.9922412111781802
Time, 0.166, Pos_X, 0.006947261700166404, Pos_Y, -0.0274773619406874, Pos_Z, -0.04050125471533117, BFx, 1.0, 0.0, 0.0,                             BFy, 0.0, -0.9925154634828682, -0.12211901877834097, BFz, 0.0, 0.12211901877834118, -0.9925154634828698
Time, 0.168, Pos_X, 0.007228561351932804, Pos_Y, -0.028289210886684915, Pos_Z, -0.0414848524635749, BFx, 1.0, 0.0, 0.0,                             BFy, 0.0, -0.9927963664947632, -0.11981391686608646, BFz, 0.0, 0.11981391686608667, -0.9927963664947648
Time, 0.17, Pos_X, 0.007511669502079204, Pos_Y, -0.02911537750802409, Pos_Z, -0.0424764901678306, BFx, 1.0, 0.0, 0.0,                             BFy, 0.0, -0.9930813491171226, -0.1174284209027503, BFz, 0.0, 0.11742842090275049, -0.9930813491171242
Time, 0.172, Pos_X, 0.007796918811265601, Pos_Y, -0.029955733034834987, Pos_Z, -0.043476286779377545, BFx, 1.0, 0.0, 0.0,                             BFy, 0.0, -0.9933683539595229, -0.11497527278395939, BFz, 0.0, 0.11497527278395957, -0.9933683539595245
Time, 0.174, Pos_X, 0.008084690388752001, Pos_Y, -0.030810127943380877, Pos_Z, -0.044484436720949316, BFx, 1.0, 0.0, 0.0,                             BFy, 0.0, -0.9936560019478125, -0.11246221495723314, BFz, 0.0, 0.11246221495723333, -0.993656001947814
Time, 0.176, Pos_X, 0.008375410270638402, Pos_Y, -0.031678392393176026, Pos_Z, -0.045501202957457174, BFx, 1.0, 0.0, 0.0,                             BFy, 0.0, -0.9939435879236281, -0.10989151025216946, BFz, 0.0, 0.10989151025216964, -0.9939435879236298
Time, 0.178, Pos_X, 0.008669544936724803, Pos_Y, -0.03256033806564944, Pos_Z, -0.046526912549106444, BFx, 1.0, 0.0, 0.0,                             BFy, 0.0, -0.9942309422689668, -0.10726058658687493, BFz, 0.0, 0.10726058658687511, -0.9942309422689685
Time, 0.18, Pos_X, 0.008967595889411203, Pos_Y, -0.03345576037549105, Pos_Z, -0.04756195601656662, BFx, 1.0, 0.0, 0.0,                             BFy, 0.0, -0.9945182445151344, -0.1045631929817259, BFz, 0.0, 0.10456319298172607, -0.9945182445151362
Time, 0.182, Pos_X, 0.009270093581297604, Pos_Y, -0.03436444034426437, Pos_Z, -0.048606787778813394, BFx, 1.0, 0.0, 0.0,                             BFy, 0.0, -0.9948057933971313, -0.10179112644775262, BFz, 0.0, 0.1017911264477528, -0.994805793397133
Time, 0.184, Pos_X, 0.009577591251584004, Pos_Y, -0.0352861464852141, Pos_Z, -0.04966192226034748, BFx, 1.0, 0.0, 0.0,                             BFy, 0.0, -0.9950937776446002, -0.09893621022152259, BFz, 0.0, 0.09893621022152277, -0.995093777644602
Time, 0.186, Pos_X, 0.009890658212270404, Pos_Y, -0.03622063693462665, Pos_Z, -0.05072792587709704, BFx, 1.0, 0.0, 0.0,                             BFy, 0.0, -0.9953820700863405, -0.09599236714775611, BFz, 0.0, 0.09599236714775627, -0.9953820700863424
Time, 0.188, Pos_X, 0.010209874728956805, Pos_Y, -0.03716766110579767, Pos_Z, -0.05180540752754608, BFx, 1.0, 0.0, 0.0,                             BFy, 0.0, -0.9956701603463829, -0.09295661243723673, BFz, 0.0, 0.0929566124372369, -0.9956701603463848
Time, 0.19, Pos_X, 0.010535832504843206, Pos_Y, -0.03812695816183038, Pos_Z, -0.05289501266089048, BFx, 1.0, 0.0, 0.0,                             BFy, 0.0, -0.9959571908751227, -0.08982913750077082, BFz, 0.0, 0.08982913750077098, -0.9959571908751247
Time, 0.192, Pos_X, 0.010869133670329606, Pos_Y, -0.03909825810006329, Pos_Z, -0.053997415885637445, BFx, 1.0, 0.0, 0.0,                             BFy, 0.0, -0.9962420066443591, -0.08661330265737782, BFz, 0.0, 0.08661330265737797, -0.9962420066443611
Time, 0.194, Pos_X, 0.011210378338216006, Pos_Y, -0.0400812867847038, Pos_Z, -0.05511331242186637, BFx, 1.0, 0.0, 0.0,                             BFy, 0.0, -0.9965232212145465, -0.08331548223578733, BFz, 0.0, 0.08331548223578748, -0.9965232212145485
Time, 0.196, Pos_X, 0.011560152695302407, Pos_Y, -0.04107576947684208, Pos_Z, -0.05624341307388963, BFx, 1.0, 0.0, 0.0,                             BFy, 0.0, -0.9967993548274011, -0.07994401926144343, BFz, 0.0, 0.07994401926144357, -0.9967993548274032
Time, 0.198, Pos_X, 0.011919026819388808, Pos_Y, -0.04208143490208724, Pos_Z, -0.05738843784212956, BFx, 1.0, 0.0, 0.0,                             BFy, 0.0, -0.9970689712926241, -0.07650795047225999, BFz, 0.0, 0.0765079504722601, -0.9970689712926261
Time, 0.2, Pos_X, 0.012287551954875207, Pos_Y, -0.043098018011457635, Pos_Z, -0.05854910848565983, BFx, 1.0, 0.0, 0.0,                             BFy, 0.0, -0.9973307477565134, -0.0730162966702073, BFz, 0.0, 0.0730162966702074, -0.9973307477565152
Time, 0.202, Pos_X, 0.012666255081361608, Pos_Y, -0.044125259756510334, Pos_Z, -0.059726144955845634, BFx, 1.0, 0.0, 0.0,                             BFy, 0.0, -0.9975835166052908, -0.06947753160137216, BFz, 0.0, 0.06947753160137224, -0.9975835166052925
Time, 0.204, Pos_X, 0.013055636408048002, Pos_Y, -0.045162905841343935, Pos_Z, -0.06092026315359948, BFx, 1.0, 0.0, 0.0,                             BFy, 0.0, -0.997826288531254, -0.06589914958435508, BFz, 0.0, 0.06589914958435517, -0.9978262885312557
Time, 0.206, Pos_X, 0.013456169352134402, Pos_Y, -0.0462107064200623, Pos_Z, -0.062132167690263515, BFx, 1.0, 0.0, 0.0,                             BFy, 0.0, -0.9980582265244758, -0.06228785167925722, BFz, 0.0, 0.0622878516792573, -0.9980582265244774
Time, 0.208, Pos_X, 0.013868301444420802, Pos_Y, -0.04726841665094226, Pos_Z, -0.06336254103295758, BFx, 1.0, 0.0, 0.0,                             BFy, 0.0, -0.998278608285315, -0.0586499807325916, BFz, 0.0, 0.05864998073259168, -0.9982786082853166
Time, 0.21, Pos_X, 0.014292454433107202, Pos_Y, -0.04833579755931469, Pos_Z, -0.06461203442779885, BFx, 1.0, 0.0, 0.0,                             BFy, 0.0, -0.9984867989215723, -0.054991930129341116, BFz, 0.0, 0.054991930129341185, -0.9984867989215739
Time, 0.212, Pos_X, 0.014729021357393603, Pos_Y, -0.04941261851644306, Pos_Z, -0.06588126758033622, BFx, 1.0, 0.0, 0.0,                             BFy, 0.0, -0.998682285848116, -0.051319508310005674, BFz, 0.0, 0.05131950831000574, -0.9986822858481175
Time, 0.214, Pos_X, 0.015178364274280003, Pos_Y, -0.05049866006703677, Pos_Z, -0.0671708350681016, BFx, 1.0, 0.0, 0.0,                             BFy, 0.0, -0.9988647515549468, -0.04763620577956619, BFz, 0.0, 0.047636205779566246, -0.9988647515549482
Time, 0.216, Pos_X, 0.015640814753966403, Pos_Y, -0.05159371534048719, Pos_Z, -0.06848130953176539, BFx, 1.0, 0.0, 0.0,                             BFy, 0.0, -0.9990340834292707, -0.04394200890532961, BFz, 0.0, 0.04394200890532965, -0.9990340834292721
Time, 0.218, Pos_X, 0.016116676208452804, Pos_Y, -0.05269758928211946, Pos_Z, -0.06981323712943184, BFx, 1.0, 0.0, 0.0,                             BFy, 0.0, -0.9991903081140623, -0.04023342106910882, BFz, 0.0, 0.04023342106910887, -0.9991903081140637
Time, 0.22, Pos_X, 0.016606227970939205, Pos_Y, -0.05381009606878913, Pos_Z, -0.0711671294217002, BFx, 1.0, 0.0, 0.0,                             BFy, 0.0, -0.9993334732930416, -0.036504919614549644, BFz, 0.0, 0.03650491961454968, -0.9993334732930431
Time, 0.222, Pos_X, 0.017109729691425605, Pos_Y, -0.054931056597818065, Pos_Z, -0.0725434562018449, BFx, 1.0, 0.0, 0.0,                             BFy, 0.0, -0.9994635617927047, -0.03275039921343694, BFz, 0.0, 0.03275039921343697, -0.9994635617927063
Time, 0.224, Pos_X, 0.017627424692712005, Pos_Y, -0.05606029774096077, Pos_Z, -0.07394264144550272, BFx, 1.0, 0.0, 0.0,                             BFy, 0.0, -0.9995804551920896, -0.02896400521291901, BFz, 0.0, 0.02896400521291903, -0.9995804551920913
Time, 0.226, Pos_X, 0.018159544553598406, Pos_Y, -0.057197651929007075, Pos_Z, -0.07536506352352085, BFx, 1.0, 0.0, 0.0,                             BFy, 0.0, -0.9996839333048052, -0.02514027629587725, BFz, 0.0, 0.025140276295877263, -0.9996839333048069
Time, 0.228, Pos_X, 0.018706315447884807, Pos_Y, -0.05834295544641048, Pos_Z, -0.0768110550407758, BFx, 1.0, 0.0, 0.0,                             BFy, 0.0, -0.9997736736519591, -0.021274432365290787, BFz, 0.0, 0.021274432365290794, -0.9997736736519608
Time, 0.23, Pos_X, 0.019267962239571206, Pos_Y, -0.05949604995255759, Pos_Z, -0.07828089723401184, BFx, 1.0, 0.0, 0.0,                             BFy, 0.0, -0.999849249232462, -0.017363145143698622, BFz, 0.0, 0.017363145143698626, -0.9998492492324638
Time, 0.232, Pos_X, 0.019844709832657608, Pos_Y, -0.06065678742871451, Pos_Z, -0.07977481342853332, BFx, 1.0, 0.0, 0.0,                             BFy, 0.0, -0.9999101522913897, -0.01340475082232259, BFz, 0.0, 0.013404750822322587, -0.9999101522913916
Time, 0.234, Pos_X, 0.02043678335714401, Pos_Y, -0.06182503349453743, Pos_Z, -0.0812929653877993, BFx, 1.0, 0.0, 0.0,                             BFy, 0.0, -0.9999558322595198, -0.009398591924832271, BFz, 0.0, 0.009398591924832262, -0.9999558322595217
Time, 0.236, Pos_X, 0.0210444077792304, Pos_Y, -0.06300066733092476, Pos_Z, -0.08283545093370807, BFx, 1.0, 0.0, 0.0,                             BFy, 0.0, -0.9999857189192186, -0.005344338837676449, BFz, 0.0, 0.0053443388376764305, -0.9999857189192205
Time, 0.238, Pos_X, 0.021667807726916802, Pos_Y, -0.06418357837750682, Pos_Z, -0.0844023049129952, BFx, 1.0, 0.0, 0.0,                             BFy, 0.0, -0.9999992289835172, -0.0012417859596540858, BFz, 0.0, 0.0012417859596540602, -0.9999992289835191
Time, 0.24, Pos_X, 0.022307205987403204, Pos_Y, -0.0653736642147886, Pos_Z, -0.08599350501004623, BFx, 1.0, 0.0, 0.0,                             BFy, 0.0, -0.9999957685782078, 0.0029090936179923484, BFz, 0.0, -0.0029090936179923814, -0.9999957685782096
Time, 0.242, Pos_X, 0.022962820524489606, Pos_Y, -0.06657083173159596, Pos_Z, -0.0876089786072561, BFx, 1.0, 0.0, 0.0,                             BFy, 0.0, -0.9999747392145805, 0.007107807870992116, BFz, 0.0, -0.007107807870992155, -0.9999747392145822
Time, 0.244, Pos_X, 0.02363486243557601, Pos_Y, -0.06777499917406364, Pos_Z, -0.08924860483187942, BFx, 1.0, 0.0, 0.0,                             BFy, 0.0, -0.9999355477718015, 0.011353426897024345, BFz, 0.0, -0.011353426897024394, -0.9999355477718034
Time, 0.246, Pos_X, 0.02432353580686241, Pos_Y, -0.0689860969353043, Pos_Z, -0.09091220942377605, BFx, 1.0, 0.0, 0.0,                             BFy, 0.0, -0.9998776105127729, 0.01564493513142244, BFz, 0.0, -0.015644935131422497, -0.9998776105127749
Time, 0.248, Pos_X, 0.025029037882948812, Pos_Y, -0.070204066703911, Pos_Z, -0.0925995575331526, BFx, 1.0, 0.0, 0.0,                             BFy, 0.0, -0.9998003525334349, 0.01998136817182098, BFz, 0.0, -0.01998136817182105, -0.9998003525334368
Time, 0.25, Pos_X, 0.025751557516235212, Pos_Y, -0.07142886102593156, Pos_Z, -0.09431035049514054, BFx, 1.0, 0.0, 0.0,                             BFy, 0.0, -0.9997032210175963, 0.024361237387325207, BFz, 0.0, -0.024361237387325284, -0.9997032210175981
Time, 0.252, Pos_X, 0.026491272015721615, Pos_Y, -0.07266044386487057, Pos_Z, -0.0960442296055988, BFx, 1.0, 0.0, 0.0,                             BFy, 0.0, -0.9995857111905442, 0.028782042729676032, BFz, 0.0, -0.028782042729676115, -0.9995857111905461
Time, 0.254, Pos_X, 0.027248343964608016, Pos_Y, -0.07389879100031163, Pos_Z, -0.0978007846368813, BFx, 1.0, 0.0, 0.0,                             BFy, 0.0, -0.9994473815266034, 0.033240510820601074, BFz, 0.0, -0.03324051082060117, -0.9994473815266054
Time, 0.256, Pos_X, 0.028022917949894418, Pos_Y, -0.07514389014374667, Pos_Z, -0.0995795623179903, BFx, 1.0, 0.0, 0.0,                             BFy, 0.0, -0.9992878478905044, 0.03773323546110226, BFz, 0.0, -0.03773323546110237, -0.9992878478905063
Time, 0.258, Pos_X, 0.02881511718058082, Pos_Y, -0.07639574067549747, Pos_Z, -0.10138007241790754, BFx, 1.0, 0.0, 0.0,                             BFy, 0.0, -0.9991067701572768, 0.04225709201889586, BFz, 0.0, -0.04225709201889597, -0.9991067701572787
Time, 0.26, Pos_X, 0.02962504017666722, Pos_Y, -0.07765435296167532, Pos_Z, -0.1032017918197916, BFx, 1.0, 0.0, 0.0,                             BFy, 0.0, -0.9989038373494755, 0.046809440591527224, BFz, 0.0, -0.04680944059152734, -0.9989038373494774
Time, 0.262, Pos_X, 0.03045275854675362, Pos_Y, -0.07891974756594697, Pos_Z, -0.10504416872782313, BFx, 1.0, 0.0, 0.0,                             BFy, 0.0, -0.9986787615409812, 0.051388045759409584, BFz, 0.0, -0.05138804575940971, -0.9986787615409831
Time, 0.264, Pos_X, 0.03129831663884002, Pos_Y, -0.08019195411127383, Pos_Z, -0.1069066263619733, BFx, 1.0, 0.0, 0.0,                             BFy, 0.0, -0.9984312670630378, 0.05599111492814146, BFz, 0.0, -0.055991114928141586, -0.9984312670630396
Time, 0.266, Pos_X, 0.032161731314926424, Pos_Y, -0.08147101022523259, Pos_Z, -0.1087885666714634, BFx, 1.0, 0.0, 0.0,                             BFy, 0.0, -0.9981610853346108, 0.06061722299504437, BFz, 0.0, -0.060617222995044504, -0.9981610853346126
Time, 0.268, Pos_X, 0.033042989771612824, Pos_Y, -0.08275696067617623, Pos_Z, -0.11068937562868346, BFx, 1.0, 0.0, 0.0,                             BFy, 0.0, -0.9978679723387105, 0.065264919984859, BFz, 0.0, -0.06526491998485916, -0.9978679723387122
Time, 0.27, Pos_X, 0.03394204993569923, Pos_Y, -0.0840498541822002, Pos_Z, -0.1126084315520706, BFx, 1.0, 0.0, 0.0,                             BFy, 0.0, -0.9975517126686599, 0.06993268586164127, BFz, 0.0, -0.06993268586164143, -0.9975517126686615
Time, 0.272, Pos_X, 0.03485884459418563, Pos_Y, -0.08534973980419733, Pos_Z, -0.11454511370231646, BFx, 1.0, 0.0, 0.0,                             BFy, 0.0, -0.9972121130235972, 0.0746190434072412, BFz, 0.0, -0.07461904340724138, -0.9972121130235987
Time, 0.274, Pos_X, 0.03579328479487203, Pos_Y, -0.08665666557233336, Pos_Z, -0.116498807141527, BFx, 1.0, 0.0, 0.0,                             BFy, 0.0, -0.996848991513533, 0.07932268350510853, BFz, 0.0, -0.07932268350510871, -0.9968489915135342
Time, 0.276, Pos_X, 0.036745262176158436, Pos_Y, -0.0879706777663308, Pos_Z, -0.11846890480087396, BFx, 1.0, 0.0, 0.0,                             BFy, 0.0, -0.9964622109045972, 0.08404202662431226, BFz, 0.0, -0.08404202662431244, -0.9964622109045984
Time, 0.278, Pos_X, 0.037714651254644835, Pos_Y, -0.08929181970798476, Pos_Z, -0.12045481034666877, BFx, 1.0, 0.0, 0.0,                             BFy, 0.0, -0.9960517729347588, 0.08877423969555229, BFz, 0.0, -0.08877423969555247, -0.99605177293476
Time, 0.28, Pos_X, 0.03870131265293124, Pos_Y, -0.09062012963269482, Pos_Z, -0.12245594621441379, BFx, 1.0, 0.0, 0.0,                             BFy, 0.0, -0.9956179064620619, 0.09351462095362503, BFz, 0.0, -0.09351462095362521, -0.9956179064620633
Time, 0.282, Pos_X, 0.039705096131817615, Pos_Y, -0.0919556384427727, Pos_Z, -0.12447176492925036, BFx, 1.0, 0.0, 0.0,                             BFy, 0.0, -0.9951610973147856, 0.09825675748380339, BFz, 0.0, -0.09825675748380357, -0.995161097314787
Time, 0.284, Pos_X, 0.040725843577904014, Pos_Y, -0.09329836770620613, Pos_Z, -0.12650176011239825, BFx, 1.0, 0.0, 0.0,                             BFy, 0.0, -0.9946820777108341, 0.10299303025378634, BFz, 0.0, -0.10299303025378652, -0.9946820777108354
Time, 0.286, Pos_X, 0.04176339322439042, Pos_Y, -0.09464832768780095, Pos_Z, -0.12854547356048943, BFx, 1.0, 0.0, 0.0,                             BFy, 0.0, -0.9941818569768365, 0.10771460095125514, BFz, 0.0, -0.10771460095125532, -0.994181856976838
Time, 0.288, Pos_X, 0.04281758486927682, Pos_Y, -0.09600551511653675, Pos_Z, -0.13060249753602604, BFx, 1.0, 0.0, 0.0,                             BFy, 0.0, -0.9936617590859957, 0.1124113363061037, BFz, 0.0, -0.11241133630610389, -0.9936617590859973
Time, 0.29, Pos_X, 0.043888264581363225, Pos_Y, -0.09736991153741441, Pos_Z, -0.13267247403567684, BFx, 1.0, 0.0, 0.0,                             BFy, 0.0, -0.9931234165712697, 0.11707211221212258, BFz, 0.0, -0.1170721122121228, -0.9931234165712712
Time, 0.292, Pos_X, 0.044975288970049626, Pos_Y, -0.098741482155681, Pos_Z, -0.13475509426287782, BFx, 1.0, 0.0, 0.0,                             BFy, 0.0, -0.9925686763910747, 0.12168575367424743, BFz, 0.0, -0.12168575367424767, -0.9925686763910763
Time, 0.294, Pos_X, 0.04607852930333603, Pos_Y, -0.10012017435516352, Pos_Z, -0.13685010192931613, BFx, 1.0, 0.0, 0.0,                             BFy, 0.0, -0.9919994640079745, 0.12624208255526634, BFz, 0.0, -0.12624208255526656, -0.991999464007976
Time, 0.296, Pos_X, 0.04719787568162243, Pos_Y, -0.10150591545115911, Pos_Z, -0.13895729815853858, BFx, 1.0, 0.0, 0.0,                             BFy, 0.0, -0.9914176471462574, 0.1307327385430995, BFz, 0.0, -0.13073273854309972, -0.9914176471462589
Time, 0.298, Pos_X, 0.04833323840890883, Pos_Y, -0.10289861099400328, Pos_Z, -0.14107654567528646, BFx, 1.0, 0.0, 0.0,                             BFy, 0.0, -0.9908249343430053, 0.13515157965846356, BFz, 0.0, -0.13515157965846383, -0.990824934343007
Time, 0.3, Pos_X, 0.04948454758279523, Pos_Y, -0.10429814478198393, Pos_Z, -0.14320776714863145, BFx, 1.0, 0.0, 0.0,                             BFy, 0.0, -0.9902227696181509, 0.1394950412371607, BFz, 0.0, -0.13949504123716097, -0.9902227696181525
Time, 0.302, Pos_X, 0.050651758611281635, Pos_Y, -0.10570437636154968, Pos_Z, -0.14535094078664462, BFx, 1.0, 0.0, 0.0,                             BFy, 0.0, -0.9896122426363452, 0.14376233590291396, BFz, 0.0, -0.14376233590291423, -0.9896122426363466
Time, 0.304, Pos_X, 0.051834860070768034, Pos_Y, -0.10711713684100803, Pos_Z, -0.14750610154346577, BFx, 1.0, 0.0, 0.0,                             BFy, 0.0, -0.9889940173539828, 0.14795551236107637, BFz, 0.0, -0.14795551236107665, -0.9889940173539844
Time, 0.306, Pos_X, 0.05303387311745444, Pos_Y, -0.10853622815015265, Pos_Z, -0.14967334425884624, BFx, 1.0, 0.0, 0.0,                             BFy, 0.0, -0.9883682878138749, 0.1520793465394569, BFz, 0.0, -0.1520793465394572, -0.9883682878138764
Time, 0.308, Pos_X, 0.05424884847674084, Pos_Y, -0.10996142377291739, Pos_Z, -0.15185282334033856, BFx, 1.0, 0.0, 0.0,                             BFy, 0.0, -0.9877347912987334, 0.15614090449989732, BFz, 0.0, -0.15614090449989762, -0.987734791298735
Time, 0.31, Pos_X, 0.05547986851842724, Pos_Y, -0.11139247004488209, Pos_Z, -0.15404474639501878, BFx, 1.0, 0.0, 0.0,                             BFy, 0.0, -0.9870928582193026, 0.1601489595734139, BFz, 0.0, -0.16014895957341418, -0.9870928582193039
Time, 0.312, Pos_X, 0.05672704796871364, Pos_Y, -0.11282908904843697, Pos_Z, -0.1562493634826453, BFx, 1.0, 0.0, 0.0,                             BFy, 0.0, -0.9864414902407408, 0.16411333380205745, BFz, 0.0, -0.16411333380205773, -0.9864414902407421
Time, 0.314, Pos_X, 0.057990530948800044, Pos_Y, -0.11427098095646654, Pos_Z, -0.15846695904862687, BFx, 1.0, 0.0, 0.0,                             BFy, 0.0, -0.9857794650954209, 0.16804417929873428, BFz, 0.0, -0.16804417929873458, -0.9857794650954222
