Time, 0, Pos_X, 0.0, Pos_Y, 0.0, Pos_Z, 0.0, BFx, 1, 0, 0,                         BFy, 0, -1, 0, BFz, 0, 0, -1
Time, 0.0, Pos_X, 0.0, Pos_Y, 0.0, Pos_Z, 0.0, BFx, 1.0, 0.0, 0.0,                             BFy, 0.0, -1.0, 0.0, BFz, 0.0, 0.0, -1.0
Time, 0.002, Pos_X, -2.1704667999999998e-07, Pos_Y, 3.476876623344313e-07, Pos_Z, 1.672204383084781e-06, BFx, 1.0, 0.0, 0.0,                             BFy, 0.0, -0.9999999655035334, 0.00026266505697966115, BFz, 0.0, -0.00026266505697966115, -0.9999999655035334
Time, 0.004, Pos_X, -7.8344256e-07, Pos_Y, 1.251371752370841e-06, Pos_Z, 6.654361777532764e-06, BFx, 1.0, 0.0, 0.0,                             BFy, 0.0, -0.9999998428824693, 0.0005605667106417123, BFz, 0.0, -0.0005605667106417123, -0.9999998428824692
Time, 0.006, Pos_X, -1.532794776e-06, Pos_Y, 2.40372648752193e-06, Pos_Z, 1.4902248877975761e-05, BFx, 1.0, 0.0, 0.0,                             BFy, 0.0, -0.9999996028661221, 0.0008912169200225042, BFz, 0.0, -0.0008912169200225042, -0.999999602866122
Time, 0.008, Pos_X, -2.3017824620000003e-06, Pos_Y, 3.461675068994592e-06, Pos_Z, 2.6425124757253816e-05, BFx, 1.0, 0.0, 0.0,                             BFy, 0.0, -0.9999992175665318, 0.0012509461717391808, BFz, 0.0, -0.001250946171739181, -0.9999992175665317
Time, 0.01, Pos_X, -2.9306647220000003e-06, Pos_Y, 4.074722914294056e-06, Pos_Z, 4.127537597023905e-05, BFx, 1.0, 0.0, 0.0,                             BFy, 0.0, -0.9999986636714584, 0.0016348257697781652, BFz, 0.0, -0.0016348257697781654, -0.9999986636714582
Time, 0.012, Pos_X, -3.2694682520000002e-06, Pos_Y, 3.884873535320634e-06, Pos_Z, 5.952048368969848e-05, BFx, 1.0, 0.0, 0.0,                             BFy, 0.0, -0.9999979259718875, 0.0020366766859572644, BFz, 0.0, -0.0020366766859572644, -0.9999979259718874
Time, 0.014, Pos_X, -3.185822912e-06, Pos_Y, 2.503596084880581e-06, Pos_Z, 8.121673773194238e-05, BFx, 1.0, 0.0, 0.0,                             BFy, 0.0, -0.9999970003768692, 0.0024493340449707095, BFz, 0.0, -0.002449334044970709, -0.999997000376869
Time, 0.016, Pos_X, -2.5773126120000003e-06, Pos_Y, -5.21314585867395e-07, Pos_Z, 0.00010638532015708337, BFx, 1.0, 0.0, 0.0,                             BFy, 0.0, -0.9999958957227205, 0.0028650545743341012, BFz, 0.0, -0.002865054574334101, -0.9999958957227204
Time, 0.018, Pos_X, -1.3841813120000015e-06, Pos_Y, -5.7357437827016726e-06, Pos_Z, 0.00013500096071835627, BFx, 1.0, 0.0, 0.0,                             BFy, 0.0, -0.9999946335292748, 0.003276112429600272, BFz, 0.0, -0.0032761124296002715, -0.9999946335292746
Time, 0.02, Pos_X, 4.023646479999998e-07, Pos_Y, -1.3798586561245212e-05, Pos_Z, 0.00016700663276149948, BFx, 1.0, 0.0, 0.0,                             BFy, 0.0, -0.999993246122658, 0.0036752835358395816, BFz, 0.0, -0.003675283535839581, -0.9999932461226578
Time, 0.022, Pos_X, 2.7351242879999978e-06, Pos_Y, -2.5488097906805243e-05, Pos_Z, 0.0002023479278269963, BFx, 1.0, 0.0, 0.0,                             BFy, 0.0, -0.9999917746503499, 0.004055937825461155, BFz, 0.0, -0.004055937825461153, -0.9999917746503496
Time, 0.024, Pos_X, 5.504099978e-06, Pos_Y, -4.169821321856787e-05, Pos_Z, 0.00024100503303713924, BFx, 1.0, 0.0, 0.0,                             BFy, 0.0, -0.9999902590199635, 0.004413826592278586, BFz, 0.0, -0.004413826592278586, -0.9999902590199632
Time, 0.026, Pos_X, 8.526189417999997e-06, Pos_Y, -6.343122369421156e-05, Pos_Z, 0.00028300778790107473, BFx, 1.0, 0.0, 0.0,                             BFy, 0.0, -0.9999887177789846, 0.00475019102168439, BFz, 0.0, -0.0047501910216843895, -0.9999887177789842
Time, 0.028, Pos_X, 1.1535084178e-05, Pos_Y, -9.179274393051529e-05, Pos_Z, 0.00032843860145481815, BFx, 1.0, 0.0, 0.0,                             BFy, 0.0, -0.999987115982343, 0.005076206193244241, BFz, 0.0, -0.00507620619324424, -0.9999871159823427
Time, 0.03, Pos_X, 1.4173749817999997e-05, Pos_Y, -0.00012799267891519455, Pos_Z, 0.0003774381178150136, BFx, 1.0, 0.0, 0.0,                             BFy, 0.0, -0.9999853416260626, 0.00541447439804808, BFz, 0.0, -0.005414474398048078, -0.9999853416260621
Time, 0.032, Pos_X, 1.5988951898e-05, Pos_Y, -0.00017335024620533822, Pos_Z, 0.000430218838707899, BFx, 1.0, 0.0, 0.0,                             BFy, 0.0, -0.9999831658839109, 0.005802408878305871, BFz, 0.0, -0.005802408878305869, -0.9999831658839105
Time, 0.034, Pos_X, 1.6426986877999996e-05, Pos_Y, -0.00022929861417620532, Pos_Z, 0.0004870828719912033, BFx, 1.0, 0.0, 0.0,                             BFy, 0.0, -0.9999802064931205, 0.006291790045474813, BFz, 0.0, -0.006291790045474811, -0.9999802064931199
Time, 0.036, Pos_X, 1.4830543058e-05, Pos_Y, -0.0002973842831417341, Pos_Z, 0.0005484386025881803, BFx, 1.0, 0.0, 0.0,                             BFy, 0.0, -0.9999758410366661, 0.006951067760595337, BFz, 0.0, -0.006951067760595334, -0.9999758410366656
Time, 0.038, Pos_X, 1.0437594437999998e-05, Pos_Y, -0.0003792581673895724, Pos_Z, 0.0006148147189139601, BFx, 1.0, 0.0, 0.0,                             BFy, 0.0, -0.9999690654599317, 0.007865629230455527, BFz, 0.0, -0.007865629230455522, -0.9999690654599311
Time, 0.04, Pos_X, 2.382786217999989e-06, Pos_Y, -0.0004766598447912512, Pos_Z, 0.000686870514107001, BFx, 1.0, 0.0, 0.0,                             BFy, 0.0, -0.9999582653322248, 0.009136060079067502, BFz, 0.0, -0.009136060079067497, -0.9999582653322242
Time, 0.042, Pos_X, -1.029746220200003e-05, Pos_Y, -0.0005913972893623598, Pos_Z, 0.0007653983752961491, BFx, 1.0, 0.0, 0.0,                             BFy, 0.0, -0.9999408592880992, 0.010875565556698275, BFz, 0.0, -0.010875565556698268, -0.9999408592880986
Time, 0.044, Pos_X, -2.8656074621999983e-05, Pos_Y, -0.000725324743076703, Pos_Z, 0.0008513184350080244, BFx, 1.0, 0.0, 0.0,                             BFy, 0.0, -0.9999127879916222, 0.013206680537561716, BFz, 0.0, -0.013206680537561707, -0.9999127879916216
Time, 0.046, Pos_X, -5.3823584842e-05, Pos_Y, -0.0008803201589275642, Pos_Z, 0.0009456665446103143, BFx, 1.0, 0.0, 0.0,                             BFy, 0.0, -0.9998678868029379, 0.016254505228619792, BFz, 0.0, -0.016254505228619782, -0.9998678868029374
Time, 0.048, Pos_X, -8.699346186200003e-05, Pos_Y, -0.0010582617263158764, Pos_Z, 0.0010495772175028522, BFx, 1.0, 0.0, 0.0,                             BFy, 0.0, -0.999797274036348, 0.020134816350974916, BFz, 0.0, -0.020134816350974905, -0.9997972740363475
Time, 0.05, Pos_X, -0.0001294050262820001, Pos_Y, -0.0012610032310191245, Pos_Z, 0.001164263395502302, BFx, 1.0, 0.0, 0.0,                             BFy, 0.0, -0.9996890006372577, 0.024937963126141712, BFz, 0.0, -0.024937963126141705, -0.9996890006372572
Time, 0.052, Pos_X, -0.00018232443910199997, Pos_Y, -0.0014903485111042395, Pos_Z, 0.0012909932697217092, BFx, 1.0, 0.0, 0.0,                             BFy, 0.0, -0.9995282851193742, 0.03071167931459422, BFz, 0.0, -0.03071167931459421, -0.9995282851193737
Time, 0.054, Pos_X, -0.000247024159322, Pos_Y, -0.0017480252701884838, Pos_Z, 0.0014310636657192464, BFx, 1.0, 0.0, 0.0,                             BFy, 0.0, -0.999298618970884, 0.03744689737326216, BFz, 0.0, -0.03744689737326215, -0.9992986189708837
Time, 0.056, Pos_X, -0.0003247658909420001, Pos_Y, -0.002035671803679981, Pos_Z, 0.001585779429367017, BFx, 1.0, 0.0, 0.0,                             BFy, 0.0, -0.9989838191794823, 0.045070267556058835, BFz, 0.0, -0.04507026755605882, -0.998983819179482
Time, 0.058, Pos_X, -0.00041677632476200017, Pos_Y, -0.002354806892012289, Pos_Z, 0.001756426611295482, BFx, 1.0, 0.0, 0.0,                             BFy, 0.0, -0.9985707628190781, 0.053445595168577054, BFz, 0.0, -0.05344559516857703, -0.9985707628190778
Time, 0.06, Pos_X, -0.0005242233913819998, Pos_Y, -0.0027067906586678656, Pos_Z, 0.0019442440427828876, BFx, 1.0, 0.0, 0.0,                             BFy, 0.0, -0.998052224739414, 0.06238394579301195, BFz, 0.0, -0.06238394579301192, -0.9980522247394135
Time, 0.062, Pos_X, -0.0006482050512019999, Pos_Y, -0.0030928077512673096, Pos_Z, 0.0021504138394489746, BFx, 1.0, 0.0, 0.0,                             BFy, 0.0, -0.9974290526113716, 0.07166090291631154, BFz, 0.0, -0.07166090291631151, -0.997429052611371
Time, 0.064, Pos_X, -0.000789733694222, Pos_Y, -0.0035138481471068163, Pos_Z, 0.002376052272738679, BFx, 1.0, 0.0, 0.0,                             BFy, 0.0, -0.9967109812530676, 0.08103838503787182, BFz, 0.0, -0.08103838503787181, -0.9967109812530669
Time, 0.066, Pos_X, -0.0009497171278420001, Pos_Y, -0.003970684624880474, Pos_Z, 0.0026221827917342904, BFx, 1.0, 0.0, 0.0,                             BFy, 0.0, -0.9959156933101918, 0.09028804914538333, BFz, 0.0, -0.09028804914538328, -0.9959156933101911
Time, 0.068, Pos_X, -0.0011289461908620003, Pos_Y, -0.004463854782450171, Pos_Z, 0.002889697481441481, BFx, 1.0, 0.0, 0.0,                             BFy, 0.0, -0.9950662719880591, 0.09921247074730588, BFz, 0.0, -0.09921247074730584, -0.9950662719880585
Time, 0.07, Pos_X, -0.0013280863714820006, Pos_Y, -0.0049936505925251475, Pos_Z, 0.0031793319033173594, BFx, 1.0, 0.0, 0.0,                             BFy, 0.0, -0.9941876624373921, 0.10766100434824658, BFz, 0.0, -0.10766100434824652, -0.9941876624373915
Time, 0.072, Pos_X, -0.0015476705075019993, Pos_Y, -0.005560116338851128, Pos_Z, 0.0034916637336247685, BFx, 1.0, 0.0, 0.0,                             BFy, 0.0, -0.9933030067549243, 0.11553846446801061, BFz, 0.0, -0.11553846446801054, -0.9933030067549238
Time, 0.074, Pos_X, -0.0017880963687219994, Pos_Y, -0.006163055835743457, Pos_Z, 0.0038271243485998433, BFx, 1.0, 0.0, 0.0,                             BFy, 0.0, -0.9924306408977546, 0.12280644530019998, BFz, 0.0, -0.1228064453001999, -0.992430640897754
Time, 0.076, Pos_X, -0.0020496278673419995, Pos_Y, -0.006802046164685677, Pos_Z, 0.004186012192583309, BFx, 1.0, 0.0, 0.0,                             BFy, 0.0, -0.9915822443768695, 0.1294783867544258, BFz, 0.0, -0.12947838675442574, -0.991582244376869
Time, 0.078, Pos_X, -0.0023323978511619998, Pos_Y, -0.0074764560713242115, Pos_Z, 0.004568506100512757, BFx, 1.0, 0.0, 0.0,                             BFy, 0.0, -0.9907624746142474, 0.135608697716081, BFz, 0.0, -0.13560869771608097, -0.9907624746142469
Time, 0.08, Pos_X, -0.0026364143405820002, Pos_Y, -0.008185469448825106, Pos_Z, 0.0049746776925969245, BFx, 1.0, 0.0, 0.0,                             BFy, 0.0, -0.989969722775735, 0.14127968002275945, BFz, 0.0, -0.1412796800227594, -0.9899697227757343
Time, 0.082, Pos_X, -0.0029615704202020005, Pos_Y, -0.008928112446757966, Pos_Z, 0.005404500730712237, BFx, 1.0, 0.0, 0.0,                             BFy, 0.0, -0.9891974292374235, 0.14658937884468784, BFz, 0.0, -0.14658937884468776, -0.9891974292374228
Time, 0.084, Pos_X, -0.003307655648822001, Pos_Y, -0.009703282052963093, Pos_Z, 0.005857858214433926, BFx, 1.0, 0.0, 0.0,                             BFy, 0.0, -0.9884356869863693, 0.15164066964961267, BFz, 0.0, -0.15164066964961256, -0.9884356869863687
Time, 0.086, Pos_X, -0.0036743692214419987, Pos_Y, -0.010509775237139965, Pos_Z, 0.0063345498909748235, BFx, 1.0, 0.0, 0.0,                             BFy, 0.0, -0.9876721789358006, 0.15653647164864487, BFz, 0.0, -0.15653647164864476, -0.9876721789358
Time, 0.088, Pos_X, -0.004061334756061999, Pos_Y, -0.01134631800109711, Pos_Z, 0.006834301336187529, BFx, 1.0, 0.0, 0.0,                             BFy, 0.0, -0.9868932004536712, 0.16137475297675816, BFz, 0.0, -0.16137475297675805, -0.9868932004536703
Time, 0.09, Pos_X, -0.004468115408682, Pos_Y, -0.012211594191238446, Pos_Z, 0.0073567745286232025, BFx, 1.0, 0.0, 0.0,                             BFy, 0.0, -0.9860851798692694, 0.16624084348375487, BFz, 0.0, -0.16624084348375473, -0.9860851798692685
Time, 0.092, Pos_X, -0.004894228905302, Pos_Y, -0.013104273611981947, Pos_Z, 0.007901579595210859, BFx, 1.0, 0.0, 0.0,                             BFy, 0.0, -0.9852356655236143, 0.17120363132901345, BFz, 0.0, -0.17120363132901328, -0.9852356655236134
Time, 0.094, Pos_X, -0.005339162127322, Pos_Y, -0.014023037600347763, Pos_Z, 0.008468285495587523, BFx, 1.0, 0.0, 0.0,                             BFy, 0.0, -0.9843341863024175, 0.17631281767460327, BFz, 0.0, -0.17631281767460308, -0.9843341863024166
Time, 0.096, Pos_X, -0.005802385768742, Pos_Y, -0.014966600378893786, Pos_Z, 0.00905642727443328, BFx, 1.0, 0.0, 0.0,                             BFy, 0.0, -0.9833733359871213, 0.1815953800887028, BFz, 0.0, -0.1815953800887026, -0.9833733359871204
Time, 0.098, Pos_X, -0.006283367695362, Pos_Y, -0.015933724593488473, Pos_Z, 0.009665509061913114, BFx, 1.0, 0.0, 0.0,                             BFy, 0.0, -0.982349724278482, 0.18705351964074432, BFz, 0.0, -0.1870535196407441, -0.9823497242784811
Time, 0.1, Pos_X, -0.006781585097182001, Pos_Y, -0.01692323255356493, Pos_Z, 0.010295004498322567, BFx, 1.0, 0.0, 0.0,                             BFy, 0.0, -0.9812645530396529, 0.19266519391911494, BFz, 0.0, -0.1926651939191147, -0.9812645530396522
Time, 0.102, Pos_X, -0.0072965380990019976, Pos_Y, -0.017934016177796636, Pos_Z, 0.010944360265816798, BFx, 1.0, 0.0, 0.0,                             BFy, 0.0, -0.9801240935722376, 0.19838538554843008, BFz, 0.0, -0.19838538554842985, -0.980124093572237
Time, 0.104, Pos_X, -0.007827756630221998, Pos_Y, -0.018965039933994423, Pos_Z, 0.011612997762769839, BFx, 1.0, 0.0, 0.0,                             BFy, 0.0, -0.978940033507033, 0.20414801198456256, BFz, 0.0, -0.20414801198456234, -0.9789400335070323
Time, 0.106, Pos_X, -0.008374800266841998, Pos_Y, -0.02001533501823495, Pos_Z, 0.012300301792763058, BFx, 1.0, 0.0, 0.0,                             BFy, 0.0, -0.9777296228209422, 0.20986849372504138, BFz, 0.0, -0.20986849372504113, -0.9777296228209417
Time, 0.108, Pos_X, -0.008937263451461999, Pos_Y, -0.021083994086698275, Pos_Z, 0.013005608566307196, BFx, 1.0, 0.0, 0.0,                             BFy, 0.0, -0.9765155141203108, 0.21544709485705454, BFz, 0.0, -0.2154470948570543, -0.9765155141203103
Time, 0.11, Pos_X, -0.009514782556881998, Pos_Y, -0.02217016358880301, Pos_Z, 0.013728194186000965, BFx, 1.0, 0.0, 0.0,                             BFy, 0.0, -0.9753251615872262, 0.2207732528519942, BFz, 0.0, -0.22077325285199398, -0.9753251615872256
Time, 0.112, Pos_X, -0.010107037614701999, Pos_Y, -0.023273025252202366, Pos_Z, 0.014467253785671416, BFx, 1.0, 0.0, 0.0,                             BFy, 0.0, -0.9741893135578574, 0.22573254384264066, BFz, 0.0, -0.22573254384264044, -0.9741893135578569
Time, 0.114, Pos_X, -0.010713752002121999, Pos_Y, -0.024391779656130316, Pos_Z, 0.015221885714557902, BFx, 1.0, 0.0, 0.0,                             BFy, 0.0, -0.9731394201615554, 0.23021656962006679, BFz, 0.0, -0.23021656962006654, -0.973139420161555
Time, 0.116, Pos_X, -0.011334701142141999, Pos_Y, -0.025525652856658552, Pos_Z, 0.01599108005133259, BFx, 1.0, 0.0, 0.0,                             BFy, 0.0, -0.9722043202025733, 0.2341340636888449, BFz, 0.0, -0.23413406368884465, -0.9722043202025727
Time, 0.118, Pos_X, -0.011969722424761995, Pos_Y, -0.02667391689830983, Pos_Z, 0.016773711371175556, BFx, 1.0, 0.0, 0.0,                             BFy, 0.0, -0.9714068629582921, 0.23742094810174075, BFz, 0.0, -0.23742094810174053, -0.9714068629582917
Time, 0.12, Pos_X, -0.012618713498781995, Pos_Y, -0.027835901282757817, Pos_Z, 0.01756855398638164, BFx, 1.0, 0.0, 0.0,                             BFy, 0.0, -0.9707612631186076, 0.24004701628715336, BFz, 0.0, -0.24004701628715314, -0.9707612631186072
Time, 0.122, Pos_X, -0.013281626861601996, Pos_Y, -0.029010988068504634, Pos_Z, 0.01837431190837321, BFx, 1.0, 0.0, 0.0,                             BFy, 0.0, -0.9702717727929628, 0.24201794751877517, BFz, 0.0, -0.2420179475187749, -0.9702717727929625
Time, 0.124, Pos_X, -0.013958463234221997, Pos_Y, -0.030198594706563702, Pos_Z, 0.019189648484532373, BFx, 1.0, 0.0, 0.0,                             BFy, 0.0, -0.969932910211827, 0.2433724505526767, BFz, 0.0, -0.2433724505526764, -0.9699329102118267
Time, 0.126, Pos_X, -0.014649262655641997, Pos_Y, -0.0313981562471861, Pos_Z, 0.02001321296087041, BFx, 1.0, 0.0, 0.0,                             BFy, 0.0, -0.9697311454256569, 0.24417515350961244, BFz, 0.0, -0.24417515350961216, -0.9697311454256567
Time, 0.128, Pos_X, -0.015354097127461998, Pos_Y, -0.03260911483244435, Pos_Z, 0.020843655057111395, BFx, 1.0, 0.0, 0.0,                             BFy, 0.0, -0.9696475545411974, 0.24450689146172355, BFz, 0.0, -0.24450689146172327, -0.9696475545411971
Time, 0.13, Pos_X, -0.016073068001281998, Pos_Y, -0.03383091796452872, Pos_Z, 0.021679621053969065, BFx, 1.0, 0.0, 0.0,                             BFy, 0.0, -0.9696608540251302, 0.24445414328919512, BFz, 0.0, -0.24445414328919485, -0.9696608540251298
Time, 0.132, Pos_X, -0.016806305577901998, Pos_Y, -0.03506302552261903, Pos_Z, 0.02251974213613516, BFx, 1.0, 0.0, 0.0,                             BFy, 0.0, -0.9697501198639935, 0.24409978497280413, BFz, 0.0, -0.2440997849728039, -0.9697501198639931
Time, 0.134, Pos_X, -0.017553965926922, Pos_Y, -0.03630492393028012, Pos_Z, 0.023362634440483657, BFx, 1.0, 0.0, 0.0,                             BFy, 0.0, -0.9698967597005375, 0.24351647895449927, BFz, 0.0, -0.24351647895449904, -0.9698967597005369
Time, 0.136, Pos_X, -0.018316225105542, Pos_Y, -0.03755614211168263, Pos_Z, 0.024206919133286924, BFx, 1.0, 0.0, 0.0,                             BFy, 0.0, -0.9700855323560127, 0.2427633825632495, BFz, 0.0, -0.24276338256324928, -0.9700855323560122
Time, 0.138, Pos_X, -0.019093273826562, Pos_Y, -0.03881626177545281, Pos_Z, 0.02505125274540185, BFx, 1.0, 0.0, 0.0,                             BFy, 0.0, -0.9703047544871011, 0.24188568254389356, BFz, 0.0, -0.24188568254389334, -0.9703047544871007
Time, 0.14, Pos_X, -0.019885313891982, Pos_Y, -0.040084917230689396, Pos_Z, 0.025894352219216772, BFx, 1.0, 0.0, 0.0,                             BFy, 0.0, -0.9705458866690702, 0.24091633790539607, BFz, 0.0, -0.24091633790539585, -0.9705458866690698
Time, 0.142, Pos_X, -0.02069255494480199, Pos_Y, -0.04136178861084539, Pos_Z, 0.02673501081529683, BFx, 1.0, 0.0, 0.0,                             BFy, 0.0, -0.970802600450823, 0.23987978438776048, BFz, 0.0, -0.23987978438776025, -0.9708026004508227
Time, 0.144, Pos_X, -0.02151521060142199, Pos_Y, -0.04264659492595615, Pos_Z, 0.027572108706685975, BFx, 1.0, 0.0, 0.0,                             BFy, 0.0, -0.9710697864374483, 0.2387958748980534, BFz, 0.0, -0.23879587489805318, -0.9710697864374482
Time, 0.146, Pos_X, -0.022353493865441987, Pos_Y, -0.04393909117974984, Pos_Z, 0.028404621647638746, BFx, 1.0, 0.0, 0.0,                             BFy, 0.0, -0.9713430564450254, 0.23768186025869592, BFz, 0.0, -0.2376818602586957, -0.9713430564450253
Time, 0.148, Pos_X, -0.023207612165861986, Pos_Y, -0.04523907014896433, Pos_Z, 0.02923162735144025, BFx, 1.0, 0.0, 0.0,                             BFy, 0.0, -0.9716185520048043, 0.23655314286664114, BFz, 0.0, -0.23655314286664092, -0.9716185520048042
Time, 0.15, Pos_X, -0.024077762960481988, Pos_Y, -0.04654636588638054, Pos_Z, 0.03005231024801273, BFx, 1.0, 0.0, 0.0,                             BFy, 0.0, -0.9718929453994499, 0.23542324159432496, BFz, 0.0, -0.23542324159432476, -0.97189294539945
Time, 0.152, Pos_X, -0.024964130271901988, Pos_Y, -0.04786085613267246, Pos_Z, 0.03086596701935661, BFx, 1.0, 0.0, 0.0,                             BFy, 0.0, -0.9721638217906722, 0.23430216303174142, BFz, 0.0, -0.23430216303174123, -0.9721638217906722
Time, 0.154, Pos_X, -0.025866882006921988, Pos_Y, -0.049182461038338184, Pos_Z, 0.03167201070223165, BFx, 1.0, 0.0, 0.0,                             BFy, 0.0, -0.9724298696014106, 0.23319551605247968, BFz, 0.0, -0.23319551605247946, -0.9724298696014106
Time, 0.156, Pos_X, -0.026786167262741988, Pos_Y, -0.05051113847631263, Pos_Z, 0.03246997125958288, BFx, 1.0, 0.0, 0.0,                             BFy, 0.0, -0.9726905540013734, 0.2321057650221132, BFz, 0.0, -0.23210576502211297, -0.9726905540013734
Time, 0.158, Pos_X, -0.027722113739161988, Pos_Y, -0.05184687769177997, Pos_Z, 0.03325949166411903, BFx, 1.0, 0.0, 0.0,                             BFy, 0.0, -0.972945796521765, 0.23103349763752318, BFz, 0.0, -0.23103349763752298, -0.9729457965217649
Time, 0.16, Pos_X, -0.02867482468958199, Pos_Y, -0.05318969192652203, Pos_Z, 0.0340403196490131, BFx, 1.0, 0.0, 0.0,                             BFy, 0.0, -0.9731958997060738, 0.22997769629962958, BFz, 0.0, -0.22997769629962939, -0.9731958997060738
Time, 0.162, Pos_X, -0.02964437620000199, Pos_Y, -0.054539611313320094, Pos_Z, 0.03481229726347809, BFx, 1.0, 0.0, 0.0,                             BFy, 0.0, -0.9734415095208874, 0.22893585901229022, BFz, 0.0, -0.22893585901229005, -0.9734415095208874
Time, 0.164, Pos_X, -0.030630815255021992, Pos_Y, -0.055896676959643336, Pos_Z, 0.035575351206616056, BFx, 1.0, 0.0, 0.0,                             BFy, 0.0, -0.9736835338729958, 0.22790431295741947, BFz, 0.0, -0.22790431295741925, -0.9736835338729958
Time, 0.166, Pos_X, -0.03163415786204199, Pos_Y, -0.057260935267928366, Pos_Z, 0.036329483527068065, BFx, 1.0, 0.0, 0.0,                             BFy, 0.0, -0.9739231153567127, 0.22687830520760283, BFz, 0.0, -0.22687830520760258, -0.9739231153567126
Time, 0.168, Pos_X, -0.03265438978186199, Pos_Y, -0.05863243362196926, Pos_Z, 0.03707476153879572, BFx, 1.0, 0.0, 0.0,                             BFy, 0.0, -0.9741615920502447, 0.22585214759689826, BFz, 0.0, -0.225852147596898, -0.9741615920502447
Time, 0.17, Pos_X, -0.03369146399368199, Pos_Y, -0.060011213813803164, Pos_Z, 0.03781130624454902, BFx, 1.0, 0.0, 0.0,                             BFy, 0.0, -0.9744003666896826, 0.2248197620206253, BFz, 0.0, -0.22481976202062506, -0.9744003666896826
Time, 0.172, Pos_X, -0.034745294681901975, Pos_Y, -0.06139730216254643, Pos_Z, 0.03853927768849073, BFx, 1.0, 0.0, 0.0,                             BFy, 0.0, -0.9746407784131075, 0.22377522886657933, BFz, 0.0, -0.2237752288665791, -0.9746407784131076
Time, 0.174, Pos_X, -0.035815759737921976, Pos_Y, -0.06279070682888406, Pos_Z, 0.039258867397634414, BFx, 1.0, 0.0, 0.0,                             BFy, 0.0, -0.9748839932765532, 0.22271326779776526, BFz, 0.0, -0.22271326779776504, -0.9748839932765534
Time, 0.176, Pos_X, -0.03690270778614198, Pos_Y, -0.06419142339599607, Pos_Z, 0.039970308745749014, BFx, 1.0, 0.0, 0.0,                             BFy, 0.0, -0.9751309608370106, 0.22162944122360181, BFz, 0.0, -0.22162944122360162, -0.975130960837011
Time, 0.178, Pos_X, -0.038005960189161976, Pos_Y, -0.06559943773087505, Pos_Z, 0.040673891672174195, BFx, 1.0, 0.0, 0.0,                             BFy, 0.0, -0.9753823843688009, 0.2205203035165483, BFz, 0.0, -0.2205203035165481, -0.9753823843688012
Time, 0.18, Pos_X, -0.03912531287398198, Pos_Y, -0.0670147230870329, Pos_Z, 0.04136995836055805, BFx, 1.0, 0.0, 0.0,                             BFy, 0.0, -0.9756387297198508, 0.21938338376147382, BFz, 0.0, -0.21938338376147362, -0.975638729719851
Time, 0.182, Pos_X, -0.04026054031800198, Pos_Y, -0.06843723361793645, Pos_Z, 0.04205887889011639, BFx, 1.0, 0.0, 0.0,                             BFy, 0.0, -0.9759002810038903, 0.21821695978206243, BFz, 0.0, -0.21821695978206226, -0.9759002810038904
Time, 0.184, Pos_X, -0.04141139743882198, Pos_Y, -0.06986689701128598, Pos_Z, 0.042741024941925373, BFx, 1.0, 0.0, 0.0,                             BFy, 0.0, -0.9761671620223291, 0.21701998016143598, BFz, 0.0, -0.2170199801614358, -0.9761671620223292
Time, 0.186, Pos_X, -0.04257762197464198, Pos_Y, -0.07130361132203202, Pos_Z, 0.04341675256921705, BFx, 1.0, 0.0, 0.0,                             BFy, 0.0, -0.9764393718969058, 0.21579192063090366, BFz, 0.0, -0.2157919206309035, -0.9764393718969058
Time, 0.188, Pos_X, -0.04375893824686198, Pos_Y, -0.07274724526653006, Pos_Z, 0.044086392897808094, BFx, 1.0, 0.0, 0.0,                             BFy, 0.0, -0.9767167709527089, 0.21453286307629335, BFz, 0.0, -0.21453286307629318, -0.976716770952709
Time, 0.19, Pos_X, -0.04495505973448198, Pos_Y, -0.0741976400132757, Pos_Z, 0.04475024923695774, BFx, 1.0, 0.0, 0.0,                             BFy, 0.0, -0.9769990506587889, 0.21324365175034746, BFz, 0.0, -0.21324365175034726, -0.976999050658789
Time, 0.192, Pos_X, -0.04616569130090198, Pos_Y, -0.07565461279923998, Pos_Z, 0.04540860059915698, BFx, 1.0, 0.0, 0.0,                             BFy, 0.0, -0.9772856963624476, 0.21192609014787173, BFz, 0.0, -0.21192609014787153, -0.9772856963624479
Time, 0.194, Pos_X, -0.04739053214052198, Pos_Y, -0.07711796121891094, Pos_Z, 0.0460617075178973, BFx, 1.0, 0.0, 0.0,                             BFy, 0.0, -0.9775760087274149, 0.21058287480366286, BFz, 0.0, -0.21058287480366267, -0.977576008727415
Time, 0.196, Pos_X, -0.04862927873914198, Pos_Y, -0.07858746728312838, Pos_Z, 0.04670981572779141, BFx, 1.0, 0.0, 0.0,                             BFy, 0.0, -0.9778691087806187, 0.209217604643099, BFz, 0.0, -0.20921760464309883, -0.9778691087806188
Time, 0.198, Pos_X, -0.049881627895161984, Pos_Y, -0.08006290121841932, Pos_Z, 0.047353157443411786, BFx, 1.0, 0.0, 0.0,                             BFy, 0.0, -0.9781639805178297, 0.2078346150609006, BFz, 0.0, -0.20783461506090042, -0.9781639805178298
Time, 0.2, Pos_X, -0.05114727991998198, Pos_Y, -0.0815440240406479, Pos_Z, 0.047991950314405674, BFx, 1.0, 0.0, 0.0,                             BFy, 0.0, -0.9784595165543912, 0.20643879108380905, BFz, 0.0, -0.2064387910838089, -0.9784595165543913
Time, 0.202, Pos_X, -0.05242594206360199, Pos_Y, -0.08303058912787603, Pos_Z, 0.04862639464596647, BFx, 1.0, 0.0, 0.0,                             BFy, 0.0, -0.9787545914181077, 0.20503524033192652, BFz, 0.0, -0.20503524033192633, -0.9787545914181079
Time, 0.204, Pos_X, -0.05371733166862197, Pos_Y, -0.08452234429364375, Pos_Z, 0.04925667106854724, BFx, 1.0, 0.0, 0.0,                             BFy, 0.0, -0.979048127487679, 0.20362898630319612, BFz, 0.0, -0.20362898630319598, -0.9790481274876792
Time, 0.206, Pos_X, -0.05502117845244197, Pos_Y, -0.08601903525492254, Pos_Z, 0.04988294014393398, BFx, 1.0, 0.0, 0.0,                             BFy, 0.0, -0.9793391683139917, 0.2022246112768094, BFz, 0.0, -0.20222461127680924, -0.979339168313992
Time, 0.208, Pos_X, -0.05633722712386197, Pos_Y, -0.08752041063313666, Pos_Z, 0.05050534434090658, BFx, 1.0, 0.0, 0.0,                             BFy, 0.0, -0.9796268993448525, 0.2008261389361156, BFz, 0.0, -0.20082613893611542, -0.9796268993448528
Time, 0.21, Pos_X, -0.057665239882681976, Pos_Y, -0.089026226765054, Pos_Z, 0.051124010554491776, BFx, 1.0, 0.0, 0.0,                             BFy, 0.0, -0.9799106671875899, 0.1994369181770777, BFz, 0.0, -0.19943691817707754, -0.97991066718759
Time, 0.212, Pos_X, -0.059004997814901976, Pos_Y, -0.09053625084894308, Pos_Z, 0.051739052384837954, BFx, 1.0, 0.0, 0.0,                             BFy, 0.0, -0.980189999540408, 0.19805949813370025, BFz, 0.0, -0.19805949813370005, -0.9801899995404082
Time, 0.214, Pos_X, -0.060356302211521974, Pos_Y, -0.09205026316447135, Pos_Z, 0.05235057275309206, BFx, 1.0, 0.0, 0.0,                             BFy, 0.0, -0.9804645809782847, 0.19669571791748566, BFz, 0.0, -0.1966957179174855, -0.9804645809782849
Time, 0.216, Pos_X, -0.06171897574074198, Pos_Y, -0.09356805958890327, Pos_Z, 0.052958666170909725, BFx, 1.0, 0.0, 0.0,                             BFy, 0.0, -0.9807342717782108, 0.1953465847146069, BFz, 0.0, -0.1953465847146067, -0.980734271778211
Time, 0.218, Pos_X, -0.06309286280776198, Pos_Y, -0.09508945430766672, Pos_Z, 0.05356342106236345, BFx, 1.0, 0.0, 0.0,                             BFy, 0.0, -0.9809990595868112, 0.19401248694295586, BFz, 0.0, -0.19401248694295564, -0.9809990595868114
Time, 0.22, Pos_X, -0.06447782954818199, Pos_Y, -0.09661428207406493, Pos_Z, 0.05416492230986185, BFx, 1.0, 0.0, 0.0,                             BFy, 0.0, -0.9812590141753527, 0.19269340180611735, BFz, 0.0, -0.19269340180611713, -0.9812590141753529
Time, 0.222, Pos_X, -0.06587376341980199, Pos_Y, -0.09814239966019792, Pos_Z, 0.05476325341158449, BFx, 1.0, 0.0, 0.0,                             BFy, 0.0, -0.98151423235297, 0.1913891629339506, BFz, 0.0, -0.1913891629339504, -0.9815142323529703
Time, 0.224, Pos_X, -0.06728057281362199, Pos_Y, -0.09967368684798171, Pos_Z, 0.055358498788563304, BFx, 1.0, 0.0, 0.0,                             BFy, 0.0, -0.9817647891708805, 0.1900997073755096, BFz, 0.0, -0.19009970737550935, -0.981764789170881
Time, 0.226, Pos_X, -0.068698186490242, Pos_Y, -0.10120804700595004, Pos_Z, 0.05595074672940163, BFx, 1.0, 0.0, 0.0,                             BFy, 0.0, -0.9820106341194869, 0.1888256192264201, BFz, 0.0, -0.18882561922641983, -0.9820106341194873
Time, 0.228, Pos_X, -0.070126552627462, Pos_Y, -0.10274540729955554, Pos_Z, 0.05654009297089444, BFx, 1.0, 0.0, 0.0,                             BFy, 0.0, -0.9822515444872019, 0.18756839646514034, BFz, 0.0, -0.18756839646514006, -0.9822515444872023
Time, 0.23, Pos_X, -0.071565637723082, Pos_Y, -0.10428571843610861, Pos_Z, 0.05712664408417634, BFx, 1.0, 0.0, 0.0,                             BFy, 0.0, -0.9824870126616596, 0.1863310761820629, BFz, 0.0, -0.18633107618206263, -0.98248701266166
Time, 0.232, Pos_X, -0.073015425856302, Pos_Y, -0.10582895396925253, Pos_Z, 0.05771052001116055, BFx, 1.0, 0.0, 0.0,                             BFy, 0.0, -0.982716200409926, 0.1851185281161127, BFz, 0.0, -0.18511852811611243, -0.9827162004099265
Time, 0.234, Pos_X, -0.07447591835892199, Pos_Y, -0.10737510931311685, Pos_Z, 0.05829185591443819, BFx, 1.0, 0.0, 0.0,                             BFy, 0.0, -0.9829379376832162, 0.18393751836714384, BFz, 0.0, -0.18393751836714356, -0.9829379376832168
Time, 0.236, Pos_X, -0.07594713355154198, Pos_Y, -0.1089242005966525, Pos_Z, 0.058870803718839224, BFx, 1.0, 0.0, 0.0,                             BFy, 0.0, -0.9831507525454137, 0.18279660218227323, BFz, 0.0, -0.182796602182273, -0.9831507525454142
Time, 0.238, Pos_X, -0.07742910621856199, Pos_Y, -0.11047626327578836, Pos_Z, 0.05944753348929603, BFx, 1.0, 0.0, 0.0,                             BFy, 0.0, -0.9833529531157009, 0.18170572252581277, BFz, 0.0, -0.18170572252581255, -0.9833529531157016
Time, 0.24, Pos_X, -0.07892188678178198, Pos_Y, -0.11203135030380455, Pos_Z, 0.0600222344588402, BFx, 1.0, 0.0, 0.0,                             BFy, 0.0, -0.9835427236697046, 0.1806757059385033, BFz, 0.0, -0.18067570593850305, -0.9835427236697052
Time, 0.242, Pos_X, -0.08042554011200198, Pos_Y, -0.1135895303706959, Pos_Z, 0.06059511611784546, BFx, 1.0, 0.0, 0.0,                             BFy, 0.0, -0.9837182545027562, 0.17971754438019727, BFz, 0.0, -0.179717544380197, -0.9837182545027564
Time, 0.244, Pos_X, -0.08194014426702198, Pos_Y, -0.1151508862066136, Pos_Z, 0.06116640950077258, BFx, 1.0, 0.0, 0.0,                             BFy, 0.0, -0.983877863355651, 0.1788416897670015, BFz, 0.0, -0.1788416897670012, -0.9838778633556512
Time, 0.246, Pos_X, -0.08346578908204198, Pos_Y, -0.11671551272965865, Pos_Z, 0.061736367627124776, BFx, 1.0, 0.0, 0.0,                             BFy, 0.0, -0.9840200855003002, 0.17805749445608746, BFz, 0.0, -0.1780574944560872, -0.9840200855003005
Time, 0.248, Pos_X, -0.08500257478666198, Pos_Y, -0.11828351533055112, Pos_Z, 0.06230526496008806, BFx, 1.0, 0.0, 0.0,                             BFy, 0.0, -0.9841437530434464, 0.1773726961670188, BFz, 0.0, -0.17737269616701856, -0.9841437530434466
Time, 0.25, Pos_X, -0.08655061086468198, Pos_Y, -0.1198550085018968, Pos_Z, 0.06287339629276675, BFx, 1.0, 0.0, 0.0,                             BFy, 0.0, -0.9842480653398167, 0.1767929463378718, BFz, 0.0, -0.17679294633787151, -0.9842480653398169
Time, 0.252, Pos_X, -0.08811001477550198, Pos_Y, -0.12143011431882532, Pos_Z, 0.06344107482639812, BFx, 1.0, 0.0, 0.0,                             BFy, 0.0, -0.9843325939237382, 0.176321707510342, BFz, 0.0, -0.1763217075103417, -0.9843325939237385
Time, 0.254, Pos_X, -0.08968090991112199, Pos_Y, -0.12300896042933347, Pos_Z, 0.06400862933623153, BFx, 1.0, 0.0, 0.0,                             BFy, 0.0, -0.9843972750949996, 0.17596023637611052, BFz, 0.0, -0.17596023637611025, -0.984397275095
Time, 0.256, Pos_X, -0.09126342344574198, Pos_Y, -0.12459167805749824, Pos_Z, 0.06457640082946789, BFx, 1.0, 0.0, 0.0,                             BFy, 0.0, -0.9844423724428882, 0.17570775548909293, BFz, 0.0, -0.17570775548909265, -0.9844423724428887
Time, 0.258, Pos_X, -0.09285768455876198, Pos_Y, -0.12617840030353447, Pos_Z, 0.06514473901133162, BFx, 1.0, 0.0, 0.0,                             BFy, 0.0, -0.98446844533106, 0.17556161353622474, BFz, 0.0, -0.1755616135362245, -0.9844684453310605
Time, 0.26, Pos_X, -0.09446382191018197, Pos_Y, -0.12776925985445017, Pos_Z, 0.06571399820055793, BFx, 1.0, 0.0, 0.0,                             BFy, 0.0, -0.9844762861919029, 0.17551763992771613, BFz, 0.0, -0.17551763992771585, -0.9844762861919032
Time, 0.262, Pos_X, -0.09608196092260197, Pos_Y, -0.12936438703837125, Pos_Z, 0.0662845330473111, BFx, 1.0, 0.0, 0.0,                             BFy, 0.0, -0.984466878898189, 0.1755703971415892, BFz, 0.0, -0.1755703971415889, -0.9844668788981892
Time, 0.264, Pos_X, -0.09771222073182198, Pos_Y, -0.130963908558703, Pos_Z, 0.06685669496526624, BFx, 1.0, 0.0, 0.0,                             BFy, 0.0, -0.9844413585520209, 0.17571343594685043, BFz, 0.0, -0.17571343594685013, -0.9844413585520212
Time, 0.266, Pos_X, -0.09935471119344198, Pos_Y, -0.13256794596768876, Pos_Z, 0.06743082893175704, BFx, 1.0, 0.0, 0.0,                             BFy, 0.0, -0.9844009577074614, 0.1759396330126593, BFz, 0.0, -0.17593963301265902, -0.9844009577074617
Time, 0.268, Pos_X, -0.10100953003806198, Pos_Y, -0.13417661411114007, Pos_Z, 0.06800727003926257, BFx, 1.0, 0.0, 0.0,                             BFy, 0.0, -0.9843469904235183, 0.17624131877672267, BFz, 0.0, -0.17624131877672236, -0.9843469904235187
Time, 0.27, Pos_X, -0.10267675998708199, Pos_Y, -0.13579001982677766, Pos_Z, 0.06858633979999115, BFx, 1.0, 0.0, 0.0,                             BFy, 0.0, -0.9842808209273449, 0.1766104910660414, BFz, 0.0, -0.17661049106604115, -0.9842808209273454
Time, 0.272, Pos_X, -0.10435646601150199, Pos_Y, -0.13740826051751542, Pos_Z, 0.06916834260271824, BFx, 1.0, 0.0, 0.0,                             BFy, 0.0, -0.9842038575208955, 0.17703888510998186, BFz, 0.0, -0.1770388851099816, -0.9842038575208958
Time, 0.274, Pos_X, -0.10604869239212199, Pos_Y, -0.13903142216951747, Pos_Z, 0.06975356195729088, BFx, 1.0, 0.0, 0.0,                             BFy, 0.0, -0.9841175280275118, 0.17751814281649056, BFz, 0.0, -0.17751814281649025, -0.9841175280275121
Time, 0.276, Pos_X, -0.107753459816942, Pos_Y, -0.14065957735084872, Pos_Z, 0.07034225677891513, BFx, 1.0, 0.0, 0.0,                             BFy, 0.0, -0.9840232638703185, 0.17803992856098863, BFz, 0.0, -0.1780399285609883, -0.9840232638703187
Time, 0.278, Pos_X, -0.109470762477762, Pos_Y, -0.14229278325895706, Pos_Z, 0.07093465842602084, BFx, 1.0, 0.0, 0.0,                             BFy, 0.0, -0.9839224916119462, 0.17859599799585715, BFz, 0.0, -0.17859599799585685, -0.9839224916119463
Time, 0.28, Pos_X, -0.111200565702782, Pos_Y, -0.14393107980208739, Pos_Z, 0.07153096858985436, BFx, 1.0, 0.0, 0.0,                             BFy, 0.0, -0.9838166293940667, 0.17917823452555398, BFz, 0.0, -0.17917823452555362, -0.9838166293940669
Time, 0.282, Pos_X, -0.11294280369880196, Pos_Y, -0.14557448816565965, Pos_Z, 0.07213135820795344, BFx, 1.0, 0.0, 0.0,                             BFy, 0.0, -0.9837070862155848, 0.17977866538953044, BFz, 0.0, -0.1797786653895301, -0.9837070862155849
Time, 0.284, Pos_X, -0.11469737766902195, Pos_Y, -0.14722301026549725, Pos_Z, 0.07273596720568155, BFx, 1.0, 0.0, 0.0,                             BFy, 0.0, -0.9835952864519404, 0.18038933579766284, BFz, 0.0, -0.18038933579766245, -0.9835952864519405
Time, 0.286, Pos_X, -0.11646415473804195, Pos_Y, -0.14887662783958303, Pos_Z, 0.07334490467897235, BFx, 1.0, 0.0, 0.0,                             BFy, 0.0, -0.9834826620591021, 0.18100235752370317, BFz, 0.0, -0.18100235752370275, -0.9834826620591022
Time, 0.288, Pos_X, -0.11824296725566195, Pos_Y, -0.1505353014558057, Pos_Z, 0.07395824922136303, BFx, 1.0, 0.0, 0.0,                             BFy, 0.0, -0.9833706439498733, 0.18160995737461016, BFz, 0.0, -0.18160995737460975, -0.9833706439498735
Time, 0.29, Pos_X, -0.12003361244448196, Pos_Y, -0.15219896936926036, Pos_Z, 0.07457604935689752, BFx, 1.0, 0.0, 0.0,                             BFy, 0.0, -0.9832606399492951, 0.1822045935932977, BFz, 0.0, -0.18220459359329727, -0.9832606399492955
Time, 0.292, Pos_X, -0.12183585253810196, Pos_Y, -0.1538675461885608, Pos_Z, 0.07519832415859641, BFx, 1.0, 0.0, 0.0,                             BFy, 0.0, -0.9831540182655362, 0.182779037004591, BFz, 0.0, -0.18277903700459058, -0.9831540182655366
Time, 0.294, Pos_X, -0.12364941555052196, Pos_Y, -0.15554092214490883, Pos_Z, 0.07582506422568028, BFx, 1.0, 0.0, 0.0,                             BFy, 0.0, -0.9830521020029394, 0.18332638857403552, BFz, 0.0, -0.1833263885740351, -0.9830521020029397
Time, 0.296, Pos_X, -0.12547399635034195, Pos_Y, -0.15721896265788804, Pos_Z, 0.07645623299941695, BFx, 1.0, 0.0, 0.0,                             BFy, 0.0, -0.9829561520417954, 0.18384015655776262, BFz, 0.0, -0.18384015655776223, -0.9829561520417956
Time, 0.298, Pos_X, -0.12730925804496196, Pos_Y, -0.1589015084610545, Pos_Z, 0.07709176852969851, BFx, 1.0, 0.0, 0.0,                             BFy, 0.0, -0.9828673534252634, 0.18431431189903275, BFz, 0.0, -0.18431431189903233, -0.9828673534252637
Time, 0.3, Pos_X, -0.12915483409678197, Pos_Y, -0.1605883754884496, Pos_Z, 0.07773158519204064, BFx, 1.0, 0.0, 0.0,                             BFy, 0.0, -0.9827868255558045, 0.1847432150687549, BFz, 0.0, -0.18474321506875446, -0.9827868255558048
Time, 0.302, Pos_X, -0.13101033050780198, Pos_Y, -0.1622793547810668, Pos_Z, 0.07837557525542439, BFx, 1.0, 0.0, 0.0,                             BFy, 0.0, -0.9827156287562998, 0.18512156275838368, BFz, 0.0, -0.18512156275838323, -0.9827156287563
Time, 0.304, Pos_X, -0.13287532809242197, Pos_Y, -0.16397421319547123, Pos_Z, 0.07902361056996215, BFx, 1.0, 0.0, 0.0,                             BFy, 0.0, -0.9826547574033687, 0.18544440609660331, BFz, 0.0, -0.18544440609660284, -0.982654757403369
Time, 0.306, Pos_X, -0.13474938581764198, Pos_Y, -0.16567269438813198, Pos_Z, 0.07967554446489411, BFx, 1.0, 0.0, 0.0,                             BFy, 0.0, -0.9826051751893189, 0.18570694572676347, BFz, 0.0, -0.185706945726763, -0.9826051751893193
Time, 0.308, Pos_X, -0.13663204406786197, Pos_Y, -0.16737451979734605, Pos_Z, 0.08033121357955324, BFx, 1.0, 0.0, 0.0,                             BFy, 0.0, -0.9825678098286641, 0.18590454294744163, BFz, 0.0, -0.18590454294744113, -0.9825678098286645
Time, 0.31, Pos_X, -0.13852282781808198, Pos_Y, -0.1690793897792826, Pos_Z, 0.08099044032024655, BFx, 1.0, 0.0, 0.0,                             BFy, 0.0, -0.9825435623389969, 0.18603265333319535, BFz, 0.0, -0.1860326533331949, -0.9825435623389973
Time, 0.312, Pos_X, -0.14042125026630198, Pos_Y, -0.17078698493436714, Pos_Z, 0.08165303575271056, BFx, 1.0, 0.0, 0.0,                             BFy, 0.0, -0.9825333005998388, 0.186086843200647, BFz, 0.0, -0.18608684320064658, -0.9825333005998391
Time, 0.314, Pos_X, -0.14232681681212198, Pos_Y, -0.17249696756381203, Pos_Z, 0.08231880198347916, BFx, 1.0, 0.0, 0.0,                             BFy, 0.0, -0.9825378449539504, 0.18606284753610092, BFz, 0.0, -0.1860628475361005, -0.9825378449539507
