Time, 0, Pos_X, 0.0, Pos_Y, 0.0, Pos_Z, 0.0, BFx, 1, 0, 0,                         BFy, 0, -1, 0, BFz, 0, 0, -1
Time, 0.0, Pos_X, 0.0, Pos_Y, 0.0, Pos_Z, 0.0, BFx, 1.0, 0.0, 0.0,                             BFy, 0.0, -1.0, 0.0, BFz, 0.0, 0.0, -1.0
Time, 0.002, Pos_X, -2.7570546e-07, Pos_Y, -9.00772758949755e-07, Pos_Z, -4.7936691867891715e-06, BFx, 1.0, 0.0, 0.0,                             BFy, 0.0, -0.9999910919029665, 0.004220913966518278, BFz, 0.0, -0.004220913966518278, -0.9999910919029665
Time, 0.004, Pos_X, -9.49219214e-07, Pos_Y, -3.257536305912406e-06, Pos_Z, -1.92101425517573e-05, BFx, 1.0, 0.0, 0.0,                             BFy, 0.0, -0.9999646462353017, 0.008408702605500876, BFz, 0.0, -0.008408702605500874, -0.9999646462353017
Time, 0.006, Pos_X, -1.7007215e-06, Pos_Y, -6.3857256625130324e-06, Pos_Z, -4.331251291406066e-05, BFx, 1.0, 0.0, 0.0,                             BFy, 0.0, -0.9999210414459778, 0.012566259331665046, BFz, 0.0, -0.012566259331665044, -0.9999210414459778
Time, 0.008, Pos_X, -2.183063534e-06, Pos_Y, -9.6132766107433e-06, Pos_Z, -7.71486027155063e-05, BFx, 1.0, 0.0, 0.0,                             BFy, 0.0, -0.9998605687764628, 0.016698592934964195, BFz, 0.0, -0.01669859293496419, -0.9998605687764628
Time, 0.01, Pos_X, -2.017367398e-06, Pos_Y, -1.2279118525768697e-05, Pos_Z, -0.00012074812538442011, BFx, 1.0, 0.0, 0.0,                             BFy, 0.0, -0.9997833791340209, 0.020813332442401074, BFz, 0.0, -0.02081333244240107, -0.999783379134021
Time, 0.012, Pos_X, -7.893659420000001e-07, Pos_Y, -1.3732259419172055e-05, Pos_Z, -0.000174115748550568, BFx, 1.0, 0.0, 0.0,                             BFy, 0.0, -0.9996894175120515, 0.024921246245211408, BFz, 0.0, -0.024921246245211404, -0.9996894175120516
Time, 0.014, Pos_X, 1.9513955540000002e-06, Pos_Y, -1.3333742720943637e-05, Pos_Z, -0.00023722484938705057, BFx, 1.0, 0.0, 0.0,                             BFy, 0.0, -0.9995783575603193, 0.029036306531881426, BFz, 0.0, -0.029036306531881422, -0.9995783575603195
Time, 0.016, Pos_X, 6.68979719e-06, Pos_Y, -1.0461069674804965e-05, Pos_Z, -0.00031001353097517094, BFx, 1.0, 0.0, 0.0,                             BFy, 0.0, -0.9994495471918482, 0.03317533146795192, BFz, 0.0, -0.033175331467951916, -0.9994495471918483
Time, 0.018, Pos_X, 1.3943621825999992e-05, Pos_Y, -4.51198215814017e-06, Pos_Z, -0.0003923831969949279, BFx, 1.0, 0.0, 0.0,                             BFy, 0.0, -0.9993019849322212, 0.03735696602405014, BFz, 0.0, -0.03735696602405014, -0.9993019849322212
Time, 0.02, Pos_X, 2.4262313261999998e-05, Pos_Y, 5.093453074975949e-06, Pos_Z, -0.00048420002036606735, BFx, 1.0, 0.0, 0.0,                             BFy, 0.0, -0.9991343390186954, 0.041600151365991225, BFz, 0.0, -0.041600151365991225, -0.9991343390186956
Time, 0.022, Pos_X, 3.822431901799998e-05, Pos_Y, 1.891226711074369e-05, Pos_Z, -0.0005852982097032523, BFx, 1.0, 0.0, 0.0,                             BFy, 0.0, -0.9989450160682283, 0.04592226989648989, BFz, 0.0, -0.0459222698964899, -0.9989450160682285
Time, 0.024, Pos_X, 5.6432860094e-05, Pos_Y, 3.747884641090986e-05, Pos_Z, -0.0006954827096582008, BFx, 1.0, 0.0, 0.0,                             BFy, 0.0, -0.9987322791756561, 0.05033720823206636, BFz, 0.0, -0.050337208232066374, -0.9987322791756564
Time, 0.026, Pos_X, 7.951112956999998e-05, Pos_Y, 6.130589265921802e-05, Pos_Z, -0.0008145304476974393, BFx, 1.0, 0.0, 0.0,                             BFy, 0.0, -0.9984944088692085, 0.0548535819881367, BFz, 0.0, -0.054853581988136724, -0.9984944088692088
Time, 0.028, Pos_X, 0.000108097814046, Pos_Y, 9.088617865680842e-05, Pos_Z, -0.0009421903390887149, BFx, 1.0, 0.0, 0.0,                             BFy, 0.0, -0.9982298790541548, 0.059473595515381464, BFz, 0.0, -0.059473595515381485, -0.9982298790541551
Time, 0.03, Pos_X, 0.00014284239112199998, Pos_Y, 0.00012669423450749237, Pos_Z, -0.001078182353220139, BFx, 1.0, 0.0, 0.0,                             BFy, 0.0, -0.9979373877935998, 0.06419478205965339, BFz, 0.0, -0.0641947820596534, -0.9979373877936
Time, 0.032, Pos_X, 0.000184399681398, Pos_Y, 0.00016918791884561462, Pos_Z, -0.0012221969896111864, BFx, 1.0, 0.0, 0.0,                             BFy, 0.0, -0.9976161260514171, 0.06900771726526254, BFz, 0.0, -0.06900771726526257, -0.9976161260514175
Time, 0.034, Pos_X, 0.00023342415767400003, Pos_Y, 0.000218809501232578, Pos_Z, -0.0013738958056506237, BFx, 1.0, 0.0, 0.0,                             BFy, 0.0, -0.9972658339153, 0.07389760825101666, BFz, 0.0, -0.07389760825101668, -0.9972658339153004
Time, 0.036, Pos_X, 0.00029056412874999986, Pos_Y, 0.00027598630861896706, Pos_Z, -0.0015329129622161505, BFx, 1.0, 0.0, 0.0,                             BFy, 0.0, -0.9968867931695709, 0.07884618953436237, BFz, 0.0, -0.07884618953436241, -0.9968867931695713
Time, 0.038, Pos_X, 0.0003564562626259999, Pos_Y, 0.0003411314542037033, Pos_Z, -0.001698858489441949, BFx, 1.0, 0.0, 0.0,                             BFy, 0.0, -0.9964797473590381, 0.08383384223132781, BFz, 0.0, -0.08383384223132785, -0.9964797473590385
Time, 0.04, Pos_X, 0.00043171836930199994, Pos_Y, 0.0004146430576213907, Pos_Z, -0.0018713216598272816, BFx, 1.0, 0.0, 0.0,                             BFy, 0.0, -0.9960457259577115, 0.08884206099238962, BFz, 0.0, -0.08884206099238966, -0.9960457259577118
Time, 0.042, Pos_X, 0.000516941512778, Pos_Y, 0.000496901753059785, Pos_Z, -0.0020498711757474673, BFx, 1.0, 0.0, 0.0,                             BFy, 0.0, -0.9955858579079994, 0.09385520514917005, BFz, 0.0, -0.09385520514917008, -0.9955858579079996
Time, 0.044, Pos_X, 0.0006126856700539998, Pos_Y, 0.000588267035931491, Pos_Z, -0.00223405457641826, BFx, 1.0, 0.0, 0.0,                             BFy, 0.0, -0.9951011848056354, 0.09886168114300282, BFz, 0.0, -0.09886168114300285, -0.9951011848056357
Time, 0.046, Pos_X, 0.0007194732657299998, Pos_Y, 0.0006890698093979949, Pos_Z, -0.0024233986583474944, BFx, 1.0, 0.0, 0.0,                             BFy, 0.0, -0.9945924593055109, 0.10385489826010003, BFz, 0.0, -0.10385489826010005, -0.9945924593055112
Time, 0.048, Pos_X, 0.0008377789468059999, Pos_Y, 0.0007996029466395201, Pos_Z, -0.002617407062464971, BFx, 1.0, 0.0, 0.0,                             BFy, 0.0, -0.9940599916516434, 0.10883351045305575, BFz, 0.0, -0.1088335104530558, -0.9940599916516435
Time, 0.05, Pos_X, 0.000968023499282, Pos_Y, 0.0009201159468715086, Pos_Z, -0.0028155575357112325, BFx, 1.0, 0.0, 0.0,                             BFy, 0.0, -0.993503544055764, 0.1138011772726344, BFz, 0.0, -0.11380117727263445, -0.9935035440557641
Time, 0.052, Pos_X, 0.0011105710611579995, Pos_Y, 0.0010508129766366153, Pos_Z, -0.0030173038948179505, BFx, 1.0, 0.0, 0.0,                             BFy, 0.0, -0.99292222255736, 0.11876640918944097, BFz, 0.0, -0.118766409189441, -0.9929222225573601
Time, 0.054, Pos_X, 0.0012657253238339996, Pos_Y, 0.0011918508388195103, Pos_Z, -0.0032220813129385587, BFx, 1.0, 0.0, 0.0,                             BFy, 0.0, -0.9923144212870734, 0.12374202724095795, BFz, 0.0, -0.12374202724095798, -0.9923144212870735
Time, 0.056, Pos_X, 0.0014337313299099999, Pos_Y, 0.0013433490856360588, Pos_Z, -0.0034293092974552494, BFx, 1.0, 0.0, 0.0,                             BFy, 0.0, -0.9916778272093397, 0.12874426985836884, BFz, 0.0, -0.12874426985836884, -0.9916778272093398
Time, 0.058, Pos_X, 0.001614774005386, Pos_Y, 0.0015053855251795606, Pos_Z, -0.003638393825359256, BFx, 1.0, 0.0, 0.0,                             BFy, 0.0, -0.9910095039690899, 0.13379149092128417, BFz, 0.0, -0.13379149092128417, -0.99100950396909
Time, 0.06, Pos_X, 0.0018089738622619996, Pos_Y, 0.001677976897202657, Pos_Z, -0.003848730180182262, BFx, 1.0, 0.0, 0.0,                             BFy, 0.0, -0.9903060621187606, 0.138902495768921, BFz, 0.0, -0.13890249576892102, -0.9903060621187608
Time, 0.062, Pos_X, 0.0020163885197379996, Pos_Y, 0.001861071134214078, Pos_Z, -0.004059703554670239, BFx, 1.0, 0.0, 0.0,                             BFy, 0.0, -0.9895638795617132, 0.14409485857161058, BFz, 0.0, -0.14409485857161056, -0.9895638795617137
Time, 0.064, Pos_X, 0.0022370136290139997, Pos_Y, 0.002054540897339153, Pos_Z, -0.004270688196021622, BFx, 1.0, 0.0, 0.0,                             BFy, 0.0, -0.9887793251097963, 0.14938355409956292, BFz, 0.0, -0.1493835540995629, -0.9887793251097966
Time, 0.066, Pos_X, 0.0024707856556899998, Pos_Y, 0.0022581808940774946, Pos_Z, -0.004481046010339866, BFx, 1.0, 0.0, 0.0,                             BFy, 0.0, -0.9879489917922605, 0.1547798101066704, BFz, 0.0, -0.15477981010667036, -0.9879489917922609
Time, 0.068, Pos_X, 0.002717587178966, Pos_Y, 0.0024717078549944746, Pos_Z, -0.0046901250009281975, BFx, 1.0, 0.0, 0.0,                             BFy, 0.0, -0.9870698375365901, 0.16029078521702492, BFz, 0.0, -0.1602907852170249, -0.9870698375365904
Time, 0.07, Pos_X, 0.002977252270442, Pos_Y, 0.002694761865284117, Pos_Z, -0.004897256795340125, BFx, 1.0, 0.0, 0.0,                             BFy, 0.0, -0.986139198400702, 0.16592010540504468, BFz, 0.0, -0.16592010540504465, -0.9861391984007024
Time, 0.072, Pos_X, 0.0032495712219179984, Pos_Y, 0.002926909062324295, Pos_Z, -0.005101754372550618, BFx, 1.0, 0.0, 0.0,                             BFy, 0.0, -0.985154698698111, 0.1716689244826628, BFz, 0.0, -0.17166892448266274, -0.9851546986981113
Time, 0.074, Pos_X, 0.0035342951195939986, Pos_Y, 0.0031676463810480014, Pos_Z, -0.005302911925278737, BFx, 1.0, 0.0, 0.0,                             BFy, 0.0, -0.9841141618257411, 0.17753680320997925, BFz, 0.0, -0.1775368032099792, -0.9841141618257414
Time, 0.076, Pos_X, 0.0038311409502699988, Pos_Y, 0.003416409231272722, Pos_Z, -0.00550000678481404, BFx, 1.0, 0.0, 0.0,                             BFy, 0.0, -0.9830155225980272, 0.1835224300496467, BFz, 0.0, -0.18352243004964663, -0.9830155225980275
Time, 0.078, Pos_X, 0.004139797577745999, Pos_Y, 0.003672581500268883, Pos_Z, -0.005692304099570274, BFx, 1.0, 0.0, 0.0,                             BFy, 0.0, -0.9818567441304525, 0.18962419150927737, BFz, 0.0, -0.18962419150927728, -0.9818567441304529
Time, 0.08, Pos_X, 0.0044599308988219994, Pos_Y, 0.003935506311665492, Pos_Z, -0.005879064327906389, BFx, 1.0, 0.0, 0.0,                             BFy, 0.0, -0.9806357834369209, 0.19584039481949725, BFz, 0.0, -0.19584039481949714, -0.9806357834369211
Time, 0.082, Pos_X, 0.004791188374898, Pos_Y, 0.004204497924879604, Pos_Z, -0.006059551389657414, BFx, 1.0, 0.0, 0.0,                             BFy, 0.0, -0.979350711398419, 0.20216870203721263, BFz, 0.0, -0.2021687020372125, -0.9793507113984191
Time, 0.084, Pos_X, 0.0051332045675740005, Pos_Y, 0.004478855785825205, Pos_Z, -0.006233040739902179, BFx, 1.0, 0.0, 0.0,                             BFy, 0.0, -0.9779998669775651, 0.20860551333046173, BFz, 0.0, -0.20860551333046162, -0.9779998669775651
Time, 0.086, Pos_X, 0.005485606774249998, Pos_Y, 0.004757880227762178, Pos_Z, -0.0063988283068091055, BFx, 1.0, 0.0, 0.0,                             BFy, 0.0, -0.9765821155653428, 0.2151450012385149, BFz, 0.0, -0.2151450012385148, -0.9765821155653426
Time, 0.088, Pos_X, 0.005848019869925998, Pos_Y, 0.005040888926149456, Pos_Z, -0.006556240325839236, BFx, 1.0, 0.0, 0.0,                             BFy, 0.0, -0.9750973674421277, 0.22177719451610273, BFz, 0.0, -0.2217771945161026, -0.9750973674421276
Time, 0.09, Pos_X, 0.006220070462601998, Pos_Y, 0.005327233516920027, Pos_Z, -0.006704643722019907, BFx, 1.0, 0.0, 0.0,                             BFy, 0.0, -0.9735472046007007, 0.22848597421759337, BFz, 0.0, -0.22848597421759323, -0.9735472046007005
Time, 0.092, Pos_X, 0.006601390599277998, Pos_Y, 0.00561631503461253, Pos_Z, -0.006843456671881777, BFx, 1.0, 0.0, 0.0,                             BFy, 0.0, -0.9719356505566809, 0.23524687283142004, BFz, 0.0, -0.2352468728314199, -0.9719356505566809
Time, 0.094, Pos_X, 0.0069916214871539985, Pos_Y, 0.005907597557877357, Pos_Z, -0.006972158530154994, BFx, 1.0, 0.0, 0.0,                             BFy, 0.0, -0.9702699108761333, 0.24202541198895092, BFz, 0.0, -0.2420254119889508, -0.9702699108761333
Time, 0.096, Pos_X, 0.007390416403429999, Pos_Y, 0.006200620428259227, Pos_Z, -0.007090298820022553, BFx, 1.0, 0.0, 0.0,                             BFy, 0.0, -0.9685609182590259, 0.24877650134454724, BFz, 0.0, -0.24877650134454712, -0.9685609182590258
Time, 0.098, Pos_X, 0.007797442798905999, Pos_Y, 0.006495008169138144, Pos_Z, -0.007197505012719095, BFx, 1.0, 0.0, 0.0,                             BFy, 0.0, -0.9668234472024552, 0.2554455361511774, BFz, 0.0, -0.25544553615117727, -0.966823447202455
Time, 0.1, Pos_X, 0.008212384090782, Pos_Y, 0.006790478322585992, Pos_Z, -0.007293489518393722, BFx, 1.0, 0.0, 0.0,                             BFy, 0.0, -0.9650756881160277, 0.26197121255469336, BFz, 0.0, -0.26197121255469324, -0.9650756881160277
Time, 0.102, Pos_X, 0.008634941053257997, Pos_Y, 0.007086847547848976, Pos_Z, -0.007378055534396462, BFx, 1.0, 0.0, 0.0,                             BFy, 0.0, -0.9633382720386586, 0.2682897195674322, BFz, 0.0, -0.26828971956743203, -0.9633382720386588
Time, 0.104, Pos_X, 0.009064832984733998, Pos_Y, 0.0073840352835059676, Pos_Z, -0.007451100551378302, BFx, 1.0, 0.0, 0.0,                             BFy, 0.0, -0.9616327945680403, 0.2743398775447377, BFz, 0.0, -0.2743398775447375, -0.9616327945680404
Time, 0.106, Pos_X, 0.009501797489409998, Pos_Y, 0.007682063501549442, Pos_Z, -0.007512615933873281, BFx, 1.0, 0.0, 0.0,                             BFy, 0.0, -0.9599800938608928, 0.2800682405965232, BFz, 0.0, -0.2800682405965231, -0.9599800938608929
Time, 0.108, Pos_X, 0.009945589383885999, Pos_Y, 0.007981053361501728, Pos_Z, -0.007562684624943933, BFx, 1.0, 0.0, 0.0,                             BFy, 0.0, -0.9583984174238841, 0.2854338338028536, BFz, 0.0, -0.2854338338028535, -0.9583984174238842
Time, 0.11, Pos_X, 0.010395980969761999, Pos_Y, 0.008281221846193797, Pos_Z, -0.007601479744849776, BFx, 1.0, 0.0, 0.0,                             BFy, 0.0, -0.9569017080787926, 0.2904119850761838, BFz, 0.0, -0.2904119850761837, -0.9569017080787927
Time, 0.112, Pos_X, 0.010852762102438, Pos_Y, 0.008582875677678474, Pos_Z, -0.007629260289969226, BFx, 1.0, 0.0, 0.0,                             BFy, 0.0, -0.9554983661225799, 0.2949963937696198, BFz, 0.0, -0.2949963937696196, -0.9554983661225801
Time, 0.114, Pos_X, 0.011315740189913999, Pos_Y, 0.008886401297828646, Pos_Z, -0.0076463621936326475, BFx, 1.0, 0.0, 0.0,                             BFy, 0.0, -0.9541907650115338, 0.29919890368566515, BFz, 0.0, -0.299198903685665, -0.954190765011534
Time, 0.116, Pos_X, 0.011784741653989999, Pos_Y, 0.009192253446178265, Pos_Z, -0.007653188617623187, BFx, 1.0, 0.0, 0.0,                             BFy, 0.0, -0.9529756062902164, 0.30304701585033667, BFz, 0.0, -0.3030470158503365, -0.9529756062902166
Time, 0.118, Pos_X, 0.012259611548865996, Pos_Y, 0.009500941164122334, Pos_Z, -0.007650201840060704, BFx, 1.0, 0.0, 0.0,                             BFy, 0.0, -0.9518450353602866, 0.30657956334363506, BFz, 0.0, -0.3065795633436349, -0.9518450353602869
Time, 0.12, Pos_X, 0.012740211048541996, Pos_Y, 0.009813012411436147, Pos_Z, -0.007637916976760112, BFx, 1.0, 0.0, 0.0,                             BFy, 0.0, -0.9507882769130304, 0.30984133437091577, BFz, 0.0, -0.3098413343709156, -0.9507882769130306
Time, 0.122, Pos_X, 0.013226416420817996, Pos_Y, 0.010129040446651073, Pos_Z, -0.007616896187375795, BFx, 1.0, 0.0, 0.0,                             BFy, 0.0, -0.949793563237461, 0.3128772718378348, BFz, 0.0, -0.31287727183783465, -0.9497935632374612
Time, 0.124, Pos_X, 0.013718120423893997, Pos_Y, 0.010449612694782949, Pos_Z, -0.007587740688504118, BFx, 1.0, 0.0, 0.0,                             BFy, 0.0, -0.9488499967599249, 0.315727229818224, BFz, 0.0, -0.3157272298182238, -0.948849996759925
Time, 0.126, Pos_X, 0.014215233635769996, Pos_Y, 0.010775321091171625, Pos_Z, -0.007551079838401107, BFx, 1.0, 0.0, 0.0,                             BFy, 0.0, -0.9479489913464134, 0.31842221939638043, BFz, 0.0, -0.31842221939638027, -0.9479489913464135
Time, 0.128, Pos_X, 0.014717684065045996, Pos_Y, 0.01110675229947845, Pos_Z, -0.00750755828876661, BFx, 1.0, 0.0, 0.0,                             BFy, 0.0, -0.9470850982984635, 0.32098257987153894, BFz, 0.0, -0.32098257987153883, -0.9470850982984637
Time, 0.13, Pos_X, 0.015225416771921997, Pos_Y, 0.011444478027722051, Pos_Z, -0.00745782211178042, BFx, 1.0, 0.0, 0.0,                             BFy, 0.0, -0.946256223763398, 0.32341793238630634, BFz, 0.0, -0.32341793238630623, -0.9462562237633981
Time, 0.132, Pos_X, 0.015738394496198, Pos_Y, 0.01178904721356704, Pos_Z, -0.007402507032568365, BFx, 1.0, 0.0, 0.0,                             BFy, 0.0, -0.9454633662863816, 0.3257284498020134, BFz, 0.0, -0.32572844980201326, -0.9454633662863817
Time, 0.134, Pos_X, 0.016256599089073998, Pos_Y, 0.012140981603318567, Pos_Z, -0.007342231629021071, BFx, 1.0, 0.0, 0.0,                             BFy, 0.0, -0.9447098791021654, 0.3279073715651588, BFz, 0.0, -0.3279073715651587, -0.9447098791021656
Time, 0.136, Pos_X, 0.016780033058549998, Pos_Y, 0.012500774442370178, Pos_Z, -0.0072775953258013325, BFx, 1.0, 0.0, 0.0,                             BFy, 0.0, -0.9440005247217561, 0.32994394876258687, BFz, 0.0, -0.32994394876258665, -0.9440005247217563
Time, 0.138, Pos_X, 0.017308720407626, Pos_Y, 0.012868891422311901, Pos_Z, -0.007209179966357845, BFx, 1.0, 0.0, 0.0,                             BFy, 0.0, -0.9433404054816771, 0.33182658028805384, BFz, 0.0, -0.3318265802880537, -0.9433404054816774
Time, 0.14, Pos_X, 0.017842707180501998, Pos_Y, 0.013245773084375358, Pos_Z, -0.0071375529902837674, BFx, 1.0, 0.0, 0.0,                             BFy, 0.0, -0.9427338853916534, 0.33354583093535406, BFz, 0.0, -0.3335458309353539, -0.9427338853916537
Time, 0.142, Pos_X, 0.018382060161777992, Pos_Y, 0.013631837929882675, Pos_Z, -0.007063270129588995, BFx, 1.0, 0.0, 0.0,                             BFy, 0.0, -0.9421836490464168, 0.3350969583114367, BFz, 0.0, -0.33509695831143654, -0.9421836490464173
Time, 0.144, Pos_X, 0.018926861299253993, Pos_Y, 0.014027485916192484, Pos_Z, -0.006986875239865504, BFx, 1.0, 0.0, 0.0,                             BFy, 0.0, -0.9416900439015123, 0.33648159120041987, BFz, 0.0, -0.33648159120041965, -0.9416900439015127
Time, 0.146, Pos_X, 0.019477205149929993, Pos_Y, 0.014433104059621192, Pos_Z, -0.006908896334244958, BFx, 1.0, 0.0, 0.0,                             BFy, 0.0, -0.9412506307905565, 0.337708824338924, BFz, 0.0, -0.3377088243389237, -0.9412506307905568
Time, 0.148, Pos_X, 0.020033199563005994, Pos_Y, 0.01484907110254472, Pos_Z, -0.006829838292275686, BFx, 1.0, 0.0, 0.0,                             BFy, 0.0, -0.9408601720088853, 0.33879512500537723, BFz, 0.0, -0.338795125005377, -0.9408601720088857
Time, 0.15, Pos_X, 0.020594966081481994, Pos_Y, 0.015275758423477134, Pos_Z, -0.006750177295209971, BFx, 1.0, 0.0, 0.0,                             BFy, 0.0, -0.940510804457749, 0.33976378073337354, BFz, 0.0, -0.33976378073337327, -0.9405108044577495
Time, 0.152, Pos_X, 0.021162640157157995, Pos_Y, 0.0157135285498029, Pos_Z, -0.006670363069235117, BFx, 1.0, 0.0, 0.0,                             BFy, 0.0, -0.9401926057992694, 0.34064330904977075, BFz, 0.0, -0.3406433090497705, -0.94019260579927
Time, 0.154, Pos_X, 0.021736370778233996, Pos_Y, 0.01616273238646077, Pos_Z, -0.00659082562538294, BFx, 1.0, 0.0, 0.0,                             BFy, 0.0, -0.9398942741411392, 0.34146559627098483, BFz, 0.0, -0.34146559627098466, -0.9398942741411399
Time, 0.156, Pos_X, 0.022316323390309995, Pos_Y, 0.016623705660349538, Pos_Z, -0.006511976099298072, BFx, 1.0, 0.0, 0.0,                             BFy, 0.0, -0.9396038366721462, 0.34226397723245877, BFz, 0.0, -0.3422639772324586, -0.939603836672147
Time, 0.158, Pos_X, 0.022902682063185995, Pos_Y, 0.01709676294842907, Pos_Z, -0.006434201882505681, BFx, 1.0, 0.0, 0.0,                             BFy, 0.0, -0.9393094679139956, 0.3430710181392834, BFz, 0.0, -0.34307101813928326, -0.9393094679139966
Time, 0.16, Pos_X, 0.023495646195461996, Pos_Y, 0.01758219057901224, Pos_Z, -0.006357860710137196, BFx, 1.0, 0.0, 0.0,                             BFy, 0.0, -0.9390002877554521, 0.3439163555214788, BFz, 0.0, -0.34391635552147864, -0.939000287755453
Time, 0.162, Pos_X, 0.024095426540937995, Pos_Y, 0.018080242125742788, Pos_Z, -0.006283271284443533, BFx, 1.0, 0.0, 0.0,                             BFy, 0.0, -0.9386671339995021, 0.34482460983688323, BFz, 0.0, -0.34482460983688307, -0.938667133999503
Time, 0.164, Pos_X, 0.024702242908813996, Pos_Y, 0.018591138315528215, Pos_Z, -0.0062107063966812225, BFx, 1.0, 0.0, 0.0,                             BFy, 0.0, -0.9383033062783166, 0.345813396830108, BFz, 0.0, -0.3458133968301078, -0.9383033062783175
Time, 0.166, Pos_X, 0.025316319476289997, Pos_Y, 0.01911507102460263, Pos_Z, -0.006140399568375725, BFx, 1.0, 0.0, 0.0,                             BFy, 0.0, -0.9379051333107731, 0.3468918576578285, BFz, 0.0, -0.34689185765782826, -0.9379051333107741
Time, 0.168, Pos_X, 0.025937879651966, Pos_Y, 0.019652209755310165, Pos_Z, -0.006072561410158144, BFx, 1.0, 0.0, 0.0,                             BFy, 0.0, -0.9374723537149243, 0.34805974490049524, BFz, 0.0, -0.348059744900495, -0.9374723537149253
Time, 0.17, Pos_X, 0.026567143671042, Pos_Y, 0.020202707927997356, Pos_Z, -0.006007393755671449, BFx, 1.0, 0.0, 0.0,                             BFy, 0.0, -0.9370084603510586, 0.3493066635930908, BFz, 0.0, -0.34930666359309054, -0.9370084603510594
Time, 0.172, Pos_X, 0.027204328252917992, Pos_Y, 0.020766707465017437, Pos_Z, -0.005945098794229052, BFx, 1.0, 0.0, 0.0,                             BFy, 0.0, -0.9365210916425982, 0.3506112446978193, BFz, 0.0, -0.350611244697819, -0.9365210916425989
Time, 0.174, Pos_X, 0.027849646566393993, Pos_Y, 0.021344339529105274, Pos_Z, -0.005885885173282807, BFx, 1.0, 0.0, 0.0,                             BFy, 0.0, -0.9360223090290878, 0.35194067255697115, BFz, 0.0, -0.3519406725569709, -0.9360223090290885
Time, 0.176, Pos_X, 0.028503307423869993, Pos_Y, 0.021935721353119355, Pos_Z, -0.0058299711875161855, BFx, 1.0, 0.0, 0.0,                             BFy, 0.0, -0.9355284057340746, 0.3532514714260355, BFz, 0.0, -0.3532514714260353, -0.9355284057340753
Time, 0.178, Pos_X, 0.029165514522345993, Pos_Y, 0.022540953055998392, Pos_Z, -0.0057775868221924325, BFx, 1.0, 0.0, 0.0,                             BFy, 0.0, -0.9350591948052198, 0.35449161091655185, BFz, 0.0, -0.3544916109165516, -0.9350591948052206
Time, 0.18, Pos_X, 0.029836465968821994, Pos_Y, 0.023160117183434113, Pos_Z, -0.005728978362811067, BFx, 1.0, 0.0, 0.0,                             BFy, 0.0, -0.9346370747158927, 0.35560306321306717, BFz, 0.0, -0.3556030632130669, -0.9346370747158934
Time, 0.182, Pos_X, 0.030516353054697996, Pos_Y, 0.02379327937399413, Pos_Z, -0.00568441420669902, BFx, 1.0, 0.0, 0.0,                             BFy, 0.0, -0.9342853503452978, 0.3565261338670171, BFz, 0.0, -0.3565261338670168, -0.9342853503452985
Time, 0.184, Pos_X, 0.031205358673773997, Pos_Y, 0.02444048785553411, Pos_Z, -0.005644188516080547, BFx, 1.0, 0.0, 0.0,                             BFy, 0.0, -0.9340261021539832, 0.3572047598997457, BFz, 0.0, -0.3572047598997455, -0.934026102153984
Time, 0.186, Pos_X, 0.03190365544925, Pos_Y, 0.025101771303532767, Pos_Z, -0.005608622645536858, BFx, 1.0, 0.0, 0.0,                             BFy, 0.0, -0.9338778454244374, 0.3575921836749353, BFz, 0.0, -0.35759218367493506, -0.933877845424438
Time, 0.188, Pos_X, 0.032611403302726, Pos_Y, 0.025777135508684705, Pos_Z, -0.00557806398165325, BFx, 1.0, 0.0, 0.0,                             BFy, 0.0, -0.9338532719809457, 0.357656352397773, BFz, 0.0, -0.3576563523977727, -0.9338532719809463
Time, 0.19, Pos_X, 0.033328747588802, Pos_Y, 0.02646656043864014, Pos_Z, -0.005552881899349513, BFx, 1.0, 0.0, 0.0,                             BFy, 0.0, -0.9339571978963286, 0.35738488006298835, BFz, 0.0, -0.35738488006298813, -0.9339571978963289
Time, 0.192, Pos_X, 0.034055817352478, Pos_Y, 0.027169997173626406, Pos_Z, -0.0055334622991895675, BFx, 1.0, 0.0, 0.0,                             BFy, 0.0, -0.9341853472721241, 0.3567880840808163, BFz, 0.0, -0.35678808408081614, -0.9341853472721243
Time, 0.194, Pos_X, 0.034792722383554, Pos_Y, 0.027887363349766454, Pos_Z, -0.005520200544014534, BFx, 1.0, 0.0, 0.0,                             BFy, 0.0, -0.9345241459016803, 0.35589973409196846, BFz, 0.0, -0.35589973409196823, -0.9345241459016804
Time, 0.196, Pos_X, 0.03553954895523, Pos_Y, 0.028618538318097575, Pos_Z, -0.005513491759109314, BFx, 1.0, 0.0, 0.0,                             BFy, 0.0, -0.9349514292055371, 0.3547757390613433, BFz, 0.0, -0.354775739061343, -0.9349514292055374
Time, 0.198, Pos_X, 0.03629635580350601, Pos_Y, 0.02936336039228205, Pos_Z, -0.005513720474403073, BFx, 1.0, 0.0, 0.0,                             BFy, 0.0, -0.9354379579667214, 0.3534909147277327, BFz, 0.0, -0.3534909147277324, -0.9354379579667218
Time, 0.2, Pos_X, 0.037063170267382005, Pos_Y, 0.03012162642627253, Pos_Z, -0.005521251357048817, BFx, 1.0, 0.0, 0.0,                             BFy, 0.0, -0.9359500736112495, 0.35213273024116254, BFz, 0.0, -0.3521327302411623, -0.9359500736112498
Time, 0.202, Pos_X, 0.03783998425545801, Pos_Y, 0.0308930931376547, Pos_Z, -0.00553642062686981, BFx, 1.0, 0.0, 0.0,                             BFy, 0.0, -0.9364531613143774, 0.3507926405503788, BFz, 0.0, -0.35079264055037856, -0.9364531613143777
Time, 0.204, Pos_X, 0.038626750518934, Pos_Y, 0.03167748030716797, Pos_Z, -0.005559528918827909, BFx, 1.0, 0.0, 0.0,                             BFy, 0.0, -0.936915345611971, 0.34955634046144746, BFz, 0.0, -0.3495563404614474, -0.9369153456119713
Time, 0.206, Pos_X, 0.03942337893921, Pos_Y, 0.032474475080789884, Pos_Z, -0.005590836248932137, BFx, 1.0, 0.0, 0.0,                             BFy, 0.0, -0.9373105962663262, 0.34849511636013303, BFz, 0.0, -0.3484951163601329, -0.9373105962663265
Time, 0.208, Pos_X, 0.040229733708286, Pos_Y, 0.033283736411041154, Pos_Z, -0.0056305570072015245, BFx, 1.0, 0.0, 0.0,                             BFy, 0.0, -0.9376209806076093, 0.3476591674678284, BFz, 0.0, -0.3476591674678282, -0.9376209806076098
Time, 0.21, Pos_X, 0.04104563224536201, Pos_Y, 0.0341048991289958, Pos_Z, -0.0056788539213805805, BFx, 1.0, 0.0, 0.0,                             BFy, 0.0, -0.9378376579043902, 0.3470742390561518, BFz, 0.0, -0.3470742390561516, -0.9378376579043907
Time, 0.212, Pos_X, 0.04187084501423801, Pos_Y, 0.034937577879579865, Pos_Z, -0.005735833462067006, BFx, 1.0, 0.0, 0.0,                             BFy, 0.0, -0.9379604341058276, 0.34674230208038653, BFz, 0.0, -0.3467423020803863, -0.9379604341058281
Time, 0.214, Pos_X, 0.04270509583571401, Pos_Y, 0.03578137111344483, Pos_Z, -0.005801543934326368, BFx, 1.0, 0.0, 0.0,                             BFy, 0.0, -0.9379960588852586, 0.34664591951402124, BFz, 0.0, -0.3466459195140211, -0.9379960588852589
Time, 0.216, Pos_X, 0.04354806387759001, Pos_Y, 0.036635865096616746, Pos_Z, -0.005875975305395941, BFx, 1.0, 0.0, 0.0,                             BFy, 0.0, -0.9379556566186995, 0.34675522521943775, BFz, 0.0, -0.34675522521943763, -0.9379556566186997
Time, 0.218, Pos_X, 0.04439938730586601, Pos_Y, 0.03750063746406164, Pos_Z, -0.005959059605649092, BFx, 1.0, 0.0, 0.0,                             BFy, 0.0, -0.9378517449897054, 0.347036171630226, BFz, 0.0, -0.3470361716302258, -0.9378517449897055
Time, 0.22, Pos_X, 0.045258667834142015, Pos_Y, 0.03837526029513286, Pos_Z, -0.006050672190482128, BFx, 1.0, 0.0, 0.0,                             BFy, 0.0, -0.9376954919241318, 0.3474581477317228, BFz, 0.0, -0.3474581477317226, -0.9376954919241318
Time, 0.222, Pos_X, 0.046125476348818015, Pos_Y, 0.0392593031126295, Pos_Z, -0.006150633694770964, BFx, 1.0, 0.0, 0.0,                             BFy, 0.0, -0.9374945551741204, 0.347999941119071, BFz, 0.0, -0.34799994111907084, -0.9374945551741205
Time, 0.224, Pos_X, 0.04699935951189402, Pos_Y, 0.04015233508117066, Pos_Z, -0.006258711824712244, BFx, 1.0, 0.0, 0.0,                             BFy, 0.0, -0.9372518681319264, 0.3486530305091474, BFz, 0.0, -0.3486530305091472, -0.9372518681319265
Time, 0.226, Pos_X, 0.04787984642517002, Pos_Y, 0.0410539261691122, Pos_Z, -0.006374622353928605, BFx, 1.0, 0.0, 0.0,                             BFy, 0.0, -0.9369654342664302, 0.34942205853368596, BFz, 0.0, -0.34942205853368574, -0.9369654342664302
Time, 0.228, Pos_X, 0.04876645567904602, Pos_Y, 0.04196364857857085, Pos_Z, -0.006498029812009301, BFx, 1.0, 0.0, 0.0,                             BFy, 0.0, -0.9366291398814387, 0.3503225004548734, BFz, 0.0, -0.3503225004548732, -0.9366291398814388
Time, 0.23, Pos_X, 0.04965870296532202, Pos_Y, 0.042881078924223444, Pos_Z, -0.006628549400649752, BFx, 1.0, 0.0, 0.0,                             BFy, 0.0, -0.9362343569414847, 0.35137619282239796, BFz, 0.0, -0.35137619282239774, -0.9362343569414849
Time, 0.232, Pos_X, 0.050556108101598024, Pos_Y, 0.04380580002106015, Pos_Z, -0.006765749856025874, BFx, 1.0, 0.0, 0.0,                             BFy, 0.0, -0.9357719795685698, 0.35260573202135914, BFz, 0.0, -0.3526057320213589, -0.9357719795685701
Time, 0.234, Pos_X, 0.05145820244967402, Pos_Y, 0.04473740274741828, Pos_Z, -0.006909156546559398, BFx, 1.0, 0.0, 0.0,                             BFy, 0.0, -0.9352340407724922, 0.35403006790434516, BFz, 0.0, -0.354030067904345, -0.9352340407724924
Time, 0.236, Pos_X, 0.05236453788035001, Pos_Y, 0.04567548880710828, Pos_Z, -0.007058255688205931, BFx, 1.0, 0.0, 0.0,                             BFy, 0.0, -0.9346151224422271, 0.35566075535867026, BFz, 0.0, -0.35566075535867014, -0.9346151224422273
Time, 0.238, Pos_X, 0.05327469489742601, Pos_Y, 0.0466196728262362, Pos_Z, -0.007212499717381193, BFx, 1.0, 0.0, 0.0,                             BFy, 0.0, -0.9339131202327289, 0.35750004735267854, BFz, 0.0, -0.3575000473526785, -0.9339131202327291
Time, 0.24, Pos_X, 0.05418828917184201, Pos_Y, 0.04756958362523363, Pos_Z, -0.007371312068854234, BFx, 1.0, 0.0, 0.0,                             BFy, 0.0, -0.9331293386197476, 0.35954087028746956, BFz, 0.0, -0.35954087028746956, -0.9331293386197478
Time, 0.242, Pos_X, 0.05510497748639801, Pos_Y, 0.0485248643662302, Pos_Z, -0.007534090709018, BFx, 1.0, 0.0, 0.0,                             BFy, 0.0, -0.9322681312002136, 0.36176806319582716, BFz, 0.0, -0.3617680631958271, -0.9322681312002137
Time, 0.244, Pos_X, 0.056024462440154014, Pos_Y, 0.04948517202160608, Pos_Z, -0.007700210526589105, BFx, 1.0, 0.0, 0.0,                             BFy, 0.0, -0.9313363503512456, 0.3641601330656889, BFz, 0.0, -0.36416013306568884, -0.931336350351246
Time, 0.246, Pos_X, 0.05694649605091002, Pos_Y, 0.05045017680361662, Pos_Z, -0.007869025208615274, BFx, 1.0, 0.0, 0.0,                             BFy, 0.0, -0.9303426133879247, 0.36669145301537237, BFz, 0.0, -0.36669145301537226, -0.9303426133879251
Time, 0.248, Pos_X, 0.05787088285346602, Pos_Y, 0.05141956234154079, Pos_Z, -0.0080398690376585, BFx, 1.0, 0.0, 0.0,                             BFy, 0.0, -0.9292966289835884, 0.36933423258579434, BFz, 0.0, -0.3693342325857941, -0.9292966289835889
Time, 0.25, Pos_X, 0.05879748258642202, Pos_Y, 0.05239302746127013, Pos_Z, -0.008212059786655079, BFx, 1.0, 0.0, 0.0,                             BFy, 0.0, -0.9282088646786532, 0.3720595429927371, BFz, 0.0, -0.3720595429927368, -0.9282088646786536
Time, 0.252, Pos_X, 0.05972621435397802, Pos_Y, 0.05337028863954439, Pos_Z, -0.00838490363961103, BFx, 1.0, 0.0, 0.0,                             BFy, 0.0, -0.9270903195788307, 0.3748380174731742, BFz, 0.0, -0.374838017473174, -0.9270903195788313
Time, 0.254, Pos_X, 0.06065706253621402, Pos_Y, 0.05435108297765415, Pos_Z, -0.0085577028995459, BFx, 1.0, 0.0, 0.0,                             BFy, 0.0, -0.9259519444689038, 0.3776413596711231, BFz, 0.0, -0.377641359671123, -0.9259519444689044
Time, 0.256, Pos_X, 0.06159007732965002, Pos_Y, 0.055335169431007816, Pos_Z, -0.008729765938187278, BFx, 1.0, 0.0, 0.0,                             BFy, 0.0, -0.9248039003388476, 0.3804441429672077, BFz, 0.0, -0.3804441429672076, -0.9248039003388483
Time, 0.258, Pos_X, 0.06252537145894603, Pos_Y, 0.0563223308399913, Pos_Z, -0.008900417429098289, BFx, 1.0, 0.0, 0.0,                             BFy, 0.0, -0.9236549363699508, 0.3832252060074082, BFz, 0.0, -0.3832252060074081, -0.9236549363699514
Time, 0.26, Pos_X, 0.06346311935438204, Pos_Y, 0.05731238003892059, Pos_Z, -0.009069005721501907, BFx, 1.0, 0.0, 0.0,                             BFy, 0.0, -0.922511997957294, 0.3859684101384981, BFz, 0.0, -0.385968410138498, -0.9225119979572948
Time, 0.262, Pos_X, 0.06440355656253803, Pos_Y, 0.05830516671798017, Pos_Z, -0.009234904719732583, BFx, 1.0, 0.0, 0.0,                             BFy, 0.0, -0.9213800701729008, 0.38866279251837127, BFz, 0.0, -0.3886627925183712, -0.9213800701729017
Time, 0.264, Pos_X, 0.06534697600081403, Pos_Y, 0.0593005813982973, Pos_Z, -0.009397512807960284, BFx, 1.0, 0.0, 0.0,                             BFy, 0.0, -0.9202622745074128, 0.3913021161691324, BFz, 0.0, -0.3913021161691324, -0.9202622745074137
Time, 0.266, Pos_X, 0.06629372468579003, Pos_Y, 0.060298558163469594, Pos_Z, -0.009556256586595441, BFx, 1.0, 0.0, 0.0,                             BFy, 0.0, -0.9191602025919641, 0.393883894023477, BFz, 0.0, -0.393883894023477, -0.919160202591965
Time, 0.268, Pos_X, 0.06724420421014604, Pos_Y, 0.06129907645684202, Pos_Z, -0.009710600021139536, BFx, 1.0, 0.0, 0.0,                             BFy, 0.0, -0.9180744016683915, 0.39640811419700206, BFz, 0.0, -0.39640811419700206, -0.9180744016683922
Time, 0.27, Pos_X, 0.06819887051218204, Pos_Y, 0.06230215655987855, Pos_Z, -0.009860051229383564, BFx, 1.0, 0.0, 0.0,                             BFy, 0.0, -0.9170048196754925, 0.3988761219876621, BFz, 0.0, -0.3988761219876621, -0.917004819675493
Time, 0.272, Pos_X, 0.06915823109101804, Pos_Y, 0.06330784998306249, Pos_Z, -0.010004166264177876, BFx, 1.0, 0.0, 0.0,                             BFy, 0.0, -0.9159513360450221, 0.4012893594369756, BFz, 0.0, -0.4012893594369756, -0.9159513360450223
Time, 0.274, Pos_X, 0.07012284237025404, Pos_Y, 0.06431622980445753, Pos_Z, -0.010142547304075433, BFx, 1.0, 0.0, 0.0,                             BFy, 0.0, -0.9149141338208413, 0.4036485200454212, BFz, 0.0, -0.4036485200454211, -0.9149141338208415
Time, 0.276, Pos_X, 0.07109330835969004, Pos_Y, 0.06532738245260424, Pos_Z, -0.010274832389792274, BFx, 1.0, 0.0, 0.0,                             BFy, 0.0, -0.9138939496853484, 0.40595301295656483, BFz, 0.0, -0.40595301295656483, -0.9138939496853485
Time, 0.278, Pos_X, 0.07207027734192603, Pos_Y, 0.0663414024764782, Pos_Z, -0.01040068394683088, BFx, 1.0, 0.0, 0.0,                             BFy, 0.0, -0.912892181919766, 0.4082007645629391, BFz, 0.0, -0.4082007645629391, -0.9128921819197661
Time, 0.28, Pos_X, 0.07305443683496203, Pos_Y, 0.06735839202368463, Pos_Z, -0.010519784209945959, BFx, 1.0, 0.0, 0.0,                             BFy, 0.0, -0.911910766710427, 0.41038853974934575, BFz, 0.0, -0.4103885397493457, -0.9119107667104271
Time, 0.282, Pos_X, 0.07404650611119801, Pos_Y, 0.06837846325620812, Pos_Z, -0.010631839452479527, BFx, 1.0, 0.0, 0.0,                             BFy, 0.0, -0.9109519455749644, 0.4125124881178587, BFz, 0.0, -0.4125124881178586, -0.9109519455749644
Time, 0.284, Pos_X, 0.07504722674563401, Pos_Y, 0.0694017422249186, Pos_Z, -0.01073658706997278, BFx, 1.0, 0.0, 0.0,                             BFy, 0.0, -0.9100180972270828, 0.41456852596307814, BFz, 0.0, -0.4145685259630781, -0.9100180972270827
Time, 0.286, Pos_X, 0.07605735499967001, Pos_Y, 0.07042837191405209, Pos_Z, -0.010833799375454416, BFx, 1.0, 0.0, 0.0,                             BFy, 0.0, -0.9091113941203518, 0.4165530855491891, BFz, 0.0, -0.4165530855491891, -0.9091113941203518
Time, 0.288, Pos_X, 0.077077656144706, Pos_Y, 0.07145851152617552, Pos_Z, -0.010923284269803863, BFx, 1.0, 0.0, 0.0,                             BFy, 0.0, -0.9082335337448153, 0.4184636760597095, BFz, 0.0, -0.4184636760597095, -0.9082335337448151
Time, 0.29, Pos_X, 0.078108899085342, Pos_Y, 0.07249233095302632, Pos_Z, -0.011004884230827286, BFx, 1.0, 0.0, 0.0,                             BFy, 0.0, -0.9073855591245702, 0.4202992351791655, BFz, 0.0, -0.4202992351791655, -0.90738555912457
Time, 0.292, Pos_X, 0.07915184949917801, Pos_Y, 0.07353000182715043, Pos_Z, -0.011078473786711075, BFx, 1.0, 0.0, 0.0,                             BFy, 0.0, -0.9065678086142555, 0.42206019521431687, BFz, 0.0, -0.42206019521431687, -0.9065678086142552
Time, 0.294, Pos_X, 0.08020726249501402, Pos_Y, 0.07457168916709787, Pos_Z, -0.011143954448107556, BFx, 1.0, 0.0, 0.0,                             BFy, 0.0, -0.9057799983205324, 0.4237482680111586, BFz, 0.0, -0.42374826801115856, -0.9057799983205321
Time, 0.296, Pos_X, 0.08127587682865002, Pos_Y, 0.07561754523467351, Pos_Z, -0.011201247131561962, BFx, 1.0, 0.0, 0.0,                             BFy, 0.0, -0.9050213076458712, 0.42536623362340087, BFz, 0.0, -0.4253662336234008, -0.9050213076458709
Time, 0.298, Pos_X, 0.08235840922928603, Pos_Y, 0.0766677051566779, Pos_Z, -0.011250285776089986, BFx, 1.0, 0.0, 0.0,                             BFy, 0.0, -0.9042904880999286, 0.4269176889424861, BFz, 0.0, -0.42691768894248605, -0.9042904880999282
Time, 0.3, Pos_X, 0.08345554834232204, Pos_Y, 0.0777222837446681, Pos_Z, -0.011291014756499008, BFx, 1.0, 0.0, 0.0,                             BFy, 0.0, -0.9035860121787556, 0.42840672099640836, BFz, 0.0, -0.4284067209964083, -0.9035860121787551
Time, 0.302, Pos_X, 0.08456794807655804, Pos_Y, 0.07878137331040364, Pos_Z, -0.011323388076425502, BFx, 1.0, 0.0, 0.0,                             BFy, 0.0, -0.9029062336412776, 0.4298375661243715, BFz, 0.0, -0.42983756612437146, -0.9029062336412772
Time, 0.304, Pos_X, 0.08569622152319405, Pos_Y, 0.0798450427474145, Pos_Z, -0.011347367537243497, BFx, 1.0, 0.0, 0.0,                             BFy, 0.0, -0.902249509607608, 0.4312143578463406, BFz, 0.0, -0.4312143578463405, -0.9022495096076075
Time, 0.306, Pos_X, 0.08684093778923005, Pos_Y, 0.08091333688991509, Pos_Z, -0.011362919386319637, BFx, 1.0, 0.0, 0.0,                             BFy, 0.0, -0.9016143833112144, 0.43254075392538427, BFz, 0.0, -0.43254075392538416, -0.9016143833112137
Time, 0.308, Pos_X, 0.08800261959986605, Pos_Y, 0.0819862748272277, Pos_Z, -0.011370010042851465, BFx, 1.0, 0.0, 0.0,                             BFy, 0.0, -0.9009996574074737, 0.43381979824763245, BFz, 0.0, -0.4338197982476323, -0.900999657407473
Time, 0.31, Pos_X, 0.08918174057970205, Pos_Y, 0.08306384746447171, Pos_Z, -0.011368601684011595, BFx, 1.0, 0.0, 0.0,                             BFy, 0.0, -0.9004044284257489, 0.43505386479297226, BFz, 0.0, -0.4350538647929721, -0.9004044284257482
Time, 0.312, Pos_X, 0.09037872297473805, Pos_Y, 0.08414601580918506, Pos_Z, -0.01135864912469165, BFx, 1.0, 0.0, 0.0,                             BFy, 0.0, -0.8998281783193735, 0.43624448363553997, BFz, 0.0, -0.43624448363553986, -0.8998281783193728
Time, 0.314, Pos_X, 0.09159393611017405, Pos_Y, 0.08523271026089577, Pos_Z, -0.011340097719171344, BFx, 1.0, 0.0, 0.0,                             BFy, 0.0, -0.8992708710758234, 0.4373921586340239, BFz, 0.0, -0.43739215863402375, -0.8992708710758228
Time, 0.316, Pos_X, 0.09282769559881006, Pos_Y, 0.08632383010819558, Pos_Z, -0.011312881373273482, BFx, 1.0, 0.0, 0.0,                             BFy, 0.0, -0.898732937961847, 0.4384964152903285, BFz, 0.0, -0.43849641529032846, -0.8987329379618463
