Time, 0, Pos_X, 0.0, Pos_Y, 0.0, Pos_Z, 0.0, BFx, 1, 0, 0,                         BFy, 0, -1, 0, BFz, 0, 0, -1
Time, 0.0, Pos_X, 0.0, Pos_Y, 0.0, Pos_Z, 0.0, BFx, 1.0, 0.0, 0.0,                             BFy, 0.0, -1.0, 0.0, BFz, 0.0, 0.0, -1.0
Time, 0.002, Pos_X, -7.543766e-07, Pos_Y, -4.846053263128144e-07, Pos_Z, 1.0960767031967751e-06, BFx, 1.0, 0.0, 0.0,                             BFy, 0.0, -0.9999993766259342, -0.001116578587984564, BFz, 0.0, 0.001116578587984564, -0.9999993766259342
Time, 0.004, Pos_X, -2.9978427e-06, Pos_Y, -1.8760376426728155e-06, Pos_Z, 4.354545210291694e-06, BFx, 1.0, 0.0, 0.0,                             BFy, 0.0, -0.999997527418953, -0.0022237706671804523, BFz, 0.0, 0.0022237706671804523, -0.9999975274189531
Time, 0.006, Pos_X, -6.6922605599999995e-06, Pos_Y, -4.0501952567128455e-06, Pos_Z, 9.724107159775533e-06, BFx, 1.0, 0.0, 0.0,                             BFy, 0.0, -0.9999944979790323, -0.003317229516164493, BFz, 0.0, 0.0033172295161644936, -0.9999944979790325
Time, 0.008, Pos_X, -1.180194708e-05, Pos_Y, -6.884413652075253e-06, Pos_Z, 1.71708149164059e-05, BFx, 1.0, 0.0, 0.0,                             BFy, 0.0, -0.9999903586827205, -0.004391189087663165, BFz, 0.0, 0.004391189087663166, -0.9999903586827207
Time, 0.01, Pos_X, -1.829359732e-05, Pos_Y, -1.0257039606880018e-05, Pos_Z, 2.66800806021505e-05, BFx, 1.0, 0.0, 0.0,                             BFy, 0.0, -0.9999852125741452, -0.00543825643390351, BFz, 0.0, 0.005438256433903511, -0.9999852125741455
Time, 0.012, Pos_X, -2.613638848e-05, Pos_Y, -1.40465808773641e-05, Pos_Z, 3.825874461241446e-05, BFx, 1.0, 0.0, 0.0,                             BFy, 0.0, -0.9999792011451948, -0.0064495951048972764, BFz, 0.0, 0.006449595104897277, -0.9999792011451951
Time, 0.014, Pos_X, -3.530286774e-05, Pos_Y, -1.8131749136271774e-05, Pos_Z, 5.193674029659564e-05, BFx, 1.0, 0.0, 0.0,                             BFy, 0.0, -0.9999725081660746, -0.007415046328178682, BFz, 0.0, 0.0074150463281786845, -0.9999725081660749
Time, 0.016, Pos_X, -4.57702273e-05, Pos_Y, -2.2392874525964637e-05, Pos_Z, 6.776816919553259e-05, BFx, 1.0, 0.0, 0.0,                             BFy, 0.0, -0.9999653594084198, -0.008323459808811, BFz, 0.0, 0.008323459808811003, -0.99996535940842
Time, 0.018, Pos_X, -5.752116709999999e-05, Pos_Y, -2.6713160203382898e-05, Pos_Z, 8.583242875192543e-05, BFx, 1.0, 0.0, 0.0,                             BFy, 0.0, -0.9999580144088719, -0.009163482933096937, BFz, 0.0, 0.00916348293309694, -0.9999580144088722
Time, 0.02, Pos_X, -7.054515754e-05, Pos_Y, -3.097966276862063e-05, Pos_Z, 0.00010623562446414896, BFx, 1.0, 0.0, 0.0,                             BFy, 0.0, -0.9999507498097823, -0.009924613587087867, BFz, 0.0, 0.009924613587087868, -0.9999507498097826
Time, 0.022, Pos_X, -8.483970105999999e-05, Pos_Y, -3.508466149378471e-05, Pos_Z, 0.00012911211544991866, BFx, 1.0, 0.0, 0.0,                             BFy, 0.0, -0.9999438335087641, -0.010598576687253674, BFz, 0.0, 0.010598576687253676, -0.9999438335087646
Time, 0.024, Pos_X, -0.00010041122686000001, Pos_Y, -3.892677871126854e-05, Pos_Z, 0.00015462589085731918, BFx, 1.0, 0.0, 0.0,                             BFy, 0.0, -0.9999374931718092, -0.011180775879896257, BFz, 0.0, 0.01118077587989626, -0.9999374931718096
Time, 0.026, Pos_X, -0.00011727588206, Pos_Y, -4.2412267689296795e-05, Pos_Z, 0.00018297140183679423, BFx, 1.0, 0.0, 0.0,                             BFy, 0.0, -0.9999318860744959, -0.011671469980234215, BFz, 0.0, 0.011671469980234217, -0.9999318860744965
Time, 0.028, Pos_X, -0.00013546034526, Pos_Y, -4.5456517222800234e-05, Pos_Z, 0.00021437412404283956, BFx, 1.0, 0.0, 0.0,                             BFy, 0.0, -0.9999270918919558, -0.012075218444997786, BFz, 0.0, 0.012075218444997787, -0.9999270918919564
Time, 0.03, Pos_X, -0.00015500300098, Pos_Y, -4.798537684483445e-05, Pos_Z, 0.0002490901826883945, BFx, 1.0, 0.0, 0.0,                             BFy, 0.0, -0.9999230773515296, -0.01240320038720645, BFz, 0.0, 0.012403200387206452, -0.9999230773515301
Time, 0.032, Pos_X, -0.00017595484326000002, Pos_Y, -4.993616495879136e-05, Pos_Z, 0.00028740493356549786, BFx, 1.0, 0.0, 0.0,                             BFy, 0.0, -0.9999197222024427, -0.012670799129829501, BFz, 0.0, 0.012670799129829503, -0.9999197222024432
Time, 0.034, Pos_X, -0.00019838017710000004, Pos_Y, -5.1258203501644677e-05, Pos_Z, 0.0003296304535265557, BFx, 1.0, 0.0, 0.0,                             BFy, 0.0, -0.9999168466697074, -0.012895725885259309, BFz, 0.0, 0.01289572588525931, -0.9999168466697077
Time, 0.036, Pos_X, -0.00022235760345999997, Pos_Y, -5.191330130548871e-05, Pos_Z, 0.0003761020147070872, BFx, 1.0, 0.0, 0.0,                             BFy, 0.0, -0.9999142460744144, -0.013095819845838911, BFz, 0.0, 0.013095819845838913, -0.9999142460744146
Time, 0.038, Pos_X, -0.00024798108582, Pos_Y, -5.1876585910431e-05, Pos_Z, 0.0004271740072233564, BFx, 1.0, 0.0, 0.0,                             BFy, 0.0, -0.9999117260697948, -0.013286838153720212, BFz, 0.0, 0.013286838153720214, -0.999911726069795
Time, 0.04, Pos_X, -0.00027536046858000004, Pos_Y, -5.1137216742426946e-05, Pos_Z, 0.00048321533018600083, BFx, 1.0, 0.0, 0.0,                             BFy, 0.0, -0.9999091324416493, -0.013480610512437536, BFz, 0.0, 0.013480610512437537, -0.9999091324416494
Time, 0.042, Pos_X, -0.0003046217593400001, Pos_Y, -4.969904817919279e-05, Pos_Z, 0.0005446043890215024, BFx, 1.0, 0.0, 0.0,                             BFy, 0.0, -0.9999063702671188, -0.013683957732902149, BFz, 0.0, 0.013683957732902152, -0.9999063702671187
Time, 0.044, Pos_X, -0.00033590740870000004, Pos_Y, -4.758108299609413e-05, Pos_Z, 0.0006117241599849952, BFx, 1.0, 0.0, 0.0,                             BFy, 0.0, -0.9999034113705985, -0.013898486588120637, BFz, 0.0, 0.01389848658812064, -0.9999034113705983
Time, 0.046, Pos_X, -0.00036937579018000007, Pos_Y, -4.481780812480095e-05, Pos_Z, 0.0006849573677308409, BFx, 1.0, 0.0, 0.0,                             BFy, 0.0, -0.9999002901637509, -0.014121251022737596, BFz, 0.0, 0.014121251022737598, -0.9999002901637508
Time, 0.048, Pos_X, -0.0004052000729800001, Pos_Y, -4.145944323330041e-05, Pos_Z, 0.0007646814626627572, BFx, 1.0, 0.0, 0.0,                             BFy, 0.0, -0.9998970862472423, -0.014346320583176562, BFz, 0.0, 0.014346320583176564, -0.9998970862472422
Time, 0.05, Pos_X, -0.00044356656098000014, Pos_Y, -3.757154063734276e-05, Pos_Z, 0.0008512630381243723, BFx, 1.0, 0.0, 0.0,                             BFy, 0.0, -0.9998939024337918, -0.014566532728246016, BFz, 0.0, 0.014566532728246017, -0.9998939024337917
Time, 0.052, Pos_X, -0.00048467246658, Pos_Y, -3.3234250616930475e-05, Pos_Z, 0.000945051886780349, BFx, 1.0, 0.0, 0.0,                             BFy, 0.0, -0.999890838533054, -0.014775351693501537, BFz, 0.0, 0.01477535169350154, -0.9998908385330538
Time, 0.054, Pos_X, -0.0005287232803800001, Pos_Y, -2.8541346438618817e-05, Pos_Z, 0.0010463748779063731, BFx, 1.0, 0.0, 0.0,                             BFy, 0.0, -0.9998879672373058, -0.014968399181244535, BFz, 0.0, 0.014968399181244539, -0.9998879672373057
Time, 0.056, Pos_X, -0.0005759296445800001, Pos_Y, -2.3597303444287294e-05, Pos_Z, 0.0011555302904252527, BFx, 1.0, 0.0, 0.0,                             BFy, 0.0, -0.9998853184984492, -0.015144300949717669, BFz, 0.0, 0.015144300949717672, -0.9998853184984491
Time, 0.058, Pos_X, -0.0006265039101800002, Pos_Y, -1.851596381271958e-05, Pos_Z, 0.0012727828822740972, BFx, 1.0, 0.0, 0.0,                             BFy, 0.0, -0.9998828793917629, -0.015304492779506176, BFz, 0.0, 0.01530449277950618, -0.9998828793917628
Time, 0.06, Pos_X, -0.00068065571998, Pos_Y, -1.3420744546405734e-05, Pos_Z, 0.0013983590790954616, BFx, 1.0, 0.0, 0.0,                             BFy, 0.0, -0.9998805971520626, -0.015452878011409054, BFz, 0.0, 0.01545287801140906, -0.9998805971520626
Time, 0.062, Pos_X, -0.00073858743578, Pos_Y, -8.4427066532808e-06, Pos_Z, 0.0015324421404770076, BFx, 1.0, 0.0, 0.0,                             BFy, 0.0, -0.9998783853018067, -0.015595339247752157, BFz, 0.0, 0.015595339247752164, -0.9998783853018068
Time, 0.064, Pos_X, -0.0008004887161800001, Pos_Y, -3.7180011779438456e-06, Pos_Z, 0.0016751672149135403, BFx, 1.0, 0.0, 0.0,                             BFy, 0.0, -0.999876140270468, -0.015738618676120832, BFz, 0.0, 0.01573861867612084, -0.9998761402704681
Time, 0.066, Pos_X, -0.0008665304699800001, Pos_Y, 6.151735840472741e-07, Pos_Z, 0.0018266167214969265, BFx, 1.0, 0.0, 0.0,                             BFy, 0.0, -0.9998737651529855, -0.015888793497100494, BFz, 0.0, 0.015888793497100498, -0.9998737651529856
Time, 0.068, Pos_X, -0.0009368593413800002, Pos_Y, 4.41973256686895e-06, Pos_Z, 0.0019868171537481614, BFx, 1.0, 0.0, 0.0,                             BFy, 0.0, -0.9998711823967059, -0.016050501942755178, BFz, 0.0, 0.01605050194275518, -0.9998711823967062
Time, 0.07, Pos_X, -0.0010115921087800002, Pos_Y, 7.562732891646932e-06, Pos_Z, 0.0021557380987335616, BFx, 1.0, 0.0, 0.0,                             BFy, 0.0, -0.99986834377155, -0.016226371237550684, BFz, 0.0, 0.01622637123755069, -0.9998683437715503
Time, 0.072, Pos_X, -0.0010908106481799997, Pos_Y, 9.918031509779782e-06, Pos_Z, 0.0023332928648747047, BFx, 1.0, 0.0, 0.0,                             BFy, 0.0, -0.9998652361819889, -0.01641674373122297, BFz, 0.0, 0.016416743731222972, -0.9998652361819892
Time, 0.074, Pos_X, -0.0011745575207799998, Pos_Y, 1.1368428129754278e-05, Pos_Z, 0.002519340279547011, BFx, 1.0, 0.0, 0.0,                             BFy, 0.0, -0.9998618812525231, -0.016619820040148045, BFz, 0.0, 0.01661982004014805, -0.9998618812525233
Time, 0.076, Pos_X, -0.0012628320841799998, Pos_Y, 1.1807314703884943e-05, Pos_Z, 0.002713686682493273, BFx, 1.0, 0.0, 0.0,                             BFy, 0.0, -0.9998583343282, -0.01683185297103751, BFz, 0.0, 0.016831852971037512, -0.9998583343282003
Time, 0.078, Pos_X, -0.0013555892329799998, Pos_Y, 1.113847592413869e-05, Pos_Z, 0.002916088097903796, BFx, 1.0, 0.0, 0.0,                             BFy, 0.0, -0.9998546798304279, -0.017047557631340478, BFz, 0.0, 0.01704755763134048, -0.9998546798304281
Time, 0.08, Pos_X, -0.0014527382237799998, Pos_Y, 9.275995276260345e-06, Pos_Z, 0.0031262521554816327, BFx, 1.0, 0.0, 0.0,                             BFy, 0.0, -0.9998510223939152, -0.017260736306526605, BFz, 0.0, 0.01726073630652661, -0.9998510223939155
Time, 0.082, Pos_X, -0.0015541373083799998, Pos_Y, 6.146564167550508e-06, Pos_Z, 0.0033438425282880007, BFx, 1.0, 0.0, 0.0,                             BFy, 0.0, -0.9998474815486722, -0.01746463972656038, BFz, 0.0, 0.017464639726560382, -0.9998474815486725
Time, 0.084, Pos_X, -0.00165959170708, Pos_Y, 1.6888568009743785e-06, Pos_Z, 0.0035684843248870997, BFx, 1.0, 0.0, 0.0,                             BFy, 0.0, -0.9998441841074003, -0.01765240795495208, BFz, 0.0, 0.017652407954952085, -0.9998441841074006
Time, 0.086, Pos_X, -0.0017688595996799992, Pos_Y, -4.1510148765708535e-06, Pos_Z, 0.0037997635782755714, BFx, 1.0, 0.0, 0.0,                             BFy, 0.0, -0.9998412597768798, -0.01781727385945759, BFz, 0.0, 0.017817273859457593, -0.9998412597768801
Time, 0.088, Pos_X, -0.0018816584256799993, Pos_Y, -1.1421556600302545e-05, Pos_Z, 0.004037224183497976, BFx, 1.0, 0.0, 0.0,                             BFy, 0.0, -0.9998388385370682, -0.017952630805743122, BFz, 0.0, 0.017952630805743122, -0.9998388385370686
Time, 0.09, Pos_X, -0.0019976682676799994, Pos_Y, -2.0165519444003365e-05, Pos_Z, 0.0042803704468102255, BFx, 1.0, 0.0, 0.0,                             BFy, 0.0, -0.9998370506687636, -0.01805192815154578, BFz, 0.0, 0.018051928151545778, -0.999837050668764
Time, 0.092, Pos_X, -0.0021165348732799997, Pos_Y, -3.04209339530942e-05, Pos_Z, 0.004528676810146024, BFx, 1.0, 0.0, 0.0,                             BFy, 0.0, -0.9998360275617476, -0.018108505999783774, BFz, 0.0, 0.01810850599978377, -0.999836027561748
Time, 0.094, Pos_X, -0.00223787397756, Pos_Y, -4.2223424069743655e-05, Pos_Z, 0.004781599677037154, BFx, 1.0, 0.0, 0.0,                             BFy, 0.0, -0.9998359008290091, -0.018115502020197686, BFz, 0.0, 0.018115502020197682, -0.9998359008290095
Time, 0.096, Pos_X, -0.0023612762398, Pos_Y, -5.560973556874257e-05, Pos_Z, 0.005038587237775982, BFx, 1.0, 0.0, 0.0,                             BFy, 0.0, -0.9998368010699605, -0.01806574731882975, BFz, 0.0, 0.018065747318829747, -0.999836801069961
Time, 0.098, Pos_X, -0.00248631321598, Pos_Y, -7.062278766991009e-05, Pos_Z, 0.005299086204481484, BFx, 1.0, 0.0, 0.0,                             BFy, 0.0, -0.9998388560802386, -0.017951653744424558, BFz, 0.0, 0.017951653744424555, -0.9998388560802393
Time, 0.1, Pos_X, -0.00261254432542, Pos_Y, -8.731675532712444e-05, Pos_Z, 0.005562545728269647, BFx, 1.0, 0.0, 0.0,                             BFy, 0.0, -0.9998421844783275, -0.017765307135130515, BFz, 0.0, 0.017765307135130512, -0.9998421844783282
Time, 0.102, Pos_X, -0.0027395241267799994, Pos_Y, -0.00010576140292059478, Pos_Z, 0.005828419531748453, BFx, 1.0, 0.0, 0.0,                             BFy, 0.0, -0.9998468929735905, -0.017498303090786448, BFz, 0.0, 0.017498303090786444, -0.9998468929735911
Time, 0.104, Pos_X, -0.0028668099846639993, Pos_Y, -0.00012604595912356462, Pos_Z, 0.006096167787199433, BFx, 1.0, 0.0, 0.0,                             BFy, 0.0, -0.9998530668970572, -0.017141896527170238, BFz, 0.0, 0.017141896527170235, -0.9998530668970578
Time, 0.106, Pos_X, -0.0029939694324199995, Pos_Y, -0.0001482823931137686, Pos_Z, 0.006365259334730745, BFx, 1.0, 0.0, 0.0,                             BFy, 0.0, -0.9998607614587532, -0.016687051720481915, BFz, 0.0, 0.01668705172048191, -0.9998607614587536
Time, 0.108, Pos_X, -0.0031205868666839996, Pos_Y, -0.00017260780857308825, Pos_Z, 0.006635173237495512, BFx, 1.0, 0.0, 0.0,                             BFy, 0.0, -0.9998699930854046, -0.016124420218819643, BFz, 0.0, 0.01612442021881964, -0.9998699930854049
Time, 0.11, Pos_X, -0.003246269348388, Pos_Y, -0.0001991859197662666, Pos_Z, 0.006905399228457392, BFx, 1.0, 0.0, 0.0,                             BFy, 0.0, -0.9998807297111265, -0.015444298376595368, BFz, 0.0, 0.015444298376595365, -0.9998807297111267
Time, 0.112, Pos_X, -0.003370652410352, Pos_Y, -0.000228207910619899, Pos_Z, 0.007175438153584308, BFx, 1.0, 0.0, 0.0,                             BFy, 0.0, -0.9998928791600342, -0.014636604970332309, BFz, 0.0, 0.014636604970332305, -0.9998928791600344
Time, 0.114, Pos_X, -0.003493405127736, Pos_Y, -0.00025989285503613295, Pos_Z, 0.007444803296528801, BFx, 1.0, 0.0, 0.0,                             BFy, 0.0, -0.9999062748985418, -0.01369092467739566, BFz, 0.0, 0.013690924677395657, -0.999906274898542
Time, 0.116, Pos_X, -0.00361423375908, Pos_Y, -0.00029448795305911813, Pos_Z, 0.007713022456374047, BFx, 1.0, 0.0, 0.0,                             BFy, 0.0, -0.9999206565848191, -0.012596846231692528, BFz, 0.0, 0.012596846231692526, -0.9999206565848193
Time, 0.118, Pos_X, -0.003732885774943999, Pos_Y, -0.00033226932158644194, Pos_Z, 0.007979637695657009, BFx, 1.0, 0.0, 0.0,                             BFy, 0.0, -0.9999356512285478, -0.011344311444101803, BFz, 0.0, 0.011344311444101803, -0.999935651228548
Time, 0.12, Pos_X, -0.0038491526054479992, Pos_Y, -0.0003735429911045961, Pos_Z, 0.008244205503921225, BFx, 1.0, 0.0, 0.0,                             BFy, 0.0, -0.9999507537225717, -0.009924219347704412, BFz, 0.0, 0.009924219347704414, -0.9999507537225719
Time, 0.122, Pos_X, -0.003962871266472, Pos_Y, -0.0004186450838697277, Pos_Z, 0.008506298851408502, BFx, 1.0, 0.0, 0.0,                             BFy, 0.0, -0.9999653148599251, -0.008328810064549377, BFz, 0.0, 0.00832881006454938, -0.9999653148599252
Time, 0.124, Pos_X, -0.004073925882696, Pos_Y, -0.00046794061114754416, Pos_Z, 0.008765507625927803, BFx, 1.0, 0.0, 0.0,                             BFy, 0.0, -0.9999785342898769, -0.006552172118454978, BFz, 0.0, 0.006552172118454981, -0.9999785342898772
Time, 0.126, Pos_X, -0.0041822472722, Pos_Y, -0.0005218209282207183, Pos_Z, 0.009021438729802472, BFx, 1.0, 0.0, 0.0,                             BFy, 0.0, -0.9999894633123734, -0.004590562518024268, BFz, 0.0, 0.0045905625180242705, -0.9999894633123737
Time, 0.128, Pos_X, -0.004287811730884, Pos_Y, -0.000580700919716999, Pos_Z, 0.009273715262869712, BFx, 1.0, 0.0, 0.0,                             BFy, 0.0, -0.9999970169322141, -0.002442565592417505, BFz, 0.0, 0.002442565592417507, -0.9999970169322145
Time, 0.13, Pos_X, -0.004390639080868, Pos_Y, -0.0006450161769103548, Pos_Z, 0.009521974461270642, BFx, 1.0, 0.0, 0.0,                             BFy, 0.0, -0.9999999940651078, -0.00010894854098444634, BFz, 0.0, 0.00010894854098444717, -0.9999999940651082
Time, 0.132, Pos_X, -0.0044907898520519995, Pos_Y, -0.000715219225985801, Pos_Z, 0.009765865883236332, BFx, 1.0, 0.0, 0.0,                             BFy, 0.0, -0.999997101322061, 0.0024077681523491843, BFz, 0.0, -0.0024077681523491843, -0.9999971013220615
Time, 0.134, Pos_X, -0.0045883610073559995, Pos_Y, -0.0007917752804842145, Pos_Z, 0.0100050511925503, BFx, 1.0, 0.0, 0.0,                             BFy, 0.0, -0.9999869750884155, 0.005103886119462762, BFz, 0.0, -0.005103886119462764, -0.999986975088416
Time, 0.136, Pos_X, -0.00468348084218, Pos_Y, -0.0008751578491964919, Pos_Z, 0.01023920505537817, BFx, 1.0, 0.0, 0.0,                             BFy, 0.0, -0.9999681996113815, 0.007974946142262532, BFz, 0.0, -0.007974946142262535, -0.9999681996113822
Time, 0.138, Pos_X, -0.004776304009603999, Pos_Y, -0.0009658440013915858, Pos_Z, 0.01046801542177819, BFx, 1.0, 0.0, 0.0,                             BFy, 0.0, -0.9999393179103341, 0.011016374041192002, BFz, 0.0, -0.011016374041192009, -0.9999393179103347
Time, 0.14, Pos_X, -0.004867006523227999, Pos_Y, -0.001064310034422192, Pos_Z, 0.010691183817265847, BFx, 1.0, 0.0, 0.0,                             BFy, 0.0, -0.9998988373777404, 0.014223748122171182, BFz, 0.0, -0.014223748122171193, -0.999898837377741
Time, 0.142, Pos_X, -0.004955780545451998, Pos_Y, -0.0011710276061173879, Pos_Z, 0.010908426634483166, BFx, 1.0, 0.0, 0.0,                             BFy, 0.0, -0.9998452302820933, 0.017593052098703703, BFz, 0.0, -0.017593052098703717, -0.9998452302820938
Time, 0.144, Pos_X, -0.005042829753755998, Pos_Y, -0.0012864603539688392, Pos_Z, 0.011119477279625497, BFx, 1.0, 0.0, 0.0,                             BFy, 0.0, -0.9997769332808945, 0.021120693157418702, BFz, 0.0, -0.02112069315741872, -0.999776933280895
Time, 0.146, Pos_X, -0.005128364962019998, Pos_Y, -0.0014110603571800362, Pos_Z, 0.011324089267713463, BFx, 1.0, 0.0, 0.0,                             BFy, 0.0, -0.9996923492045866, 0.024803365534031688, BFz, 0.0, -0.02480336553403171, -0.9996923492045872
Time, 0.148, Pos_X, -0.005212599603263999, Pos_Y, -0.0015452644098813695, Pos_Z, 0.011522040468467963, BFx, 1.0, 0.0, 0.0,                             BFy, 0.0, -0.9995898493037455, 0.028637967262272187, BFz, 0.0, -0.028637967262272208, -0.9995898493037463
Time, 0.15, Pos_X, -0.005295745757947999, Pos_Y, -0.0016894913651123384, Pos_Z, 0.011713137512407434, BFx, 1.0, 0.0, 0.0,                             BFy, 0.0, -0.9994677855337976, 0.03262124584019958, BFz, 0.0, -0.0326212458401996, -0.9994677855337983
Time, 0.152, Pos_X, -0.0053780113500719985, Pos_Y, -0.0018441402257064414, Pos_Z, 0.011897219375620324, BFx, 1.0, 0.0, 0.0,                             BFy, 0.0, -0.9993244977262364, 0.03674980604309723, BFz, 0.0, -0.03674980604309725, -0.9993244977262372
Time, 0.154, Pos_X, -0.005459597863855999, Pos_Y, -0.002009589025060175, Pos_Z, 0.012074159961346323, BFx, 1.0, 0.0, 0.0,                             BFy, 0.0, -0.9991583075527112, 0.041020439397956736, BFz, 0.0, -0.04102043939795675, -0.9991583075527122
Time, 0.156, Pos_X, -0.005540699210139999, Pos_Y, -0.0021861941581970924, Pos_Z, 0.01224387018285884, BFx, 1.0, 0.0, 0.0,                             BFy, 0.0, -0.9989675080034167, 0.04543036378286244, BFz, 0.0, -0.045430363782862464, -0.9989675080034177
Time, 0.158, Pos_X, -0.0056215021626939985, Pos_Y, -0.002374290297389565, Pos_Z, 0.012406300142073215, BFx, 1.0, 0.0, 0.0,                             BFy, 0.0, -0.9987503432021415, 0.04997751448005481, BFz, 0.0, -0.04997751448005483, -0.9987503432021426
Time, 0.16, Pos_X, -0.005702186859871198, Pos_Y, -0.002574191141490705, Pos_Z, 0.012561441806493667, BFx, 1.0, 0.0, 0.0,                             BFy, 0.0, -0.9985049917210911, 0.054660602887851524, BFz, 0.0, -0.05466060288785155, -0.9985049917210922
Time, 0.162, Pos_X, -0.005782927402547598, Pos_Y, -0.0027861905428620813, Pos_Z, 0.012709331527718396, BFx, 1.0, 0.0, 0.0,                             BFy, 0.0, -0.9982295598664747, 0.05947895265372528, BFz, 0.0, -0.059478952653725305, -0.9982295598664757
Time, 0.164, Pos_X, -0.005863892794689998, Pos_Y, -0.003010564311600626, Pos_Z, 0.012850051871549693, BFx, 1.0, 0.0, 0.0,                             BFy, 0.0, -0.997922091802134, 0.06443212469919811, BFz, 0.0, -0.06443212469919815, -0.997922091802135
Time, 0.166, Pos_X, -0.005945248717422398, Pos_Y, -0.003247572549941403, Pos_Z, 0.012983733140682154, BFx, 1.0, 0.0, 0.0,                             BFy, 0.0, -0.9975806040843452, 0.06951933799104036, BFz, 0.0, -0.0695193379910404, -0.9975806040843462
Time, 0.168, Pos_X, -0.006027159667164798, Pos_Y, -0.003497462752224538, Pos_Z, 0.013110553824920148, BFx, 1.0, 0.0, 0.0,                             BFy, 0.0, -0.9972031518680803, 0.07473870419244541, BFz, 0.0, -0.07473870419244545, -0.9972031518680814
Time, 0.17, Pos_X, -0.006109791377007198, Pos_Y, -0.003760472629815067, Pos_Z, 0.013230739501259515, BFx, 1.0, 0.0, 0.0,                             BFy, 0.0, -0.9967879137284873, 0.08008654721493061, BFz, 0.0, -0.08008654721493069, -0.9967879137284884
Time, 0.172, Pos_X, -0.006193312833749597, Pos_Y, -0.004036832862100352, Pos_Z, 0.013344561061311856, BFx, 1.0, 0.0, 0.0,                             BFy, 0.0, -0.996333298241816, 0.08555675785456285, BFz, 0.0, -0.08555675785456295, -0.996333298241817
Time, 0.174, Pos_X, -0.006277898345931996, Pos_Y, -0.004326770227192982, Pos_Z, 0.013452332312350733, BFx, 1.0, 0.0, 0.0,                             BFy, 0.0, -0.9958380481009431, 0.09114045180107179, BFz, 0.0, -0.0911404518010719, -0.9958380481009442
Time, 0.176, Pos_X, -0.006363729074234397, Pos_Y, -0.004630510969878177, Pos_Z, 0.013554406834121418, BFx, 1.0, 0.0, 0.0,                             BFy, 0.0, -0.9953013294806197, 0.09682594452991936, BFz, 0.0, -0.09682594452991948, -0.9953013294806207
Time, 0.178, Pos_X, -0.006450993733896797, Pos_Y, -0.0049482839905733355, Pos_Z, 0.013651174056448527, BFx, 1.0, 0.0, 0.0,                             BFy, 0.0, -0.9947227890588244, 0.10259908833432048, BFz, 0.0, -0.10259908833432059, -0.9947227890588252
Time, 0.18, Pos_X, -0.006539889347599197, Pos_Y, -0.005280323089052255, Pos_Z, 0.013743054649258468, BFx, 1.0, 0.0, 0.0,                             BFy, 0.0, -0.9941025929156725, 0.10844369395375954, BFz, 0.0, -0.10844369395375966, -0.9941025929156733
Time, 0.182, Pos_X, -0.006630620555001597, Pos_Y, -0.005626868546335828, Pos_Z, 0.013830495077152305, BFx, 1.0, 0.0, 0.0,                             BFy, 0.0, -0.9934414082622423, 0.11434232965062717, BFz, 0.0, -0.1143423296506273, -0.9934414082622431
Time, 0.184, Pos_X, -0.006723397571463997, Pos_Y, -0.005988168195857195, Pos_Z, 0.013913960895412874, BFx, 1.0, 0.0, 0.0,                             BFy, 0.0, -0.9927403446088642, 0.12027721390967394, BFz, 0.0, -0.12027721390967407, -0.9927403446088651
Time, 0.186, Pos_X, -0.006818434129926397, Pos_Y, -0.006364478156653443, Pos_Z, 0.013993930296937176, BFx, 1.0, 0.0, 0.0,                             BFy, 0.0, -0.9920008647041114, 0.12623107551746188, BFz, 0.0, -0.12623107551746204, -0.9920008647041123
Time, 0.188, Pos_X, -0.0069159450826887965, Pos_Y, -0.006756062622110979, Pos_Z, 0.01407088902575167, BFx, 1.0, 0.0, 0.0,                             BFy, 0.0, -0.9912246629712091, 0.1321880006566885, BFz, 0.0, -0.13218800065668865, -0.99122466297121
Time, 0.19, Pos_X, -0.007016143310351197, Pos_Y, -0.00716319376799759, Pos_Z, 0.014145326864048324, BFx, 1.0, 0.0, 0.0,                             BFy, 0.0, -0.9904135541873414, 0.13813396281145857, BFz, 0.0, -0.13813396281145868, -0.9904135541873424
Time, 0.192, Pos_X, -0.007119236346753597, Pos_Y, -0.00758615258486843, Pos_Z, 0.014217734454224067, BFx, 1.0, 0.0, 0.0,                             BFy, 0.0, -0.9895693654090363, 0.14405717977232665, BFz, 0.0, -0.14405717977232677, -0.9895693654090373
Time, 0.194, Pos_X, -0.007225422705435997, Pos_Y, -0.008025229252260171, Pos_Z, 0.014288599413604117, BFx, 1.0, 0.0, 0.0,                             BFy, 0.0, -0.988693851048062, 0.14994822072886207, BFz, 0.0, -0.14994822072886216, -0.9886938510480631
Time, 0.196, Pos_X, -0.007334888551058397, Pos_Y, -0.008480722484342477, Pos_Z, 0.014358402283924872, BFx, 1.0, 0.0, 0.0,                             BFy, 0.0, -0.9877886537380557, 0.15579979315248962, BFz, 0.0, -0.15579979315248968, -0.9877886537380568
Time, 0.198, Pos_X, -0.007447804181280797, Pos_Y, -0.00895293863106768, Pos_Z, 0.014427611935647735, BFx, 1.0, 0.0, 0.0,                             BFy, 0.0, -0.9868552773056517, 0.16160650251145242, BFz, 0.0, -0.16160650251145248, -0.9868552773056529
Time, 0.2, Pos_X, -0.007564320096603197, Pos_Y, -0.009442190464356999, Pos_Z, 0.014496680060850562, BFx, 1.0, 0.0, 0.0,                             BFy, 0.0, -0.9858950886711221, 0.1673644948433189, BFz, 0.0, -0.16736449484331894, -0.9858950886711233
Time, 0.202, Pos_X, -0.0076845634136255975, Pos_Y, -0.009948795110178519, Pos_Z, 0.014566035960380494, BFx, 1.0, 0.0, 0.0,                             BFy, 0.0, -0.9849093185298682, 0.17307118267646246, BFz, 0.0, -0.1730711826764625, -0.9849093185298694
Time, 0.204, Pos_X, -0.007808634485047996, Pos_Y, -0.010473071649181495, Pos_Z, 0.014636082683674088, BFx, 1.0, 0.0, 0.0,                             BFy, 0.0, -0.9838990296970744, 0.17872520628370994, BFz, 0.0, -0.17872520628371, -0.9838990296970755
Time, 0.206, Pos_X, -0.007936603770270396, Pos_Y, -0.011015338281157083, Pos_Z, 0.014707194027956774, BFx, 1.0, 0.0, 0.0,                             BFy, 0.0, -0.9828651489456617, 0.18432606703345492, BFz, 0.0, -0.18432606703345497, -0.9828651489456627
Time, 0.208, Pos_X, -0.008068508505792797, Pos_Y, -0.011575909421805952, Pos_Z, 0.014779711314193453, BFx, 1.0, 0.0, 0.0,                             BFy, 0.0, -0.9818084382312857, 0.18987414415302353, BFz, 0.0, -0.18987414415302356, -0.9818084382312866
Time, 0.21, Pos_X, -0.008204350304015198, Pos_Y, -0.012155093483595154, Pos_Z, 0.014853940514750417, BFx, 1.0, 0.0, 0.0,                             BFy, 0.0, -0.9807294745645256, 0.195370667502542, BFz, 0.0, -0.19537066750254203, -0.9807294745645266
Time, 0.212, Pos_X, -0.008344092954837597, Pos_Y, -0.012753190441451139, Pos_Z, 0.014930150404691816, BFx, 1.0, 0.0, 0.0,                             BFy, 0.0, -0.9796285803026764, 0.20081793907458073, BFz, 0.0, -0.2008179390745808, -0.9796285803026774
Time, 0.214, Pos_X, -0.008487660263259996, Pos_Y, -0.013370489274206587, Pos_Z, 0.015008571221073234, BFx, 1.0, 0.0, 0.0,                             BFy, 0.0, -0.9785057263531081, 0.20621964866175, BFz, 0.0, -0.20621964866175005, -0.9785057263531091
Time, 0.216, Pos_X, -0.008634935450282396, Pos_Y, -0.014007265994052347, Pos_Z, 0.015089393268465173, BFx, 1.0, 0.0, 0.0,                             BFy, 0.0, -0.9773605259440679, 0.21158072295541072, BFz, 0.0, -0.2115807229554108, -0.9773605259440689
Time, 0.218, Pos_X, -0.008785760065564797, Pos_Y, -0.014663781496767501, Pos_Z, 0.015172765379018202, BFx, 1.0, 0.0, 0.0,                             BFy, 0.0, -0.9761922345209257, 0.2169071719907875, BFz, 0.0, -0.21690717199078757, -0.9761922345209267
Time, 0.22, Pos_X, -0.008939932575507197, Pos_Y, -0.01534027963882402, Pos_Z, 0.015258793328495257, BFx, 1.0, 0.0, 0.0,                             BFy, 0.0, -0.9749997828749477, 0.22220581314133997, BFz, 0.0, -0.22220581314134008, -0.9749997828749488
Time, 0.222, Pos_X, -0.009097207970649597, Pos_Y, -0.016036985828057616, Pos_Z, 0.015347538317969365, BFx, 1.0, 0.0, 0.0,                             BFy, 0.0, -0.9737818149284371, 0.22748401463548718, BFz, 0.0, -0.2274840146354873, -0.9737818149284382
Time, 0.224, Pos_X, -0.009257298303791997, Pos_Y, -0.016754105420659696, Pos_Z, 0.015439016077662737, BFx, 1.0, 0.0, 0.0,                             BFy, 0.0, -0.9725367736610518, 0.23274927255944675, BFz, 0.0, -0.23274927255944688, -0.972536773661053
Time, 0.226, Pos_X, -0.009419873536934397, Pos_Y, -0.017491822448758316, Pos_Z, 0.015533195613681931, BFx, 1.0, 0.0, 0.0,                             BFy, 0.0, -0.9712629527426012, 0.23800898434664727, BFz, 0.0, -0.2380089843466474, -0.9712629527426025
Time, 0.228, Pos_X, -0.009584561304636797, Pos_Y, -0.018250298816038315, Pos_Z, 0.015629999873524886, BFx, 1.0, 0.0, 0.0,                             BFy, 0.0, -0.9699586359561129, 0.24326990059223455, BFz, 0.0, -0.2432699005922347, -0.9699586359561142
Time, 0.23, Pos_X, -0.009750948438439197, Pos_Y, -0.019029673310329412, Pos_Z, 0.01572930593727813, BFx, 1.0, 0.0, 0.0,                             BFy, 0.0, -0.9686222172011265, 0.24853772418764242, BFz, 0.0, -0.24853772418764258, -0.9686222172011277
Time, 0.232, Pos_X, -0.009918583041661598, Pos_Y, -0.019830060972256314, Pos_Z, 0.015830944135579113, BFx, 1.0, 0.0, 0.0,                             BFy, 0.0, -0.967252321099998, 0.25381675934946685, BFz, 0.0, -0.253816759349467, -0.9672523210999995
Time, 0.234, Pos_X, -0.010086975951383997, Pos_Y, -0.02065155393785314, Pos_Z, 0.015934700487988285, BFx, 1.0, 0.0, 0.0,                             BFy, 0.0, -0.9658479177793576, 0.2591096287699048, BFz, 0.0, -0.259109628769905, -0.9658479177793591
Time, 0.236, Pos_X, -0.010255603361516395, Pos_Y, -0.02149422325945572, Pos_Z, 0.016040320270203978, BFx, 1.0, 0.0, 0.0,                             BFy, 0.0, -0.964408482214668, 0.2644168667698772, BFz, 0.0, -0.2644168667698775, -0.9644084822146693
Time, 0.238, Pos_X, -0.010423910199278795, Pos_Y, -0.022358121702319305, Pos_Z, 0.01614751154636239, BFx, 1.0, 0.0, 0.0,                             BFy, 0.0, -0.9629341214116333, 0.2697366823796962, BFz, 0.0, -0.26973668237969656, -0.9629341214116345
Time, 0.24, Pos_X, -0.010591313811141194, Pos_Y, -0.02324328674791317, Pos_Z, 0.016255947955458778, BFx, 1.0, 0.0, 0.0,                             BFy, 0.0, -0.9614256279343106, 0.27506501404416284, BFz, 0.0, -0.27506501404416317, -0.9614256279343119
Time, 0.242, Pos_X, -0.010757207927743593, Pos_Y, -0.024149743384275456, Pos_Z, 0.016365269964454105, BFx, 1.0, 0.0, 0.0,                             BFy, 0.0, -0.9598845111139236, 0.28039565853198006, BFz, 0.0, -0.2803956585319804, -0.9598845111139248
Time, 0.244, Pos_X, -0.010920968312025993, Pos_Y, -0.02507750706463769, Pos_Z, 0.016475085158374186, BFx, 1.0, 0.0, 0.0,                             BFy, 0.0, -0.9583129652268987, 0.28572059897394103, BFz, 0.0, -0.28572059897394136, -0.9583129652268999
Time, 0.246, Pos_X, -0.011081958218508393, Pos_Y, -0.0260265866474879, Pos_Z, 0.016584969525934176, BFx, 1.0, 0.0, 0.0,                             BFy, 0.0, -0.9567137638589839, 0.29103053799004575, BFz, 0.0, -0.2910305379900461, -0.956713763858985
Time, 0.248, Pos_X, -0.011239533005790793, Pos_Y, -0.02699698778208494, Pos_Z, 0.016694470242789125, BFx, 1.0, 0.0, 0.0,                             BFy, 0.0, -0.9550901334066791, 0.29631543508432145, BFz, 0.0, -0.2963154350843218, -0.9550901334066803
Time, 0.25, Pos_X, -0.011393044944673194, Pos_Y, -0.02798871650281727, Pos_Z, 0.016803108727167823, BFx, 1.0, 0.0, 0.0,                             BFy, 0.0, -0.9534455785722346, 0.30156513177265004, BFz, 0.0, -0.3015651317726503, -0.9534455785722358
Time, 0.252, Pos_X, -0.011541848797155594, Pos_Y, -0.029001782445260423, Pos_Z, 0.016910382848303408, BFx, 1.0, 0.0, 0.0,                             BFy, 0.0, -0.9517837057922381, 0.30676990952241856, BFz, 0.0, -0.3067699095224189, -0.9517837057922394
Time, 0.254, Pos_X, -0.011685307593437994, Pos_Y, -0.03003620174571751, Pos_Z, 0.017015768440353653, BFx, 1.0, 0.0, 0.0,                             BFy, 0.0, -0.9501080661701202, 0.31192092363045004, BFz, 0.0, -0.3119209236304504, -0.9501080661701214
Time, 0.256, Pos_X, -0.011822798711520394, Pos_Y, -0.031092000112532544, Pos_Z, 0.017118720216315674, BFx, 1.0, 0.0, 0.0,                             BFy, 0.0, -0.9484220059914934, 0.3170105653618976, BFz, 0.0, -0.3170105653618979, -0.9484220059914947
Time, 0.258, Pos_X, -0.011953720464002794, Pos_Y, -0.03216921509248426, Pos_Z, 0.017218671897256923, BFx, 1.0, 0.0, 0.0,                             BFy, 0.0, -0.9467285527497903, 0.32203268065257923, BFz, 0.0, -0.3220326806525796, -0.9467285527497915
Time, 0.26, Pos_X, -0.012077498698085195, Pos_Y, -0.03326789742342573, Pos_Z, 0.01731503653949629, BFx, 1.0, 0.0, 0.0,                             BFy, 0.0, -0.9450303226579353, 0.32698270482861547, BFz, 0.0, -0.3269827048286159, -0.9450303226579365
Time, 0.262, Pos_X, -0.012193592493567594, Pos_Y, -0.03438811255984698, Pos_Z, 0.017407207827109597, BFx, 1.0, 0.0, 0.0,                             BFy, 0.0, -0.9433294917863277, 0.33185760489424926, BFz, 0.0, -0.33185760489424976, -0.9433294917863289
Time, 0.264, Pos_X, -0.012301499421449995, Pos_Y, -0.03552994176093194, Pos_Z, 0.017494561913654488, BFx, 1.0, 0.0, 0.0,                             BFy, 0.0, -0.9416277612477238, 0.3366558468935282, BFz, 0.0, -0.3366558468935287, -0.941627761247725
Time, 0.266, Pos_X, -0.012400760532132396, Pos_Y, -0.036693482760249994, Pos_Z, 0.01757645926030213, BFx, 1.0, 0.0, 0.0,                             BFy, 0.0, -0.9399263994280754, 0.3413771574932533, BFz, 0.0, -0.3413771574932539, -0.9399263994280764
Time, 0.268, Pos_X, -0.012490964847614796, Pos_Y, -0.037878850138446496, Pos_Z, 0.01765224648708732, BFx, 1.0, 0.0, 0.0,                             BFy, 0.0, -0.9382262675169585, 0.34602235612918997, BFz, 0.0, -0.3460223561291905, -0.9382262675169594
Time, 0.27, Pos_X, -0.012571753759097196, Pos_Y, -0.03908617510604574, Pos_Z, 0.0177212574226034, BFx, 1.0, 0.0, 0.0,                             BFy, 0.0, -0.9365277639279753, 0.35059342177523195, BFz, 0.0, -0.35059342177523256, -0.9365277639279762
Time, 0.272, Pos_X, -0.012642823909179595, Pos_Y, -0.04031560437444938, Pos_Z, 0.017782814877551997, BFx, 1.0, 0.0, 0.0,                             BFy, 0.0, -0.9348308988231898, 0.3550932139670174, BFz, 0.0, -0.35509321396701804, -0.9348308988231907
Time, 0.274, Pos_X, -0.012703929376261995, Pos_Y, -0.041567298361896474, Pos_Z, 0.01783623357340708, BFx, 1.0, 0.0, 0.0,                             BFy, 0.0, -0.933135369583495, 0.3595252175192627, BFz, 0.0, -0.3595252175192633, -0.9331353695834959
Time, 0.276, Pos_X, -0.012754882534344394, Pos_Y, -0.04284142926242968, Pos_Z, 0.017880822346553474, BFx, 1.0, 0.0, 0.0,                             BFy, 0.0, -0.9314406986089205, 0.36389315049190635, BFz, 0.0, -0.36389315049190696, -0.9314406986089214
Time, 0.278, Pos_X, -0.012795553405226794, Pos_Y, -0.04413817899243404, Pos_Z, 0.017915886223211348, BFx, 1.0, 0.0, 0.0,                             BFy, 0.0, -0.9297463400895206, 0.36820068317446214, BFz, 0.0, -0.36820068317446275, -0.9297463400895215
Time, 0.28, Pos_X, -0.012825868875909195, Pos_Y, -0.04545773742274372, Pos_Z, 0.017940729492360124, BFx, 1.0, 0.0, 0.0,                             BFy, 0.0, -0.9280518349700676, 0.37245105934698247, BFz, 0.0, -0.3724510593469831, -0.9280518349700685
Time, 0.282, Pos_X, -0.012845811836591595, Pos_Y, -0.04680030016051753, Pos_Z, 0.017954659296943128, BFx, 1.0, 0.0, 0.0,                             BFy, 0.0, -0.9263568943532139, 0.3766469225737383, BFz, 0.0, -0.37664692257373883, -0.9263568943532148
Time, 0.284, Pos_X, -0.012855419539273995, Pos_Y, -0.04816606622559937, Pos_Z, 0.017956989610582622, BFx, 1.0, 0.0, 0.0,                             BFy, 0.0, -0.924661518258608, 0.3807900690034924, BFz, 0.0, -0.380790069003493, -0.924661518258609
Time, 0.286, Pos_X, -0.012854781882156396, Pos_Y, -0.049555236546107786, Pos_Z, 0.0179470461631524, BFx, 1.0, 0.0, 0.0,                             BFy, 0.0, -0.9229660383898087, 0.3848813998870568, BFz, 0.0, -0.38488139988705744, -0.9229660383898096
Time, 0.288, Pos_X, -0.012844038835438797, Pos_Y, -0.05096801247853458, Pos_Z, 0.017924171758038523, BFx, 1.0, 0.0, 0.0,                             BFy, 0.0, -0.92127109948904, 0.3889210218620924, BFz, 0.0, -0.3889210218620931, -0.9212710994890407
Time, 0.29, Pos_X, -0.012823373741521196, Pos_Y, -0.05240459389438087, Pos_Z, 0.017887732485203464, BFx, 1.0, 0.0, 0.0,                             BFy, 0.0, -0.9195775544653111, 0.3929085406600324, BFz, 0.0, -0.3929085406600331, -0.919577554465312
Time, 0.292, Pos_X, -0.012793006508203596, Pos_Y, -0.05386517982621341, Pos_Z, 0.01783712442342389, BFx, 1.0, 0.0, 0.0,                             BFy, 0.0, -0.9178864073073181, 0.3968432225457086, BFz, 0.0, -0.39684322254570936, -0.9178864073073191
Time, 0.294, Pos_X, -0.012753188135885996, Pos_Y, -0.05534996960592622, Pos_Z, 0.01777177807702132, BFx, 1.0, 0.0, 0.0,                             BFy, 0.0, -0.9161987007297839, 0.4007242702670436, BFz, 0.0, -0.40072427026704444, -0.9161987007297848
Time, 0.296, Pos_X, -0.012704193184168395, Pos_Y, -0.056859160378013605, Pos_Z, 0.01769116025610986, BFx, 1.0, 0.0, 0.0,                             BFy, 0.0, -0.9145153698522089, 0.40455115659713126, BFz, 0.0, -0.4045511565971322, -0.9145153698522097
Time, 0.298, Pos_X, -0.012646311754050794, Pos_Y, -0.058392943758026276, Pos_Z, 0.01759477511635422, BFx, 1.0, 0.0, 0.0,                             BFy, 0.0, -0.9128372113366597, 0.4083236774901863, BFz, 0.0, -0.40832367749018716, -0.9128372113366604
Time, 0.3, Pos_X, -0.012579843637333195, Pos_Y, -0.05995150367235688, Pos_Z, 0.017482165545879086, BFx, 1.0, 0.0, 0.0,                             BFy, 0.0, -0.9111649397521041, 0.4120418092457904, BFz, 0.0, -0.41204180924579137, -0.9111649397521047
Time, 0.302, Pos_X, -0.012505093366615596, Pos_Y, -0.061535015639808587, Pos_Z, 0.01735291606652082, BFx, 1.0, 0.0, 0.0,                             BFy, 0.0, -0.9094991871081186, 0.41570569956361153, BFz, 0.0, -0.4157056995636125, -0.9094991871081191
Time, 0.304, Pos_X, -0.012422364019297995, Pos_Y, -0.06314364753562349, Pos_Z, 0.017206657268030723, BFx, 1.0, 0.0, 0.0,                             BFy, 0.0, -0.9078406887676086, 0.419315255885061, BFz, 0.0, -0.4193152558850619, -0.907840688767609
Time, 0.306, Pos_X, -0.012331950482180396, Pos_Y, -0.06477756054769913, Pos_Z, 0.017043069348383726, BFx, 1.0, 0.0, 0.0,                             BFy, 0.0, -0.9061904479359798, 0.42286980510505645, BFz, 0.0, -0.4228698051050573, -0.9061904479359802
Time, 0.308, Pos_X, -0.012234132335462796, Pos_Y, -0.06643690933217053, Pos_Z, 0.01686188423904167, BFx, 1.0, 0.0, 0.0,                             BFy, 0.0, -0.9045499573394284, 0.4263676520061515, BFz, 0.0, -0.42636765200615234, -0.9045499573394288
Time, 0.31, Pos_X, -0.012129166379945197, Pos_Y, -0.06812184202810982, Pos_Z, 0.016662887182661654, BFx, 1.0, 0.0, 0.0,                             BFy, 0.0, -0.9029214140448618, 0.4298056770905049, BFz, 0.0, -0.42980567709050577, -0.9029214140448623
Time, 0.312, Pos_X, -0.012017278981827598, Pos_Y, -0.06983250000833412, Pos_Z, 0.01644591757255559, BFx, 1.0, 0.0, 0.0,                             BFy, 0.0, -0.901307863978955, 0.4331791019078529, BFz, 0.0, -0.43317910190785386, -0.9013078639789553
