Time, 0, Pos_X, 0.0, Pos_Y, 0.0, Pos_Z, 0.0, BFx, 1, 0, 0,                         BFy, 0, -1, 0, BFz, 0, 0, -1
Time, 0.0, Pos_X, 0.0, Pos_Y, 0.0, Pos_Z, 0.0, BFx, 1.0, 0.0, 0.0,                             BFy, 0.0, -1.0, 0.0, BFz, 0.0, 0.0, -1.0
Time, 0.002, Pos_X, -1.42997408e-06, Pos_Y, -9.001106722330753e-07, Pos_Z, 1.3305683741221429e-06, BFx, 1.0, 0.0, 0.0,                             BFy, 0.0, -0.9999999913453917, -0.00013156449562045364, BFz, 0.0, 0.00013156449562045364, -0.9999999913453917
Time, 0.004, Pos_X, -5.76340024e-06, Pos_Y, -3.5691313355298036e-06, Pos_Z, 5.1078836719973605e-06, BFx, 1.0, 0.0, 0.0,                             BFy, 0.0, -0.9999999071624017, -0.00043090043866541233, BFz, 0.0, 0.0004309004386654123, -0.9999999071624017
Time, 0.006, Pos_X, -1.308600248e-05, Pos_Y, -7.941292029011903e-06, Pos_Z, 1.089678134559062e-05, BFx, 1.0, 0.0, 0.0,                             BFy, 0.0, -0.9999995833249157, -0.000912880055208521, BFz, 0.0, 0.0009128800552085208, -0.9999995833249157
Time, 0.008, Pos_X, -2.348108266e-05, Pos_Y, -1.394489576788756e-05, Pos_Z, 1.8250039081340187e-05, BFx, 1.0, 0.0, 0.0,                             BFy, 0.0, -0.9999987349175704, -0.0015906486912324238, BFz, 0.0, 0.0015906486912324236, -0.9999987349175704
Time, 0.01, Pos_X, -3.70294889e-05, Pos_Y, -2.1502559857988743e-05, Pos_Z, 2.6710471980556617e-05, BFx, 1.0, 0.0, 0.0,                             BFy, 0.0, -0.9999969383772888, -0.0024745173366507484, BFz, 0.0, 0.0024745173366507484, -0.9999969383772886
Time, 0.012, Pos_X, -5.380908074e-05, Pos_Y, -3.05314288181302e-05, Pos_Z, 3.5813867689556006e-05, BFx, 1.0, 0.0, 0.0,                             BFy, 0.0, -0.9999936246513131, -0.0035708061736024984, BFz, 0.0, 0.003570806173602499, -0.999993624651313
Time, 0.014, Pos_X, -7.389439258e-05, Pos_Y, -4.094401275575985e-05, Pos_Z, 4.509288240427269e-05, BFx, 1.0, 0.0, 0.0,                             BFy, 0.0, -0.9999880891585708, -0.0048807316040342785, BFz, 0.0, 0.004880731604034279, -0.9999880891585708
Time, 0.016, Pos_X, -9.735687451999999e-05, Pos_Y, -5.264940088734385e-05, Pos_Z, 5.408198568533475e-05, BFx, 1.0, 0.0, 0.0,                             BFy, 0.0, -0.9999795229493876, -0.006399506380636862, BFz, 0.0, 0.006399506380636864, -0.9999795229493873
Time, 0.018, Pos_X, -0.00012426482115999996, Pos_Y, -6.555456818680982e-05, Pos_Z, 6.232259557063818e-05, BFx, 1.0, 0.0, 0.0,                             BFy, 0.0, -0.9999670639952949, -0.00811609047696138, BFz, 0.0, 0.008116090476961381, -0.9999670639952947
Time, 0.02, Pos_X, -0.00015468326239999997, Pos_Y, -7.95659175080656e-05, Pos_Z, 6.936869337501129e-05, BFx, 1.0, 0.0, 0.0,                             BFy, 0.0, -0.9999498649210325, -0.010013373278224064, BFz, 0.0, 0.010013373278224066, -0.9999498649210322
Time, 0.022, Pos_X, -0.00018867434883999994, Pos_Y, -9.459109134702439e-05, Pos_Z, 7.479279404401031e-05, BFx, 1.0, 0.0, 0.0,                             BFy, 0.0, -0.9999271661010263, -0.012069071760945451, BFz, 0.0, 0.012069071760945453, -0.9999271661010259
Time, 0.024, Pos_X, -0.00022629763333999997, Pos_Y, -0.00011054045546467597, Pos_Z, 7.819162051443093e-05, BFx, 1.0, 0.0, 0.0,                             BFy, 0.0, -0.9998983629135855, -0.014257062906917334, BFz, 0.0, 0.014257062906917336, -0.9998983629135851
Time, 0.026, Pos_X, -0.0002676101782999999, Pos_Y, -0.00012732836605458664, Pos_Z, 7.919156056492703e-05, BFx, 1.0, 0.0, 0.0,                             BFy, 0.0, -0.9998630573983066, -0.016548910843649355, BFz, 0.0, 0.01654891084364936, -0.9998630573983063
Time, 0.028, Pos_X, -0.00031266718865999993, Pos_Y, -0.00014487451307071113, Pos_Z, 7.745389301713801e-05, BFx, 1.0, 0.0, 0.0,                             BFy, 0.0, -0.9998209816257917, -0.018921012151532867, BFz, 0.0, 0.01892101215153287, -0.9998209816257916
Time, 0.03, Pos_X, -0.0003615231102199999, Pos_Y, -0.0001631054947773928, Pos_Z, 7.267969730877542e-05, BFx, 1.0, 0.0, 0.0,                             BFy, 0.0, -0.9997722373391607, -0.021341823864172126, BFz, 0.0, 0.021341823864172126, -0.9997722373391605
Time, 0.032, Pos_X, -0.0004142326363799999, Pos_Y, -0.00018195609644556723, Pos_Z, 6.46138744751802e-05, BFx, 1.0, 0.0, 0.0,                             BFy, 0.0, -0.9997171523272279, -0.023782668957422905, BFz, 0.0, 0.023782668957422905, -0.9997171523272278
Time, 0.034, Pos_X, -0.00047085173443999997, Pos_Y, -0.00020137041829162625, Pos_Z, 5.3048276658576796e-05, BFx, 1.0, 0.0, 0.0,                             BFy, 0.0, -0.9996562398824235, -0.0262183535740701, BFz, 0.0, 0.026218353574070097, -0.9996562398824234
Time, 0.036, Pos_X, -0.0005314382277999997, Pos_Y, -0.0002213028197967212, Pos_Z, 3.7823912557290496e-05, BFx, 1.0, 0.0, 0.0,                             BFy, 0.0, -0.9995901423729168, -0.02862773604203559, BFz, 0.0, 0.028627736042035584, -0.9995901423729167
Time, 0.038, Pos_X, -0.0005960519637599998, Pos_Y, -0.00024171834338661182, Pos_Z, 1.883176921649171e-05, BFx, 1.0, 0.0, 0.0,                             BFy, 0.0, -0.9995195678932054, -0.03099408650985682, BFz, 0.0, 0.03099408650985681, -0.9995195678932054
Time, 0.04, Pos_X, -0.0006647554233199998, Pos_Y, -0.0002625932303681961, Pos_Z, -3.987990886041185e-06, BFx, 1.0, 0.0, 0.0,                             BFy, 0.0, -0.9994452037078831, -0.03330592717983615, BFz, 0.0, 0.03330592717983615, -0.9994452037078831
Time, 0.042, Pos_X, -0.0007376139608799998, Pos_Y, -0.00028391491537086555, Pos_Z, -3.0648688188988145e-05, BFx, 1.0, 0.0, 0.0,                             BFy, 0.0, -0.9993676215680354, -0.03555779747746153, BFz, 0.0, 0.035557797477461524, -0.9993676215680355
Time, 0.044, Pos_X, -0.0008146953644399996, Pos_Y, -0.00030568132597456877, Pos_Z, -6.112150023965582e-05, BFx, 1.0, 0.0, 0.0,                             BFy, 0.0, -0.9992871914670552, -0.03775061549014513, BFz, 0.0, 0.03775061549014512, -0.9992871914670554
Time, 0.046, Pos_X, -0.0008960692695999996, Pos_Y, -0.0003278998890935, Pos_Z, -9.534115165198408e-05, BFx, 1.0, 0.0, 0.0,                             BFy, 0.0, -0.9992040069392004, -0.039891760009384186, BFz, 0.0, 0.03989176000938418, -0.9992040069392005
Time, 0.048, Pos_X, -0.0009818061269599998, Pos_Y, -0.00035058600596279325, Pos_Z, -0.00013321301711844517, BFx, 1.0, 0.0, 0.0,                             BFy, 0.0, -0.9991178489062708, -0.041994332914169395, BFz, 0.0, 0.04199433291416939, -0.999117848906271
Time, 0.05, Pos_X, -0.00107197614672, Pos_Y, -0.0003737611428476263, Pos_Z, -0.00017462178143477677, BFx, 1.0, 0.0, 0.0,                             BFy, 0.0, -0.9990281786054842, -0.04407605191266966, BFz, 0.0, 0.044076051912669646, -0.9990281786054844
Time, 0.052, Pos_X, -0.0011666480244799998, Pos_Y, -0.0003974509213282008, Pos_Z, -0.00021944095024728, BFx, 1.0, 0.0, 0.0,                             BFy, 0.0, -0.9989341469289706, -0.04615809895661954, BFz, 0.0, 0.04615809895661952, -0.998934146928971
Time, 0.054, Pos_X, -0.0012658869768399999, Pos_Y, -0.0004216827529917044, Pos_Z, -0.00026754315470960415, BFx, 1.0, 0.0, 0.0,                             BFy, 0.0, -0.9988346297037074, -0.048263676866320646, BFz, 0.0, 0.048263676866320625, -0.9988346297037078
Time, 0.056, Pos_X, -0.0013697552472, Pos_Y, -0.00044648359199257477, Pos_Z, -0.00031881425914534066, BFx, 1.0, 0.0, 0.0,                             BFy, 0.0, -0.9987282819835985, -0.050416453327151445, BFz, 0.0, 0.05041645332715143, -0.998728281983599
Time, 0.058, Pos_X, -0.00147830867456, Pos_Y, -0.0004718765286813651, Pos_Z, -0.0003731637868681523, BFx, 1.0, 0.0, 0.0,                             BFy, 0.0, -0.9986136069108542, -0.0526389978294868, BFz, 0.0, 0.05263899782948679, -0.9986136069108548
Time, 0.06, Pos_X, -0.0015915907309199998, Pos_Y, -0.0004978771569015089, Pos_Z, -0.000430531871371702, BFx, 1.0, 0.0, 0.0,                             BFy, 0.0, -0.9984890301267961, -0.054951403225479444, BFz, 0.0, 0.05495140322547943, -0.9984890301267966
Time, 0.062, Pos_X, -0.00170963055108, Pos_Y, -0.0005244908613719893, Pos_Z, -0.000490899001790963, BFx, 1.0, 0.0, 0.0,                             BFy, 0.0, -0.9983529843132954, -0.057370015798635536, BFz, 0.0, 0.05737001579863553, -0.998352984313296
Time, 0.064, Pos_X, -0.00183244035984, Pos_Y, -0.0005517094118315321, Pos_Z, -0.0005542942267250872, BFx, 1.0, 0.0, 0.0,                             BFy, 0.0, -0.9982039916068948, -0.05990652001293935, BFz, 0.0, 0.059906520012939335, -0.9982039916068954
Time, 0.066, Pos_X, -0.0019600129290000003, Pos_Y, -0.0005795078906633056, Pos_Z, -0.0006208016272820702, BFx, 1.0, 0.0, 0.0,                             BFy, 0.0, -0.9980407266241428, -0.06256762740868008, BFz, 0.0, 0.06256762740868006, -0.9980407266241434
Time, 0.068, Pos_X, -0.0020923195661600004, Pos_Y, -0.0006078430661876706, Pos_Z, -0.0006905657115122571, BFx, 1.0, 0.0, 0.0,                             BFy, 0.0, -0.9978620763551249, -0.0653550041866495, BFz, 0.0, 0.0653550041866495, -0.9978620763551255
Time, 0.07, Pos_X, -0.0022293089505200005, Pos_Y, -0.0006366539625146941, Pos_Z, -0.0007637963870670679, BFx, 1.0, 0.0, 0.0,                             BFy, 0.0, -0.997667184316862, -0.06826557944720632, BFz, 0.0, 0.06826557944720632, -0.9976671843168625
Time, 0.072, Pos_X, -0.0023709057190799995, Pos_Y, -0.0006658626534701739, Pos_Z, -0.0008407721906324567, BFx, 1.0, 0.0, 0.0,                             BFy, 0.0, -0.9974554901700774, -0.0712919710035354, BFz, 0.0, 0.0712919710035354, -0.9974554901700778
Time, 0.074, Pos_X, -0.0025170084076399997, Pos_Y, -0.0006953732722344276, Pos_Z, -0.0009218406108089521, BFx, 1.0, 0.0, 0.0,                             BFy, 0.0, -0.9972267525163764, -0.07442314200327911, BFz, 0.0, 0.0744231420032791, -0.9972267525163768
Time, 0.076, Pos_X, -0.0026674882376, Pos_Y, -0.0007250702890134312, Pos_Z, -0.0010074167557845178, BFx, 1.0, 0.0, 0.0,                             BFy, 0.0, -0.9969810748970703, -0.07764493735640908, BFz, 0.0, 0.07764493735640907, -0.9969810748970709
Time, 0.078, Pos_X, -0.00282218897656, Pos_Y, -0.0007548172538685631, Pos_Z, -0.0010979810497680428, BFx, 1.0, 0.0, 0.0,                             BFy, 0.0, -0.9967189092648782, -0.08094081735335841, BFz, 0.0, 0.0809408173533584, -0.9967189092648787
Time, 0.08, Pos_X, -0.0029809279383200002, Pos_Y, -0.0007844570021654162, Pos_Z, -0.001194076154939786, BFx, 1.0, 0.0, 0.0,                             BFy, 0.0, -0.9964410656910584, -0.08429236385619945, BFz, 0.0, 0.08429236385619941, -0.996441065691059
Time, 0.082, Pos_X, -0.0031434966236, Pos_Y, -0.0008138143952772397, Pos_Z, -0.001296303303729082, BFx, 1.0, 0.0, 0.0,                             BFy, 0.0, -0.9961487050314112, -0.0876798578023517, BFz, 0.0, 0.08767985780235164, -0.996148705031412
Time, 0.084, Pos_X, -0.0033096617586000003, Pos_Y, -0.0008426999338384234, Pos_Z, -0.001405316345652058, BFx, 1.0, 0.0, 0.0,                             BFy, 0.0, -0.9958433399258658, -0.09108261263981181, BFz, 0.0, 0.09108261263981174, -0.9958433399258667
Time, 0.086, Pos_X, -0.003479167224399999, Pos_Y, -0.0008709126425683312, Pos_Z, -0.0015218117836097163, BFx, 1.0, 0.0, 0.0,                             BFy, 0.0, -0.9955268273326516, -0.09447928905840709, BFz, 0.0, 0.09447928905840705, -0.9955268273326526
Time, 0.088, Pos_X, -0.0036517362378999992, Pos_Y, -0.0008982422095217799, Pos_Z, -0.0016465163405490215, BFx, 1.0, 0.0, 0.0,                             BFy, 0.0, -0.9952013519727672, -0.09784819380843705, BFz, 0.0, 0.097848193808437, -0.995201351972768
Time, 0.09, Pos_X, -0.0038270737766999993, Pos_Y, -0.0009244704936344704, Pos_Z, -0.0017801746032843051, BFx, 1.0, 0.0, 0.0,                             BFy, 0.0, -0.9948693976330779, -0.10116759191160861, BFz, 0.0, 0.10116759191160857, -0.9948693976330788
Time, 0.092, Pos_X, -0.0040048694124199995, Pos_Y, -0.0009493732302984376, Pos_Z, -0.0019235364967082537, BFx, 1.0, 0.0, 0.0,                             BFy, 0.0, -0.9945336900530564, -0.10441618336947843, BFz, 0.0, 0.1044161833694784, -0.9945336900530573
Time, 0.094, Pos_X, -0.0041848006535999994, Pos_Y, -0.0009727224713838742, Pos_Z, -0.0020773436463417507, BFx, 1.0, 0.0, 0.0,                             BFy, 0.0, -0.9941971486788577, -0.10757336826011756, BFz, 0.0, 0.10757336826011754, -0.9941971486788586
Time, 0.096, Pos_X, -0.0043665361741199995, Pos_Y, -0.0009942896842289016, Pos_Z, -0.0022423146612502807, BFx, 1.0, 0.0, 0.0,                             BFy, 0.0, -0.9938628199560741, -0.1106195964056892, BFz, 0.0, 0.11061959640568919, -0.993862819956075
Time, 0.098, Pos_X, -0.00454973912384, Pos_Y, -0.0010138486812906445, Pos_Z, -0.0024191297623952068, BFx, 1.0, 0.0, 0.0,                             BFy, 0.0, -0.9935337836442616, -0.11353686959536258, BFz, 0.0, 0.11353686959536256, -0.9935337836442625
Time, 0.1, Pos_X, -0.00473407018984, Pos_Y, -0.001031178413976306, Pos_Z, -0.0026084153011826498, BFx, 1.0, 0.0, 0.0,                             BFy, 0.0, -0.9932130781972638, -0.11630899061514122, BFz, 0.0, 0.11630899061514123, -0.9932130781972646
Time, 0.102, Pos_X, -0.004919191491239998, Pos_Y, -0.0010460653889594342, Pos_Z, -0.002810729038557787, BFx, 1.0, 0.0, 0.0,                             BFy, 0.0, -0.9929035790635095, -0.11892217069525045, BFz, 0.0, 0.11892217069525046, -0.9929035790635102
Time, 0.104, Pos_X, -0.0051047710541199985, Pos_Y, -0.0010583056375683387, Pos_Z, -0.0030265466266098844, BFx, 1.0, 0.0, 0.0,                             BFy, 0.0, -0.9926079149704077, -0.12136526330914045, BFz, 0.0, 0.12136526330914046, -0.9926079149704086
Time, 0.106, Pos_X, -0.005290486470999999, Pos_Y, -0.0010677065558439506, Pos_Z, -0.003256249133791199, BFx, 1.0, 0.0, 0.0,                             BFy, 0.0, -0.9923284154251086, -0.12362975345720695, BFz, 0.0, 0.12362975345720696, -0.9923284154251095
Time, 0.108, Pos_X, -0.0054760283851999995, Pos_Y, -0.0010740885231508505, Pos_Z, -0.003500111269823434, BFx, 1.0, 0.0, 0.0,                             BFy, 0.0, -0.9920670954305093, -0.1257094991003828, BFz, 0.0, 0.12570949910038282, -0.9920670954305103
Time, 0.11, Pos_X, -0.0056611037082799995, Pos_Y, -0.001077286419029057, Pos_Z, -0.0037582906562803656, BFx, 1.0, 0.0, 0.0,                             BFy, 0.0, -0.9918256500703809, -0.12760046967963265, BFz, 0.0, 0.12760046967963268, -0.9918256500703818
Time, 0.112, Pos_X, -0.00584543901918, Pos_Y, -0.0010771510685471056, Pos_Z, -0.004030817926225389, BFx, 1.0, 0.0, 0.0,                             BFy, 0.0, -0.9916054462420328, -0.12930057611293058, BFz, 0.0, 0.12930057611293064, -0.9916054462420337
Time, 0.114, Pos_X, -0.006028783502499999, Pos_Y, -0.0010735506782928617, Pos_Z, -0.004317587827067122, BFx, 1.0, 0.0, 0.0,                             BFy, 0.0, -0.9914075828773243, -0.13080903872950717, BFz, 0.0, 0.1308090387295072, -0.9914075828773254
Time, 0.116, Pos_X, -0.006210910632939999, Pos_Y, -0.0010663721235014436, Pos_Z, -0.004618352637857231, BFx, 1.0, 0.0, 0.0,                             BFy, 0.0, -0.9912329674301701, -0.13212571392267303, BFz, 0.0, 0.13212571392267305, -0.9912329674301712
Time, 0.118, Pos_X, -0.006391619296099998, Pos_Y, -0.0010555222900312843, Pos_Z, -0.004932718338342941, BFx, 1.0, 0.0, 0.0,                             BFy, 0.0, -0.9910824010073673, -0.13325041993730766, BFz, 0.0, 0.13325041993730768, -0.9910824010073684
Time, 0.12, Pos_X, -0.0065707343074999985, Pos_Y, -0.00104092956928353, Pos_Z, -0.0052601436437501505, BFx, 1.0, 0.0, 0.0,                             BFy, 0.0, -0.9909566177265181, -0.1341826433784053, BFz, 0.0, 0.13418264337840533, -0.9909566177265193
Time, 0.122, Pos_X, -0.006748106784139999, Pos_Y, -0.0010225452178437308, Pos_Z, -0.005599941333527449, BFx, 1.0, 0.0, 0.0,                             BFy, 0.0, -0.9908562819705062, -0.13492156417556625, BFz, 0.0, 0.1349215641755663, -0.9908562819705075
Time, 0.124, Pos_X, -0.006923614108779999, Pos_Y, -0.0010003446033299268, Pos_Z, -0.005951282511289584, BFx, 1.0, 0.0, 0.0,                             BFy, 0.0, -0.9907819546268966, -0.1354662998155012, BFz, 0.0, 0.13546629981550123, -0.9907819546268977
Time, 0.126, Pos_X, -0.0070971588935199986, Pos_Y, -0.0009743285255095987, Pos_Z, -0.006313204276443689, BFx, 1.0, 0.0, 0.0,                             BFy, 0.0, -0.9907340331270597, -0.1358163304017128, BFz, 0.0, 0.13581633040171281, -0.9907340331270609
Time, 0.128, Pos_X, -0.007268667350759999, Pos_Y, -0.000944524194853349, Pos_Z, -0.006684619295803927, BFx, 1.0, 0.0, 0.0,                             BFy, 0.0, -0.9907126738684102, -0.13597204799701537, BFz, 0.0, 0.1359720479970154, -0.9907126738684112
Time, 0.13, Pos_X, -0.007438087139999999, Pos_Y, -0.0009109852775545985, Pos_Z, -0.007064327420954106, BFx, 1.0, 0.0, 0.0,                             BFy, 0.0, -0.9907176847227085, -0.13593553316801932, BFz, 0.0, 0.13593553316801937, -0.9907176847227095
Time, 0.132, Pos_X, -0.007605383905739999, Pos_Y, -0.0008737910810362466, Pos_Z, -0.007451029776576242, BFx, 1.0, 0.0, 0.0,                             BFy, 0.0, -0.9907484300267666, -0.13571126850595316, BFz, 0.0, 0.13571126850595322, -0.9907484300267676
Time, 0.134, Pos_X, -0.007770537602459999, Pos_Y, -0.000833045562086983, Pos_Z, -0.007843344327195613, BFx, 1.0, 0.0, 0.0,                             BFy, 0.0, -0.9908037379837866, -0.13530688377667177, BFz, 0.0, 0.13530688377667183, -0.9908037379837876
Time, 0.136, Pos_X, -0.007933539852659998, Pos_Y, -0.0007888766199730115, Pos_Z, -0.008239823567243693, BFx, 1.0, 0.0, 0.0,                             BFy, 0.0, -0.9908818484104315, -0.13473367244577045, BFz, 0.0, 0.1347336724457705, -0.9908818484104325
Time, 0.138, Pos_X, -0.008094391818379999, Pos_Y, -0.0007414360432127044, Pos_Z, -0.008638973484773597, BFx, 1.0, 0.0, 0.0,                             BFy, 0.0, -0.9909804143389512, -0.1340067848901613, BFz, 0.0, 0.13400678489016135, -0.9909804143389523
Time, 0.14, Pos_X, -0.008253101165219998, Pos_Y, -0.0006908988345808546, Pos_Z, -0.009039272617459302, BFx, 1.0, 0.0, 0.0,                             BFy, 0.0, -0.9910966140064358, -0.13314466457569848, BFz, 0.0, 0.13314466457569857, -0.991096614006437
Time, 0.142, Pos_X, -0.008409678917859997, Pos_Y, -0.0006374611237147307, Pos_Z, -0.00943919148764595, BFx, 1.0, 0.0, 0.0,                             BFy, 0.0, -0.9912273177464903, -0.13216809203849206, BFz, 0.0, 0.13216809203849214, -0.9912273177464916
Time, 0.144, Pos_X, -0.008564137464039997, Pos_Y, -0.0005813379215239026, Pos_Z, -0.009837212778822322, BFx, 1.0, 0.0, 0.0,                             BFy, 0.0, -0.9913692976081286, -0.13109887779825863, BFz, 0.0, 0.13109887779825877, -0.9913692976081301
Time, 0.146, Pos_X, -0.008716489278099997, Pos_Y, -0.0005227609446794193, Pos_Z, -0.010231851919202633, BFx, 1.0, 0.0, 0.0,                             BFy, 0.0, -0.9915194537689659, -0.12995835024225688, BFz, 0.0, 0.12995835024225705, -0.9915194537689672
Time, 0.148, Pos_X, -0.008866745559019997, Pos_Y, -0.0004619763291768539, Pos_Z, -0.01062167690957012, BFx, 1.0, 0.0, 0.0,                             BFy, 0.0, -0.9916750026927398, -0.12876602437891874, BFz, 0.0, 0.1287660243789189, -0.9916750026927411
Time, 0.15, Pos_X, -0.009014915599859997, Pos_Y, -0.0003992424411311136, Pos_Z, -0.011005326987149717, BFx, 1.0, 0.0, 0.0,                             BFy, 0.0, -0.991833631323247, -0.12753841686385753, BFz, 0.0, 0.1275384168638577, -0.9918336313232482
Time, 0.152, Pos_X, -0.009161007556499998, Pos_Y, -0.00033482783349675956, Pos_Z, -0.01138152801498175, BFx, 1.0, 0.0, 0.0,                             BFy, 0.0, -0.9919935933107592, -0.12628820542871627, BFz, 0.0, 0.1262882054287164, -0.9919935933107608
Time, 0.154, Pos_X, -0.009305026703739998, Pos_Y, -0.00026900722500501487, Pos_Z, -0.011749104951934807, BFx, 1.0, 0.0, 0.0,                             BFy, 0.0, -0.9921537278499079, -0.12502391896564516, BFz, 0.0, 0.1250239189656453, -0.9921537278499095
Time, 0.156, Pos_X, -0.009446972829379998, Pos_Y, -0.00020205586209985594, Pos_Z, -0.012106995827677526, BFx, 1.0, 0.0, 0.0,                             BFy, 0.0, -0.9923134416675632, -0.12374988277114939, BFz, 0.0, 0.12374988277114954, -0.9923134416675649
Time, 0.158, Pos_X, -0.009586844706739999, Pos_Y, -0.0001342494859342364, Pos_Z, -0.012454266021524444, BFx, 1.0, 0.0, 0.0,                             BFy, 0.0, -0.9924726175921497, -0.122466743770643, BFz, 0.0, 0.12246674377064314, -0.9924726175921513
Time, 0.16, Pos_X, -0.009724642278019998, Pos_Y, -6.586568795923231e-05, Pos_Z, -0.012790114996633892, BFx, 1.0, 0.0, 0.0,                             BFy, 0.0, -0.9926314843657168, -0.12117234109280453, BFz, 0.0, 0.12117234109280467, -0.9926314843657186
Time, 0.162, Pos_X, -0.009860360899779997, Pos_Y, 2.8228212621149082e-06, Pos_Z, -0.013113873592985595, BFx, 1.0, 0.0, 0.0,                             BFy, 0.0, -0.9927904712422813, -0.1198627557272324, BFz, 0.0, 0.11986275572723254, -0.992790471242283
Time, 0.164, Pos_X, -0.009993987470419997, Pos_Y, 7.155668016072195e-05, Pos_Z, -0.013424999885637626, BFx, 1.0, 0.0, 0.0,                             BFy, 0.0, -0.9929501021790337, -0.11853309488342684, BFz, 0.0, 0.11853309488342698, -0.9929501021790355
Time, 0.166, Pos_X, -0.010125500020659997, Pos_Y, 0.00014009319130992126, Pos_Z, -0.013723077412969218, BFx, 1.0, 0.0, 0.0,                             BFy, 0.0, -0.9931109291578086, -0.11717799446701013, BFz, 0.0, 0.11717799446701024, -0.9931109291578107
Time, 0.168, Pos_X, -0.010254867871599998, Pos_Y, 0.00020820726795756105, Pos_Z, -0.014007810822838956, BFx, 1.0, 0.0, 0.0,                             BFy, 0.0, -0.9932734125709962, -0.11579260718873481, BFz, 0.0, 0.11579260718873494, -0.9932734125709982
Time, 0.17, Pos_X, -0.010382052863839999, Pos_Y, 0.0002756923041176681, Pos_Z, -0.014279015907349802, BFx, 1.0, 0.0, 0.0,                             BFy, 0.0, -0.9934378139970328, -0.11437355341508822, BFz, 0.0, 0.11437355341508834, -0.9934378139970347
Time, 0.172, Pos_X, -0.010507013606279998, Pos_Y, 0.00034236070982162893, Pos_Z, -0.014536608111035992, BFx, 1.0, 0.0, 0.0,                             BFy, 0.0, -0.9936041691549078, -0.11291924122124641, BFz, 0.0, 0.11291924122124655, -0.9936041691549098
Time, 0.174, Pos_X, -0.010629700200719997, Pos_Y, 0.00040804877337418814, Pos_Z, -0.014780592725640878, BFx, 1.0, 0.0, 0.0,                             BFy, 0.0, -0.9937723204689828, -0.1114296866624428, BFz, 0.0, 0.11142968666244293, -0.9937723204689848
Time, 0.176, Pos_X, -0.010750042892879997, Pos_Y, 0.0004726246818437758, Pos_Z, -0.015011050912601234, BFx, 1.0, 0.0, 0.0,                             BFy, 0.0, -0.9939419442291839, -0.10990637607485212, BFz, 0.0, 0.10990637607485225, -0.9939419442291859
Time, 0.178, Pos_X, -0.010867955517019997, Pos_Y, 0.0005359914308369015, Pos_Z, -0.015228126315478598, BFx, 1.0, 0.0, 0.0,                             BFy, 0.0, -0.9941125784790139, -0.10835211723728838, BFz, 0.0, 0.10835211723728852, -0.9941125784790159
Time, 0.18, Pos_X, -0.010983339281899996, Pos_Y, 0.0005980888854083435, Pos_Z, -0.015432020224696124, BFx, 1.0, 0.0, 0.0,                             BFy, 0.0, -0.9942836438695893, -0.10677094892061355, BFz, 0.0, 0.10677094892061369, -0.9942836438695913
Time, 0.182, Pos_X, -0.011096071169059996, Pos_Y, 0.0006589000641629421, Pos_Z, -0.015622979158185857, BFx, 1.0, 0.0, 0.0,                             BFy, 0.0, -0.9944544689875119, -0.10516800421593439, BFz, 0.0, 0.10516800421593453, -0.9944544689875139
Time, 0.184, Pos_X, -0.011205992152119997, Pos_Y, 0.0007184568514684091, Pos_Z, -0.01580127189297993, BFx, 1.0, 0.0, 0.0,                             BFy, 0.0, -0.994624358594802, -0.1035489511770932, BFz, 0.0, 0.10354895117709333, -0.9946243585948039
Time, 0.186, Pos_X, -0.011312907092339997, Pos_Y, 0.0007768408881254859, Pos_Z, -0.015967173666134364, BFx, 1.0, 0.0, 0.0,                             BFy, 0.0, -0.9947926758307553, -0.10191924309708492, BFz, 0.0, 0.10191924309708503, -0.9947926758307573
Time, 0.188, Pos_X, -0.011416584141719997, Pos_Y, 0.0008341832026449932, Pos_Z, -0.01612095856445963, BFx, 1.0, 0.0, 0.0,                             BFy, 0.0, -0.9949589268779266, -0.10028326792601978, BFz, 0.0, 0.1002832679260199, -0.9949589268779285
Time, 0.19, Pos_X, -0.011516747481799997, Pos_Y, 0.0008906639006789587, Pos_Z, -0.01626288698580156, BFx, 1.0, 0.0, 0.0,                             BFy, 0.0, -0.9951229250472555, -0.09864260765709466, BFz, 0.0, 0.09864260765709477, -0.9951229250472573
Time, 0.192, Pos_X, -0.011613078057079996, Pos_Y, 0.0009465073158071995, Pos_Z, -0.016393186276356685, BFx, 1.0, 0.0, 0.0,                             BFy, 0.0, -0.995284825267682, -0.09699544624299196, BFz, 0.0, 0.09699544624299207, -0.9952848252676839
Time, 0.194, Pos_X, -0.011705222546159995, Pos_Y, 0.0010019739282396342, Pos_Z, -0.016512035965662548, BFx, 1.0, 0.0, 0.0,                             BFy, 0.0, -0.9954451090473814, -0.09533642993968408, BFz, 0.0, 0.09533642993968419, -0.9954451090473833
Time, 0.196, Pos_X, -0.011792799182839995, Pos_Y, 0.0010573531070064205, Pos_Z, -0.016619560006677865, BFx, 1.0, 0.0, 0.0,                             BFy, 0.0, -0.9956046299134772, -0.09365586417755956, BFz, 0.0, 0.09365586417755967, -0.9956046299134791
Time, 0.198, Pos_X, -0.011875397861519995, Pos_Y, 0.001112956682496671, Pos_Z, -0.016715820310048285, BFx, 1.0, 0.0, 0.0,                             BFy, 0.0, -0.9957645678618412, -0.09193979220619504, BFz, 0.0, 0.09193979220619514, -0.9957645678618431
Time, 0.2, Pos_X, -0.011952579789999996, Pos_Y, 0.0011691109740722533, Pos_Z, -0.01680080855636582, BFx, 1.0, 0.0, 0.0,                             BFy, 0.0, -0.9959263218473364, -0.09017073500661801, BFz, 0.0, 0.0901707350066181, -0.9959263218473382
Time, 0.202, Pos_X, -0.012023879188679996, Pos_Y, 0.0012261481399512696, Pos_Z, -0.016874438539533403, BFx, 1.0, 0.0, 0.0,                             BFy, 0.0, -0.9960913164886729, -0.08832943572706037, BFz, 0.0, 0.08832943572706048, -0.9960913164886745
Time, 0.204, Pos_X, -0.012088806959159995, Pos_Y, 0.0012843974859036654, Pos_Z, -0.016936543838958037, BFx, 1.0, 0.0, 0.0,                             BFy, 0.0, -0.9962608590836253, -0.08639618427890734, BFz, 0.0, 0.08639618427890745, -0.9962608590836272
Time, 0.206, Pos_X, -0.012146857626639996, Pos_Y, 0.0013441743138733328, Pos_Z, -0.01698688052771678, BFx, 1.0, 0.0, 0.0,                             BFy, 0.0, -0.9964360479331962, -0.08435165901908238, BFz, 0.0, 0.08435165901908248, -0.996436047933198
Time, 0.208, Pos_X, -0.012197518598119995, Pos_Y, 0.0014057661390100543, Pos_Z, -0.01702513388685971, BFx, 1.0, 0.0, 0.0,                             BFy, 0.0, -0.9966174901612259, -0.08218015760958992, BFz, 0.0, 0.08218015760959, -0.9966174901612277
Time, 0.21, Pos_X, -0.012240280281199995, Pos_Y, 0.0014694190310750488, Pos_Z, -0.01705093057162531, BFx, 1.0, 0.0, 0.0,                             BFy, 0.0, -0.9968050640198353, -0.07987280103020614, BFz, 0.0, 0.0798728010302062, -0.9968050640198369
Time, 0.212, Pos_X, -0.012274646078879995, Pos_Y, 0.001535324184791492, Pos_Z, -0.017063854976215095, BFx, 1.0, 0.0, 0.0,                             BFy, 0.0, -0.996997834639704, -0.07742943706201065, BFz, 0.0, 0.07742943706201072, -0.9969978346397057
Time, 0.214, Pos_X, -0.012300142907959995, Pos_Y, 0.0016036041379443233, Pos_Z, -0.01706346758066912, BFx, 1.0, 0.0, 0.0,                             BFy, 0.0, -0.9971940314935719, -0.07486029357139809, BFz, 0.0, 0.07486029357139815, -0.9971940314935734
Time, 0.216, Pos_X, -0.012316333410439995, Pos_Y, 0.0016742980657386483, Pos_Z, -0.017049322599158107, BFx, 1.0, 0.0, 0.0,                             BFy, 0.0, -0.9973911324466734, -0.0721867641381803, BFz, 0.0, 0.07218676413818034, -0.997391132446675
Time, 0.218, Pos_X, -0.012322828850919995, Pos_Y, 0.001747346774828955, Pos_Z, -0.017020983494461964, BFx, 1.0, 0.0, 0.0,                             BFy, 0.0, -0.9975861157590588, -0.06944020193484966, BFz, 0.0, 0.0694402019348497, -0.9975861157590603
Time, 0.22, Pos_X, -0.012319301200799996, Pos_Y, 0.0018225795808645732, Pos_Z, -0.016978037301040097, BFx, 1.0, 0.0, 0.0,                             BFy, 0.0, -0.9977758773356518, -0.06665807233238191, BFz, 0.0, 0.06665807233238197, -0.9977758773356534
Time, 0.222, Pos_X, -0.012305494321479996, Pos_Y, 0.0018997033253455554, Pos_Z, -0.01692010651362247, BFx, 1.0, 0.0, 0.0,                             BFy, 0.0, -0.997957666805381, -0.06387875440519036, BFz, 0.0, 0.0638787544051904, -0.9979576668053827
Time, 0.224, Pos_X, -0.012281233723959995, Pos_Y, 0.001978295370340656, Pos_Z, -0.016846857438601655, BFx, 1.0, 0.0, 0.0,                             BFy, 0.0, -0.9981294685425668, -0.061135619952129176, BFz, 0.0, 0.061135619952129204, -0.9981294685425686
Time, 0.226, Pos_X, -0.012246435112039995, Pos_Y, 0.00205780096308564, Pos_Z, -0.016758005362688913, BFx, 1.0, 0.0, 0.0,                             BFy, 0.0, -0.9982902504264191, -0.05845148333067019, BFz, 0.0, 0.05845148333067022, -0.9982902504264207
Time, 0.228, Pos_X, -0.012201111552919995, Pos_Y, 0.0021375347856252276, Pos_Z, -0.016653316447951746, BFx, 1.0, 0.0, 0.0,                             BFy, 0.0, -0.998440125377249, -0.05583292968008447, BFz, 0.0, 0.0558329296800845, -0.9984401253772507
Time, 0.23, Pos_X, -0.012145378231799994, Pos_Y, 0.0022166865628828656, Pos_Z, -0.016532607163965256, BFx, 1.0, 0.0, 0.0,                             BFy, 0.0, -0.9985803904088046, -0.05326540989232287, BFz, 0.0, 0.05326540989232289, -0.9985803904088065
Time, 0.232, Pos_X, -0.012079453517679995, Pos_Y, 0.0022943304386679065, Pos_Z, -0.016395742860731227, BFx, 1.0, 0.0, 0.0,                             BFy, 0.0, -0.9987134190156506, -0.050710025419707615, BFz, 0.0, 0.05071002541970762, -0.9987134190156526
Time, 0.234, Pos_X, -0.012003655994559995, Pos_Y, 0.002369438489462274, Pos_Z, -0.01624263487945794, BFx, 1.0, 0.0, 0.0,                             BFy, 0.0, -0.9988423991640719, -0.04810261564778383, BFz, 0.0, 0.048102615647783835, -0.998842399164074
Time, 0.236, Pos_X, -0.011918397575839996, Pos_Y, 0.002440897679889085, Pos_Z, -0.016073235056517577, BFx, 1.0, 0.0, 0.0,                             BFy, 0.0, -0.9989708837646613, -0.04535607335792316, BFz, 0.0, 0.04535607335792317, -0.9989708837646634
Time, 0.238, Pos_X, -0.011824172490919996, Pos_Y, 0.0025075292804084158, Pos_Z, -0.01588752879082668, BFx, 1.0, 0.0, 0.0,                             BFy, 0.0, -0.9991021768622526, -0.042365554275916845, BFz, 0.0, 0.04236555427591684, -0.9991021768622547
Time, 0.24, Pos_X, -0.011721542863199996, Pos_Y, 0.002568110284093578, Pos_Z, -0.015685527036782065, BFx, 1.0, 0.0, 0.0,                             BFy, 0.0, -0.9992385837374783, -0.039016057852066896, BFz, 0.0, 0.03901605785206689, -0.9992385837374804
Time, 0.242, Pos_X, -0.011611121371079995, Pos_Y, 0.0026213965829427104, Pos_Z, -0.015467257061364708, BFx, 1.0, 0.0, 0.0,                             BFy, 0.0, -0.9993805786659576, -0.035191745982445, BFz, 0.0, 0.03519174598244498, -0.9993805786659595
Time, 0.244, Pos_X, -0.011493550683759995, Pos_Y, 0.0026661476598722907, Pos_Z, -0.015232753452591641, BFx, 1.0, 0.0, 0.0,                             BFy, 0.0, -0.9995259791884599, -0.03078663553147604, BFz, 0.0, 0.030786635531476016, -0.9995259791884618
Time, 0.246, Pos_X, -0.011369479680039995, Pos_Y, 0.002701153047026069, Pos_Z, -0.014982050382469582, BFx, 1.0, 0.0, 0.0,                             BFy, 0.0, -0.9996693391857671, -0.02571404853167377, BFz, 0.0, 0.025714048531673736, -0.9996693391857687
Time, 0.248, Pos_X, -0.011239538533519994, Pos_Y, 0.002725259435784669, Pos_Z, -0.014715176608458391, BFx, 1.0, 0.0, 0.0,                             BFy, 0.0, -0.9998016701041152, -0.01991533220962123, BFz, 0.0, 0.019915332209621182, -0.9998016701041167
Time, 0.25, Pos_X, -0.011104314801599994, Pos_Y, 0.0027373963007078467, Pos_Z, -0.014432154035794635, BFx, 1.0, 0.0, 0.0,                             BFy, 0.0, -0.9999106505019946, -0.013367535774233393, BFz, 0.0, 0.013367535774233334, -0.9999106505019961
Time, 0.252, Pos_X, -0.010964329963679994, Pos_Y, 0.0027365987571790463, Pos_Z, -0.01413299876438219, BFx, 1.0, 0.0, 0.0,                             BFy, 0.0, -0.999981469904949, -0.006087679913958745, BFz, 0.0, 0.006087679913958675, -0.9999814699049505
Time, 0.254, Pos_X, -0.010820016652359994, Pos_Y, 0.002722028372450527, Pos_Z, -0.013817723793008115, BFx, 1.0, 0.0, 0.0,                             BFy, 0.0, -0.9999982586237468, 0.0018662126007398755, BFz, 0.0, -0.0018662126007399575, -0.9999982586237482
Time, 0.256, Pos_X, -0.010671698846839994, Pos_Y, 0.002692991107134545, Pos_Z, -0.013486342829914823, BFx, 1.0, 0.0, 0.0,                             BFy, 0.0, -0.999945940685274, 0.01039787031270049, BFz, 0.0, -0.010397870312700584, -0.9999459406852754
Time, 0.258, Pos_X, -0.010519576062519994, Pos_Y, 0.00264895121217657, Pos_Z, -0.013138875156183803, BFx, 1.0, 0.0, 0.0,                             BFy, 0.0, -0.9998122429755318, 0.019377275253064628, BFz, 0.0, -0.01937727525306473, -0.9998122429755334
Time, 0.26, Pos_X, -0.010363710526139993, Pos_Y, 0.002589541132159439, Pos_Z, -0.01277535144131905, BFx, 1.0, 0.0, 0.0,                             BFy, 0.0, -0.9995895658911411, 0.028647857887758157, BFz, 0.0, -0.028647857887758282, -0.9995895658911427
Time, 0.262, Pos_X, -0.010204018653379993, Pos_Y, 0.002514566823468504, Pos_Z, -0.01239582195415374, BFx, 1.0, 0.0, 0.0,                             BFy, 0.0, -0.999276298251848, 0.03803787260192781, BFz, 0.0, -0.03803787260192794, -0.9992762982518496
Time, 0.264, Pos_X, -0.010040270330699992, Pos_Y, 0.0024240069196741093, Pos_Z, -0.01200036672397967, BFx, 1.0, 0.0, 0.0,                             BFy, 0.0, -0.9988773363246185, 0.04737158406715538, BFz, 0.0, -0.04737158406715553, -0.9988773363246201
Time, 0.266, Pos_X, -0.009872092896019992, Pos_Y, 0.0023180069010424647, Pos_Z, -0.011589103265299746, BFx, 1.0, 0.0, 0.0,                             BFy, 0.0, -0.9984037860188019, 0.056479023214984846, BFz, 0.0, -0.05647902321498501, -0.9984037860188033
Time, 0.268, Pos_X, -0.009698973509139992, Pos_Y, 0.0021968739644457696, Pos_Z, -0.011162192367037683, BFx, 1.0, 0.0, 0.0,                             BFy, 0.0, -0.9978718925472694, 0.06520495429127574, BFz, 0.0, -0.06520495429127592, -0.9978718925472707
Time, 0.27, Pos_X, -0.009520269564059991, Pos_Y, 0.002061068360195298, Pos_Z, -0.010719849609919355, BFx, 1.0, 0.0, 0.0,                             BFy, 0.0, -0.9973014110255675, 0.07341590812901862, BFz, 0.0, -0.07341590812901881, -0.9973014110255688
Time, 0.272, Pos_X, -0.009335229997579991, Pos_Y, 0.0019111847394908893, Pos_Z, -0.010262363030946716, BFx, 1.0, 0.0, 0.0,                             BFy, 0.0, -0.9967137675894506, 0.0810041079059499, BFz, 0.0, -0.08100410790595011, -0.996713767589452
Time, 0.274, Pos_X, -0.009143016018499992, Pos_Y, 0.001747930596428011, Pos_Z, -0.009790106209747374, BFx, 1.0, 0.0, 0.0,                             BFy, 0.0, -0.996130321143315, 0.08788847079630084, BFz, 0.0, -0.08788847079630106, -0.9961303211433163
Time, 0.276, Pos_X, -0.00894271908121999, Pos_Y, 0.0015721077113801422, Pos_Z, -0.009303543800164267, BFx, 1.0, 0.0, 0.0,                             BFy, 0.0, -0.9955708397729196, 0.09401437652742073, BFz, 0.0, -0.09401437652742095, -0.9955708397729208
Time, 0.278, Pos_X, -0.00873337901553999, Pos_Y, 0.0013845944253009044, Pos_Z, -0.008803236548690163, BFx, 1.0, 0.0, 0.0,                             BFy, 0.0, -0.9950523595146019, 0.0993519090124562, BFz, 0.0, -0.09935190901245643, -0.9950523595146032
Time, 0.28, Pos_X, -0.00851400169305999, Pos_Y, 0.0011863277281342459, Pos_Z, -0.008289848809960271, BFx, 1.0, 0.0, 0.0,                             BFy, 0.0, -0.994588514606756, 0.10389266871306459, BFz, 0.0, -0.10389266871306481, -0.9945885146067573
Time, 0.282, Pos_X, -0.008283575710779995, Pos_Y, 0.0009782842106959158, Pos_Z, -0.007764153121537588, BFx, 1.0, 0.0, 0.0,                             BFy, 0.0, -0.9941893399350319, 0.10764551249142659, BFz, 0.0, -0.10764551249142683, -0.9941893399350332
Time, 0.284, Pos_X, -0.008041098685099996, Pos_Y, 0.000761455958120248, Pos_Z, -0.007227029713581003, BFx, 1.0, 0.0, 0.0,                             BFy, 0.0, -0.9938614399919827, 0.11063199400290424, BFz, 0.0, -0.11063199400290448, -0.9938614399919842
Time, 0.286, Pos_X, -0.0077856030532199956, Pos_Y, 0.0005368270853203439, Pos_Z, -0.006679467275006054, BFx, 1.0, 0.0, 0.0,                             BFy, 0.0, -0.9936083629485765, 0.1128823328898092, BFz, 0.0, -0.11288233288980942, -0.9936083629485779
Time, 0.288, Pos_X, -0.007516161816539996, Pos_Y, 0.00030535773163033707, Pos_Z, -0.006122557541216161, BFx, 1.0, 0.0, 0.0,                             BFy, 0.0, -0.9934310679395695, 0.11443213382805643, BFz, 0.0, -0.11443213382805667, -0.9934310679395708
Time, 0.29, Pos_X, -0.007231893988259996, Pos_Y, 6.796910085588986e-05, Pos_Z, -0.005557478503465619, BFx, 1.0, 0.0, 0.0,                             BFy, 0.0, -0.993328366321627, 0.11532023526165358, BFz, 0.0, -0.1153202352616538, -0.9933283663216284
Time, 0.292, Pos_X, -0.006931982193179996, Pos_Y, -0.00017447024445124622, Pos_Z, -0.004985483682690173, BFx, 1.0, 0.0, 0.0,                             BFy, 0.0, -0.9932973306322737, 0.11558725257914643, BFz, 0.0, -0.11558725257914665, -0.9932973306322748
Time, 0.294, Pos_X, -0.006615682635299996, Pos_Y, -0.0004211510252928009, Pos_Z, -0.004407898550044716, BFx, 1.0, 0.0, 0.0,                             BFy, 0.0, -0.9933336328436277, 0.11527486222796594, BFz, 0.0, -0.11527486222796617, -0.9933336328436287
Time, 0.296, Pos_X, -0.006282319413419996, Pos_Y, -0.0006713246270400007, Pos_Z, -0.003826107470747234, BFx, 1.0, 0.0, 0.0,                             BFy, 0.0, -0.9934318261105239, 0.1144255516513047, BFz, 0.0, -0.11442555165130493, -0.993431826110525
Time, 0.298, Pos_X, -0.005931279925539996, Pos_Y, -0.0009243041501607095, Pos_Z, -0.003241534230603746, BFx, 1.0, 0.0, 0.0,                             BFy, 0.0, -0.9935855638741866, 0.11308283362566694, BFz, 0.0, -0.11308283362566718, -0.9935855638741877
Time, 0.3, Pos_X, -0.005562017961059995, Pos_Y, -0.001179463476038789, Pos_Z, -0.0026556310052695147, BFx, 1.0, 0.0, 0.0,                             BFy, 0.0, -0.9937878165213616, 0.11129140008868811, BFz, 0.0, -0.11129140008868836, -0.9937878165213627
Time, 0.302, Pos_X, -0.005174047547979995, Pos_Y, -0.0014362300426970804, Pos_Z, -0.0020698733686894772, BFx, 1.0, 0.0, 0.0,                             BFy, 0.0, -0.9940310607490437, 0.109097434736694, BFz, 0.0, -0.10909743473669424, -0.9940310607490447
Time, 0.304, Pos_X, -0.004766928273899995, Pos_Y, -0.0016940773903711365, Pos_Z, -0.0014857473968315996, BFx, 1.0, 0.0, 0.0,                             BFy, 0.0, -0.9943074732044342, 0.10654880914308654, BFz, 0.0, -0.10654880914308677, -0.994307473204435
Time, 0.306, Pos_X, -0.004340257490019994, Pos_Y, -0.0019525233943497237, Pos_Z, -0.0009047312854744584, BFx, 1.0, 0.0, 0.0,                             BFy, 0.0, -0.9946091294159005, 0.10369512853813607, BFz, 0.0, -0.1036951285381363, -0.9946091294159015
Time, 0.308, Pos_X, -0.003893670553339994, Pos_Y, -0.002211131791183628, Pos_Z, -0.0003282805078998997, BFx, 1.0, 0.0, 0.0,                             BFy, 0.0, -0.9949282227576599, 0.10058743241717981, BFz, 0.0, -0.10058743241718002, -0.9949282227576608
Time, 0.31, Pos_X, -0.0034268415160599937, Pos_Y, -0.0024695124614824183, Pos_Z, 0.00024218433763003048, BFx, 1.0, 0.0, 0.0,                             BFy, 0.0, -0.9952572953300199, 0.09727752100238733, BFz, 0.0, -0.09727752100238754, -0.9952572953300208
