Time, 0, Pos_X, 0.0, Pos_Y, 0.0, Pos_Z, 0.0, BFx, 1, 0, 0,                         BFy, 0, -1, 0, BFz, 0, 0, -1
Time, 0.0, Pos_X, 0.0, Pos_Y, 0.0, Pos_Z, 0.0, BFx, 1.0, 0.0, 0.0,                             BFy, 0.0, -1.0, 0.0, BFz, 0.0, 0.0, -1.0
Time, 0.002, Pos_X, 1.4001836e-06, Pos_Y, 4.728090693420282e-07, Pos_Z, -2.2612833826330334e-06, BFx, 1.0, 0.0, 0.0,                             BFy, 0.0, -0.9999999930441298, -0.00011794804172652293, BFz, 0.0, 0.00011794804172652293, -0.9999999930441298
Time, 0.004, Pos_X, 5.6176107000000005e-06, Pos_Y, 1.8662415301427338e-06, Pos_Z, -8.991346963179056e-06, BFx, 1.0, 0.0, 0.0,                             BFy, 0.0, -0.9999999698592122, -0.00024552306353324717, BFz, 0.0, 0.00024552306353324717, -0.9999999698592122
Time, 0.006, Pos_X, 1.268933378e-05, Pos_Y, 4.131544018786525e-06, Pos_Z, -2.008337245835208e-05, BFx, 1.0, 0.0, 0.0,                             BFy, 0.0, -0.9999999258165961, -0.00038518411447524347, BFz, 0.0, 0.0003851841144752435, -0.9999999258165962
Time, 0.008, Pos_X, 2.265936654e-05, Pos_Y, 7.223343374435719e-06, Pos_Z, -3.543214924360232e-05, BFx, 1.0, 0.0, 0.0,                             BFy, 0.0, -0.9999998542454929, -0.0005399157277682815, BFz, 0.0, 0.0005399157277682816, -0.999999854245493
Time, 0.01, Pos_X, 3.5579598300000003e-05, Pos_Y, 1.1100942969904426e-05, Pos_Z, -5.493423097024335e-05, BFx, 1.0, 0.0, 0.0,                             BFy, 0.0, -0.9999997456407173, -0.0007132450495264941, BFz, 0.0, 0.0007132450495264942, -0.9999997456407174
Time, 0.012, Pos_X, 5.151090806000001e-05, Pos_Y, 1.5729133811472012e-05, Pos_Z, -7.848727650890207e-05, BFx, 1.0, 0.0, 0.0,                             BFy, 0.0, -0.9999995868075447, -0.0009090570607948063, BFz, 0.0, 0.0009090570607948065, -0.9999995868075447
Time, 0.014, Pos_X, 7.052433272000002e-05, Pos_Y, 2.1078772153409558e-05, Pos_Z, -0.00010598891803430426, BFx, 1.0, 0.0, 0.0,                             BFy, 0.0, -0.9999993595891473, -0.0011317337564084114, BFz, 0.0, 0.0011317337564084116, -0.9999993595891473
Time, 0.016, Pos_X, 9.270271048000002e-05, Pos_Y, 2.7127397959581968e-05, Pos_Z, -0.00013733596019858027, BFx, 1.0, 0.0, 0.0,                             BFy, 0.0, -0.9999990393519694, -0.001386107910145885, BFz, 0.0, 0.0013861079101458852, -0.9999990393519695
Time, 0.018, Pos_X, 0.00011814220796, Pos_Y, 3.3860299163711074e-05, Pos_Z, -0.00017242386445434423, BFx, 1.0, 0.0, 0.0,                             BFy, 0.0, -0.9999985932573564, -0.0016773441234690552, BFz, 0.0, 0.0016773441234690554, -0.9999985932573564
Time, 0.02, Pos_X, 0.00014695325096000003, Pos_Y, 4.127157477557352e-05, Pos_Z, -0.0002111467991387318, BFx, 1.0, 0.0, 0.0,                             BFy, 0.0, -0.9999979781757952, -0.002010881478782622, BFz, 0.0, 0.0020108814787826224, -0.9999979781757954
Time, 0.022, Pos_X, 0.00017926168824, Pos_Y, 4.9365309255969926e-05, Pos_Z, -0.00025339841925831215, BFx, 1.0, 0.0, 0.0,                             BFy, 0.0, -0.9999971388113089, -0.0023921474025356904, BFz, 0.0, 0.002392147402535691, -0.9999971388113092
Time, 0.024, Pos_X, 0.00021520978910000003, Pos_Y, 5.8157076105839945e-05, Pos_Z, -0.0002990730181114093, BFx, 1.0, 0.0, 0.0,                             BFy, 0.0, -0.9999960056022867, -0.0028264429006816345, BFz, 0.0, 0.0028264429006816345, -0.9999960056022872
Time, 0.026, Pos_X, 0.00025495681046, Pos_Y, 6.767487094682554e-05, Pos_Z, -0.00034806660356585144, BFx, 1.0, 0.0, 0.0,                             BFy, 0.0, -0.9999944930850173, -0.0033187045120453805, BFz, 0.0, 0.0033187045120453805, -0.9999944930850179
Time, 0.028, Pos_X, 0.00029867948762000003, Pos_Y, 7.795966699790526e-05, Pos_Z, -0.000400277930777928, BFx, 1.0, 0.0, 0.0,                             BFy, 0.0, -0.9999924957404488, -0.00387407573328097, BFz, 0.0, 0.0038740757332809705, -0.9999924957404493
Time, 0.03, Pos_X, 0.00034657239278, Pos_Y, 8.906577760261547e-05, Pos_Z, -0.0004556093726206886, BFx, 1.0, 0.0, 0.0,                             BFy, 0.0, -0.9999898924425046, -0.00449611085570576, BFz, 0.0, 0.004496110855705761, -0.9999898924425051
Time, 0.032, Pos_X, 0.0003988475541400001, Pos_Y, 0.00010106090202793254, Pos_Z, -0.0005139675622189842, BFx, 1.0, 0.0, 0.0,                             BFy, 0.0, -0.9999865464429908, -0.005187189317825747, BFz, 0.0, 0.0051871893178257475, -0.9999865464429913
Time, 0.034, Pos_X, 0.0004557335127000001, Pos_Y, 0.00011402582472719807, Pos_Z, -0.0005752637464957626, BFx, 1.0, 0.0, 0.0,                             BFy, 0.0, -0.99998230789153, -0.005948437099620276, BFz, 0.0, 0.005948437099620277, -0.9999823078915306
Time, 0.036, Pos_X, 0.00051747433906, Pos_Y, 0.00012805355915196658, Pos_Z, -0.0006394141380307531, BFx, 1.0, 0.0, 0.0,                             BFy, 0.0, -0.9999770166186461, -0.006779840298304115, BFz, 0.0, 0.0067798402983041154, -0.9999770166186469
Time, 0.038, Pos_X, 0.0005843280808200001, Pos_Y, 0.00014324839080746683, Pos_Z, -0.0007063404700515492, BFx, 1.0, 0.0, 0.0,                             BFy, 0.0, -0.9999705049755285, -0.007680441327507465, BFz, 0.0, 0.007680441327507467, -0.9999705049755292
Time, 0.04, Pos_X, 0.0006565645583800001, Pos_Y, 0.00015972442456673664, Pos_Z, -0.000775970320854857, BFx, 1.0, 0.0, 0.0,                             BFy, 0.0, -0.9999626001317998, -0.008648603219513499, BFz, 0.0, 0.008648603219513502, -0.9999626001318006
Time, 0.042, Pos_X, 0.0007344627955400002, Pos_Y, 0.0001776036614588289, Pos_Z, -0.0008482375852430957, BFx, 1.0, 0.0, 0.0,                             BFy, 0.0, -0.9999531256061897, -0.009682282293459006, BFz, 0.0, 0.009682282293459013, -0.9999531256061904
Time, 0.044, Pos_X, 0.0008183080238999999, Pos_Y, 0.0001970139881927371, Pos_Z, -0.0009230833742013135, BFx, 1.0, 0.0, 0.0,                             BFy, 0.0, -0.9999418991507318, -0.010779532588482032, BFz, 0.0, 0.010779532588482039, -0.9999418991507325
Time, 0.046, Pos_X, 0.00090838827906, Pos_Y, 0.00021808664720163046, Pos_Z, -0.0010004568949798982, BFx, 1.0, 0.0, 0.0,                             BFy, 0.0, -0.999928729300065, -0.011938857581668516, BFz, 0.0, 0.011938857581668525, -0.9999287293000658
Time, 0.048, Pos_X, 0.00100499041302, Pos_Y, 0.00024095310254754188, Pos_Z, -0.0010803166710297441, BFx, 1.0, 0.0, 0.0,                             BFy, 0.0, -0.9999134100535977, -0.013159498280093586, BFz, 0.0, 0.013159498280093595, -0.9999134100535986
Time, 0.05, Pos_X, 0.00110839541398, Pos_Y, 0.00026574154734442456, Pos_Z, -0.0011626327513159782, BFx, 1.0, 0.0, 0.0,                             BFy, 0.0, -0.9998957146904591, -0.014441597683563026, BFz, 0.0, 0.014441597683563036, -0.99989571469046
Time, 0.052, Pos_X, 0.00121887330334, Pos_Y, 0.0002925726255496191, Pos_Z, -0.001247389335619029, BFx, 1.0, 0.0, 0.0,                             BFy, 0.0, -0.9998753934811828, -0.015785990968190618, BFz, 0.0, 0.015785990968190628, -0.9998753934811838
Time, 0.054, Pos_X, 0.0013366787217, Pos_Y, 0.0003215557419024739, Pos_Z, -0.0013345871141945652, BFx, 1.0, 0.0, 0.0,                             BFy, 0.0, -0.9998521726447531, -0.01719397736316507, BFz, 0.0, 0.01719397736316508, -0.9998521726447542
Time, 0.056, Pos_X, 0.0014620491242600003, Pos_Y, 0.0003527861635608762, Pos_Z, -0.0014242448198074666, BFx, 1.0, 0.0, 0.0,                             BFy, 0.0, -0.9998257586598652, -0.018666877623839617, BFz, 0.0, 0.01866687762383963, -0.9998257586598662
Time, 0.058, Pos_X, 0.0015951994296200004, Pos_Y, 0.0003863407284354937, Pos_Z, -0.0015164019943666033, BFx, 1.0, 0.0, 0.0,                             BFy, 0.0, -0.9997958449408676, -0.02020565363889805, BFz, 0.0, 0.020205653638898063, -0.9997958449408686
Time, 0.06, Pos_X, 0.0017363150727800001, Pos_Y, 0.00042227379085022984, Pos_Z, -0.0016111194035436742, BFx, 1.0, 0.0, 0.0,                             BFy, 0.0, -0.9997621189158566, -0.021810675846349842, BFz, 0.0, 0.021810675846349863, -0.9997621189158578
Time, 0.062, Pos_X, 0.0018855506875400004, Pos_Y, 0.00046061525362700774, Pos_Z, -0.0017084766338138723, BFx, 1.0, 0.0, 0.0,                             BFy, 0.0, -0.9997242726490007, -0.023481453882254203, BFz, 0.0, 0.023481453882254224, -0.9997242726490018
Time, 0.064, Pos_X, 0.0020430295753000004, Pos_Y, 0.0005013692016528959, Pos_Z, -0.0018085717048954844, BFx, 1.0, 0.0, 0.0,                             BFy, 0.0, -0.999682007310331, -0.025216745626378042, BFz, 0.0, 0.025216745626378063, -0.9996820073103321
Time, 0.066, Pos_X, 0.0022088419080600005, Pos_Y, 0.0005445117648940243, Pos_Z, -0.001911521634937399, BFx, 1.0, 0.0, 0.0,                             BFy, 0.0, -0.9996350341953751, -0.027014781309676463, BFz, 0.0, 0.027014781309676487, -0.9996350341953761
Time, 0.068, Pos_X, 0.0023830428768200004, Pos_Y, 0.0005899887673148462, Pos_Z, -0.0020174629516849984, BFx, 1.0, 0.0, 0.0,                             BFy, 0.0, -0.9995830767581789, -0.028873390148217184, BFz, 0.0, 0.028873390148217208, -0.9995830767581799
Time, 0.07, Pos_X, 0.0025656509695800005, Pos_Y, 0.0006377141679013233, Pos_Z, -0.0021265517471418314, BFx, 1.0, 0.0, 0.0,                             BFy, 0.0, -0.9995258642019029, -0.030790368484924488, BFz, 0.0, 0.030790368484924512, -0.999525864201904
Time, 0.072, Pos_X, 0.0027566470803399995, Pos_Y, 0.0006875689462571546, Pos_Z, -0.00223896379234497, BFx, 1.0, 0.0, 0.0,                             BFy, 0.0, -0.9994631259601394, -0.03276369707442679, BFz, 0.0, 0.03276369707442682, -0.9994631259601406
Time, 0.074, Pos_X, 0.0029559747496999997, Pos_Y, 0.0007394002259017042, Pos_Z, -0.0023548937511055673, BFx, 1.0, 0.0, 0.0,                             BFy, 0.0, -0.9993945877610061, -0.034791636265159666, BFz, 0.0, 0.034791636265159694, -0.9993945877610072
Time, 0.076, Pos_X, 0.00316354158826, Pos_Y, 0.0007930207249327293, Pos_Z, -0.002474552863119708, BFx, 1.0, 0.0, 0.0,                             BFy, 0.0, -0.9993199704893351, -0.0368727078093317, BFz, 0.0, 0.03687270780933174, -0.9993199704893364
Time, 0.078, Pos_X, 0.0033792211716200003, Pos_Y, 0.0008482081153865137, Pos_Z, -0.002598165406863301, BFx, 1.0, 0.0, 0.0,                             BFy, 0.0, -0.9992390006635928, -0.03900537851145694, BFz, 0.0, 0.03900537851145697, -0.9992390006635942
Time, 0.08, Pos_X, 0.0036028556125800005, Pos_Y, 0.0009047049649865997, Pos_Z, -0.0027259645318942526, BFx, 1.0, 0.0, 0.0,                             BFy, 0.0, -0.9991514292052821, -0.041187637915271094, BFz, 0.0, 0.04118763791527112, -0.9991514292052834
Time, 0.082, Pos_X, 0.0038342585597400006, Pos_Y, 0.0009622194695747992, Pos_Z, -0.00285818828306355, BFx, 1.0, 0.0, 0.0,                             BFy, 0.0, -0.9990570709986116, -0.043416228390689114, BFz, 0.0, 0.04341622839068914, -0.9990570709986131
Time, 0.084, Pos_X, 0.004073217719700001, Pos_Y, 0.0010204264462998307, Pos_Z, -0.002995075707556316, BFx, 1.0, 0.0, 0.0,                             BFy, 0.0, -0.998955829917388, -0.04568642986774201, BFz, 0.0, 0.04568642986774204, -0.9989558299173893
Time, 0.086, Pos_X, 0.004319497777259999, Pos_Y, 0.0010789688094636363, Pos_Z, -0.0031368620656673446, BFx, 1.0, 0.0, 0.0,                             BFy, 0.0, -0.9988477339317733, -0.0479917119861209, BFz, 0.0, 0.04799171198612092, -0.9988477339317746
Time, 0.088, Pos_X, 0.004572843897019999, Pos_Y, 0.0011374597323479082, Pos_Z, -0.003283772219539195, BFx, 1.0, 0.0, 0.0,                             BFy, 0.0, -0.9987329914699556, -0.05032307372836865, BFz, 0.0, 0.05032307372836868, -0.998732991469957
Time, 0.09, Pos_X, 0.0048329861109799995, Pos_Y, 0.001195485633294347, Pos_Z, -0.0034360125468214345, BFx, 1.0, 0.0, 0.0,                             BFy, 0.0, -0.9986120369574383, -0.05266877294672469, BFz, 0.0, 0.05266877294672472, -0.9986120369574394
Time, 0.092, Pos_X, 0.0050996442753399995, Pos_Y, 0.0012526097689393905, Pos_Z, -0.003593762264338964, BFx, 1.0, 0.0, 0.0,                             BFy, 0.0, -0.9984855684735916, -0.055014266785682386, BFz, 0.0, 0.05501426678568242, -0.9984855684735927
Time, 0.094, Pos_X, 0.005372533016899999, Pos_Y, 0.0013083760063048403, Pos_Z, -0.0037571645390313837, BFx, 1.0, 0.0, 0.0,                             BFy, 0.0, -0.9983546024275237, -0.05734185043908913, BFz, 0.0, 0.05734185043908917, -0.9983546024275248
Time, 0.096, Pos_X, 0.005651367587859999, Pos_Y, 0.0013623133934052994, Pos_Z, -0.003926316945882827, BFx, 1.0, 0.0, 0.0,                             BFy, 0.0, -0.9982205302688073, -0.05963030227878264, BFz, 0.0, 0.05963030227878267, -0.9982205302688084
Time, 0.098, Pos_X, 0.00593587040822, Pos_Y, 0.0014139416524553351, Pos_Z, -0.004101261853991479, BFx, 1.0, 0.0, 0.0,                             BFy, 0.0, -0.9980851484348441, -0.061854963210669564, BFz, 0.0, 0.061854963210669585, -0.9980851484348451
Time, 0.1, Pos_X, 0.00622577784578, Pos_Y, 0.001462777121700689, Pos_Z, -0.004281977484133051, BFx, 1.0, 0.0, 0.0,                             BFy, 0.0, -0.9979506521953078, -0.06398824722523717, BFz, 0.0, 0.0639882472252372, -0.9979506521953088
Time, 0.102, Pos_X, 0.006520847465339998, Pos_Y, 0.0015083392325906607, Pos_Z, -0.0044683699846707154, BFx, 1.0, 0.0, 0.0,                             BFy, 0.0, -0.9978195912404321, -0.06600047982231128, BFz, 0.0, 0.0660004798223113, -0.9978195912404328
Time, 0.104, Pos_X, 0.006820864919299998, Pos_Y, 0.0015501568571043567, Pos_Z, -0.004660267030891625, BFx, 1.0, 0.0, 0.0,                             BFy, 0.0, -0.9976947910877025, -0.06786091538185775, BFz, 0.0, 0.06786091538185776, -0.9976947910877034
Time, 0.106, Pos_X, 0.0071256501012599985, Pos_Y, 0.0015877737176188738, Pos_Z, -0.00485741319195511, BFx, 1.0, 0.0, 0.0,                             BFy, 0.0, -0.9975792255908525, -0.06953911611138765, BFz, 0.0, 0.06953911611138766, -0.9975792255908534
Time, 0.108, Pos_X, 0.007435062822619999, Pos_Y, 0.0016207537089628456, Pos_Z, -0.0050594659919253335, BFx, 1.0, 0.0, 0.0,                             BFy, 0.0, -0.9974758465697334, -0.07100658779290811, BFz, 0.0, 0.07100658779290814, -0.9974758465697343
Time, 0.11, Pos_X, 0.007749008749379999, Pos_Y, 0.0016486867982475049, Pos_Z, -0.005265992285193231, BFx, 1.0, 0.0, 0.0,                             BFy, 0.0, -0.997387375597549, -0.07223865307874872, BFz, 0.0, 0.07223865307874874, -0.99738737559755
Time, 0.112, Pos_X, 0.00806744550714, Pos_Y, 0.0016711946611076363, Pos_Z, -0.005476466349442578, BFx, 1.0, 0.0, 0.0,                             BFy, 0.0, -0.9973160935948611, -0.07321618302455071, BFz, 0.0, 0.07321618302455074, -0.9973160935948621
Time, 0.114, Pos_X, 0.0083903870739, Pos_Y, 0.0016879345386672595, Pos_Z, -0.0056902698391932596, BFx, 1.0, 0.0, 0.0,                             BFy, 0.0, -0.9972636283526277, -0.0739273668200762, BFz, 0.0, 0.07392736682007624, -0.9972636283526287
Time, 0.116, Pos_X, 0.00871790594406, Pos_Y, 0.0016986008230751774, Pos_Z, -0.005906693320033468, BFx, 1.0, 0.0, 0.0,                             BFy, 0.0, -0.9972308036333997, -0.0743688394738104, BFz, 0.0, 0.07436883947381043, -0.9972308036334009
Time, 0.118, Pos_X, 0.009050134214419999, Pos_Y, 0.0017029252926401555, Pos_Z, -0.006124939935659987, BFx, 1.0, 0.0, 0.0,                             BFy, 0.0, -0.9972175597946559, -0.07454621678656492, BFz, 0.0, 0.07454621678656495, -0.997217559794657
Time, 0.12, Pos_X, 0.00938726317438, Pos_Y, 0.001700676550058332, Pos_Z, -0.006344131280037085, BFx, 1.0, 0.0, 0.0,                             BFy, 0.0, -0.9972229568220382, -0.07447398463295318, BFz, 0.0, 0.0744739846329532, -0.9972229568220392
Time, 0.122, Pos_X, 0.00972954080314, Pos_Y, 0.001691658321148911, Pos_Z, -0.006563315340919823, BFx, 1.0, 0.0, 0.0,                             BFy, 0.0, -0.9972452707735122, -0.07417459079673204, BFz, 0.0, 0.07417459079673205, -0.9972452707735131
Time, 0.124, Pos_X, 0.010077267885900002, Pos_Y, 0.0016757062787673637, Pos_Z, -0.006781476013225938, BFx, 1.0, 0.0, 0.0,                             BFy, 0.0, -0.9972821684585961, -0.07367683811428591, BFz, 0.0, 0.07367683811428592, -0.9972821684585969
Time, 0.126, Pos_X, 0.010430792233460003, Pos_Y, 0.0016526834337653772, Pos_Z, -0.0069975431591465225, BFx, 1.0, 0.0, 0.0,                             BFy, 0.0, -0.9973309170960596, -0.07301398362184443, BFz, 0.0, 0.07301398362184444, -0.9973309170960604
Time, 0.128, Pos_X, 0.010790501426620002, Pos_Y, 0.001622474318102685, Pos_Z, -0.00721040286325784, BFx, 1.0, 0.0, 0.0,                             BFy, 0.0, -0.9973886280701816, -0.07222135831095321, BFz, 0.0, 0.07222135831095322, -0.9973886280701824
Time, 0.13, Pos_X, 0.011156814761180002, Pos_Y, 0.001584978529270525, Pos_Z, -0.007418908011990482, BFx, 1.0, 0.0, 0.0,                             BFy, 0.0, -0.9974524802686852, -0.07133407044215556, BFz, 0.0, 0.07133407044215555, -0.9974524802686858
Time, 0.132, Pos_X, 0.011530173350140002, Pos_Y, 0.001540103641167596, Pos_Z, -0.007621888801622773, BFx, 1.0, 0.0, 0.0,                             BFy, 0.0, -0.9975199209278355, -0.07038470964721727, BFz, 0.0, 0.07038470964721724, -0.9975199209278363
Time, 0.134, Pos_X, 0.011911029242700003, Pos_Y, 0.001487757648875492, Pos_Z, -0.007818163463432785, BFx, 1.0, 0.0, 0.0,                             BFy, 0.0, -0.9975887976490674, -0.0694016628409317, BFz, 0.0, 0.06940166284093166, -0.997588797649068
Time, 0.136, Pos_X, 0.012299834185860004, Pos_Y, 0.0014278418779431455, Pos_Z, -0.008006549629358435, BFx, 1.0, 0.0, 0.0,                             BFy, 0.0, -0.9976574307687877, -0.0684079734520786, BFz, 0.0, 0.06840797345207852, -0.9976574307687882
Time, 0.138, Pos_X, 0.012697027321420005, Pos_Y, 0.001360243653796108, Pos_Z, -0.00818587617018249, BFx, 1.0, 0.0, 0.0,                             BFy, 0.0, -0.997724642635038, -0.06742060129355093, BFz, 0.0, 0.06742060129355086, -0.9977246426350386
Time, 0.14, Pos_X, 0.013103022523780004, Pos_Y, 0.0012848288606235334, Pos_Z, -0.008354994968133765, BFx, 1.0, 0.0, 0.0,                             BFy, 0.0, -0.9977897383168819, -0.06645026794172207, BFz, 0.0, 0.066450267941722, -0.9977897383168827
Time, 0.142, Pos_X, 0.013518196446539999, Pos_Y, 0.0012014353714712342, Pos_Z, -0.008512792579834977, BFx, 1.0, 0.0, 0.0,                             BFy, 0.0, -0.9978524270521522, -0.06550216657583026, BFz, 0.0, 0.0655021665758302, -0.9978524270521529
Time, 0.144, Pos_X, 0.013942876719899999, Pos_Y, 0.0011098667945093977, Pos_Z, -0.00865820314574397, BFx, 1.0, 0.0, 0.0,                             BFy, 0.0, -0.997912746052557, -0.06457670838501517, BFz, 0.0, 0.06457670838501513, -0.9979127460525578
Time, 0.146, Pos_X, 0.014377329872859999, Pos_Y, 0.0010098853227824792, Pos_Z, -0.008790225640464848, BFx, 1.0, 0.0, 0.0,                             BFy, 0.0, -0.9979709672094085, -0.06367062593626387, BFz, 0.0, 0.06367062593626381, -0.9979709672094094
Time, 0.148, Pos_X, 0.014821751477219999, Pos_Y, 0.0009012052812600164, Pos_Z, -0.008907930847904496, BFx, 1.0, 0.0, 0.0,                             BFy, 0.0, -0.9980274857042657, -0.0627784818135888, BFz, 0.0, 0.06277848181358876, -0.9980274857042667
Time, 0.15, Pos_X, 0.01527625609398, Pos_Y, 0.0007834891485934305, Pos_Z, -0.009010460312345439, BFx, 1.0, 0.0, 0.0,                             BFy, 0.0, -0.9980827315331866, -0.0618939497467262, BFz, 0.0, 0.06189394974672615, -0.9980827315331878
Time, 0.152, Pos_X, 0.01574086641074, Pos_Y, 0.0006563439322781631, Pos_Z, -0.009097043516999307, BFx, 1.0, 0.0, 0.0,                             BFy, 0.0, -0.9981371293365942, -0.0610104174686666, BFz, 0.0, 0.06101041746866656, -0.9981371293365952
Time, 0.154, Pos_X, 0.0162155048675, Pos_Y, 0.0005193176573457881, Pos_Z, -0.009167013991444673, BFx, 1.0, 0.0, 0.0,                             BFy, 0.0, -0.9981910782381603, -0.06012130509009781, BFz, 0.0, 0.06012130509009776, -0.9981910782381613
Time, 0.156, Pos_X, 0.016699987987260002, Pos_Y, 0.00037189871880826894, Pos_Z, -0.009219808493438005, BFx, 1.0, 0.0, 0.0,                             BFy, 0.0, -0.998244919737799, -0.059220606360227336, BFz, 0.0, 0.05922060636022729, -0.9982449197378
Time, 0.158, Pos_X, 0.01719402329982, Pos_Y, 0.0002135193346809076, Pos_Z, -0.009254964912497233, BFx, 1.0, 0.0, 0.0,                             BFy, 0.0, -0.9982989177313828, -0.0583032662579706, BFz, 0.0, 0.058303266257970554, -0.9982989177313838
Time, 0.16, Pos_X, 0.017697207730780002, Pos_Y, 4.3559338715946276e-05, Pos_Z, -0.009272124619891941, BFx, 1.0, 0.0, 0.0,                             BFy, 0.0, -0.9983532506762215, -0.05736538036324613, BFz, 0.0, 0.05736538036324608, -0.9983532506762225
Time, 0.162, Pos_X, 0.018209026252340003, Pos_Y, -0.00013865233773458695, Pos_Z, -0.009271036923497407, BFx, 1.0, 0.0, 0.0,                             BFy, 0.0, -0.998408023423339, -0.05640406690922137, BFz, 0.0, 0.05640406690922132, -0.99840802342334
Time, 0.164, Pos_X, 0.018728850659100002, Pos_Y, -0.00033383753428488654, Pos_Z, -0.009251562257288685, BFx, 1.0, 0.0, 0.0,                             BFy, 0.0, -0.998463284339513, -0.05541723401570658, BFz, 0.0, 0.055417234015706515, -0.998463284339514
Time, 0.166, Pos_X, 0.019255940897060002, Pos_Y, -0.0005427662501141593, Pos_Z, -0.009213671307920312, BFx, 1.0, 0.0, 0.0,                             BFy, 0.0, -0.9985190360379644, -0.05440344354738312, BFz, 0.0, 0.05440344354738305, -0.9985190360379654
Time, 0.168, Pos_X, 0.019789449691020002, Pos_Y, -0.0007662511755976672, Pos_Z, -0.009157445129592472, BFx, 1.0, 0.0, 0.0,                             BFy, 0.0, -0.9985752575061257, -0.053361550732467955, BFz, 0.0, 0.05336155073246788, -0.9985752575061267
Time, 0.17, Pos_X, 0.020328426823780003, Pos_Y, -0.0010051433527485671, Pos_Z, -0.009083076610887277, BFx, 1.0, 0.0, 0.0,                             BFy, 0.0, -0.9986319011383399, -0.052290783402278565, BFz, 0.0, 0.05229078340227849, -0.998631901138341
Time, 0.172, Pos_X, 0.020871822566539997, Pos_Y, -0.0012603291714666466, Pos_Z, -0.008990865222162109, BFx, 1.0, 0.0, 0.0,                             BFy, 0.0, -0.9986888951904183, -0.051190727903996924, BFz, 0.0, 0.051190727903996855, -0.9986888951904194
Time, 0.174, Pos_X, 0.02141849410042, Pos_Y, -0.001532727579979089, Pos_Z, -0.008881206826571812, BFx, 1.0, 0.0, 0.0,                             BFy, 0.0, -0.9987461384644706, -0.05006147123594881, BFz, 0.0, 0.05006147123594873, -0.9987461384644718
Time, 0.176, Pos_X, 0.02196721469462, Pos_Y, -0.0018232862765204141, Pos_Z, -0.008754581648265444, BFx, 1.0, 0.0, 0.0,                             BFy, 0.0, -0.9988035224461967, -0.04890320591810754, BFz, 0.0, 0.04890320591810744, -0.998803522446198
Time, 0.178, Pos_X, 0.02251668373908, Pos_Y, -0.0021329769626206186, Pos_Z, -0.008611540857599152, BFx, 1.0, 0.0, 0.0,                             BFy, 0.0, -0.9988610030612349, -0.0477147415743064, BFz, 0.0, 0.04771474157430629, -0.998861003061236
Time, 0.18, Pos_X, 0.0230655382096, Pos_Y, -0.002462789639468156, Pos_Z, -0.008452693678243542, BFx, 1.0, 0.0, 0.0,                             BFy, 0.0, -0.998918582418027, -0.0464937167793494, BFz, 0.0, 0.04649371677934929, -0.9989185824180281
Time, 0.182, Pos_X, 0.02361236345812, Pos_Y, -0.0028137261840133357, Pos_Z, -0.008278694063295391, BFx, 1.0, 0.0, 0.0,                             BFy, 0.0, -0.9989763165503177, -0.04523625726735161, BFz, 0.0, 0.04523625726735148, -0.9989763165503188
Time, 0.184, Pos_X, 0.02415570376284, Pos_Y, -0.0031867938160058873, Pos_Z, -0.008090227531051458, BFx, 1.0, 0.0, 0.0,                             BFy, 0.0, -0.9990343681630048, -0.043935534924977225, BFz, 0.0, 0.0439355349249771, -0.9990343681630061
Time, 0.186, Pos_X, 0.02469407531376, Pos_Y, -0.0035829981595249523, Pos_Z, -0.00788799846451015, BFx, 1.0, 0.0, 0.0,                             BFy, 0.0, -0.9990930145743231, -0.04258107829528872, BFz, 0.0, 0.042581078295288594, -0.9990930145743242
Time, 0.188, Pos_X, 0.02522597905448, Pos_Y, -0.004003336539685261, Pos_Z, -0.007672715889913413, BFx, 1.0, 0.0, 0.0,                             BFy, 0.0, -0.9991526545489146, -0.04115790213136769, BFz, 0.0, 0.041157902131367566, -0.9991526545489157
Time, 0.19, Pos_X, 0.0257499147618, Pos_Y, -0.00444879130523899, Pos_Z, -0.007445076347115467, BFx, 1.0, 0.0, 0.0,                             BFy, 0.0, -0.999213801466883, -0.03964566758295816, BFz, 0.0, 0.03964566758295804, -0.999213801466884
Time, 0.192, Pos_X, 0.02626439921372, Pos_Y, -0.004920321658128893, Pos_Z, -0.007205744430490449, BFx, 1.0, 0.0, 0.0,                             BFy, 0.0, -0.9992770446919663, -0.038018258135899895, BFz, 0.0, 0.03801825813589977, -0.9992770446919674
Time, 0.194, Pos_X, 0.026767985099840002, Pos_Y, -0.005418856205036258, Pos_Z, -0.006955335401352207, BFx, 1.0, 0.0, 0.0,                             BFy, 0.0, -0.9993429667150888, -0.03624410127293115, BFz, 0.0, 0.03624410127293102, -0.9993429667150902
Time, 0.196, Pos_X, 0.027259276300560003, Pos_Y, -0.0059452899417076245, Pos_Z, -0.006694405126147665, BFx, 1.0, 0.0, 0.0,                             BFy, 0.0, -0.9994120073509842, -0.034287600713286355, BFz, 0.0, 0.034287600713286216, -0.9994120073509856
Time, 0.198, Pos_X, 0.027736938544880005, Pos_Y, -0.006500483906658584, Pos_Z, -0.006423446210930022, BFx, 1.0, 0.0, 0.0,                             BFy, 0.0, -0.99948430518656, -0.03211111467602884, BFz, 0.0, 0.032111114676028694, -0.9994843051865614
Time, 0.2, Pos_X, 0.028199712279800004, Pos_Y, -0.007085261564904498, Pos_Z, -0.006142881968364125, BFx, 1.0, 0.0, 0.0,                             BFy, 0.0, -0.9995595352082655, -0.029677189459810467, BFz, 0.0, 0.02967718945981032, -0.9995595352082669
Time, 0.202, Pos_X, 0.028646428137120004, Pos_Y, -0.007700402786085626, Pos_Z, -0.005853057810671904, BFx, 1.0, 0.0, 0.0,                             BFy, 0.0, -0.9996367232272572, -0.026952209101828238, BFz, 0.0, 0.02695220910182809, -0.9996367232272587
Time, 0.204, Pos_X, 0.02907601939144, Pos_Y, -0.008346640638104318, Pos_Z, -0.0055542366454011585, BFx, 1.0, 0.0, 0.0,                             BFy, 0.0, -0.999714110510507, -0.02391019126194415, BFz, 0.0, 0.023910191261944, -0.9997141105105085
Time, 0.206, Pos_X, 0.02948753024076, Pos_Y, -0.009024661186397514, Pos_Z, -0.005246600616973521, BFx, 1.0, 0.0, 0.0,                             BFy, 0.0, -0.9997891097838066, -0.02053621088955888, BFz, 0.0, 0.020536210889558728, -0.9997891097838082
Time, 0.208, Pos_X, 0.02988012140648, Pos_Y, -0.009735104316075289, Pos_Z, -0.00493025725510592, BFx, 1.0, 0.0, 0.0,                             BFy, 0.0, -0.9998583741873962, -0.01682948505848993, BFz, 0.0, 0.01682948505848977, -0.9998583741873978
Time, 0.21, Pos_X, 0.030253074957, Pos_Y, -0.010478564262469825, Pos_Z, -0.004605247758856896, BFx, 1.0, 0.0, 0.0,                             BFy, 0.0, -0.9999180071479629, -0.012805427804005554, BFz, 0.0, 0.012805427804005386, -0.9999180071479644
Time, 0.212, Pos_X, 0.030605796215520002, Pos_Y, -0.011255590814549134, Pos_Z, -0.004271556613847547, BFx, 1.0, 0.0, 0.0,                             BFy, 0.0, -0.9999639027119862, -0.0084966624630333, BFz, 0.0, 0.008496662463033123, -0.9999639027119879
Time, 0.214, Pos_X, 0.030937812788640003, Pos_Y, -0.012066692113079256, Pos_Z, -0.003929123903247058, BFx, 1.0, 0.0, 0.0,                             BFy, 0.0, -0.9999921880451201, -0.0039527014471929045, BFz, 0.0, 0.003952701447192719, -0.9999921880451218
Time, 0.216, Pos_X, 0.031248771176760004, Pos_Y, -0.012912338412180544, Pos_Z, -0.0035778610080510957, BFx, 1.0, 0.0, 0.0,                             BFy, 0.0, -0.9999997096034388, 0.0007620977862296129, BFz, 0.0, -0.0007620977862298065, -0.9999997096034404
Time, 0.218, Pos_X, 0.03153843202688, Pos_Y, -0.013792965130049697, Pos_Z, -0.0032176680511623976, BFx, 1.0, 0.0, 0.0,                             BFy, 0.0, -0.9999844749890517, 0.005572233023494507, BFz, 0.0, -0.005572233023494709, -0.9999844749890535
Time, 0.22, Pos_X, 0.031806663038000005, Pos_Y, -0.014708975163977234, Pos_Z, -0.0028484511579475883, BFx, 1.0, 0.0, 0.0,                             BFy, 0.0, -0.9999459624252844, 0.010395779401716832, BFz, 0.0, -0.010395779401717044, -0.9999459624252862
Time, 0.222, Pos_X, 0.032053428971920005, Pos_Y, -0.015660740975454536, Pos_Z, -0.002470138711499608, BFx, 1.0, 0.0, 0.0,                             BFy, 0.0, -0.9998852431892302, 0.015149272339338436, BFz, 0.0, -0.015149272339338654, -0.999885243189232
Time, 0.224, Pos_X, 0.03227878095864001, Pos_Y, -0.016648606704467106, Pos_Z, -0.002082697697840963, BFx, 1.0, 0.0, 0.0,                             BFy, 0.0, -0.9998048941456782, 0.01975281352988291, BFz, 0.0, -0.019752813529883135, -0.9998048941456802
Time, 0.226, Pos_X, 0.032482844007360005, Pos_Y, -0.017672890578768457, Pos_Z, -0.0016861513429033013, BFx, 1.0, 0.0, 0.0,                             BFy, 0.0, -0.9997087008811093, 0.02413531401499597, BFz, 0.0, -0.024135314014996204, -0.9997087008811111
Time, 0.228, Pos_X, 0.03266580297208001, Pos_Y, -0.018733886935403864, Pos_Z, -0.0012805962321333097, BFx, 1.0, 0.0, 0.0,                             BFy, 0.0, -0.9996011985769436, 0.02823904749696016, BFz, 0.0, -0.0282390474969604, -0.9996011985769454
Time, 0.23, Pos_X, 0.03282788902080001, Pos_Y, -0.0198318669753916, Pos_Z, -0.0008662178990875956, BFx, 1.0, 0.0, 0.0,                             BFy, 0.0, -0.9994871454885829, 0.03202258582754029, BFz, 0.0, -0.032022585827540535, -0.9994871454885845
Time, 0.232, Pos_X, 0.03296936691552001, Pos_Y, -0.020967077855100956, Pos_Z, -0.00044330432075063145, BFx, 1.0, 0.0, 0.0,                             BFy, 0.0, -0.9993710493218193, 0.03546132791371467, BFz, 0.0, -0.03546132791371492, -0.9993710493218211
Time, 0.234, Pos_X, 0.033090522442240006, Pos_Y, -0.022139740708619716, Pos_Z, -1.2257297428252818e-05, BFx, 1.0, 0.0, 0.0,                             BFy, 0.0, -0.9992567352956675, 0.03854837177161182, BFz, 0.0, -0.03854837177161208, -0.9992567352956694
Time, 0.236, Pos_X, 0.03319165104096, Pos_Y, -0.023350048016566514, Pos_Z, 0.00042639825538126337, BFx, 1.0, 0.0, 0.0,                             BFy, 0.0, -0.9991470725697029, 0.041293188002266834, BFz, 0.0, -0.041293188002267084, -0.9991470725697048
Time, 0.238, Pos_X, 0.033273048022480003, Pos_Y, -0.024598160290457718, Pos_Z, 0.0008720073440656573, BFx, 1.0, 0.0, 0.0,                             BFy, 0.0, -0.9990438835872093, 0.04371863066227341, BFz, 0.0, -0.04371863066227367, -0.9990438835872112
Time, 0.24, Pos_X, 0.0333350001388, Pos_Y, -0.02588420204373019, Pos_Z, 0.0013237802092831937, BFx, 1.0, 0.0, 0.0,                             BFy, 0.0, -0.9989479619138918, 0.04585814418485805, BFz, 0.0, -0.04585814418485831, -0.9989479619138938
Time, 0.242, Pos_X, 0.03337777974032, Pos_Y, -0.027208257063004542, Pos_Z, 0.0017807905303257156, BFx, 1.0, 0.0, 0.0,                             BFy, 0.0, -0.9988591927049787, 0.04775262452217771, BFz, 0.0, -0.04775262452217798, -0.9988591927049806
Time, 0.244, Pos_X, 0.03340164100304, Pos_Y, -0.028570362653882003, Pos_Z, 0.0022419763391432843, BFx, 1.0, 0.0, 0.0,                             BFy, 0.0, -0.9987767332710301, 0.049447316170315704, BFz, 0.0, -0.04944731617031598, -0.9987767332710321
Time, 0.246, Pos_X, 0.03340681743876, Pos_Y, -0.02997050299831972, Pos_Z, 0.0027061430325943363, BFx, 1.0, 0.0, 0.0,                             BFy, 0.0, -0.9986991992142649, 0.050989307592706076, BFz, 0.0, -0.050989307592706354, -0.9986991992142669
Time, 0.248, Pos_X, 0.03339352234148, Pos_Y, -0.03140860150375609, Pos_Z, 0.0031719683383838663, BFx, 1.0, 0.0, 0.0,                             BFy, 0.0, -0.998624827378532, 0.05242570117027012, BFz, 0.0, -0.05242570117027039, -0.9986248273785341
Time, 0.25, Pos_X, 0.033361950811, Pos_Y, -0.03288451226507148, Pos_Z, 0.003638008936873055, BFx, 1.0, 0.0, 0.0,                             BFy, 0.0, -0.9985515769886744, 0.05380286324563824, BFz, 0.0, -0.0538028632456385, -0.9985515769886767
Time, 0.252, Pos_X, 0.03331228256532, Pos_Y, -0.03439801173279125, Pos_Z, 0.004102709323450568, BFx, 1.0, 0.0, 0.0,                             BFy, 0.0, -0.9984772353647758, 0.05516530121653747, BFz, 0.0, -0.05516530121653774, -0.9984772353647782
Time, 0.254, Pos_X, 0.03324468885484, Pos_Y, -0.0359487907912809, Pos_Z, 0.004564413544616396, BFx, 1.0, 0.0, 0.0,                             BFy, 0.0, -0.9983995024095753, 0.05655469554607993, BFz, 0.0, -0.05655469554608021, -0.9983995024095776
Time, 0.256, Pos_X, 0.03315934103876, Pos_Y, -0.03753644563811297, Pos_Z, 0.005021380250332718, BFx, 1.0, 0.0, 0.0,                             BFy, 0.0, -0.9983160069897677, 0.05800991456641996, BFz, 0.0, -0.05800991456642023, -0.9983160069897701
Time, 0.258, Pos_X, 0.03305641711668, Pos_Y, -0.03916046816488163, Pos_Z, 0.005471788563428706, BFx, 1.0, 0.0, 0.0,                             BFy, 0.0, -0.9982243348580297, 0.0595665786934399, BFz, 0.0, -0.05956657869344017, -0.9982243348580321
Time, 0.26, Pos_X, 0.0329361120994, Pos_Y, -0.04082023897290835, Pos_Z, 0.005913743000671289, BFx, 1.0, 0.0, 0.0,                             BFy, 0.0, -0.9981220579571517, 0.0612564887940706, BFz, 0.0, -0.06125648879407088, -0.9981220579571539
Time, 0.262, Pos_X, 0.032798648142119996, Pos_Y, -0.042515025247908886, Pos_Z, 0.0063453009419659825, BFx, 1.0, 0.0, 0.0,                             BFy, 0.0, -0.9980067325661176, 0.06310754117139623, BFz, 0.0, -0.06310754117139651, -0.9980067325661198
Time, 0.264, Pos_X, 0.032644277537839994, Pos_Y, -0.04424398157470945, Pos_Z, 0.006764495751721912, BFx, 1.0, 0.0, 0.0,                             BFy, 0.0, -0.9978758660968622, 0.06514411609220795, BFz, 0.0, -0.06514411609220823, -0.9978758660968644
Time, 0.266, Pos_X, 0.03247329015056, Pos_Y, -0.04600614707030598, Pos_Z, 0.007169343455339172, BFx, 1.0, 0.0, 0.0,                             BFy, 0.0, -0.9977268523632953, 0.06738789263086781, BFz, 0.0, -0.06738789263086808, -0.9977268523632973
Time, 0.268, Pos_X, 0.032286024633879994, Pos_Y, -0.047800439290780504, Pos_Z, 0.007557857642678867, BFx, 1.0, 0.0, 0.0,                             BFy, 0.0, -0.9975568834332721, 0.06985888858903826, BFz, 0.0, -0.06985888858903855, -0.9975568834332741
Time, 0.27, Pos_X, 0.032082875868399995, Pos_Y, -0.04962564746998476, Pos_Z, 0.007928070562641078, BFx, 1.0, 0.0, 0.0,                             BFy, 0.0, -0.9973628552157064, 0.0725764082603481, BFz, 0.0, -0.07257640826034839, -0.9973628552157083
Time, 0.272, Pos_X, 0.03186430180851999, Pos_Y, -0.05148042819267914, Pos_Z, 0.008278051024827501, BFx, 1.0, 0.0, 0.0,                             BFy, 0.0, -0.9971412556297878, 0.07556001800588083, BFz, 0.0, -0.07556001800588112, -0.9971412556297896
Time, 0.274, Pos_X, 0.03163082886363999, Pos_Y, -0.053363308129862605, Pos_Z, 0.0086059247943244, BFx, 1.0, 0.0, 0.0,                             BFy, 0.0, -0.9968880394613433, 0.07883043053870725, BFz, 0.0, -0.07883043053870753, -0.9968880394613452
Time, 0.276, Pos_X, 0.03138305457495999, Pos_Y, -0.05527269111206006, Pos_Z, 0.008909897178660222, BFx, 1.0, 0.0, 0.0,                             BFy, 0.0, -0.9965984982873919, 0.08241015235584842, BFz, 0.0, -0.0824101523558487, -0.9965984982873939
Time, 0.278, Pos_X, 0.031121649969079988, Pos_Y, -0.05720686405699236, Pos_Z, 0.009188276617391552, BFx, 1.0, 0.0, 0.0,                             BFy, 0.0, -0.9962671756978873, 0.08632331450398524, BFz, 0.0, -0.08632331450398553, -0.9962671756978893
Time, 0.28, Pos_X, 0.030847362551199988, Pos_Y, -0.0591640017824967, Pos_Z, 0.009439496863973216, BFx, 1.0, 0.0, 0.0,                             BFy, 0.0, -0.9958878790319726, 0.09059432872535393, BFz, 0.0, -0.09059432872535422, -0.9958878790319747
Time, 0.282, Pos_X, 0.030561017618719995, Pos_Y, -0.06114217325466604, Pos_Z, 0.009662134263130357, BFx, 1.0, 0.0, 0.0,                             BFy, 0.0, -0.995453802159349, 0.09524561809602536, BFz, 0.0, -0.09524561809602566, -0.9954538021593512
Time, 0.284, Pos_X, 0.030263516957039993, Pos_Y, -0.06313934837500634, Pos_Z, 0.009854925326234944, BFx, 1.0, 0.0, 0.0,                             BFy, 0.0, -0.9949575742666003, 0.10029668693192507, BFz, 0.0, -0.1002966869319254, -0.9949575742666026
Time, 0.286, Pos_X, 0.029955836038159992, Pos_Y, -0.06515340622827498, Pos_Z, 0.010016785128834168, BFx, 1.0, 0.0, 0.0,                             BFy, 0.0, -0.9943912566853489, 0.1057640233147852, BFz, 0.0, -0.10576402331478554, -0.9943912566853511
Time, 0.288, Pos_X, 0.029639020832479993, Pos_Y, -0.06718214539589215, Pos_Z, 0.010146823737153117, BFx, 1.0, 0.0, 0.0,                             BFy, 0.0, -0.9937465094171359, 0.11165963917752908, BFz, 0.0, -0.11165963917752945, -0.993746509417138
Time, 0.29, Pos_X, 0.02931418370079999, Pos_Y, -0.06922329588663102, Pos_Z, 0.010244360443922709, BFx, 1.0, 0.0, 0.0,                             BFy, 0.0, -0.9930149305714895, 0.11798876074481796, BFz, 0.0, -0.11798876074481836, -0.9930149305714916
Time, 0.292, Pos_X, 0.028982485336119992, Pos_Y, -0.07127453726271062, Pos_Z, 0.010308940430198843, BFx, 1.0, 0.0, 0.0,                             BFy, 0.0, -0.9921884789608599, 0.12474783451961556, BFz, 0.0, -0.12474783451961596, -0.992188478960862
Time, 0.294, Pos_X, 0.028645122009839992, Pos_Y, -0.07333350774778336, Pos_Z, 0.010340329242768656, BFx, 1.0, 0.0, 0.0,                             BFy, 0.0, -0.9912598768043285, 0.13192367732088772, BFz, 0.0, -0.13192367732088814, -0.9912598768043306
Time, 0.296, Pos_X, 0.028303347468759992, Pos_Y, -0.07539779446371433, Pos_Z, 0.010338497782581377, BFx, 1.0, 0.0, 0.0,                             BFy, 0.0, -0.9902227921662836, 0.139494881176362, BFz, 0.0, -0.1394948811763624, -0.9902227921662857
Time, 0.298, Pos_X, 0.027958474671359992, Pos_Y, -0.07746494220214302, Pos_Z, 0.010303650650673783, BFx, 1.0, 0.0, 0.0,                             BFy, 0.0, -0.9890721949946781, 0.1474319947922004, BFz, 0.0, -0.14743199479220087, -0.9890721949946802
Time, 0.3, Pos_X, 0.027611856725539993, Pos_Y, -0.07953248359732026, Pos_Z, 0.010236243998574342, BFx, 1.0, 0.0, 0.0,                             BFy, 0.0, -0.9878049511362074, 0.1556964306295835, BFz, 0.0, -0.15569643062958397, -0.9878049511362096
Time, 0.302, Pos_X, 0.027264894322579992, Pos_Y, -0.08159796019636223, Pos_Z, 0.010136957263670079, BFx, 1.0, 0.0, 0.0,                             BFy, 0.0, -0.9864203347583956, 0.16424044317747194, BFz, 0.0, -0.16424044317747247, -0.9864203347583979
Time, 0.304, Pos_X, 0.02691905783991999, Pos_Y, -0.08365892049939586, Pos_Z, 0.010006648933994527, BFx, 1.0, 0.0, 0.0,                             BFy, 0.0, -0.9849205004784384, 0.17300753664884105, BFz, 0.0, -0.1730075366488416, -0.9849205004784406
Time, 0.306, Pos_X, 0.02657588820259999, Pos_Y, -0.08571292461093707, Pos_Z, 0.009846303667251876, BFx, 1.0, 0.0, 0.0,                             BFy, 0.0, -0.9833108440188525, 0.18193346045994105, BFz, 0.0, -0.18193346045994163, -0.9833108440188549
Time, 0.308, Pos_X, 0.02623695325027999, Pos_Y, -0.0877576049579118, Pos_Z, 0.009657017842182024, BFx, 1.0, 0.0, 0.0,                             BFy, 0.0, -0.9816002004602057, 0.19094775844843245, BFz, 0.0, -0.19094775844843306, -0.9816002004602081
Time, 0.31, Pos_X, 0.025903814501159993, Pos_Y, -0.08979074100589626, Pos_Z, 0.00944002857245069, BFx, 1.0, 0.0, 0.0,                             BFy, 0.0, -0.9798008125513825, 0.19997591785924423, BFz, 0.0, -0.19997591785924484, -0.9798008125513851
Time, 0.312, Pos_X, 0.025578050332439994, Pos_Y, -0.09181027548203628, Pos_Z, 0.009196696869581498, BFx, 1.0, 0.0, 0.0,                             BFy, 0.0, -0.9779281563333078, 0.2089414297130521, BFz, 0.0, -0.2089414297130527, -0.9779281563333102
Time, 0.314, Pos_X, 0.025261277671319995, Pos_Y, -0.09381429338461288, Pos_Z, 0.00892843262371575, BFx, 1.0, 0.0, 0.0,                             BFy, 0.0, -0.9760006193637086, 0.21776774554936684, BFz, 0.0, -0.2177677455493675, -0.9760006193637112
