Time, 0, Pos_X, 0.0, Pos_Y, 0.0, Pos_Z, 0.0, BFx, 1, 0, 0,                         BFy, 0, -1, 0, BFz, 0, 0, -1
Time, 0.0, Pos_X, 0.0, Pos_Y, 0.0, Pos_Z, 0.0, BFx, 1.0, 0.0, 0.0,                             BFy, 0.0, -1.0, 0.0, BFz, 0.0, 0.0, -1.0
Time, 0.002, Pos_X, 5.236249e-07, Pos_Y, 4.4303424157040755e-07, Pos_Z, -9.822052515689952e-07, BFx, 1.0, 0.0, 0.0,                             BFy, 0.0, -0.9999999503153442, 0.0003152289787793188, BFz, 0.0, -0.0003152289787793188, -0.9999999503153442
Time, 0.004, Pos_X, 2.1065511e-06, Pos_Y, 1.7468246968478916e-06, Pos_Z, -3.9316146581100315e-06, BFx, 1.0, 0.0, 0.0,                             BFy, 0.0, -0.9999997929284762, 0.0006435394355804326, BFz, 0.0, -0.0006435394355804326, -0.9999997929284761
Time, 0.006, Pos_X, 4.7735086200000005e-06, Pos_Y, 3.859396046437509e-06, Pos_Z, -8.854326951087477e-06, BFx, 1.0, 0.0, 0.0,                             BFy, 0.0, -0.9999995138177526, 0.0009860853201942433, BFz, 0.0, -0.0009860853201942436, -0.9999995138177526
Time, 0.008, Pos_X, 8.55002872e-06, Pos_Y, 6.7259174547147944e-06, Pos_Z, -1.5757234911380816e-05, BFx, 1.0, 0.0, 0.0,                             BFy, 0.0, -0.9999990969584381, 0.0013439056174656446, BFz, 0.0, -0.0013439056174656449, -0.9999990969584381
Time, 0.01, Pos_X, 1.3462405820000001e-05, Pos_Y, 1.028865962007923e-05, Pos_Z, -2.4647792619714698e-05, BFx, 1.0, 0.0, 0.0,                             BFy, 0.0, -0.9999985243122534, 0.0017179561449438905, BFz, 0.0, -0.001717956144943891, -0.9999985243122534
Time, 0.012, Pos_X, 1.9537770940000003e-05, Pos_Y, 1.4486830381042727e-05, Pos_Z, -3.5533982528124e-05, BFx, 1.0, 0.0, 0.0,                             BFy, 0.0, -0.9999977763339589, 0.002108868686858715, BFz, 0.0, -0.002108868686858715, -0.9999977763339587
Time, 0.014, Pos_X, 2.680412442e-05, Pos_Y, 1.9256601083708e-05, Pos_Z, -4.8424083537436235e-05, BFx, 1.0, 0.0, 0.0,                             BFy, 0.0, -0.9999968325209517, 0.0025169322725532204, BFz, 0.0, -0.00251693227255322, -0.9999968325209515
Time, 0.016, Pos_X, 3.52904883e-05, Pos_Y, 2.453123677076824e-05, Pos_Z, -6.332627668972305e-05, BFx, 1.0, 0.0, 0.0,                             BFy, 0.0, -0.9999956720146491, 0.0029420999255375265, BFz, 0.0, -0.002942099925537526, -0.9999956720146487
Time, 0.018, Pos_X, 4.502648085999999e-05, Pos_Y, 3.0240833177578062e-05, Pos_Z, -8.02482857038537e-05, BFx, 1.0, 0.0, 0.0,                             BFy, 0.0, -0.9999942743524064, 0.0033839713955093166, BFz, 0.0, -0.0033839713955093158, -0.999994274352406
Time, 0.02, Pos_X, 5.604234072e-05, Pos_Y, 3.631214999294101e-05, Pos_Z, -9.919721904585415e-05, BFx, 1.0, 0.0, 0.0,                             BFy, 0.0, -0.9999926202500705, 0.003841802363458531, BFz, 0.0, -0.00384180236345853, -0.9999926202500701
Time, 0.022, Pos_X, 6.836898491999999e-05, Pos_Y, 4.266842663536494e-05, Pos_Z, -0.00012017930072812827, BFx, 1.0, 0.0, 0.0,                             BFy, 0.0, -0.9999906924072102, 0.004314521868012621, BFz, 0.0, -0.00431452186801262, -0.99999069240721
Time, 0.024, Pos_X, 8.203765308e-05, Pos_Y, 4.9229256635128126e-05, Pos_Z, -0.00014319947182904938, BFx, 1.0, 0.0, 0.0,                             BFy, 0.0, -0.9999884757999851, 0.004800861091887166, BFz, 0.0, -0.004800861091887165, -0.9999884757999848
Time, 0.026, Pos_X, 9.707991491999999e-05, Pos_Y, 5.5910564542029943e-05, Pos_Z, -0.00016826098444518026, BFx, 1.0, 0.0, 0.0,                             BFy, 0.0, -0.9999859581756187, 0.005299382189529337, BFz, 0.0, -0.005299382189529336, -0.9999859581756186
Time, 0.028, Pos_X, 0.00011352759254, Pos_Y, 6.262460488240464e-05, Pos_Z, -0.00019536494190261212, BFx, 1.0, 0.0, 0.0,                             BFy, 0.0, -0.9999831273071966, 0.005809053358321901, BFz, 0.0, -0.0058090533583219, -0.9999831273071965
Time, 0.03, Pos_X, 0.00013141267085999998, Pos_Y, 6.927981791140963e-05, Pos_Z, -0.0002245101754703721, BFx, 1.0, 0.0, 0.0,                             BFy, 0.0, -0.9999799774617881, 0.006328086244878858, BFz, 0.0, -0.006328086244878858, -0.999979977461788
Time, 0.032, Pos_X, 0.00015076714033999999, Pos_Y, 7.578062420635557e-05, Pos_Z, -0.00025569298809355843, BFx, 1.0, 0.0, 0.0,                             BFy, 0.0, -0.9999765063422918, 0.006854689158921939, BFz, 0.0, -0.006854689158921938, -0.9999765063422918
Time, 0.034, Pos_X, 0.0001716227553, Pos_Y, 8.202750617116147e-05, Pos_Z, -0.0002889067083969946, BFx, 1.0, 0.0, 0.0,                             BFy, 0.0, -0.999972715130705, 0.007387082924069389, BFz, 0.0, -0.007387082924069389, -0.9999727151307051
Time, 0.036, Pos_X, 0.00019401122671999993, Pos_Y, 8.791714120759398e-05, Pos_Z, -0.0003241413957073988, BFx, 1.0, 0.0, 0.0,                             BFy, 0.0, -0.9999686083304729, 0.007923531637996683, BFz, 0.0, -0.007923531637996683, -0.999968608330473
Time, 0.038, Pos_X, 0.00021796435423999995, Pos_Y, 9.334262615750145e-05, Pos_Z, -0.0003613832122222017, BFx, 1.0, 0.0, 0.0,                             BFy, 0.0, -0.9999641935406695, 0.008462365896099935, BFz, 0.0, -0.008462365896099932, -0.9999641935406696
Time, 0.04, Pos_X, 0.00024351404165999998, Pos_Y, 9.819386611157917e-05, Pos_Z, -0.00040061380240131333, BFx, 1.0, 0.0, 0.0,                             BFy, 0.0, -0.9999594816708662, 0.009001945152770618, BFz, 0.0, -0.009001945152770615, -0.9999594816708663
Time, 0.042, Pos_X, 0.0002706921635, Pos_Y, 0.00010235764252436734, Pos_Z, -0.0004418098667634106, BFx, 1.0, 0.0, 0.0,                             BFy, 0.0, -0.9999544853216632, 0.009540822034216022, BFz, 0.0, -0.009540822034216016, -0.9999544853216633
Time, 0.044, Pos_X, 0.00029953068441999995, Pos_Y, 0.00010571778399662338, Pos_Z, -0.0004849427896276116, BFx, 1.0, 0.0, 0.0,                             BFy, 0.0, -0.9999492184723284, 0.010077721795165456, BFz, 0.0, -0.01007772179516545, -0.9999492184723285
Time, 0.046, Pos_X, 0.00033006177996, Pos_Y, 0.00010815533860940635, Pos_Z, -0.0005299787331758875, BFx, 1.0, 0.0, 0.0,                             BFy, 0.0, -0.9999436961403915, 0.010611529064833685, BFz, 0.0, -0.010611529064833682, -0.9999436961403915
Time, 0.048, Pos_X, 0.00036231776576000003, Pos_Y, 0.00010954860021130957, Pos_Z, -0.0005768788535623403, BFx, 1.0, 0.0, 0.0,                             BFy, 0.0, -0.9999379332188203, 0.01114135135767165, BFz, 0.0, -0.011141351357671645, -0.9999379332188204
Time, 0.05, Pos_X, 0.00039633087540000007, Pos_Y, 0.00010977320137501543, Pos_Z, -0.0006255997445395942, BFx, 1.0, 0.0, 0.0,                             BFy, 0.0, -0.999931943771134, 0.01166652587887667, BFz, 0.0, -0.011666525878876668, -0.9999319437711341
Time, 0.052, Pos_X, 0.00043213325704, Pos_Y, 0.00010870237997970928, Pos_Z, -0.0006760939945505045, BFx, 1.0, 0.0, 0.0,                             BFy, 0.0, -0.9999257412517715, 0.012186549228409276, BFz, 0.0, -0.012186549228409277, -0.9999257412517716
Time, 0.054, Pos_X, 0.00046975713796, Pos_Y, 0.00010620720766114075, Pos_Z, -0.00072831053685302, BFx, 1.0, 0.0, 0.0,                             BFy, 0.0, -0.9999193380271805, 0.012701080240918207, BFz, 0.0, -0.012701080240918209, -0.9999193380271806
Time, 0.056, Pos_X, 0.0005092353430000001, Pos_Y, 0.00010215537296823914, Pos_Z, -0.000782194757768752, BFx, 1.0, 0.0, 0.0,                             BFy, 0.0, -0.9999127453432011, 0.01320990916789298, BFz, 0.0, -0.01320990916789298, -0.9999127453432011
Time, 0.058, Pos_X, 0.0005506011701200001, Pos_Y, 9.641190165405193e-05, Pos_Z, -0.0008376888181876878, BFx, 1.0, 0.0, 0.0,                             BFy, 0.0, -0.9999059722304362, 0.013713011992523503, BFz, 0.0, -0.013713011992523503, -0.9999059722304363
Time, 0.06, Pos_X, 0.00059388767526, Pos_Y, 8.884115362370264e-05, Pos_Z, -0.0008947320771887077, BFx, 1.0, 0.0, 0.0,                             BFy, 0.0, -0.9998990256567037, 0.014210506351831879, BFz, 0.0, -0.014210506351831879, -0.9998990256567039
Time, 0.062, Pos_X, 0.0006391283493800001, Pos_Y, 7.93073553724351e-05, Pos_Z, -0.0009532614602764612, BFx, 1.0, 0.0, 0.0,                             BFy, 0.0, -0.9998919085346815, 0.01470276323935354, BFz, 0.0, -0.01470276323935354, -0.9998919085346818
Time, 0.064, Pos_X, 0.0006863575864400001, Pos_Y, 6.767486867210345e-05, Pos_Z, -0.0010132118384494654, BFx, 1.0, 0.0, 0.0,                             BFy, 0.0, -0.9998846209514396, 0.015190285869459278, BFz, 0.0, -0.01519028586945928, -0.99988462095144
Time, 0.066, Pos_X, 0.0007356106352000002, Pos_Y, 5.380797186532512e-05, Pos_Z, -0.0010745160527672938, BFx, 1.0, 0.0, 0.0,                             BFy, 0.0, -0.9998771567248034, 0.015673910166974774, BFz, 0.0, -0.015673910166974777, -0.9998771567248039
Time, 0.068, Pos_X, 0.0007869237551600002, Pos_Y, 3.7570677189276085e-05, Pos_Z, -0.0011371051674130817, BFx, 1.0, 0.0, 0.0,                             BFy, 0.0, -0.9998695045683834, 0.01615468458913872, BFz, 0.0, -0.016154684589138723, -0.9998695045683841
Time, 0.07, Pos_X, 0.0008403346616400003, Pos_Y, 1.8826672741579277e-05, Pos_Z, -0.0012009085854448466, BFx, 1.0, 0.0, 0.0,                             BFy, 0.0, -0.9998616494900859, 0.01663375721128224, BFz, 0.0, -0.01663375721128224, -0.9998616494900865
Time, 0.072, Pos_X, 0.00089588290744, Pos_Y, -2.560441445309119e-06, Pos_Z, -0.0012658544289294315, BFx, 1.0, 0.0, 0.0,                             BFy, 0.0, -0.9998535689577847, 0.017112587249744418, BFz, 0.0, -0.01711258724974441, -0.9998535689577852
Time, 0.074, Pos_X, 0.00095360999824, Pos_Y, -2.6727041678731006e-05, Pos_Z, -0.0013318700075502987, BFx, 1.0, 0.0, 0.0,                             BFy, 0.0, -0.9998452341887605, 0.01759283007427127, BFz, 0.0, -0.01759283007427126, -0.9998452341887611
Time, 0.076, Pos_X, 0.00101355936944, Pos_Y, -5.3809305490009285e-05, Pos_Z, -0.0013988817452775645, BFx, 1.0, 0.0, 0.0,                             BFy, 0.0, -0.9998366096740094, 0.018076336896126366, BFz, 0.0, -0.018076336896126356, -0.99983660967401
Time, 0.078, Pos_X, 0.0010757765314400002, Pos_Y, -8.394268979771929e-05, Pos_Z, -0.0014668152509243874, BFx, 1.0, 0.0, 0.0,                             BFy, 0.0, -0.9998276539084564, 0.018565087662369716, BFz, 0.0, -0.0185650876623697, -0.9998276539084571
Time, 0.08, Pos_X, 0.0011403094157800002, Pos_Y, -0.00011726180252497753, Pos_Z, -0.0015355952116519087, BFx, 1.0, 0.0, 0.0,                             BFy, 0.0, -0.999818318760003, 0.019061203317752136, BFz, 0.0, -0.019061203317752125, -0.9998183187600038
Time, 0.082, Pos_X, 0.0012072079690600003, Pos_Y, -0.00015390022370954037, Pos_Z, -0.0016051452094374722, BFx, 1.0, 0.0, 0.0,                             BFy, 0.0, -0.9998085516585884, 0.01956680940663338, BFz, 0.0, -0.019566809406633374, -0.9998085516585891
Time, 0.084, Pos_X, 0.0012765239322800003, Pos_Y, -0.0001939903319995648, Pos_Z, -0.001675387342238713, BFx, 1.0, 0.0, 0.0,                             BFy, 0.0, -0.9997982968266709, 0.020083965307865454, BFz, 0.0, -0.020083965307865447, -0.9997982968266715
Time, 0.086, Pos_X, 0.00134831100984, Pos_Y, -0.00023766324979294988, Pos_Z, -0.0017462423086504314, BFx, 1.0, 0.0, 0.0,                             BFy, 0.0, -0.9997874985277595, 0.020614504301699282, BFz, 0.0, -0.02061450430169928, -0.9997874985277602
Time, 0.088, Pos_X, 0.001422624794, Pos_Y, -0.0002850487886713423, Pos_Z, -0.0018176298040925066, BFx, 1.0, 0.0, 0.0,                             BFy, 0.0, -0.9997761027302666, 0.021159971868576887, BFz, 0.0, -0.021159971868576884, -0.9997761027302673
Time, 0.09, Pos_X, 0.00149952266136, Pos_Y, -0.0003362754012370576, Pos_Z, -0.0018894689414627125, BFx, 1.0, 0.0, 0.0,                             BFy, 0.0, -0.9997640637048529, 0.021721347204036855, BFz, 0.0, -0.021721347204036852, -0.9997640637048537
Time, 0.092, Pos_X, 0.0015790635339200001, Pos_Y, -0.00039147005830881783, Pos_Z, -0.0019616790101563597, BFx, 1.0, 0.0, 0.0,                             BFy, 0.0, -0.999751343561597, 0.02229912659234703, BFz, 0.0, -0.022299126592347028, -0.9997513435615978
Time, 0.094, Pos_X, 0.0016613075695400001, Pos_Y, -0.00045075820880391464, Pos_Z, -0.0020341804917490803, BFx, 1.0, 0.0, 0.0,                             BFy, 0.0, -0.9997379160374346, 0.022893213778916895, BFz, 0.0, -0.0228932137789169, -0.9997379160374353
Time, 0.096, Pos_X, 0.0017463153793200001, Pos_Y, -0.0005142634251794692, Pos_Z, -0.002106896222253946, BFx, 1.0, 0.0, 0.0,                             BFy, 0.0, -0.9997237672491571, 0.023502961454955486, BFz, 0.0, -0.02350296145495549, -0.9997237672491577
Time, 0.098, Pos_X, 0.0018341476536000002, Pos_Y, -0.0005821073287142952, Pos_Z, -0.0021797527017630614, BFx, 1.0, 0.0, 0.0,                             BFy, 0.0, -0.9997088936576903, 0.024127327695311666, BFz, 0.0, -0.024127327695311673, -0.9997088936576909
Time, 0.1, Pos_X, 0.0019248648422200004, Pos_Y, -0.0006544094727915983, Pos_Z, -0.0022526816068300197, BFx, 1.0, 0.0, 0.0,                             BFy, 0.0, -0.9996933042548022, 0.02476484258208404, BFz, 0.0, -0.024764842582084043, -0.9996933042548029
Time, 0.102, Pos_X, 0.00201852670318, Pos_Y, -0.0007312870378876265, Pos_Z, -0.0023256210201317816, BFx, 1.0, 0.0, 0.0,                             BFy, 0.0, -0.9996770191449065, 0.02541372451164989, BFz, 0.0, -0.025413724511649898, -0.9996770191449071
Time, 0.104, Pos_X, 0.00211519213534, Pos_Y, -0.0008128546602567428, Pos_Z, -0.002398516547693899, BFx, 1.0, 0.0, 0.0,                             BFy, 0.0, -0.9996600663348648, 0.026072049696437446, BFz, 0.0, -0.026072049696437456, -0.9996600663348655
Time, 0.106, Pos_X, 0.00221491880144, Pos_Y, -0.0008992244412655795, Pos_Z, -0.0024713217726891833, BFx, 1.0, 0.0, 0.0,                             BFy, 0.0, -0.9996424773420425, 0.026737941084980617, BFz, 0.0, -0.02673794108498063, -0.9996424773420431
Time, 0.108, Pos_X, 0.0023177630286800002, Pos_Y, -0.0009905061537974049, Pos_Z, -0.002543998266001038, BFx, 1.0, 0.0, 0.0,                             BFy, 0.0, -0.9996242874327306, 0.027409559912658542, BFz, 0.0, -0.027409559912658556, -0.9996242874327314
Time, 0.11, Pos_X, 0.0024237795297200005, Pos_Y, -0.0010868073404092418, Pos_Z, -0.002616515524493787, BFx, 1.0, 0.0, 0.0,                             BFy, 0.0, -0.9996055343008321, 0.028085152574767375, BFz, 0.0, -0.02808515257476739, -0.9996055343008329
Time, 0.112, Pos_X, 0.0025330213402600006, Pos_Y, -0.0011882333024270876, Pos_Z, -0.0026888506105202225, BFx, 1.0, 0.0, 0.0,                             BFy, 0.0, -0.9995862570258053, 0.028763079896641446, BFz, 0.0, -0.028763079896641463, -0.9995862570258062
Time, 0.114, Pos_X, 0.0026455400364200007, Pos_Y, -0.0012948870147711227, Pos_Z, -0.0027609876348554706, BFx, 1.0, 0.0, 0.0,                             BFy, 0.0, -0.9995664916548396, 0.029441955791616882, BFz, 0.0, -0.029441955791616896, -0.9995664916548406
Time, 0.116, Pos_X, 0.002761385516300001, Pos_Y, -0.0014068691087975398, Pos_Z, -0.002832916883437646, BFx, 1.0, 0.0, 0.0,                             BFy, 0.0, -0.9995462705303669, 0.030120641906086924, BFz, 0.0, -0.030120641906086945, -0.9995462705303678
Time, 0.118, Pos_X, 0.00288060591318, Pos_Y, -0.0015242779012309313, Pos_Z, -0.0029046336536468335, BFx, 1.0, 0.0, 0.0,                             BFy, 0.0, -0.9995256161809631, 0.03079841875919149, BFz, 0.0, -0.030798418759191513, -0.999525616180964
Time, 0.12, Pos_X, 0.00300324736814, Pos_Y, -0.0016472098858497115, Pos_Z, -0.0029761368807784717, BFx, 1.0, 0.0, 0.0,                             BFy, 0.0, -0.9995045409459915, 0.03147495239620669, BFz, 0.0, -0.03147495239620672, -0.9995045409459924
Time, 0.122, Pos_X, 0.0031293539249800002, Pos_Y, -0.0017757601804308325, Pos_Z, -0.0030474275230715376, BFx, 1.0, 0.0, 0.0,                             BFy, 0.0, -0.9994830434288162, 0.032150363890187175, BFz, 0.0, -0.0321503638901872, -0.9994830434288172
Time, 0.124, Pos_X, 0.0032589676952200003, Pos_Y, -0.001910022879173506, Pos_Z, -0.003118507266421827, BFx, 1.0, 0.0, 0.0,                             BFy, 0.0, -0.999461108885031, 0.03282517062110156, BFz, 0.0, -0.03282517062110159, -0.9994611088850321
Time, 0.126, Pos_X, 0.0033921286759200004, Pos_Y, -0.0020500914508183436, Pos_Z, -0.0031893773529269474, BFx, 1.0, 0.0, 0.0,                             BFy, 0.0, -0.9994387175163533, 0.03349999894428845, BFz, 0.0, -0.03349999894428848, -0.9994387175163545
Time, 0.128, Pos_X, 0.0035288745650800006, Pos_Y, -0.002196058667164775, Pos_Z, -0.0032600376051064224, BFx, 1.0, 0.0, 0.0,                             BFy, 0.0, -0.9994158441426204, 0.034175583048337, BFz, 0.0, -0.034175583048337024, -0.9994158441426216
Time, 0.13, Pos_X, 0.003669240286980001, Pos_Y, -0.0023480167535138642, Pos_Z, -0.003330485601682803, BFx, 1.0, 0.0, 0.0,                             BFy, 0.0, -0.9993924675987442, 0.0348524849457438, BFz, 0.0, -0.03485248494574383, -0.9993924675987452
Time, 0.132, Pos_X, 0.003813257764820001, Pos_Y, -0.0025060577389057178, Pos_Z, -0.0034007158740737226, BFx, 1.0, 0.0, 0.0,                             BFy, 0.0, -0.9993685809074264, 0.03553082457637972, BFz, 0.0, -0.03553082457637975, -0.9993685809074272
Time, 0.134, Pos_X, 0.003960955656140001, Pos_Y, -0.002670273700743644, Pos_Z, -0.0034707195972492957, BFx, 1.0, 0.0, 0.0,                             BFy, 0.0, -0.9993441995736935, 0.03621009221770844, BFz, 0.0, -0.036210092217708476, -0.9993441995736942
Time, 0.136, Pos_X, 0.004112358456420002, Pos_Y, -0.0028407571463045954, Pos_Z, -0.0035404847508945366, BFx, 1.0, 0.0, 0.0,                             BFy, 0.0, -0.9993193673805318, 0.036889049569955784, BFz, 0.0, -0.03688904956995582, -0.9993193673805325
Time, 0.138, Pos_X, 0.0042674860844600015, Pos_Y, -0.003017601281065781, Pos_Z, -0.00360999632843205, BFx, 1.0, 0.0, 0.0,                             BFy, 0.0, -0.9992941616864738, 0.03756565478370534, BFz, 0.0, -0.03756565478370537, -0.9992941616864744
Time, 0.14, Pos_X, 0.004426353224980002, Pos_Y, -0.0032009001267125836, Pos_Z, -0.0036792366355608615, BFx, 1.0, 0.0, 0.0,                             BFy, 0.0, -0.999268692484061, 0.03823715759827989, BFz, 0.0, -0.03823715759827992, -0.9992686924840617
Time, 0.142, Pos_X, 0.0045889686853, Pos_Y, -0.003390748919900328, Pos_Z, -0.003748185932405107, BFx, 1.0, 0.0, 0.0,                             BFy, 0.0, -0.9992431013241755, 0.038900185809893476, BFz, 0.0, -0.0389001858098935, -0.9992431013241762
Time, 0.144, Pos_X, 0.0047553346202199994, Pos_Y, -0.003587244531320105, Pos_Z, -0.0038168233593064687, BFx, 1.0, 0.0, 0.0,                             BFy, 0.0, -0.9992175518951711, 0.0395510301335089, BFz, 0.0, -0.03955103013350893, -0.9992175518951718
Time, 0.146, Pos_X, 0.00492544524134, Pos_Y, -0.0037904857118424467, Pos_Z, -0.0038851280831695, BFx, 1.0, 0.0, 0.0,                             BFy, 0.0, -0.9991922258170746, 0.04018576696693989, BFz, 0.0, -0.040185766966939915, -0.9991922258170752
Time, 0.148, Pos_X, 0.00509928628166, Pos_Y, -0.004000573575932397, Pos_Z, -0.0039530807750675565, BFx, 1.0, 0.0, 0.0,                             BFy, 0.0, -0.9991673122546271, 0.04080051619606523, BFz, 0.0, -0.04080051619606525, -0.9991673122546277
Time, 0.15, Pos_X, 0.00527683466098, Pos_Y, -0.004217611969683626, Pos_Z, -0.004020665077083768, BFx, 1.0, 0.0, 0.0,                             BFy, 0.0, -0.9991430024079033, 0.041391553961176185, BFz, 0.0, -0.04139155396117621, -0.9991430024079042
Time, 0.152, Pos_X, 0.0054580582013, Pos_Y, -0.004441707635468616, Pos_Z, -0.004087868717027989, BFx, 1.0, 0.0, 0.0,                             BFy, 0.0, -0.9991194809454002, 0.04195548587961972, BFz, 0.0, -0.04195548587961975, -0.999119480945401
Time, 0.154, Pos_X, 0.00564291535442, Pos_Y, -0.004672970417035717, Pos_Z, -0.004154684203371939, BFx, 1.0, 0.0, 0.0,                             BFy, 0.0, -0.9990969113646996, 0.042489548144440045, BFz, 0.0, -0.04248954814444008, -0.9990969113647005
Time, 0.156, Pos_X, 0.00583135508526, Pos_Y, -0.004911513344440284, Pos_Z, -0.004221109237471702, BFx, 1.0, 0.0, 0.0,                             BFy, 0.0, -0.9990754429369069, 0.04299138658411355, BFz, 0.0, -0.04299138658411359, -0.9990754429369078
Time, 0.158, Pos_X, 0.0060233167822200005, Pos_Y, -0.005157452823890855, Pos_Z, -0.00428714699377747, BFx, 1.0, 0.0, 0.0,                             BFy, 0.0, -0.9990552079908727, 0.04345907714523981, BFz, 0.0, -0.04345907714523985, -0.9990552079908734
Time, 0.16, Pos_X, 0.006218730253380001, Pos_Y, -0.005410909036084052, Pos_Z, -0.004352805911427258, BFx, 1.0, 0.0, 0.0,                             BFy, 0.0, -0.9990363207675483, 0.04389111285034734, BFz, 0.0, -0.04389111285034737, -0.9990363207675491
Time, 0.162, Pos_X, 0.006417516075040001, Pos_Y, -0.005672006275962664, Pos_Z, -0.004418099245347194, BFx, 1.0, 0.0, 0.0,                             BFy, 0.0, -0.9990188770489684, 0.044286378264875456, BFz, 0.0, -0.0442863782648755, -0.9990188770489691
Time, 0.164, Pos_X, 0.0066195861036800014, Pos_Y, -0.005940873250084001, Pos_Z, -0.004483044850423032, BFx, 1.0, 0.0, 0.0,                             BFy, 0.0, -0.9990029605871716, 0.0446439776237218, BFz, 0.0, -0.04464397762372184, -0.9990029605871724
Time, 0.166, Pos_X, 0.006824843992100002, Pos_Y, -0.006217643674250704, Pos_Z, -0.0045476647919627106, BFx, 1.0, 0.0, 0.0,                             BFy, 0.0, -0.9989886507438098, 0.044963047995701076, BFz, 0.0, -0.04496304799570111, -0.9989886507438106
Time, 0.168, Pos_X, 0.007033186331720002, Pos_Y, -0.0065024566997277196, Pos_Z, -0.004611984723982692, BFx, 1.0, 0.0, 0.0,                             BFy, 0.0, -0.9989760206518008, 0.045242791278769366, BFz, 0.0, -0.0452427912787694, -0.9989760206518017
Time, 0.17, Pos_X, 0.0072445037668400014, Pos_Y, -0.0067954569502597885, Pos_Z, -0.004676033367234535, BFx, 1.0, 0.0, 0.0,                             BFy, 0.0, -0.9989651393758475, 0.04548241761158831, BFz, 0.0, -0.04548241761158835, -0.9989651393758485
Time, 0.172, Pos_X, 0.0074586814990399986, Pos_Y, -0.00709679473606796, Pos_Z, -0.004739841578791261, BFx, 1.0, 0.0, 0.0,                             BFy, 0.0, -0.9989560708057627, 0.04568116242296365, BFz, 0.0, -0.045681162422963675, -0.9989560708057637
Time, 0.174, Pos_X, 0.007675600433919998, Pos_Y, -0.007406626248816204, Pos_Z, -0.0048034411286177105, BFx, 1.0, 0.0, 0.0,                             BFy, 0.0, -0.9989488750693912, 0.04583824819513721, BFz, 0.0, -0.045838248195137245, -0.9989488750693922
Time, 0.176, Pos_X, 0.007895138535139998, Pos_Y, -0.007725113548596322, Pos_Z, -0.004866863585278034, BFx, 1.0, 0.0, 0.0,                             BFy, 0.0, -0.9989436066431159, 0.045952918806592406, BFz, 0.0, -0.04595291880659244, -0.9989436066431169
Time, 0.178, Pos_X, 0.008117172555579998, Pos_Y, -0.00805242460408491, Pos_Z, -0.004930138915582702, BFx, 1.0, 0.0, 0.0,                             BFy, 0.0, -0.9989403053292639, 0.046024628066709365, BFz, 0.0, -0.046024628066709414, -0.9989403053292648
Time, 0.18, Pos_X, 0.008341579813099997, Pos_Y, -0.008388733061107542, Pos_Z, -0.004993293785097109, BFx, 1.0, 0.0, 0.0,                             BFy, 0.0, -0.9989389980848713, 0.04605299235875771, BFz, 0.0, -0.04605299235875776, -0.9989389980848722
Time, 0.182, Pos_X, 0.008568240063919997, Pos_Y, -0.008734218065790413, Pos_Z, -0.0050563494591089, BFx, 1.0, 0.0, 0.0,                             BFy, 0.0, -0.9989396972623659, 0.04603782394265558, BFz, 0.0, -0.04603782394265563, -0.9989396972623669
Time, 0.184, Pos_X, 0.008797037421159998, Pos_Y, -0.009089064125785225, Pos_Z, -0.005119319910157233, BFx, 1.0, 0.0, 0.0,                             BFy, 0.0, -0.9989423982313254, 0.0459791802433478, BFz, 0.0, -0.04597918024334786, -0.9989423982313262
Time, 0.186, Pos_X, 0.009027861938579998, Pos_Y, -0.009453460678352052, Pos_Z, -0.0051822103120758144, BFx, 1.0, 0.0, 0.0,                             BFy, 0.0, -0.9989470784252259, 0.04587738555876463, BFz, 0.0, -0.04587738555876471, -0.9989470784252269
Time, 0.188, Pos_X, 0.009260611477179999, Pos_Y, -0.009827602177190467, Pos_Z, -0.005245015588666953, BFx, 1.0, 0.0, 0.0,                             BFy, 0.0, -0.9989537008840562, 0.04573295846596344, BFz, 0.0, -0.045732958465963515, -0.9989537008840573
Time, 0.19, Pos_X, 0.009495193561299999, Pos_Y, -0.01021168815364716, Pos_Z, -0.005307719271595904, BFx, 1.0, 0.0, 0.0,                             BFy, 0.0, -0.9989622121980736, 0.045546663986866055, BFz, 0.0, -0.045546663986866125, -0.9989622121980748
Time, 0.192, Pos_X, 0.009731527011559998, Pos_Y, -0.010605922910264307, Pos_Z, -0.005370292246611005, BFx, 1.0, 0.0, 0.0,                             BFy, 0.0, -0.9989725423884056, 0.04531952729284271, BFz, 0.0, -0.045319527292842776, -0.9989725423884068
Time, 0.194, Pos_X, 0.009969543159599999, Pos_Y, -0.011010515151666393, Pos_Z, -0.005432691642654833, BFx, 1.0, 0.0, 0.0,                             BFy, 0.0, -0.9989846087520249, 0.045052763251166625, BFz, 0.0, -0.0450527632511667, -0.9989846087520259
Time, 0.196, Pos_X, 0.010209186833219999, Pos_Y, -0.011425677684452523, Pos_Z, -0.005494859650951261, BFx, 1.0, 0.0, 0.0,                             BFy, 0.0, -0.9989983140763301, 0.04474783204415889, BFz, 0.0, -0.044747832044158976, -0.998998314076331
Time, 0.198, Pos_X, 0.010450416937879998, Pos_Y, -0.011851627111939914, Pos_Z, -0.005556722385706103, BFx, 1.0, 0.0, 0.0,                             BFy, 0.0, -0.9990135473921608, 0.044406442403470726, BFz, 0.0, -0.04440644240347082, -0.9990135473921616
Time, 0.2, Pos_X, 0.010693207014359999, Pos_Y, -0.012288583455703076, Pos_Z, -0.005618189167970421, BFx, 1.0, 0.0, 0.0,                             BFy, 0.0, -0.9990301790442069, 0.04403068655950551, BFz, 0.0, -0.044030686559505594, -0.9990301790442077
Time, 0.202, Pos_X, 0.010937545550359999, Pos_Y, -0.012736769803233187, Pos_Z, -0.00567915198004288, BFx, 1.0, 0.0, 0.0,                             BFy, 0.0, -0.9990480653436925, 0.04362296566060897, BFz, 0.0, -0.04362296566060905, -0.9990480653436934
Time, 0.204, Pos_X, 0.011183435836759995, Pos_Y, -0.013196411846473377, Pos_Z, -0.0057394843653186655, BFx, 1.0, 0.0, 0.0,                             BFy, 0.0, -0.999067051478272, 0.04318595431981466, BFz, 0.0, -0.04318595431981474, -0.9990670514782729
Time, 0.206, Pos_X, 0.011430895809799994, Pos_Y, -0.013667737773568969, Pos_Z, -0.00579904052915131, BFx, 1.0, 0.0, 0.0,                             BFy, 0.0, -0.9990869795804054, 0.04272244413542466, BFz, 0.0, -0.042722444135424746, -0.9990869795804062
Time, 0.208, Pos_X, 0.011679956872559995, Pos_Y, -0.014150978325463989, Pos_Z, -0.005857655456683765, BFx, 1.0, 0.0, 0.0,                             BFy, 0.0, -0.9991076863358641, 0.04223542475929758, BFz, 0.0, -0.04223542475929766, -0.999107686335865
Time, 0.21, Pos_X, 0.011930662794159995, Pos_Y, -0.014646366867867567, Pos_Z, -0.0059151454721655975, BFx, 1.0, 0.0, 0.0,                             BFy, 0.0, -0.9991289995023213, 0.0417281961447199, BFz, 0.0, -0.04172819614471998, -0.9991289995023221
Time, 0.212, Pos_X, 0.012183068604459994, Pos_Y, -0.015154139364249327, Pos_Z, -0.005971309396995194, BFx, 1.0, 0.0, 0.0,                             BFy, 0.0, -0.9991507459494523, 0.0412042093560173, BFz, 0.0, -0.04120420935601738, -0.9991507459494532
Time, 0.214, Pos_X, 0.012437238627359994, Pos_Y, -0.015674534335952183, Pos_Z, -0.006025930534960272, BFx, 1.0, 0.0, 0.0,                             BFy, 0.0, -0.9991727551529616, 0.04066700579144675, BFz, 0.0, -0.040667005791446824, -0.9991727551529624
Time, 0.216, Pos_X, 0.012693244236559993, Pos_Y, -0.01620779245249439, Pos_Z, -0.0060787792538013604, BFx, 1.0, 0.0, 0.0,                             BFy, 0.0, -0.9991948550737386, 0.04012033890898627, BFz, 0.0, -0.04012033890898636, -0.9991948550737394
Time, 0.218, Pos_X, 0.012951161601079994, Pos_Y, -0.016754156072457012, Pos_Z, -0.006129615511619854, BFx, 1.0, 0.0, 0.0,                             BFy, 0.0, -0.9992168741557589, 0.03956814883711337, BFz, 0.0, -0.03956814883711346, -0.9992168741557595
Time, 0.22, Pos_X, 0.013211069521359994, Pos_Y, -0.017313869067708765, Pos_Z, -0.006178192054622601, BFx, 1.0, 0.0, 0.0,                             BFy, 0.0, -0.9992386476193018, 0.03901442174312395, BFz, 0.0, -0.03901442174312404, -0.9992386476193025
Time, 0.222, Pos_X, 0.013473046647639994, Pos_Y, -0.01788717634215082, Pos_Z, -0.0062242581826521615, BFx, 1.0, 0.0, 0.0,                             BFy, 0.0, -0.9992600248996993, 0.03846300348976439, BFz, 0.0, -0.03846300348976448, -0.9992600248997
Time, 0.224, Pos_X, 0.013737168548359994, Pos_Y, -0.01847432348059217, Pos_Z, -0.006267563706781128, BFx, 1.0, 0.0, 0.0,                             BFy, 0.0, -0.9992808736536157, 0.037917483435318415, BFz, 0.0, -0.037917483435318505, -0.9992808736536164
Time, 0.226, Pos_X, 0.014003504728999994, Pos_Y, -0.019075556465694744, Pos_Z, -0.006307863301085301, BFx, 1.0, 0.0, 0.0,                             BFy, 0.0, -0.9993010859785062, 0.03738100536608746, BFz, 0.0, -0.03738100536608755, -0.999301085978507
Time, 0.228, Pos_X, 0.014272116139839995, Pos_Y, -0.01969112095973671, Pos_Z, -0.006344921231109302, BFx, 1.0, 0.0, 0.0,                             BFy, 0.0, -0.99932057925554, 0.03685620539846451, BFz, 0.0, -0.0368562053984646, -0.9993205792555406
Time, 0.23, Pos_X, 0.014543051211279995, Pos_Y, -0.020321262675436994, Pos_Z, -0.006378517062990846, BFx, 1.0, 0.0, 0.0,                             BFy, 0.0, -0.9993393036003896, 0.03634496222986541, BFz, 0.0, -0.036344962229865496, -0.9993393036003902
Time, 0.232, Pos_X, 0.014816341278719995, Pos_Y, -0.020966228667340398, Pos_Z, -0.006408450877149546, BFx, 1.0, 0.0, 0.0,                             BFy, 0.0, -0.9993572488446264, 0.0358481405612803, BFz, 0.0, -0.03584814056128038, -0.9993572488446271
Time, 0.234, Pos_X, 0.015091998235439996, Pos_Y, -0.021626267509006206, Pos_Z, -0.006434547907874443, BFx, 1.0, 0.0, 0.0,                             BFy, 0.0, -0.9993744403377199, 0.03536563303082654, BFz, 0.0, -0.03536563303082661, -0.9993744403377206
Time, 0.236, Pos_X, 0.015370012241139992, Pos_Y, -0.022301629388875407, Pos_Z, -0.006456662224425384, BFx, 1.0, 0.0, 0.0,                             BFy, 0.0, -0.9993909305093512, 0.03489653300336685, BFz, 0.0, -0.03489653300336691, -0.9993909305093521
Time, 0.238, Pos_X, 0.015650348970739993, Pos_Y, -0.02299256631215056, Pos_Z, -0.00647467862419713, BFx, 1.0, 0.0, 0.0,                             BFy, 0.0, -0.9994067947076485, 0.03443920283900665, BFz, 0.0, -0.03443920283900672, -0.9994067947076493
Time, 0.24, Pos_X, 0.015932946474039995, Pos_Y, -0.023699331785874928, Pos_Z, -0.006488516055730598, BFx, 1.0, 0.0, 0.0,                             BFy, 0.0, -0.9994221206512868, 0.033991539430963905, BFz, 0.0, -0.03399153943096397, -0.9994221206512875
Time, 0.242, Pos_X, 0.016217712174039996, Pos_Y, -0.02442218088981671, Pos_Z, -0.00649813266858153, BFx, 1.0, 0.0, 0.0,                             BFy, 0.0, -0.9994370011678596, 0.0335511653538028, BFz, 0.0, -0.03355116535380286, -0.9994370011678604
Time, 0.244, Pos_X, 0.016504521503239996, Pos_Y, -0.025161370404781183, Pos_Z, -0.006503528977172618, BFx, 1.0, 0.0, 0.0,                             BFy, 0.0, -0.9994515254113183, 0.033115681375913385, BFz, 0.0, -0.03311568137591345, -0.9994515254113192
Time, 0.246, Pos_X, 0.016793216846919996, Pos_Y, -0.025917158955742384, Pos_Z, -0.006504749383485133, BFx, 1.0, 0.0, 0.0,                             BFy, 0.0, -0.9994657690455597, 0.03268296966571469, BFz, 0.0, -0.032682969665714746, -0.9994657690455606
Time, 0.248, Pos_X, 0.017083605985819997, Pos_Y, -0.026689807484653, Pos_Z, -0.006501884057400992, BFx, 1.0, 0.0, 0.0,                             BFy, 0.0, -0.9994797876970388, 0.032251418342216606, BFz, 0.0, -0.032251418342216655, -0.9994797876970397
Time, 0.25, Pos_X, 0.017375461367999997, Pos_Y, -0.027479580165312892, Pos_Z, -0.006495070572313129, BFx, 1.0, 0.0, 0.0,                             BFy, 0.0, -0.9994936159611222, 0.03181998826151511, BFz, 0.0, -0.03181998826151515, -0.9994936159611231
Time, 0.252, Pos_X, 0.017668519722599998, Pos_Y, -0.02828674556014209, Pos_Z, -0.006484494957025712, BFx, 1.0, 0.0, 0.0,                             BFy, 0.0, -0.9995072661963325, 0.03138829114073647, BFz, 0.0, -0.03138829114073652, -0.9995072661963333
Time, 0.254, Pos_X, 0.017962482490419998, Pos_Y, -0.029111577550096707, Pos_Z, -0.006470391688571133, BFx, 1.0, 0.0, 0.0,                             BFy, 0.0, -0.9995207329428418, 0.03095649233046416, BFz, 0.0, -0.030956492330464214, -0.9995207329428427
Time, 0.256, Pos_X, 0.018257016807179997, Pos_Y, -0.029954356070856645, Pos_Z, -0.006453041335475813, BFx, 1.0, 0.0, 0.0,                             BFy, 0.0, -0.9995339971381167, 0.03052521195833756, BFz, 0.0, -0.03052521195833761, -0.9995339971381175
Time, 0.258, Pos_X, 0.018551755999892797, Pos_Y, -0.030815367481109156, Pos_Z, -0.006432766296067715, BFx, 1.0, 0.0, 0.0,                             BFy, 0.0, -0.9995470348159825, 0.03009526857463481, BFz, 0.0, -0.030095268574634862, -0.9995470348159833
Time, 0.26, Pos_X, 0.018846300620638398, Pos_Y, -0.03169490541116115, Pos_Z, -0.006409925721021542, BFx, 1.0, 0.0, 0.0,                             BFy, 0.0, -0.9995598197512902, 0.029667604196676835, BFz, 0.0, -0.029667604196676887, -0.999559819751291
Time, 0.262, Pos_X, 0.019140220937103998, Pos_Y, -0.032593271952706206, Pos_Z, -0.006384909630676649, BFx, 1.0, 0.0, 0.0,                             BFy, 0.0, -0.9995723288855429, 0.02924310733034999, BFz, 0.0, -0.029243107330350043, -0.9995723288855438
Time, 0.264, Pos_X, 0.019433060083969597, Pos_Y, -0.033510778769466475, Pos_Z, -0.006358131473034848, BFx, 1.0, 0.0, 0.0,                             BFy, 0.0, -0.9995845368403039, 0.028822798437299575, BFz, 0.0, -0.028822798437299627, -0.999584536840305
Time, 0.266, Pos_X, 0.019724337419395197, Pos_Y, -0.0344477475972697, Pos_Z, -0.006330018969791839, BFx, 1.0, 0.0, 0.0,                             BFy, 0.0, -0.9995964064077534, 0.028408173061775708, BFz, 0.0, -0.02840817306177576, -0.9995964064077545
Time, 0.268, Pos_X, 0.0200135524231608, Pos_Y, -0.03540451081807398, Pos_Z, -0.006301004605374064, BFx, 1.0, 0.0, 0.0,                             BFy, 0.0, -0.9996078891880754, 0.028001211990952565, BFz, 0.0, -0.028001211990952617, -0.9996078891880765
Time, 0.27, Pos_X, 0.0203001888775464, Pos_Y, -0.03638141208710145, Pos_Z, -0.006271515681448053, BFx, 1.0, 0.0, 0.0,                             BFy, 0.0, -0.9996189246996907, 0.02760444497243715, BFz, 0.0, -0.027604444972437206, -0.9996189246996919
Time, 0.272, Pos_X, 0.020583719321492, Pos_Y, -0.03737880631536553, Pos_Z, -0.006241964088336035, BFx, 1.0, 0.0, 0.0,                             BFy, 0.0, -0.9996294243757315, 0.027221570899679356, BFz, 0.0, -0.02722157089967941, -0.9996294243757328
Time, 0.274, Pos_X, 0.0208636098552176, Pos_Y, -0.03839705898444241, Pos_Z, -0.006212735788686793, BFx, 1.0, 0.0, 0.0,                             BFy, 0.0, -0.9996392583103406, 0.026858020119787485, BFz, 0.0, -0.026858020119787544, -0.9996392583103418
Time, 0.276, Pos_X, 0.0211393263734432, Pos_Y, -0.039436544234637154, Pos_Z, -0.006184179802624364, BFx, 1.0, 0.0, 0.0,                             BFy, 0.0, -0.9996482389953283, 0.026521656689242792, BFz, 0.0, -0.026521656689242855, -0.9996482389953295
Time, 0.278, Pos_X, 0.0214103404776688, Pos_Y, -0.040497643109385015, Pos_Z, -0.00615659787539467, BFx, 1.0, 0.0, 0.0,                             BFy, 0.0, -0.9996561032075016, 0.026223564212288324, BFz, 0.0, -0.026223564212288386, -0.9996561032075029
Time, 0.28, Pos_X, 0.0216761341824944, Pos_Y, -0.04158074286221011, Pos_Z, -0.006130235353138461, BFx, 1.0, 0.0, 0.0,                             BFy, 0.0, -0.9996625024319956, 0.02597847631027554, BFz, 0.0, -0.0259784763102756, -0.9996625024319968
Time, 0.282, Pos_X, 0.021936205110919996, Pos_Y, -0.04268623640311735, Pos_Z, -0.006105273521083404, BFx, 1.0, 0.0, 0.0,                             BFy, 0.0, -0.9996670009716032, 0.025804789641526025, BFz, 0.0, -0.025804789641526084, -0.9996670009716045
Time, 0.284, Pos_X, 0.022190071516745596, Pos_Y, -0.04381452080460855, Pos_Z, -0.006081822945684942, BFx, 1.0, 0.0, 0.0,                             BFy, 0.0, -0.9996690783271859, 0.025724187770992633, BFz, 0.0, -0.025724187770992692, -0.9996690783271872
Time, 0.286, Pos_X, 0.0224372771383712, Pos_Y, -0.0449659955033271, Pos_Z, -0.006059917756277274, BFx, 1.0, 0.0, 0.0,                             BFy, 0.0, -0.999668139321696, 0.025760652652850706, BFz, 0.0, -0.02576065265285077, -0.9996681393216973
Time, 0.288, Pos_X, 0.0226773958859968, Pos_Y, -0.04614106057738838, Pos_Z, -0.006039510906604513, BFx, 1.0, 0.0, 0.0,                             BFy, 0.0, -0.9996635296109821, 0.025938919902639464, BFz, 0.0, -0.025938919902639527, -0.9996635296109835
Time, 0.29, Pos_X, 0.0229100364488224, Pos_Y, -0.047340115416518315, Pos_Z, -0.006020471351631183, BFx, 1.0, 0.0, 0.0,                             BFy, 0.0, -0.9996545575998382, 0.02628241750437089, BFz, 0.0, -0.026282417504370957, -0.9996545575998396
Time, 0.292, Pos_X, 0.023134846231648, Pos_Y, -0.04856355773833021, Pos_Z, -0.006002584635128505, BFx, 1.0, 0.0, 0.0,                             BFy, 0.0, -0.9996405139621505, 0.02681124475830321, BFz, 0.0, -0.026811244758303276, -0.9996405139621519
Time, 0.294, Pos_X, 0.0233515148358736, Pos_Y, -0.04981178284724187, Pos_Z, -0.005985554844052215, BFx, 1.0, 0.0, 0.0,                             BFy, 0.0, -0.9996207082770635, 0.027539781837622204, BFz, 0.0, -0.02753978183762227, -0.9996207082770652
Time, 0.296, Pos_X, 0.0235597791468992, Pos_Y, -0.05108518267975914, Pos_Z, -0.005969006112851613, BFx, 1.0, 0.0, 0.0,                             BFy, 0.0, -0.9995945102311914, 0.028474815463260618, BFz, 0.0, -0.028474815463260684, -0.9995945102311931
Time, 0.298, Pos_X, 0.0237594265521248, Pos_Y, -0.052384145529380755, Pos_Z, -0.005952485299684655, BFx, 1.0, 0.0, 0.0,                             BFy, 0.0, -0.9995614121397082, 0.029613904863666256, BFz, 0.0, -0.029613904863666326, -0.99956141213971
Time, 0.3, Pos_X, 0.0239502971801504, Pos_Y, -0.05370905616977847, Pos_Z, -0.0059354662097475955, BFx, 1.0, 0.0, 0.0,                             BFy, 0.0, -0.9995211057028527, 0.030944454342395778, BFz, 0.0, -0.03094445434239585, -0.9995211057028545
Time, 0.302, Pos_X, 0.024132286280776, Pos_Y, -0.05506029559648765, Pos_Z, -0.005917356870484747, BFx, 1.0, 0.0, 0.0,                             BFy, 0.0, -0.9994735726697891, 0.032443451337517415, BFz, 0.0, -0.032443451337517484, -0.9994735726697909
Time, 0.304, Pos_X, 0.0243053458688016, Pos_Y, -0.05643824013601933, Pos_Z, -0.005897509727770108, BFx, 1.0, 0.0, 0.0,                             BFy, 0.0, -0.9994191804758212, 0.03407787694443227, BFz, 0.0, -0.03407787694443235, -0.999419180475823
Time, 0.306, Pos_X, 0.0244694873268272, Pos_Y, -0.05784325851362164, Pos_Z, -0.005875234351581149, BFx, 1.0, 0.0, 0.0,                             BFy, 0.0, -0.9993587688111493, 0.03580574255990226, BFz, 0.0, -0.03580574255990234, -0.9993587688111512
Time, 0.308, Pos_X, 0.024624782216252798, Pos_Y, -0.05927570903220641, Pos_Z, -0.005849812110257826, BFx, 1.0, 0.0, 0.0,                             BFy, 0.0, -0.9992937145923037, 0.03757754617211742, BFz, 0.0, -0.03757754617211751, -0.9992937145923055
Time, 0.31, Pos_X, 0.024771361115078397, Pos_Y, -0.060735936811221185, Pos_Z, -0.00582051033599095, BFx, 1.0, 0.0, 0.0,                             BFy, 0.0, -0.9992259493024167, 0.03933830500525066, BFz, 0.0, -0.03933830500525075, -0.9992259493024186
Time, 0.312, Pos_X, 0.024909413013903998, Pos_Y, -0.062224270366896976, Pos_Z, -0.005786596186068094, BFx, 1.0, 0.0, 0.0,                             BFy, 0.0, -0.9991579291484403, 0.04102965537026151, BFz, 0.0, -0.04102965537026161, -0.9991579291484421
