Time, 0, Pos_X, 0.0, Pos_Y, 0.0, Pos_Z, 0.0, BFx, 1, 0, 0,                         BFy, 0, -1, 0, BFz, 0, 0, -1
Time, 0.0, Pos_X, 0.0, Pos_Y, 0.0, Pos_Z, 0.0, BFx, 1.0, 0.0, 0.0,                             BFy, 0.0, -1.0, 0.0, BFz, 0.0, 0.0, -1.0
Time, 0.002, Pos_X, 7.4288506e-06, Pos_Y, 6.202488846863281e-06, Pos_Z, 1.0170868728670443e-07, BFx, 1.0, 0.0, 0.0,                             BFy, 0.0, -0.99999588858751, 0.0028675439101082546, BFz, 0.0, -0.002867543910108254, -0.99999588858751
Time, 0.004, Pos_X, 2.9781351799999998e-05, Pos_Y, 2.4778848222956285e-05, Pos_Z, 2.2744339370963965e-07, BFx, 1.0, 0.0, 0.0,                             BFy, 0.0, -0.9999844249581911, 0.00558120426398956, BFz, 0.0, -0.00558120426398956, -0.9999844249581911
Time, 0.006, Pos_X, 6.72157396e-05, Pos_Y, 5.566975490105509e-05, Pos_Z, 1.1814248705056516e-08, BFx, 1.0, 0.0, 0.0,                             BFy, 0.0, -0.9999671150268741, 0.008109800541973007, BFz, 0.0, -0.008109800541973008, -0.999967115026874
Time, 0.008, Pos_X, 0.00011994266800000001, Pos_Y, 9.882030342497992e-05, Pos_Z, -9.22185739662221e-07, BFx, 1.0, 0.0, 0.0,                             BFy, 0.0, -0.9999457123678896, 0.010419804080408551, BFz, 0.0, -0.010419804080408553, -0.9999457123678895
Time, 0.01, Pos_X, 0.0001882258156, Pos_Y, 0.00015417691079153332, Pos_Z, -2.958805114778032e-06, BFx, 1.0, 0.0, 0.0,                             BFy, 0.0, -0.9999221526679444, 0.012477523949267441, BFz, 0.0, -0.012477523949267445, -0.9999221526679443
Time, 0.012, Pos_X, 0.00027238346040000004, Pos_Y, 0.00022168443492999684, Pos_Z, -6.483230597608794e-06, BFx, 1.0, 0.0, 0.0,                             BFy, 0.0, -0.9998984317290742, 0.014252235815412587, BFz, 0.0, -0.01425223581541259, -0.9998984317290741
Time, 0.014, Pos_X, 0.0003727897172, Pos_Y, 0.0003012842443090776, Pos_Z, -1.187425486841248e-05, BFx, 1.0, 0.0, 0.0,                             BFy, 0.0, -0.9998764333986241, 0.015719985179614353, BFz, 0.0, -0.015719985179614357, -0.9998764333986239
Time, 0.016, Pos_X, 0.000489875146, Pos_Y, 0.00039291203468390086, Pos_Z, -1.9496463674631064e-05, BFx, 1.0, 0.0, 0.0,                             BFy, 0.0, -0.9998577352843429, 0.016867400275844716, BFz, 0.0, -0.01686740027584472, -0.9998577352843427
Time, 0.018, Pos_X, 0.0006241252894, Pos_Y, 0.0004964944612209222, Pos_Z, -2.9692190470676198e-05, BFx, 1.0, 0.0, 0.0,                             BFy, 0.0, -0.9998434236321551, 0.017695429340135082, BFz, 0.0, -0.017695429340135085, -0.999843423632155
Time, 0.02, Pos_X, 0.0007760762108000001, Pos_Y, 0.0006119444840148223, Pos_Z, -4.2773440606973146e-05, BFx, 1.0, 0.0, 0.0,                             BFy, 0.0, -0.9998339625100607, 0.018222168131995023, BFz, 0.0, -0.018222168131995023, -0.9998339625100608
Time, 0.022, Pos_X, 0.0009463082795999999, Pos_Y, 0.0007391559813269488, Pos_Z, -5.901451224308697e-05, BFx, 1.0, 0.0, 0.0,                             BFy, 0.0, -0.9998291597841101, 0.018483810359347253, BFz, 0.0, -0.01848381035934725, -0.9998291597841104
Time, 0.024, Pos_X, 0.0011354388544, Pos_Y, 0.0008779979214198785, Pos_Z, -7.864566786881116e-05, BFx, 1.0, 0.0, 0.0,                             BFy, 0.0, -0.9998282434003031, 0.01853331322414263, BFz, 0.0, -0.018533313224142627, -0.9998282434003034
Time, 0.026, Pos_X, 0.0013441135045999999, Pos_Y, 0.0010283082158638243, Pos_Z, -0.0001018475313621838, BFx, 1.0, 0.0, 0.0,                             BFy, 0.0, -0.9998300284456303, 0.01843676268790508, BFz, 0.0, -0.01843676268790508, -0.9998300284456306
Time, 0.028, Pos_X, 0.0015729967682, Pos_Y, 0.001189888280851275, Pos_Z, -0.0001287458053352108, BFx, 1.0, 0.0, 0.0,                             BFy, 0.0, -0.9998332312423996, 0.018262248037468922, BFz, 0.0, -0.018262248037468922, -0.9998332312423999
Time, 0.03, Pos_X, 0.0018227624732, Pos_Y, 0.0013624982046326433, Pos_Z, -0.00015940651709900843, BFx, 1.0, 0.0, 0.0,                             BFy, 0.0, -0.9998364116918531, 0.01808728435004205, BFz, 0.0, -0.018087284350042053, -0.9998364116918533
Time, 0.032, Pos_X, 0.0020940833262000002, Pos_Y, 0.0015458525152278087, Pos_Z, -0.0001938323710701078, BFx, 1.0, 0.0, 0.0,                             BFy, 0.0, -0.9998382903378101, 0.01798313583235424, BFz, 0.0, -0.017983135832354242, -0.9998382903378105
Time, 0.034, Pos_X, 0.0023876204258000003, Pos_Y, 0.0017396168574504698, Pos_Z, -0.00023195996022637973, BFx, 1.0, 0.0, 0.0,                             BFy, 0.0, -0.9998378060951029, 0.018010038948642455, BFz, 0.0, -0.01801003894864246, -0.999837806095103
Time, 0.036, Pos_X, 0.0027040129833999994, Pos_Y, 0.0019434058857549707, Pos_Z, -0.0002736584309451923, BFx, 1.0, 0.0, 0.0,                             BFy, 0.0, -0.9998341101764905, 0.018214064005208756, BFz, 0.0, -0.01821406400520876, -0.9998341101764905
Time, 0.038, Pos_X, 0.0030438688479999996, Pos_Y, 0.0021567830312450836, Pos_Z, -0.0003187302362502059, BFx, 1.0, 0.0, 0.0,                             BFy, 0.0, -0.9998265328320686, 0.01862536563412461, BFz, 0.0, -0.018625365634124612, -0.9998265328320686
Time, 0.04, Pos_X, 0.0034077556002, Pos_Y, 0.0023792620439720773, Pos_Z, -0.0003669145290684759, BFx, 1.0, 0.0, 0.0,                             BFy, 0.0, -0.9998145345510762, 0.019258673381498344, BFz, 0.0, -0.019258673381498347, -0.9998145345510763
Time, 0.042, Pos_X, 0.0037961930150000006, Pos_Y, 0.0026103105144946715, Pos_Z, -0.0004178934562839707, BFx, 1.0, 0.0, 0.0,                             BFy, 0.0, -0.9997976501038351, 0.020116133993626904, BFz, 0.0, -0.020116133993626908, -0.9997976501038353
Time, 0.044, Pos_X, 0.0042096486626, Pos_Y, 0.002849355589125221, Pos_Z, -0.0004713009186867571, BFx, 1.0, 0.0, 0.0,                             BFy, 0.0, -0.9997754601946442, 0.021190308930921962, BFz, 0.0, -0.02119030893092196, -0.9997754601946442
Time, 0.046, Pos_X, 0.004648534481, Pos_Y, 0.003095791295723118, Pos_Z, -0.0005267325251877992, BFx, 1.0, 0.0, 0.0,                             BFy, 0.0, -0.9997475841352502, 0.02246704287909914, BFz, 0.0, -0.022467042879099133, -0.9997475841352502
Time, 0.048, Pos_X, 0.005113203653400001, Pos_Y, 0.0033489868359846556, Pos_Z, -0.0005837551505349625, BFx, 1.0, 0.0, 0.0,                             BFy, 0.0, -0.9997136675611807, 0.023928704339634118, BFz, 0.0, -0.023928704339634115, -0.9997136675611807
Time, 0.05, Pos_X, 0.005603949625800002, Pos_Y, 0.0036082960954211454, Pos_Z, -0.000641916722983473, BFx, 1.0, 0.0, 0.0,                             BFy, 0.0, -0.9996733658943711, 0.02555702489373624, BFz, 0.0, -0.025557024893736232, -0.9996733658943712
Time, 0.052, Pos_X, 0.0061210075672, Pos_Y, 0.0038730683340601007, Pos_Z, -0.0007007572821572755, BFx, 1.0, 0.0, 0.0,                             BFy, 0.0, -0.9996263309870033, 0.027334929988250677, BFz, 0.0, -0.027334929988250666, -0.9996263309870034
Time, 0.054, Pos_X, 0.0066645592136, Pos_Y, 0.0041426606141953355, Pos_Z, -0.000759820883692527, BFx, 1.0, 0.0, 0.0,                             BFy, 0.0, -0.9995721974633116, 0.029247599189794044, BFz, 0.0, -0.029247599189794034, -0.9995721974633118
Time, 0.056, Pos_X, 0.007234739839000001, Pos_Y, 0.004416445760127621, Pos_Z, -0.0008186688326273887, BFx, 1.0, 0.0, 0.0,                             BFy, 0.0, -0.9995105687676051, 0.03128294937915329, BFz, 0.0, -0.031282949379153276, -0.9995105687676054
Time, 0.058, Pos_X, 0.0078316456574, Pos_Y, 0.004693827017036685, Pos_Z, -0.0008768922786288008, BFx, 1.0, 0.0, 0.0,                             BFy, 0.0, -0.999441009353469, 0.03343155429409968, BFz, 0.0, -0.033431554294099664, -0.9994410093534692
Time, 0.06, Pos_X, 0.0084553378498, Pos_Y, 0.004974255556829382, Pos_Z, -0.0009341225207717201, BFx, 1.0, 0.0, 0.0,                             BFy, 0.0, -0.9993630457776648, 0.03568617006613732, BFz, 0.0, -0.035686170066137314, -0.9993630457776651
Time, 0.062, Pos_X, 0.0091058476852, Pos_Y, 0.005257240069452239, Pos_Z, -0.0009900410065653386, BFx, 1.0, 0.0, 0.0,                             BFy, 0.0, -0.9992761947009937, 0.03804059284371726, BFz, 0.0, -0.03804059284371726, -0.999276194700994
Time, 0.064, Pos_X, 0.0097831884226, Pos_Y, 0.0055423590323511775, Pos_Z, -0.001044391047594269, BFx, 1.0, 0.0, 0.0,                             BFy, 0.0, -0.9991800000877149, 0.04048860857962467, BFz, 0.0, -0.04048860857962466, -0.9991800000877151
Time, 0.066, Pos_X, 0.010487367647000001, Pos_Y, 0.005829273508666624, Pos_Z, -0.0010969923018261476, BFx, 1.0, 0.0, 0.0,                             BFy, 0.0, -0.9990740739504305, 0.0430231886322896, BFz, 0.0, -0.043023188632289586, -0.9990740739504309
Time, 0.068, Pos_X, 0.011218390014200002, Pos_Y, 0.006117735240169208, Pos_Z, -0.0011477530105382728, BFx, 1.0, 0.0, 0.0,                             BFy, 0.0, -0.998958135741857, 0.04563598399457981, BFz, 0.0, -0.045635983994579805, -0.9989581357418575
Time, 0.07, Pos_X, 0.011976250853800004, Pos_Y, 0.006407589329142058, Pos_Z, -0.0011966779861013427, BFx, 1.0, 0.0, 0.0,                             BFy, 0.0, -0.9988320411950268, 0.04831721724371391, BFz, 0.0, -0.04831721724371391, -0.9988320411950273
Time, 0.072, Pos_X, 0.0127609295302, Pos_Y, 0.006698774623708368, Pos_Z, -0.0012438772918074309, BFx, 1.0, 0.0, 0.0,                             BFy, 0.0, -0.9986958204393119, 0.05105544277596084, BFz, 0.0, -0.051055442775960844, -0.9986958204393126
Time, 0.074, Pos_X, 0.0135723869778, Pos_Y, 0.006991321666293607, Pos_Z, -0.0012895774288273416, BFx, 1.0, 0.0, 0.0,                             BFy, 0.0, -0.9985497039713884, 0.05383761416196536, BFz, 0.0, -0.053837614161965364, -0.9985497039713891
Time, 0.076, Pos_X, 0.014410568162, Pos_Y, 0.007285348806870828, Pos_Z, -0.0013341306240267435, BFx, 1.0, 0.0, 0.0,                             BFy, 0.0, -0.9983941175528285, 0.05664967816245136, BFz, 0.0, -0.05664967816245137, -0.9983941175528291
Time, 0.078, Pos_X, 0.015275405312000001, Pos_Y, 0.007581056647368785, Pos_Z, -0.001378019837617983, BFx, 1.0, 0.0, 0.0,                             BFy, 0.0, -0.9982296356384485, 0.05947768096631647, BFz, 0.0, -0.05947768096631648, -0.9982296356384489
Time, 0.08, Pos_X, 0.016166815706000003, Pos_Y, 0.007878721284546199, Pos_Z, -0.0014218653568271145, BFx, 1.0, 0.0, 0.0,                             BFy, 0.0, -0.9980569086529097, 0.06230896476589864, BFz, 0.0, -0.06230896476589865, -0.9980569086529102
Time, 0.082, Pos_X, 0.017084693304800003, Pos_Y, 0.008178686292147656, Pos_Z, -0.0014664332351540055, BFx, 1.0, 0.0, 0.0,                             BFy, 0.0, -0.9978765654502942, 0.06513340252992862, BFz, 0.0, -0.06513340252992864, -0.9978765654502946
Time, 0.084, Pos_X, 0.018028897172600002, Pos_Y, 0.00848135137125798, Pos_Z, -0.0015126409477706593, BFx, 1.0, 0.0, 0.0,                             BFy, 0.0, -0.9976890860703439, 0.06794473884064287, BFz, 0.0, -0.06794473884064288, -0.9976890860703443
Time, 0.086, Pos_X, 0.018999238529399998, Pos_Y, 0.008787158109157565, Pos_Z, -0.0015615592527659632, BFx, 1.0, 0.0, 0.0,                             BFy, 0.0, -0.9974946950266612, 0.07074131320288812, BFz, 0.0, -0.07074131320288814, -0.9974946950266618
Time, 0.088, Pos_X, 0.019995468287, Pos_Y, 0.009096574579764203, Pos_Z, -0.0016144111606631074, BFx, 1.0, 0.0, 0.0,                             BFy, 0.0, -0.9972932982161804, 0.07352603166969816, BFz, 0.0, -0.07352603166969819, -0.997293298216181
Time, 0.09, Pos_X, 0.0210172636654, Pos_Y, 0.009410078579319501, Pos_Z, -0.0016725686529248803, BFx, 1.0, 0.0, 0.0,                             BFy, 0.0, -0.9970844072306937, 0.07630651910168981, BFz, 0.0, -0.07630651910168984, -0.9970844072306942
Time, 0.092, Pos_X, 0.022064213329800002, Pos_Y, 0.009728139480900875, Pos_Z, -0.0017375462144408613, BFx, 1.0, 0.0, 0.0,                             BFy, 0.0, -0.9968670354023039, 0.07909559866529953, BFz, 0.0, -0.07909559866529957, -0.9968670354023046
Time, 0.094, Pos_X, 0.023135801231400004, Pos_Y, 0.010051199148066103, Pos_Z, -0.0018109908411199928, BFx, 1.0, 0.0, 0.0,                             BFy, 0.0, -0.9966396217467198, 0.08191132012460726, BFz, 0.0, -0.08191132012460728, -0.9966396217467205
Time, 0.096, Pos_X, 0.024231388921200005, Pos_Y, 0.01037965252209447, Pos_Z, -0.0018946670005964624, BFx, 1.0, 0.0, 0.0,                             BFy, 0.0, -0.9963999993380543, 0.08477641959369375, BFz, 0.0, -0.08477641959369377, -0.996399999338055
Time, 0.098, Pos_X, 0.025350198250600007, Pos_Y, 0.010713828602101702, Pos_Z, -0.0019904381312085004, BFx, 1.0, 0.0, 0.0,                             BFy, 0.0, -0.9961453703378113, 0.08771773568979921, BFz, 0.0, -0.08771773568979921, -0.996145370337812
Time, 0.1, Pos_X, 0.026491297208000007, Pos_Y, 0.011053973544741346, Pos_Z, -0.002100248392323272, BFx, 1.0, 0.0, 0.0,                             BFy, 0.0, -0.9958722724373847, 0.09076572585728414, BFz, 0.0, -0.09076572585728412, -0.9958722724373856
Time, 0.102, Pos_X, 0.0276535883394, Pos_Y, 0.011400237039335626, Pos_Z, -0.0022261045209962353, BFx, 1.0, 0.0, 0.0,                             BFy, 0.0, -0.9955765507230021, 0.09395388044402293, BFz, 0.0, -0.09395388044402295, -0.9955765507230032
Time, 0.104, Pos_X, 0.028835798739400002, Pos_Y, 0.01175266221869174, Pos_Z, -0.0023700572185797143, BFx, 1.0, 0.0, 0.0,                             BFy, 0.0, -0.9952533713074985, 0.09731765975946381, BFz, 0.0, -0.09731765975946383, -0.9952533713074996
Time, 0.106, Pos_X, 0.030036472683400005, Pos_Y, 0.01211117889739549, Pos_Z, -0.002534181088273712, BFx, 1.0, 0.0, 0.0,                             BFy, 0.0, -0.9948972433923584, 0.10089338476969818, BFz, 0.0, -0.1008933847696982, -0.9948972433923595
Time, 0.108, Pos_X, 0.03125396721180001, Pos_Y, 0.012475599693977718, Pos_Z, -0.0027205528929635137, BFx, 1.0, 0.0, 0.0,                             BFy, 0.0, -0.994502034124637, 0.1047172579948471, BFz, 0.0, -0.10471725799484713, -0.9945020341246379
Time, 0.11, Pos_X, 0.03248645160740001, Pos_Y, 0.01284561942592655, Pos_Z, -0.002931229399062539, BFx, 1.0, 0.0, 0.0,                             BFy, 0.0, -0.9940610217515512, 0.1088241013482841, BFz, 0.0, -0.10882410134828413, -0.9940610217515522
Time, 0.112, Pos_X, 0.03373191220020001, Pos_Y, 0.01322081906798911, Pos_Z, -0.0031682272349271815, BFx, 1.0, 0.0, 0.0,                             BFy, 0.0, -0.9935669966506817, 0.11324585275648624, BFz, 0.0, -0.11324585275648628, -0.9935669966506826
Time, 0.114, Pos_X, 0.03498816203560001, Pos_Y, 0.013600674206140239, Pos_Z, -0.003433505203021883, BFx, 1.0, 0.0, 0.0,                             BFy, 0.0, -0.9930124398888265, 0.11800972089636967, BFz, 0.0, -0.11800972089636973, -0.9930124398888274
Time, 0.116, Pos_X, 0.036252854958000014, Pos_Y, 0.013984567493557053, Pos_Z, -0.0037289475214870443, BFx, 1.0, 0.0, 0.0,                             BFy, 0.0, -0.9923897006786663, 0.12313684252451108, BFz, 0.0, -0.12313684252451115, -0.9923897006786673
Time, 0.118, Pos_X, 0.037523504144200005, Pos_Y, 0.014371804626231709, Pos_Z, -0.004056349514691289, BFx, 1.0, 0.0, 0.0,                             BFy, 0.0, -0.9916912289879306, 0.1286409979299236, BFz, 0.0, -0.1286409979299237, -0.9916912289879316
Time, 0.12, Pos_X, 0.038797503706400005, Pos_Y, 0.01476163253894957, Pos_Z, -0.004417406735703886, BFx, 1.0, 0.0, 0.0,                             BFy, 0.0, -0.990909846157881, 0.1345276060418954, BFz, 0.0, -0.13452760604189554, -0.990909846157882
Time, 0.122, Pos_X, 0.040072153533400004, Pos_Y, 0.015153259149520905, Pos_Z, -0.004813707004309344, BFx, 1.0, 0.0, 0.0,                             BFy, 0.0, -0.990039010474429, 0.14079331567518397, BFz, 0.0, -0.1407933156751841, -0.9900390104744302
Time, 0.124, Pos_X, 0.04134468690534, Pos_Y, 0.015545873619952938, Pos_Z, -0.005246725406086819, BFx, 1.0, 0.0, 0.0,                             BFy, 0.0, -0.9890730323900951, 0.1474263768755801, BFz, 0.0, -0.14742637687558025, -0.9890730323900964
Time, 0.126, Pos_X, 0.042612299844220006, Pos_Y, 0.015938667317322158, Pos_Z, -0.005717821639056388, BFx, 1.0, 0.0, 0.0,                             BFy, 0.0, -0.9880072367826833, 0.15440757774489425, BFz, 0.0, -0.1544075777448944, -0.9880072367826847
Time, 0.128, Pos_X, 0.043872182762100004, Pos_Y, 0.016330855493298026, Pos_Z, -0.006228238557024811, BFx, 1.0, 0.0, 0.0,                             BFy, 0.0, -0.9868380547986558, 0.16171163718546624, BFz, 0.0, -0.1617116371854664, -0.9868380547986573
Time, 0.13, Pos_X, 0.045121553662780006, Pos_Y, 0.016721698049595356, Pos_Z, -0.006779101210531474, BFx, 1.0, 0.0, 0.0,                             BFy, 0.0, -0.9855630396087651, 0.16930887441930134, BFz, 0.0, -0.1693088744193015, -0.9855630396087665
Time, 0.132, Pos_X, 0.046357691832060004, Pos_Y, 0.01711051823030113, Pos_Z, -0.0073714164203995776, BFx, 1.0, 0.0, 0.0,                             BFy, 0.0, -0.984180856649873, 0.1771667051223819, BFz, 0.0, -0.17716670512238206, -0.9841808566498745
Time, 0.134, Pos_X, 0.047577971828740004, Pos_Y, 0.017496720603114402, Pos_Z, -0.00800607309506714, BFx, 1.0, 0.0, 0.0,                             BFy, 0.0, -0.9826911787770859, 0.18525130810253404, BFz, 0.0, -0.1852513081025342, -0.9826911787770874
Time, 0.136, Pos_X, 0.04877989653102, Pos_Y, 0.017879807726722215, Pos_Z, -0.008683842895007335, BFx, 1.0, 0.0, 0.0,                             BFy, 0.0, -0.9810945649649229, 0.19352895027950567, BFz, 0.0, -0.1935289502795059, -0.9810945649649244
Time, 0.138, Pos_X, 0.0499611266313, Pos_Y, 0.018259392843986755, Pos_Z, -0.009405381758983178, BFx, 1.0, 0.0, 0.0,                             BFy, 0.0, -0.9793923568332187, 0.20196685712431164, BFz, 0.0, -0.20196685712431187, -0.9793923568332202
Time, 0.14, Pos_X, 0.05111950655578, Pos_Y, 0.018635208551372632, Pos_Z, -0.010171232463350489, BFx, 1.0, 0.0, 0.0,                             BFy, 0.0, -0.9775865109993958, 0.21053411484133963, BFz, 0.0, -0.21053411484133988, -0.9775865109993975
Time, 0.142, Pos_X, 0.05225308661265998, Pos_Y, 0.019007111479392207, Pos_Z, -0.010981827729345748, BFx, 1.0, 0.0, 0.0,                             BFy, 0.0, -0.9756794054228621, 0.21920241292852646, BFz, 0.0, -0.21920241292852677, -0.9756794054228639
Time, 0.144, Pos_X, 0.053360142521539984, Pos_Y, 0.019375084009661835, Pos_Z, -0.011837494905186801, BFx, 1.0, 0.0, 0.0,                             BFy, 0.0, -0.9736738115710067, 0.2279458458949961, BFz, 0.0, -0.2279458458949965, -0.9736738115710085
Time, 0.146, Pos_X, 0.05443919320541998, Pos_Y, 0.01973923354001561, Pos_Z, -0.01273846064222968, BFx, 1.0, 0.0, 0.0,                             BFy, 0.0, -0.9715729763175188, 0.23674026207959617, BFz, 0.0, -0.2367402620795966, -0.9715729763175207
Time, 0.148, Pos_X, 0.05548901540249999, Pos_Y, 0.020099788328555853, Pos_Z, -0.013684853461712094, BFx, 1.0, 0.0, 0.0,                             BFy, 0.0, -0.9693805748158881, 0.24556323252803067, BFz, 0.0, -0.2455632325280311, -0.9693805748158901
Time, 0.15, Pos_X, 0.05650865524877999, Pos_Y, 0.020457090763868674, Pos_Z, -0.01467670480646447, BFx, 1.0, 0.0, 0.0,                             BFy, 0.0, -0.9671005500347751, 0.2543944302111038, BFz, 0.0, -0.25439443021110425, -0.9671005500347772
Time, 0.152, Pos_X, 0.05749743592345999, Pos_Y, 0.020811588242192796, Pos_Z, -0.015713949655293876, BFx, 1.0, 0.0, 0.0,                             BFy, 0.0, -0.9647369954092824, 0.2632157474177169, BFz, 0.0, -0.2632157474177173, -0.9647369954092845
Time, 0.154, Pos_X, 0.05845496122513999, Pos_Y, 0.021163822228753914, Pos_Z, -0.016796428293084812, BFx, 1.0, 0.0, 0.0,                             BFy, 0.0, -0.9622940239666697, 0.27201141784497057, BFz, 0.0, -0.27201141784497096, -0.9622940239666719
Time, 0.156, Pos_X, 0.05938111604061999, Pos_Y, 0.021514416486791157, Pos_Z, -0.01792388938214166, BFx, 1.0, 0.0, 0.0,                             BFy, 0.0, -0.959775568463937, 0.2807683354292705, BFz, 0.0, -0.2807683354292709, -0.9597755684639392
Time, 0.158, Pos_X, 0.06027606363129999, Pos_Y, 0.02186406511851316, Pos_Z, -0.019095992940349738, BFx, 1.0, 0.0, 0.0,                             BFy, 0.0, -0.9571850456639376, 0.2894767492516844, BFz, 0.0, -0.2894767492516847, -0.9571850456639397
Time, 0.16, Pos_X, 0.06114023900197999, Pos_Y, 0.022213520029461878, Pos_Z, -0.020312311007835242, BFx, 1.0, 0.0, 0.0,                             BFy, 0.0, -0.9545251400725429, 0.29813043616761004, BFz, 0.0, -0.2981304361676103, -0.9545251400725449
Time, 0.162, Pos_X, 0.06197433995465999, Pos_Y, 0.022563578734537494, Pos_Z, -0.021572327660816334, BFx, 1.0, 0.0, 0.0,                             BFy, 0.0, -0.9517976557901819, 0.3067266249159198, BFz, 0.0, -0.30672662491592, -0.9517976557901839
Time, 0.164, Pos_X, 0.06277931495333999, Pos_Y, 0.022915073142197782, Pos_Z, -0.022875442174681338, BFx, 1.0, 0.0, 0.0,                             BFy, 0.0, -0.9490031445015261, 0.3152666042038274, BFz, 0.0, -0.3152666042038275, -0.9490031445015282
Time, 0.166, Pos_X, 0.06355634558862, Pos_Y, 0.023268858788670025, Pos_Z, -0.024220975795300033, BFx, 1.0, 0.0, 0.0,                             BFy, 0.0, -0.9461405547652028, 0.32375615921336753, BFz, 0.0, -0.3237561592133677, -0.9461405547652049
Time, 0.168, Pos_X, 0.0643068303399, Pos_Y, 0.02362580548549852, Pos_Z, -0.02560817679991992, BFx, 1.0, 0.0, 0.0,                             BFy, 0.0, -0.9432069535611208, 0.33220572354182326, BFz, 0.0, -0.33220572354182343, -0.943206953561123
Time, 0.17, Pos_X, 0.06503237026858001, Pos_Y, 0.023986789538710043, Pos_Z, -0.027036223242774108, BFx, 1.0, 0.0, 0.0,                             BFy, 0.0, -0.940197546044851, 0.34062967341562767, BFz, 0.0, -0.34062967341562794, -0.9401975460448531
Time, 0.172, Pos_X, 0.06573474872466001, Pos_Y, 0.02435268529274373, Pos_Z, -0.028504226608276482, BFx, 1.0, 0.0, 0.0,                             BFy, 0.0, -0.9371056988540803, 0.34904571215702207, BFz, 0.0, -0.34904571215702235, -0.9371056988540825
Time, 0.174, Pos_X, 0.06641590612414001, Pos_Y, 0.024724354788665037, Pos_Z, -0.030011235621455943, BFx, 1.0, 0.0, 0.0,                             BFy, 0.0, -0.9339231866984319, 0.35747374917193964, BFz, 0.0, -0.35747374917194, -0.9339231866984341
Time, 0.176, Pos_X, 0.06707791454462002, Pos_Y, 0.0251026378635176, Pos_Z, -0.03155624179964399, BFx, 1.0, 0.0, 0.0,                             BFy, 0.0, -0.930640442099081, 0.365934922533535, BFz, 0.0, -0.36593492253353543, -0.9306404420990831
Time, 0.178, Pos_X, 0.06772295267770002, Pos_Y, 0.025488345143009704, Pos_Z, -0.03313818572105901, BFx, 1.0, 0.0, 0.0,                             BFy, 0.0, -0.9272468354901408, 0.37445067241696456, BFz, 0.0, -0.374450672416965, -0.9272468354901429
Time, 0.18, Pos_X, 0.06835328023938002, Pos_Y, 0.025882252664768984, Pos_Z, -0.034755961465329846, BFx, 1.0, 0.0, 0.0,                             BFy, 0.0, -0.9237309734364028, 0.383041888981131, BFz, 0.0, -0.3830418889811315, -0.9237309734364048
Time, 0.182, Pos_X, 0.06897121099386001, Pos_Y, 0.02628509676740433, Pos_Z, -0.036408421960238864, BFx, 1.0, 0.0, 0.0,                             BFy, 0.0, -0.9200809677164241, 0.39172823850981914, BFz, 0.0, -0.39172823850981964, -0.9200809677164261
Time, 0.184, Pos_X, 0.06957908264014001, Pos_Y, 0.02669756890603791, Pos_Z, -0.03809438589612052, BFx, 1.0, 0.0, 0.0,                             BFy, 0.0, -0.9162846089666369, 0.4005277960027927, BFz, 0.0, -0.4005277960027932, -0.9162846089666389
Time, 0.186, Pos_X, 0.07017922496542, Pos_Y, 0.027120309743980966, Pos_Z, -0.0398126448933223, BFx, 1.0, 0.0, 0.0,                             BFy, 0.0, -0.9123292436288484, 0.4094573863292874, BFz, 0.0, -0.4094573863292879, -0.9123292436288504
Time, 0.188, Pos_X, 0.0707739292097, Pos_Y, 0.027553903776873796, Pos_Z, -0.04156197185553019, BFx, 1.0, 0.0, 0.0,                             BFy, 0.0, -0.9082016106840861, 0.4185329549161324, BFz, 0.0, -0.41853295491613296, -0.908201610684088
Time, 0.19, Pos_X, 0.07136542182718, Pos_Y, 0.02799887434487195, Pos_Z, -0.04334112995167582, BFx, 1.0, 0.0, 0.0,                             BFy, 0.0, -0.9038877877058362, 0.4277696427240335, BFz, 0.0, -0.4277696427240341, -0.9038877877058381
Time, 0.192, Pos_X, 0.071955841555544, Pos_Y, 0.028455678890098826, Pos_Z, -0.04514888248711274, BFx, 1.0, 0.0, 0.0,                             BFy, 0.0, -0.8993734081732303, 0.4371812812448244, BFz, 0.0, -0.437181281244825, -0.8993734081732324
Time, 0.194, Pos_X, 0.07254721729687201, Pos_Y, 0.028924705011358742, Pos_Z, -0.046984002249579056, BFx, 1.0, 0.0, 0.0,                             BFy, 0.0, -0.8946440669832489, 0.44677958034322734, BFz, 0.0, -0.446779580343228, -0.8946440669832512
Time, 0.196, Pos_X, 0.07314144849014001, Pos_Y, 0.029406267442557275, Pos_Z, -0.04884527911917564, BFx, 1.0, 0.0, 0.0,                             BFy, 0.0, -0.8896857741203578, 0.4565733493403418, BFz, 0.0, -0.45657334934034255, -0.88968577412036
Time, 0.198, Pos_X, 0.073740287020068, Pos_Y, 0.029900605475529207, Pos_Z, -0.05073152644200167, BFx, 1.0, 0.0, 0.0,                             BFy, 0.0, -0.8844854297250537, 0.4665678135106243, BFz, 0.0, -0.4665678135106251, -0.8844854297250561
Time, 0.2, Pos_X, 0.074345320576796, Pos_Y, 0.03040787998876038, Pos_Z, -0.052641586550995115, BFx, 1.0, 0.0, 0.0,                             BFy, 0.0, -0.8790312923257548, 0.4767640790916523, BFz, 0.0, -0.4767640790916531, -0.8790312923257572
Time, 0.202, Pos_X, 0.07495795805432401, Pos_Y, 0.030928170857636442, Pos_Z, -0.054574336800153556, BFx, 1.0, 0.0, 0.0,                             BFy, 0.0, -0.8733134887609824, 0.4871586500803609, BFz, 0.0, -0.4871586500803617, -0.8733134887609847
Time, 0.204, Pos_X, 0.075579418741252, Pos_Y, 0.031461476407995105, Pos_Z, -0.05652869660409756, BFx, 1.0, 0.0, 0.0,                             BFy, 0.0, -0.8673244465551297, 0.4977432113126562, BFz, 0.0, -0.497743211312657, -0.8673244465551321
Time, 0.206, Pos_X, 0.07621072559898, Pos_Y, 0.03200771462506343, Pos_Z, -0.05850363457770703, BFx, 1.0, 0.0, 0.0,                             BFy, 0.0, -0.8610592525788687, 0.5085046347363193, BFz, 0.0, -0.50850463473632, -0.8610592525788711
Time, 0.208, Pos_X, 0.076852701504108, Pos_Y, 0.03256672532971469, Pos_Z, -0.06049817490902359, BFx, 1.0, 0.0, 0.0,                             BFy, 0.0, -0.8545157234364748, 0.5194255272893658, BFz, 0.0, -0.5194255272893665, -0.8545157234364771
Time, 0.21, Pos_X, 0.077505968051636, Pos_Y, 0.0331382736170683, Pos_Z, -0.06251140408575127, BFx, 1.0, 0.0, 0.0,                             BFy, 0.0, -0.8476942091184269, 0.530485181533926, BFz, 0.0, -0.5304851815339269, -0.8476942091184293
Time, 0.212, Pos_X, 0.07817094859516399, Pos_Y, 0.03372205551402816, Pos_Z, -0.06454247668505489, BFx, 1.0, 0.0, 0.0,                             BFy, 0.0, -0.8405971570574537, 0.5416607974986963, BFz, 0.0, -0.5416607974986972, -0.8405971570574562
Time, 0.214, Pos_X, 0.07884787562809199, Pos_Y, 0.03431770545460061, Pos_Z, -0.0665906189140248, BFx, 1.0, 0.0, 0.0,                             BFy, 0.0, -0.8332282916864189, 0.5529291219797792, BFz, 0.0, -0.55292912197978, -0.8332282916864214
Time, 0.216, Pos_X, 0.07953679882162, Pos_Y, 0.03492480467730487, Pos_Z, -0.0686551318601224, BFx, 1.0, 0.0, 0.0,                             BFy, 0.0, -0.825591898101813, 0.5642676827434325, BFz, 0.0, -0.5642676827434334, -0.8255918981018155
Time, 0.218, Pos_X, 0.080237594486948, Pos_Y, 0.03554289139574825, Pos_Z, -0.07073539504553278, BFx, 1.0, 0.0, 0.0,                             BFy, 0.0, -0.8176922537162427, 0.5756556072969751, BFz, 0.0, -0.5756556072969761, -0.8176922537162452
Time, 0.22, Pos_X, 0.080949977764476, Pos_Y, 0.03617147326484635, Pos_Z, -0.07283086931313269, BFx, 1.0, 0.0, 0.0,                             BFy, 0.0, -0.8095330292662972, 0.5870743347540666, BFz, 0.0, -0.5870743347540677, -0.8095330292662997
Time, 0.222, Pos_X, 0.081673517043204, Pos_Y, 0.036810040343473203, Pos_Z, -0.07494109830747459, BFx, 1.0, 0.0, 0.0,                             BFy, 0.0, -0.8011167871831018, 0.5985080561641772, BFz, 0.0, -0.5985080561641783, -0.8011167871831042
Time, 0.224, Pos_X, 0.082407650728532, Pos_Y, 0.037458078392030816, Pos_Z, -0.07706570907527827, BFx, 1.0, 0.0, 0.0,                             BFy, 0.0, -0.7924445550295778, 0.609943954149864, BFz, 0.0, -0.6099439541498652, -0.7924445550295802
Time, 0.226, Pos_X, 0.08315170510586, Pos_Y, 0.03811508314228725, Pos_Z, -0.07920441179030982, BFx, 1.0, 0.0, 0.0,                             BFy, 0.0, -0.7835159393324477, 0.6213716865226391, BFz, 0.0, -0.6213716865226404, -0.7835159393324502
Time, 0.228, Pos_X, 0.083904912000588, Pos_Y, 0.03878057466137911, Pos_Z, -0.08135699873643597, BFx, 1.0, 0.0, 0.0,                             BFy, 0.0, -0.7743292543032984, 0.6327829058453576, BFz, 0.0, -0.6327829058453589, -0.7743292543033009
Time, 0.23, Pos_X, 0.084666426735116, Pos_Y, 0.03945411162366422, Pos_Z, -0.083523342489124, BFx, 1.0, 0.0, 0.0,                             BFy, 0.0, -0.7648820340764076, 0.6441703764898957, BFz, 0.0, -0.6441703764898971, -0.7648820340764102
Time, 0.232, Pos_X, 0.085435345225244, Pos_Y, 0.04013530513336986, Pos_Z, -0.08570339307624658, BFx, 1.0, 0.0, 0.0,                             BFy, 0.0, -0.7551717183616848, 0.6555270214008395, BFz, 0.0, -0.6555270214008408, -0.7551717183616875
Time, 0.234, Pos_X, 0.086210721128572, Pos_Y, 0.04082383143388356, Pos_Z, -0.08789717389527531, BFx, 1.0, 0.0, 0.0,                             BFy, 0.0, -0.7451961790182731, 0.666845300483225, BFz, 0.0, -0.6668453004832264, -0.7451961790182757
Time, 0.236, Pos_X, 0.0869915839809, Pos_Y, 0.041519444158310555, Pos_Z, -0.09010477630906176, BFx, 1.0, 0.0, 0.0,                             BFy, 0.0, -0.7349543323261231, 0.6781166045711163, BFz, 0.0, -0.6781166045711178, -0.7349543323261257
Time, 0.238, Pos_X, 0.08777695640142799, Pos_Y, 0.04222198642436667, Pos_Z, -0.09232635381965931, BFx, 1.0, 0.0, 0.0,                             BFy, 0.0, -0.7244468619849163, 0.6893306493695207, BFz, 0.0, -0.6893306493695222, -0.7244468619849188
Time, 0.24, Pos_X, 0.08856587015687599, Pos_Y, 0.042931402554683, Pos_Z, -0.0945621157266278, BFx, 1.0, 0.0, 0.0,                             BFy, 0.0, -0.7136769592019554, 0.7004749802128893, BFz, 0.0, -0.7004749802128908, -0.7136769592019578
Time, 0.242, Pos_X, 0.08935737969204399, Pos_Y, 0.04364774839159265, Pos_Z, -0.0968123198706133, BFx, 1.0, 0.0, 0.0,                             BFy, 0.0, -0.702650470555161, 0.7115351827061034, BFz, 0.0, -0.7115351827061048, -0.7026504705551633
Time, 0.244, Pos_X, 0.090150573273552, Pos_Y, 0.04437119845760226, Pos_Z, -0.09907726493472477, BFx, 1.0, 0.0, 0.0,                             BFy, 0.0, -0.6913761150168226, 0.7224950294529662, BFz, 0.0, -0.7224950294529676, -0.6913761150168248
Time, 0.246, Pos_X, 0.09094458334488, Pos_Y, 0.04510205082841471, Pos_Z, -0.10135728296074688, BFx, 1.0, 0.0, 0.0,                             BFy, 0.0, -0.6798655831696939, 0.7333367499459778, BFz, 0.0, -0.7333367499459792, -0.6798655831696961
Time, 0.248, Pos_X, 0.091738596638908, Pos_Y, 0.045840730805817846, Pos_Z, -0.10365273065959546, BFx, 1.0, 0.0, 0.0,                             BFy, 0.0, -0.6681333504994384, 0.7440415485377091, BFz, 0.0, -0.7440415485377105, -0.6681333504994407
Time, 0.25, Pos_X, 0.092531864278816, Pos_Y, 0.046587792510985486, Pos_Z, -0.10596397903938244, BFx, 1.0, 0.0, 0.0,                             BFy, 0.0, -0.6561965439496893, 0.7545900182936963, BFz, 0.0, -0.7545900182936978, -0.6561965439496914
Time, 0.252, Pos_X, 0.093323711279924, Pos_Y, 0.047343918099946994, Pos_Z, -0.10829140182777265, BFx, 1.0, 0.0, 0.0,                             BFy, 0.0, -0.6440746910737496, 0.7649626084445247, BFz, 0.0, -0.7649626084445261, -0.6440746910737517
Time, 0.254, Pos_X, 0.094113543955892, Pos_Y, 0.04810991372566368, Pos_Z, -0.11063536259226696, BFx, 1.0, 0.0, 0.0,                             BFy, 0.0, -0.6317891646756185, 0.7751402785293003, BFz, 0.0, -0.7751402785293018, -0.6317891646756206
Time, 0.256, Pos_X, 0.09490085478058, Pos_Y, 0.04888670219192152, Pos_Z, -0.11299620261714936, BFx, 1.0, 0.0, 0.0,                             BFy, 0.0, -0.619362211811894, 0.785105375462094, BFz, 0.0, -0.7851053754620956, -0.6193622118118958
Time, 0.258, Pos_X, 0.095685227382168, Pos_Y, 0.0496753145369446, Pos_Z, -0.11537422993789465, BFx, 1.0, 0.0, 0.0,                             BFy, 0.0, -0.6068158420933635, 0.7948424584686699, BFz, 0.0, -0.7948424584686715, -0.6068158420933654
Time, 0.26, Pos_X, 0.096466342271396, Pos_Y, 0.05047687981146996, Pos_Z, -0.11776970847937167, BFx, 1.0, 0.0, 0.0,                             BFy, 0.0, -0.5941703575505297, 0.8043392233431567, BFz, 0.0, -0.8043392233431583, -0.5941703575505316
Time, 0.262, Pos_X, 0.097243979886564, Pos_Y, 0.05129260920277194, Pos_Z, -0.12018284680885818, BFx, 1.0, 0.0, 0.0,                             BFy, 0.0, -0.581443173674606, 0.8135870179564069, BFz, 0.0, -0.8135870179564086, -0.5814431736746076
Time, 0.264, Pos_X, 0.098018021043052, Pos_Y, 0.05212377950287441, Pos_Z, -0.12261378833646946, BFx, 1.0, 0.0, 0.0,                             BFy, 0.0, -0.5686478104732692, 0.8225811009523339, BFz, 0.0, -0.8225811009523356, -0.5686478104732707
Time, 0.266, Pos_X, 0.09878844839526, Pos_Y, 0.05297172084072545, Pos_Z, -0.12506260443710848, BFx, 1.0, 0.0, 0.0,                             BFy, 0.0, -0.5557931963186981, 0.8313205897401087, BFz, 0.0, -0.8313205897401102, -0.5557931963186995
Time, 0.268, Pos_X, 0.099555347347588, Pos_Y, 0.05383780419008454, Pos_Z, -0.1275292893993167, BFx, 1.0, 0.0, 0.0,                             BFy, 0.0, -0.5428835464692533, 0.8398079869666416, BFz, 0.0, -0.8398079869666433, -0.5428835464692549
Time, 0.27, Pos_X, 0.100318905982236, Pos_Y, 0.05472342500251091, Pos_Z, -0.13001375630728162, BFx, 1.0, 0.0, 0.0,                             BFy, 0.0, -0.5299185496852535, 0.848048542655121, BFz, 0.0, -0.8480485426551226, -0.529918549685255
Time, 0.272, Pos_X, 0.101079414276384, Pos_Y, 0.05562998307619742, Pos_Z, -0.1325158324193062, BFx, 1.0, 0.0, 0.0,                             BFy, 0.0, -0.5168940606013623, 0.8560493736432683, BFz, 0.0, -0.8560493736432699, -0.5168940606013638
Time, 0.274, Pos_X, 0.10183726185495201, Pos_Y, 0.056558860483660614, Pos_Z, -0.13503525482131878, BFx, 1.0, 0.0, 0.0,                             BFy, 0.0, -0.5038029468080861, 0.8638186098872178, BFz, 0.0, -0.8638186098872195, -0.5038029468080876
Time, 0.276, Pos_X, 0.10259293526554002, Pos_Y, 0.057511398930023376, Pos_Z, -0.13757166805375623, BFx, 1.0, 0.0, 0.0,                             BFy, 0.0, -0.490636120735495, 0.8713645603475167, BFz, 0.0, -0.8713645603475184, -0.49063612073549645
Time, 0.278, Pos_X, 0.10334701318530802, Pos_Y, 0.058488880378999526, Pos_Z, -0.1401246249946769, BFx, 1.0, 0.0, 0.0,                             BFy, 0.0, -0.4773837397634275, 0.8786949214656248, BFz, 0.0, -0.8786949214656264, -0.4773837397634289
Time, 0.28, Pos_X, 0.10410015826555602, Pos_Y, 0.0594925120018114, Pos_Z, -0.14269359170865736, BFx, 1.0, 0.0, 0.0,                             BFy, 0.0, -0.4640361351202611, 0.8858162706242458, BFz, 0.0, -0.8858162706242475, -0.4640361351202624
Time, 0.282, Pos_X, 0.10485310862970999, Pos_Y, 0.06052341297315208, Pos_Z, -0.14527795352823916, BFx, 1.0, 0.0, 0.0,                             BFy, 0.0, -0.4505846518099085, 0.892733706966047, BFz, 0.0, -0.8927337069660486, -0.4505846518099098
Time, 0.284, Pos_X, 0.10560667074470999, Pos_Y, 0.061582601695155656, Pos_Z, -0.14787701974218406, BFx, 1.0, 0.0, 0.0,                             BFy, 0.0, -0.43702187962037237, 0.8994508751082927, BFz, 0.0, -0.8994508751082941, -0.4370218796203737
Time, 0.286, Pos_X, 0.10636171153054999, Pos_Y, 0.06267098160430135, Pos_Z, -0.15049002804258846, BFx, 1.0, 0.0, 0.0,                             BFy, 0.0, -0.42334152148925974, 0.9059701740030714, BFz, 0.0, -0.9059701740030729, -0.42334152148926096
Time, 0.288, Pos_X, 0.10711915000929, Pos_Y, 0.0637893258712913, Pos_Z, -0.15311615044362098, BFx, 1.0, 0.0, 0.0,                             BFy, 0.0, -0.4095381044457586, 0.9122930126921787, BFz, 0.0, -0.91229301269218, -0.40953810444575983
Time, 0.29, Pos_X, 0.10787994890183, Pos_Y, 0.06493826401823259, Pos_Z, -0.15575450108412184, BFx, 1.0, 0.0, 0.0,                             BFy, 0.0, -0.39560583825842077, 0.9184203943379355, BFz, 0.0, -0.9184203943379368, -0.395605838258422
Time, 0.292, Pos_X, 0.10864510453677001, Pos_Y, 0.06611827143235906, Pos_Z, -0.15840414513027481, BFx, 1.0, 0.0, 0.0,                             BFy, 0.0, -0.3815375608864063, 0.9243533359234705, BFz, 0.0, -0.9243533359234718, -0.3815375608864074
Time, 0.294, Pos_X, 0.10941563624691002, Pos_Y, 0.06732966219220148, Pos_Z, -0.16106410836846638, BFx, 1.0, 0.0, 0.0,                             BFy, 0.0, -0.3673246878010058, 0.9300927769485634, BFz, 0.0, -0.9300927769485647, -0.3673246878010069
Time, 0.296, Pos_X, 0.11019257583585002, Pos_Y, 0.0685725853252484, Pos_Z, -0.1637333873776923, BFx, 1.0, 0.0, 0.0,                             BFy, 0.0, -0.35295733491806824, 0.9356394175789791, BFz, 0.0, -0.9356394175789803, -0.3529573349180693
Time, 0.298, Pos_X, 0.11097695718479002, Pos_Y, 0.06984702386516427, Pos_Z, -0.16641095973729597, BFx, 1.0, 0.0, 0.0,                             BFy, 0.0, -0.33842327790030663, 0.9409939877465788, BFz, 0.0, -0.9409939877465799, -0.3384232779003076
Time, 0.3, Pos_X, 0.11176980679593002, Pos_Y, 0.07115279622796894, Pos_Z, -0.16909579389896173, BFx, 1.0, 0.0, 0.0,                             BFy, 0.0, -0.3237075581222016, 0.9461571839892982, BFz, 0.0, -0.9461571839892993, -0.3237075581222025
Time, 0.302, Pos_X, 0.11257213608407002, Pos_Y, 0.07248955942277753, Pos_Z, -0.17178685864708584, BFx, 1.0, 0.0, 0.0,                             BFy, 0.0, -0.30879364250179164, 0.9511290587246678, BFz, 0.0, -0.9511290587246689, -0.3087936425017925
Time, 0.304, Pos_X, 0.11338493489721002, Pos_Y, 0.07385681449482884, Pos_Z, -0.17448313241897265, BFx, 1.0, 0.0, 0.0,                             BFy, 0.0, -0.29366446000517626, 0.9559085651514296, BFz, 0.0, -0.9559085651514307, -0.29366446000517704
Time, 0.306, Pos_X, 0.11420916541575002, Pos_Y, 0.07525391422050454, Pos_Z, -0.17718361202638552, BFx, 1.0, 0.0, 0.0,                             BFy, 0.0, -0.27830358228876506, 0.9604931629560085, BFz, 0.0, -0.9604931629560097, -0.2783035822887659
Time, 0.308, Pos_X, 0.11504575697449002, Pos_Y, 0.07668007260920853, Pos_Z, -0.17988732090577086, BFx, 1.0, 0.0, 0.0,                             BFy, 0.0, -0.2626962614355142, 0.964878580044039, BFz, 0.0, -0.9648785800440403, -0.26269626143551505
Time, 0.31, Pos_X, 0.11589560164183002, Pos_Y, 0.07813437707029876, Pos_Z, -0.1825933173716409, BFx, 1.0, 0.0, 0.0,                             BFy, 0.0, -0.24683018339488882, 0.9690587498006725, BFz, 0.0, -0.9690587498006737, -0.24683018339488963
Time, 0.312, Pos_X, 0.11675955066797002, Pos_Y, 0.0796158039788091, Pos_Z, -0.18530070247272365, BFx, 1.0, 0.0, 0.0,                             BFy, 0.0, -0.23069590711250956, 0.9730258981350567, BFz, 0.0, -0.9730258981350578, -0.23069590711251037
Time, 0.314, Pos_X, 0.11763841137971001, Pos_Y, 0.08112323602295159, Pos_Z, -0.18800862701471585, BFx, 1.0, 0.0, 0.0,                             BFy, 0.0, -0.2142870768556286, 0.9767707247315859, BFz, 0.0, -0.9767707247315872, -0.21428707685562937
Time, 0.316, Pos_X, 0.11853294488965001, Pos_Y, 0.08265548038540012, Pos_Z, -0.19071629775792928, BFx, 1.0, 0.0, 0.0,                             BFy, 0.0, -0.19760021859486035, 0.9802826906618626, BFz, 0.0, -0.9802826906618639, -0.1976002185948611
Time, 0.318, Pos_X, 0.11944386420619, Pos_Y, 0.08421128808865937, Pos_Z, -0.193422982028438, BFx, 1.0, 0.0, 0.0,                             BFy, 0.0, -0.18063427287536535, 0.9835503339752293, BFz, 0.0, -0.9835503339752307, -0.18063427287536604
