Time, 0, Pos_X, 0.0, Pos_Y, 0.0, Pos_Z, 0.0, BFx, 1, 0, 0,                         BFy, 0, -1, 0, BFz, 0, 0, -1
Time, 0.0, Pos_X, 0.0, Pos_Y, 0.0, Pos_Z, 0.0, BFx, 1.0, 0.0, 0.0,                             BFy, 0.0, -1.0, 0.0, BFz, 0.0, 0.0, -1.0
Time, 0.002, Pos_X, 3.1855608e-07, Pos_Y, -5.325516338639275e-07, Pos_Z, 2.3343201916447665e-06, BFx, 1.0, 0.0, 0.0,                             BFy, 0.0, -0.9999876606147577, -0.00496775786687311, BFz, 0.0, 0.00496775786687311, -0.9999876606147577
Time, 0.004, Pos_X, 1.23127916e-06, Pos_Y, -2.118765724708059e-06, Pos_Z, 9.271727875150869e-06, BFx, 1.0, 0.0, 0.0,                             BFy, 0.0, -0.9999505572096016, -0.009944000010389318, BFz, 0.0, 0.00994400001038932, -0.9999505572096016
Time, 0.006, Pos_X, 2.637527592e-06, Pos_Y, -4.7428223024737594e-06, Pos_Z, 2.068458912807151e-05, BFx, 1.0, 0.0, 0.0,                             BFy, 0.0, -0.9998885546170883, -0.014929110681790576, BFz, 0.0, 0.014929110681790574, -0.9998885546170884
Time, 0.008, Pos_X, 4.406094576e-06, Pos_Y, -8.403897581606602e-06, Pos_Z, 3.645202947006517e-05, BFx, 1.0, 0.0, 0.0,                             BFy, 0.0, -0.9998015094906267, -0.01992339379380337, BFz, 0.0, 0.019923393793803368, -0.9998015094906268
Time, 0.01, Pos_X, 6.373497476e-06, Pos_Y, -1.3117611133593733e-05, Pos_Z, 5.645977328044811e-05, BFx, 1.0, 0.0, 0.0,                             BFy, 0.0, -0.9996892671065887, -0.024927278870547586, BFz, 0.0, 0.02492727887054759, -0.9996892671065888
Time, 0.012, Pos_X, 8.341422154e-06, Pos_Y, -1.8918581098834352e-05, Pos_Z, 8.060114482826819e-05, BFx, 1.0, 0.0, 0.0,                             BFy, 0.0, -0.9995516517342671, -0.02994153495225834, BFz, 0.0, 0.029941534952258337, -0.999551651734267
Time, 0.014, Pos_X, 1.0073556514e-05, Pos_Y, -2.586437666651229e-05, Pos_Z, 0.00010877929850860124, BFx, 1.0, 0.0, 0.0,                             BFy, 0.0, -0.9993884566948195, -0.03496730794821675, BFz, 0.0, 0.03496730794821675, -0.9993884566948196
Time, 0.016, Pos_X, 1.1292707014e-05, Pos_Y, -3.4039345646013754e-05, Pos_Z, 0.00014091020625065957, BFx, 1.0, 0.0, 0.0,                             BFy, 0.0, -0.9991994331189131, -0.04000616021115959, BFz, 0.0, 0.040006160211159596, -0.9991994331189132
Time, 0.018, Pos_X, 1.1677901554e-05, Pos_Y, -4.355857948921459e-05, Pos_Z, 0.0001769260515803253, BFx, 1.0, 0.0, 0.0,                             BFy, 0.0, -0.9989842774554014, -0.04506010870945222, BFz, 0.0, 0.04506010870945223, -0.9989842774554014
Time, 0.02, Pos_X, 1.0861823534e-05, Pos_Y, -5.4572021799858677e-05, Pos_Z, 0.00021677841176420625, BFx, 1.0, 0.0, 0.0,                             BFy, 0.0, -0.9987426347936261, -0.05013132200016093, BFz, 0.0, 0.05013132200016095, -0.9987426347936261
Time, 0.022, Pos_X, 8.428442694000003e-06, Pos_Y, -6.726827717289807e-05, Pos_Z, 0.0002604417111379117, BFx, 1.0, 0.0, 0.0,                             BFy, 0.0, -0.9984741237160973, -0.055221592419724616, BFz, 0.0, 0.05522159241972463, -0.9984741237160975
Time, 0.024, Pos_X, 3.9113857939999994e-06, Pos_Y, -8.187813315291758e-05, Pos_Z, 0.00030791673455079105, BFx, 1.0, 0.0, 0.0,                             BFy, 0.0, -0.9981783898060367, -0.06033160137296286, BFz, 0.0, 0.06033160137296288, -0.9981783898060368
Time, 0.026, Pos_X, -3.2058531059999932e-06, Pos_Y, -9.867651098277591e-05, Pos_Z, 0.00035923367911495896, BFx, 1.0, 0.0, 0.0,                             BFy, 0.0, -0.9978551951257991, -0.06545998442141014, BFz, 0.0, 0.06545998442141016, -0.9978551951257993
Time, 0.028, Pos_X, -1.3488491406000002e-05, Pos_Y, -0.00011798302632100279, Pos_Z, 0.0004144543274016096, BFx, 1.0, 0.0, 0.0,                             BFy, 0.0, -0.9975045007974196, -0.0706029099179958, BFz, 0.0, 0.07060290991799581, -0.9975045007974198
Time, 0.03, Pos_X, -2.754902290599999e-05, Pos_Y, -0.00014016247157159817, Pos_Z, 0.00047367392969101794, BFx, 1.0, 0.0, 0.0,                             BFy, 0.0, -0.9971266581688005, -0.07575240965882353, BFz, 0.0, 0.07575240965882354, -0.9971266581688006
Time, 0.032, Pos_X, -4.604518940600001e-05, Pos_Y, -0.00016562461288880474, Pos_Z, 0.0005370229342968786, BFx, 1.0, 0.0, 0.0,                             BFy, 0.0, -0.9967224749933095, -0.08089689637563327, BFz, 0.0, 0.0808968963756333, -0.9967224749933097
Time, 0.034, Pos_X, -6.967790290600004e-05, Pos_Y, -0.00019482332052903441, Pos_Z, 0.0006046682644863453, BFx, 1.0, 0.0, 0.0,                             BFy, 0.0, -0.9962933026615071, -0.08602124779276778, BFz, 0.0, 0.0860212477927678, -0.9962933026615074
Time, 0.036, Pos_X, -9.918861760599995e-05, Pos_Y, -0.00022825493916470266, Pos_Z, 0.0006768142212729721, BFx, 1.0, 0.0, 0.0,                             BFy, 0.0, -0.9958411117984609, -0.09110697038099425, BFz, 0.0, 0.09110697038099427, -0.9958411117984612
Time, 0.038, Pos_X, -0.00013535374810599998, Pos_Y, -0.00026645475975685927, Pos_Z, 0.0007537016844167488, BFx, 1.0, 0.0, 0.0,                             BFy, 0.0, -0.9953685048781353, -0.09613292618381762, BFz, 0.0, 0.09613292618381766, -0.9953685048781357
Time, 0.04, Pos_X, -0.00017897805080600003, Pos_Y, -0.00030999203890490955, Pos_Z, 0.0008356062538867722, BFx, 1.0, 0.0, 0.0,                             BFy, 0.0, -0.9948786603927371, -0.10107646162757489, BFz, 0.0, 0.10107646162757493, -0.9948786603927374
Time, 0.042, Pos_X, -0.00023088852110600007, Pos_Y, -0.000359464636798746, Pos_Z, 0.0009228361364242902, BFx, 1.0, 0.0, 0.0,                             BFy, 0.0, -0.9943752361827839, -0.10591453944775518, BFz, 0.0, 0.10591453944775524, -0.9943752361827844
Time, 0.044, Pos_X, -0.0002919272836059999, Pos_Y, -0.00041549276499201835, Pos_Z, 0.0010157287372986076, BFx, 1.0, 0.0, 0.0,                             BFy, 0.0, -0.9938622157505096, -0.11062502476151044, BFz, 0.0, 0.1106250247615105, -0.99386221575051
Time, 0.046, Pos_X, -0.00036294363470599995, Pos_Y, -0.0004787113130250617, Pos_Z, 0.0011146461701396638, BFx, 1.0, 0.0, 0.0,                             BFy, 0.0, -0.9933437133160326, -0.11518796471642828, BFz, 0.0, 0.11518796471642834, -0.993343713316033
Time, 0.048, Pos_X, -0.000444786104206, Pos_Y, -0.0005497617069881395, Pos_Z, 0.0012199711029335198, BFx, 1.0, 0.0, 0.0,                             BFy, 0.0, -0.9928237575319537, -0.11958673204051498, BFz, 0.0, 0.11958673204051505, -0.9928237575319542
Time, 0.05, Pos_X, -0.0005382950681060001, Pos_Y, -0.0006292839633042068, Pos_Z, 0.0013321027873436943, BFx, 1.0, 0.0, 0.0,                             BFy, 0.0, -0.9923060693441819, -0.12380898490294358, BFz, 0.0, 0.12380898490294365, -0.9923060693441824
Time, 0.052, Pos_X, -0.0006442957064059998, Pos_Y, -0.0007179088340997868, Pos_Z, 0.0014514521931664923, BFx, 1.0, 0.0, 0.0,                             BFy, 0.0, -0.9917938627213647, -0.12784730684778722, BFz, 0.0, 0.12784730684778725, -0.9917938627213653
Time, 0.054, Pos_X, -0.0007635913051059999, Pos_Y, -0.0008162504528391161, Pos_Z, 0.0015784365309178283, BFx, 1.0, 0.0, 0.0,                             BFy, 0.0, -0.9912897161676201, -0.1316992734236484, BFz, 0.0, 0.13169927342364846, -0.9912897161676206
Time, 0.056, Pos_X, -0.000896960802606, Pos_Y, -0.0009249031253392158, Pos_Z, 0.0017134721701783135, BFx, 1.0, 0.0, 0.0,                             BFy, 0.0, -0.9907955056841629, -0.1353671522787624, BFz, 0.0, 0.13536715227876248, -0.9907955056841635
Time, 0.058, Pos_X, -0.0010451539859060001, Pos_Y, -0.0010444359704321214, Pos_Z, 0.001856971229154705, BFx, 1.0, 0.0, 0.0,                             BFy, 0.0, -0.9903123985421665, -0.13885731271221718, BFz, 0.0, 0.13885731271221727, -0.9903123985421672
Time, 0.06, Pos_X, -0.0012088835462059997, Pos_Y, -0.0011753852403021195, Pos_Z, 0.00200934072339631, BFx, 1.0, 0.0, 0.0,                             BFy, 0.0, -0.9898409066081219, -0.14217939233661245, BFz, 0.0, 0.14217939233661248, -0.9898409066081227
Time, 0.062, Pos_X, -0.0013888216845059998, Pos_Y, -0.0013182516713017502, Pos_Z, 0.002170979307953179, BFx, 1.0, 0.0, 0.0,                             BFy, 0.0, -0.9893810221497737, -0.14534508251009276, BFz, 0.0, 0.1453450825100928, -0.9893810221497746
Time, 0.064, Pos_X, -0.0015855979136059999, Pos_Y, -0.0014734993467280905, Pos_Z, 0.0023422755063943713, BFx, 1.0, 0.0, 0.0,                             BFy, 0.0, -0.9889324228832393, -0.148366650465264, BFz, 0.0, 0.1483666504652641, -0.9889324228832406
Time, 0.066, Pos_X, -0.001799798661306, Pos_Y, -0.0016415561753461336, Pos_Z, 0.0025236075653775497, BFx, 1.0, 0.0, 0.0,                             BFy, 0.0, -0.9884946916721934, -0.15125556034702028, BFz, 0.0, 0.1512555603470204, -0.9884946916721946
Time, 0.068, Pos_X, -0.002031967849606, Pos_Y, -0.0018228161469228206, Pos_Z, 0.002715343779505229, BFx, 1.0, 0.0, 0.0,                             BFy, 0.0, -0.9880674771296167, -0.15402162393219243, BFz, 0.0, 0.1540216239321926, -0.988067477129618
Time, 0.07, Pos_X, -0.0022826074619060003, Pos_Y, -0.0020176423842229465, Pos_Z, 0.0029178435781412253, BFx, 1.0, 0.0, 0.0,                             BFy, 0.0, -0.9876506445462668, -0.15667228321352522, BFz, 0.0, 0.1566722832135254, -0.9876506445462682
Time, 0.072, Pos_X, -0.0025521791828059985, Pos_Y, -0.002226371011234092, Pos_Z, 0.0031314603348296492, BFx, 1.0, 0.0, 0.0,                             BFy, 0.0, -0.9872443360381966, -0.1592125025257002, BFz, 0.0, 0.15921250252570038, -0.9872443360381978
Time, 0.074, Pos_X, -0.002841107145905999, Pos_Y, -0.002449316254993284, Pos_Z, 0.0033565450040329366, BFx, 1.0, 0.0, 0.0,                             BFy, 0.0, -0.9868489641056684, -0.1616450495485873, BFz, 0.0, 0.1616450495485875, -0.9868489641056696
Time, 0.076, Pos_X, -0.003149781812605999, Pos_Y, -0.0026867765885161504, Pos_Z, 0.0035934492613783875, BFx, 1.0, 0.0, 0.0,                             BFy, 0.0, -0.986465169975901, -0.16397093774328714, BFz, 0.0, 0.1639709377432873, -0.9864651699759023
Time, 0.078, Pos_X, -0.003478565291305999, Pos_Y, -0.0029390417201248177, Pos_Z, 0.0038425281560048805, BFx, 1.0, 0.0, 0.0,                             BFy, 0.0, -0.9860937593291577, -0.16618994497888623, BFz, 0.0, 0.16618994497888637, -0.986093759329159
Time, 0.08, Pos_X, -0.0038277966040059994, Pos_Y, -0.003206399732635393, Pos_Z, 0.0041041428521971, BFx, 1.0, 0.0, 0.0,                             BFy, 0.0, -0.9857356046665741, -0.16830127062092953, BFz, 0.0, 0.16830127062092967, -0.9857356046665754
Time, 0.082, Pos_X, -0.004197795840705999, Pos_Y, -0.0034891441035168427, Pos_Z, 0.004378662566067116, BFx, 1.0, 0.0, 0.0,                             BFy, 0.0, -0.9853915909937944, -0.17030388251215625, BFz, 0.0, 0.1703038825121564, -0.9853915909937956
Time, 0.084, Pos_X, -0.004588867338206, Pos_Y, -0.0037875804388189144, Pos_Z, 0.004666463813049436, BFx, 1.0, 0.0, 0.0,                             BFy, 0.0, -0.9850626138124056, -0.17219653558961986, BFz, 0.0, 0.17219653558962, -0.9850626138124069
Time, 0.086, Pos_X, -0.005001302746505997, Pos_Y, -0.004102032468954109, Pos_Z, 0.004967927659772101, BFx, 1.0, 0.0, 0.0,                             BFy, 0.0, -0.9847495922019501, -0.17397770161169748, BFz, 0.0, 0.17397770161169762, -0.9847495922019516
Time, 0.088, Pos_X, -0.005435384064205997, Pos_Y, -0.00443284731969627, Pos_Z, 0.005283437050624735, BFx, 1.0, 0.0, 0.0,                             BFy, 0.0, -0.9844534742834333, -0.17564554355654272, BFz, 0.0, 0.17564554355654288, -0.9844534742834348
Time, 0.09, Pos_X, -0.005891385013905998, Pos_Y, -0.004780398707808786, Pos_Z, 0.005613374543409573, BFx, 1.0, 0.0, 0.0,                             BFy, 0.0, -0.984175247773909, -0.1771978602273746, BFz, 0.0, 0.1771978602273748, -0.9841752477739106
Time, 0.092, Pos_X, -0.006369576587005998, Pos_Y, -0.005145089417485769, Pos_Z, 0.005958119643815994, BFx, 1.0, 0.0, 0.0,                             BFy, 0.0, -0.9839159813188689, -0.17863186083485447, BFz, 0.0, 0.17863186083485466, -0.9839159813188706
Time, 0.094, Pos_X, -0.0068702142889059984, Pos_Y, -0.005527349160203656, Pos_Z, 0.006318044997028224, BFx, 1.0, 0.0, 0.0,                             BFy, 0.0, -0.9836768453466739, -0.17994405777577493, BFz, 0.0, 0.17994405777577513, -0.9836768453466754
Time, 0.096, Pos_X, -0.0073935368928059984, Pos_Y, -0.005927635534956972, Pos_Z, 0.00669350969537861, BFx, 1.0, 0.0, 0.0,                             BFy, 0.0, -0.9834590515396132, -0.18113059913995752, BFz, 0.0, 0.18113059913995772, -0.9834590515396147
Time, 0.098, Pos_X, -0.007939770356705999, Pos_Y, -0.006346434905557796, Pos_Z, 0.007084852614515341, BFx, 1.0, 0.0, 0.0,                             BFy, 0.0, -0.9832638302763836, -0.18218737626468634, BFz, 0.0, 0.18218737626468656, -0.9832638302763851
Time, 0.1, Pos_X, -0.008509114092206, Pos_Y, -0.006784257776401172, Pos_Z, 0.00749238595764218, BFx, 1.0, 0.0, 0.0,                             BFy, 0.0, -0.9830923896827202, -0.18311022185534698, BFz, 0.0, 0.18311022185534717, -0.9830923896827216
Time, 0.102, Pos_X, -0.009101736293305997, Pos_Y, -0.007241635901595625, Pos_Z, 0.007916386299031153, BFx, 1.0, 0.0, 0.0,                             BFy, 0.0, -0.9829458465151494, -0.18389524958141995, BFz, 0.0, 0.18389524958142014, -0.9829458465151506
Time, 0.104, Pos_X, -0.009717765507605997, Pos_Y, -0.0077191171138464975, Pos_Z, 0.008357085080566233, BFx, 1.0, 0.0, 0.0,                             BFy, 0.0, -0.982825142623255, -0.18453926147997496, BFz, 0.0, 0.18453926147997515, -0.9828251426232563
Time, 0.106, Pos_X, -0.010357282725705998, Pos_Y, -0.008217259813661759, Pos_Z, 0.008814658841048123, BFx, 1.0, 0.0, 0.0,                             BFy, 0.0, -0.9827309328328263, -0.18504030278163566, BFz, 0.0, 0.1850403027816358, -0.9827309328328274
Time, 0.108, Pos_X, -0.011020315051005997, Pos_Y, -0.008736628557003046, Pos_Z, 0.009289219781784855, BFx, 1.0, 0.0, 0.0,                             BFy, 0.0, -0.9826635243160248, -0.18539794491527012, BFz, 0.0, 0.18539794491527026, -0.9826635243160259
Time, 0.11, Pos_X, -0.011706829298905997, Pos_Y, -0.00927778977915843, Pos_Z, 0.009780808553376916, BFx, 1.0, 0.0, 0.0,                             BFy, 0.0, -0.9826228291269532, -0.18561351157321243, BFz, 0.0, 0.1856135115732126, -0.9826228291269542
Time, 0.112, Pos_X, -0.012416722812005999, Pos_Y, -0.009841305740524999, Pos_Z, 0.01028938894086565, BFx, 1.0, 0.0, 0.0,                             BFy, 0.0, -0.9826082588862586, -0.18569062865021635, BFz, 0.0, 0.18569062865021652, -0.9826082588862592
Time, 0.114, Pos_X, -0.013149812688306, Pos_Y, -0.010427726825836096, Pos_Z, 0.010814842125401028, BFx, 1.0, 0.0, 0.0,                             BFy, 0.0, -0.9826186357489429, -0.18563570960050593, BFz, 0.0, 0.18563570960050613, -0.9826186357489436
Time, 0.116, Pos_X, -0.013905828147406001, Pos_Y, -0.011037584558662994, Pos_Z, 0.01135696322707755, BFx, 1.0, 0.0, 0.0,                             BFy, 0.0, -0.9826520923938014, -0.18545852720778544, BFz, 0.0, 0.18545852720778563, -0.982652092393802
Time, 0.118, Pos_X, -0.014684404637905997, Pos_Y, -0.011671384511932734, Pos_Z, 0.011915461749040552, BFx, 1.0, 0.0, 0.0,                             BFy, 0.0, -0.9827059804799837, -0.1851727731845885, BFz, 0.0, 0.18517277318458872, -0.9827059804799843
Time, 0.12, Pos_X, -0.015485077793805998, Pos_Y, -0.012329598901432034, Pos_Z, 0.01248996100869826, BFx, 1.0, 0.0, 0.0,                             BFy, 0.0, -0.9827768253018089, -0.1847964059436623, BFz, 0.0, 0.18479640594366253, -0.9827768253018094
Time, 0.122, Pos_X, -0.016307280750505998, Pos_Y, -0.01301266092333552, Pos_Z, 0.0130799943103029, BFx, 1.0, 0.0, 0.0,                             BFy, 0.0, -0.9828603274743302, -0.18435177427149899, BFz, 0.0, 0.1843517742714992, -0.9828603274743308
Time, 0.124, Pos_X, -0.017150345115206, Pos_Y, -0.013720960592711155, Pos_Z, 0.013685000584562266, BFx, 1.0, 0.0, 0.0,                             BFy, 0.0, -0.9829514512354066, -0.1838652890412038, BFz, 0.0, 0.18386528904120403, -0.9829514512354073
Time, 0.126, Pos_X, -0.018013500703106, Pos_Y, -0.014454839817436045, Pos_Z, 0.014304320382898113, BFx, 1.0, 0.0, 0.0,                             BFy, 0.0, -0.9830445993731015, -0.18336661540033988, BFz, 0.0, 0.18336661540034013, -0.9830445993731021
Time, 0.128, Pos_X, -0.018895874169406, Pos_Y, -0.015214585807323669, Pos_Z, 0.014937197845903761, BFx, 1.0, 0.0, 0.0,                             BFy, 0.0, -0.9831338626104625, -0.18288741943783365, BFz, 0.0, 0.1828874194378339, -0.983133862610463
Time, 0.13, Pos_X, -0.019796490260906, Pos_Y, -0.016000425038499574, Pos_Z, 0.01558279410015016, BFx, 1.0, 0.0, 0.0,                             BFy, 0.0, -0.9832131879897271, -0.18246048055147662, BFz, 0.0, 0.18246048055147682, -0.9832131879897276
Time, 0.132, Pos_X, -0.020714274262406, Pos_Y, -0.01681251888845591, Pos_Z, 0.016240202386203426, BFx, 1.0, 0.0, 0.0,                             BFy, 0.0, -0.9832767032112658, -0.18211788743004562, BFz, 0.0, 0.18211788743004584, -0.9832767032112663
Time, 0.134, Pos_X, -0.021648055706506002, Pos_Y, -0.017650961026748267, Pos_Z, 0.016908458307121666, BFx, 1.0, 0.0, 0.0,                             BFy, 0.0, -0.9833190465517809, -0.1818891219630664, BFz, 0.0, 0.18188912196306664, -0.9833190465517813
Time, 0.136, Pos_X, -0.022596578164006002, Pos_Y, -0.01851577931725329, Pos_Z, 0.017586550769732045, BFx, 1.0, 0.0, 0.0,                             BFy, 0.0, -0.9833356078850453, -0.18179956618580675, BFz, 0.0, 0.181799566185807, -0.9833356078850454
Time, 0.138, Pos_X, -0.023558511951706003, Pos_Y, -0.019406940794951293, Pos_Z, 0.018273436245226236, BFx, 1.0, 0.0, 0.0,                             BFy, 0.0, -0.9833227400696422, -0.18186915313469196, BFz, 0.0, 0.1818691531346922, -0.9833227400696423
Time, 0.14, Pos_X, -0.024532469186406003, Pos_Y, -0.02032435811486893, Pos_Z, 0.018968051006695557, BFx, 1.0, 0.0, 0.0,                             BFy, 0.0, -0.9832779331773572, -0.18211124656776087, BFz, 0.0, 0.18211124656776112, -0.9832779331773575
Time, 0.142, Pos_X, -0.02551701590910599, Pos_Y, -0.0212678940729783, Pos_Z, 0.01966932276678817, BFx, 1.0, 0.0, 0.0,                             BFy, 0.0, -0.983199846545918, -0.1825323580959903, BFz, 0.0, 0.18253235809599055, -0.9831998465459182
Time, 0.144, Pos_X, -0.02651067460660599, Pos_Y, -0.02223736088410255, Pos_Z, 0.020376188220833317, BFx, 1.0, 0.0, 0.0,                             BFy, 0.0, -0.9830882688913027, -0.1831323444078105, BFz, 0.0, 0.18313234440781076, -0.983088268891303
Time, 0.146, Pos_X, -0.02751192986550599, Pos_Y, -0.02323252132401969, Pos_Z, 0.021087610757871286, BFx, 1.0, 0.0, 0.0,                             BFy, 0.0, -0.9829440196784587, -0.18390501401090967, BFz, 0.0, 0.18390501401090992, -0.9829440196784589
Time, 0.148, Pos_X, -0.02851924270260599, Pos_Y, -0.024253094897755338, Pos_Z, 0.02180259747941816, BFx, 1.0, 0.0, 0.0,                             BFy, 0.0, -0.9827687990955197, -0.18483908548883551, BFz, 0.0, 0.18483908548883574, -0.9827687990955198
Time, 0.15, Pos_X, -0.029531064594405992, Pos_Y, -0.025298765583144922, Pos_Z, 0.022520215982128503, BFx, 1.0, 0.0, 0.0,                             BFy, 0.0, -0.9825648978911956, -0.18591993285299693, BFz, 0.0, 0.18591993285299716, -0.9825648978911958
Time, 0.152, Pos_X, -0.030545848312165995, Pos_Y, -0.026369188897227638, Pos_Z, 0.023239607686387644, BFx, 1.0, 0.0, 0.0,                             BFy, 0.0, -0.9823348575277187, -0.18713157853765777, BFz, 0.0, 0.187131578537658, -0.9823348575277188
Time, 0.154, Pos_X, -0.031562058492925996, Pos_Y, -0.027463999135055525, Pos_Z, 0.023960001618739023, BFx, 1.0, 0.0, 0.0,                             BFy, 0.0, -0.9820811013212553, -0.18845877646750572, BFz, 0.0, 0.18845877646750595, -0.9820811013212554
Time, 0.156, Pos_X, -0.032578182194966, Pos_Y, -0.028582817966438908, Pos_Z, 0.02468072736654166, BFx, 1.0, 0.0, 0.0,                             BFy, 0.0, -0.9818055147303397, -0.1898892604785524, BFz, 0.0, 0.1898892604785526, -0.9818055147303398
Time, 0.158, Pos_X, -0.033592738109226, Pos_Y, -0.02972526267164916, Pos_Z, 0.02540122411804738, BFx, 1.0, 0.0, 0.0,                             BFy, 0.0, -0.9815091939710937, -0.19141499980464596, BFz, 0.0, 0.19141499980464616, -0.9815091939710938
Time, 0.16, Pos_X, -0.034604284711686, Pos_Y, -0.030890953688119983, Pos_Z, 0.02612104705086229, BFx, 1.0, 0.0, 0.0,                             BFy, 0.0, -0.9811922434598418, -0.19303310952849798, BFz, 0.0, 0.19303310952849817, -0.9811922434598418
Time, 0.162, Pos_X, -0.035611428007266, Pos_Y, -0.03207952248164251, Pos_Z, 0.026839872340323548, BFx, 1.0, 0.0, 0.0,                             BFy, 0.0, -0.9808535991468428, -0.1947465456450596, BFz, 0.0, 0.19474654564505983, -0.9808535991468429
Time, 0.164, Pos_X, -0.036612828510846004, Pos_Y, -0.033290619428584814, Pos_Z, 0.027557499491864302, BFx, 1.0, 0.0, 0.0,                             BFy, 0.0, -0.980490982059773, -0.19656407123241035, BFz, 0.0, 0.19656407123241057, -0.9804909820597731
Time, 0.166, Pos_X, -0.037607207493226005, Pos_Y, -0.034523921521585677, Pos_Z, 0.02827385072386471, BFx, 1.0, 0.0, 0.0,                             BFy, 0.0, -0.9801010780062634, -0.1984990601765116, BFz, 0.0, 0.1984990601765118, -0.9801010780062636
Time, 0.168, Pos_X, -0.03859335255120601, Pos_Y, -0.03577913932233686, Pos_Z, 0.02898896723017061, BFx, 1.0, 0.0, 0.0,                             BFy, 0.0, -0.9796796814255555, -0.20056849653402897, BFz, 0.0, 0.2005684965340292, -0.9796796814255554
Time, 0.17, Pos_X, -0.03957012204838601, Pos_Y, -0.03705602306162374, Pos_Z, 0.02970300199465827, BFx, 1.0, 0.0, 0.0,                             BFy, 0.0, -0.9792218322085796, -0.20279201987768322, BFz, 0.0, 0.20279201987768347, -0.9792218322085796
Time, 0.172, Pos_X, -0.040536448454166, Pos_Y, -0.03835436791222157, Pos_Z, 0.030416209472525633, BFx, 1.0, 0.0, 0.0,                             BFy, 0.0, -0.9787222794225514, -0.20518942409862034, BFz, 0.0, 0.20518942409862057, -0.9787222794225514
Time, 0.174, Pos_X, -0.041491341636346, Pos_Y, -0.03967401834435534, Pos_Z, 0.03112893333387368, BFx, 1.0, 0.0, 0.0,                             BFy, 0.0, -0.9781758777897891, -0.20777861321650434, BFz, 0.0, 0.20777861321650454, -0.9781758777897891
Time, 0.176, Pos_X, -0.042433891574126, Pos_Y, -0.04101487217812748, Pos_Z, 0.031841591874131527, BFx, 1.0, 0.0, 0.0,                             BFy, 0.0, -0.9775778195380549, -0.21057446841253172, BFz, 0.0, 0.21057446841253186, -0.9775778195380549
Time, 0.178, Pos_X, -0.043363270883906, Pos_Y, -0.042376883406208696, Pos_Z, 0.03255466097210947, BFx, 1.0, 0.0, 0.0,                             BFy, 0.0, -0.9769240469455506, -0.21358699983736262, BFz, 0.0, 0.21358699983736276, -0.9769240469455506
Time, 0.18, Pos_X, -0.044278737463886, Pos_Y, -0.043760063348098836, Pos_Z, 0.03326865882835857, BFx, 1.0, 0.0, 0.0,                             BFy, 0.0, -0.9762114834009382, -0.21682052411185046, BFz, 0.0, 0.2168205241118506, -0.9762114834009382
Time, 0.182, Pos_X, -0.045179635076465996, Pos_Y, -0.04516448006824983, Pos_Z, 0.03398413187770967, BFx, 1.0, 0.0, 0.0,                             BFy, 0.0, -0.9754380901455272, -0.2202737666932763, BFz, 0.0, 0.22027376669327645, -0.9754380901455273
Time, 0.184, Pos_X, -0.046065394351846, Pos_Y, -0.046590256878453466, Pos_Z, 0.034701640879326014, BFx, 1.0, 0.0, 0.0,                             BFy, 0.0, -0.9746030954351346, -0.22393929170257615, BFz, 0.0, 0.22393929170257632, -0.9746030954351347
Time, 0.186, Pos_X, -0.046935536129826, Pos_Y, -0.04803757071072043, Pos_Z, 0.03542174853280975, BFx, 1.0, 0.0, 0.0,                             BFy, 0.0, -0.9737070047184547, -0.22780401436808148, BFz, 0.0, 0.22780401436808165, -0.9737070047184547
Time, 0.188, Pos_X, -0.047789674257006, Pos_Y, -0.049506649449365545, Pos_Z, 0.03614500779549922, BFx, 1.0, 0.0, 0.0,                             BFy, 0.0, -0.9727516601607905, -0.2318495366707125, BFz, 0.0, 0.23184953667071273, -0.9727516601607905
Time, 0.19, Pos_X, -0.048627517594186, Pos_Y, -0.05099776817762003, Pos_Z, 0.03687195076843408, BFx, 1.0, 0.0, 0.0,                             BFy, 0.0, -0.9717403843659593, -0.23605216667570716, BFz, 0.0, 0.23605216667570736, -0.9717403843659593
Time, 0.192, Pos_X, -0.049448872080366, Pos_Y, -0.05251124476046561, Pos_Z, 0.037603079279167374, BFx, 1.0, 0.0, 0.0,                             BFy, 0.0, -0.970678070280411, -0.24038320215168085, BFz, 0.0, 0.2403832021516811, -0.970678070280411
Time, 0.194, Pos_X, -0.050253642733546, Pos_Y, -0.054047435385124694, Pos_Z, 0.03833885876726338, BFx, 1.0, 0.0, 0.0,                             BFy, 0.0, -0.9695712909080323, -0.24480913350389924, BFz, 0.0, 0.24480913350389946, -0.9695712909080323
Time, 0.196, Pos_X, -0.051041834244726005, Pos_Y, -0.05560672973343149, Pos_Z, 0.039079713954191256, BFx, 1.0, 0.0, 0.0,                             BFy, 0.0, -0.9684284453778479, -0.24929168895701803, BFz, 0.0, 0.24929168895701825, -0.9684284453778479
Time, 0.198, Pos_X, -0.051813549638706005, Pos_Y, -0.057189544904197614, Pos_Z, 0.03982602332265759, BFx, 1.0, 0.0, 0.0,                             BFy, 0.0, -0.967259867844393, -0.25378799825374976, BFz, 0.0, 0.25378799825375004, -0.9672598678443931
Time, 0.2, Pos_X, -0.05256898919348601, Pos_Y, -0.058796319750454, Pos_Z, 0.04057811372261006, BFx, 1.0, 0.0, 0.0,                             BFy, 0.0, -0.9660777135112175, -0.2582515275016504, BFz, 0.0, 0.2582515275016507, -0.9660777135112176
Time, 0.202, Pos_X, -0.05330844558626601, Pos_Y, -0.060427508759098615, Pos_Z, 0.041336257065521596, BFx, 1.0, 0.0, 0.0,                             BFy, 0.0, -0.9648956809460959, -0.2626334420662527, BFz, 0.0, 0.262633442066253, -0.964895680946096
Time, 0.204, Pos_X, -0.054032314787646, Pos_Y, -0.062083578589331265, Pos_Z, 0.042100668884115594, BFx, 1.0, 0.0, 0.0,                             BFy, 0.0, -0.9637286256216798, -0.2668841249631493, BFz, 0.0, 0.26688412496314956, -0.9637286256216799
Time, 0.206, Pos_X, -0.054741091086826, Pos_Y, -0.0637650006313392, Pos_Z, 0.042871508109208346, BFx, 1.0, 0.0, 0.0,                             BFy, 0.0, -0.9625918444730739, -0.27095560698004206, BFz, 0.0, 0.27095560698004234, -0.962591844473074
Time, 0.208, Pos_X, -0.055435355063606, Pos_Y, -0.06547224368490327, Pos_Z, 0.043648874887383664, BFx, 1.0, 0.0, 0.0,                             BFy, 0.0, -0.961500219505044, -0.2748041627991641, BFz, 0.0, 0.2748041627991644, -0.961500219505044
Time, 0.21, Pos_X, -0.056115777135186, Pos_Y, -0.06720577160687471, Pos_Z, 0.04443280808075447, BFx, 1.0, 0.0, 0.0,                             BFy, 0.0, -0.9604674583559559, -0.27839227977666253, BFz, 0.0, 0.27839227977666275, -0.9604674583559559
Time, 0.212, Pos_X, -0.056783110183566, Pos_Y, -0.06896603868410563, Pos_Z, 0.045223284791065556, BFx, 1.0, 0.0, 0.0,                             BFy, 0.0, -0.9595051628987958, -0.28169104062882894, BFz, 0.0, 0.2816910406288291, -0.9595051628987958
Time, 0.214, Pos_X, -0.057438184717546, Pos_Y, -0.07075348645927966, Pos_Z, 0.04602021928296426, BFx, 1.0, 0.0, 0.0,                             BFy, 0.0, -0.958622114208944, -0.2846816505319074, BFz, 0.0, 0.2846816505319076, -0.958622114208944
Time, 0.216, Pos_X, -0.058081903799926, Pos_Y, -0.07256854088594644, Pos_Z, 0.04682346165299479, BFx, 1.0, 0.0, 0.0,                             BFy, 0.0, -0.9578238805357577, -0.2873559010624621, BFz, 0.0, 0.2873559010624623, -0.9578238805357576
Time, 0.218, Pos_X, -0.058715238664906, Pos_Y, -0.07441161033706428, Pos_Z, 0.04763279691372061, BFx, 1.0, 0.0, 0.0,                             BFy, 0.0, -0.9571127069027461, -0.28971583713234467, BFz, 0.0, 0.28971583713234483, -0.9571127069027459
Time, 0.22, Pos_X, -0.059339223763286, Pos_Y, -0.07628308494030141, Pos_Z, 0.0484479410451385, BFx, 1.0, 0.0, 0.0,                             BFy, 0.0, -0.9564876932018866, -0.29177267307500016, BFz, 0.0, 0.2917726730750005, -0.9564876932018865
Time, 0.222, Pos_X, -0.059954950120266, Pos_Y, -0.07818333726776278, Pos_Z, 0.0492685337868678, BFx, 1.0, 0.0, 0.0,                             BFy, 0.0, -0.9559453855208334, -0.2935445790700671, BFz, 0.0, 0.2935445790700675, -0.9559453855208333
Time, 0.224, Pos_X, -0.060563558608446, Pos_Y, -0.08011272438063896, Pos_Z, 0.05009413349122097, BFx, 1.0, 0.0, 0.0,                             BFy, 0.0, -0.9554805707883932, -0.29505402699486105, BFz, 0.0, 0.29505402699486144, -0.955480570788393
Time, 0.226, Pos_X, -0.061166232743226, Pos_Y, -0.08207158982017336, Pos_Z, 0.05092421616779957, BFx, 1.0, 0.0, 0.0,                             BFy, 0.0, -0.9550867765913403, -0.2963262546254732, BFz, 0.0, 0.2963262546254736, -0.9550867765913403
Time, 0.228, Pos_X, -0.061764192136406, Pos_Y, -0.08406026564417939, Pos_Z, 0.05175817827417874, BFx, 1.0, 0.0, 0.0,                             BFy, 0.0, -0.9547570043218531, -0.29738705872710486, BFz, 0.0, 0.29738705872710525, -0.9547570043218533
Time, 0.23, Pos_X, -0.062358687976186, Pos_Y, -0.08607907495439306, Pos_Z, 0.052595344103581854, BFx, 1.0, 0.0, 0.0,                             BFy, 0.0, -0.9544845399806383, -0.298260394517855, BFz, 0.0, 0.2982603945178554, -0.9544845399806385
Time, 0.232, Pos_X, -0.06295099700324601, Pos_Y, -0.088128333468953, Pos_Z, 0.0534349775918368, BFx, 1.0, 0.0, 0.0,                             BFy, 0.0, -0.9542632066423004, -0.2989677782784491, BFz, 0.0, 0.2989677782784495, -0.9542632066423006
Time, 0.234, Pos_X, -0.06354241440192201, Pos_Y, -0.09020835118449107, Pos_Z, 0.054276293575654194, BFx, 1.0, 0.0, 0.0,                             BFy, 0.0, -0.9540877147560382, -0.29952734858706714, BFz, 0.0, 0.29952734858706753, -0.9540877147560383
Time, 0.236, Pos_X, -0.06413425007173401, Pos_Y, -0.09231943676344895, Pos_Z, 0.05511846729451228, BFx, 1.0, 0.0, 0.0,                             BFy, 0.0, -0.9539539342484528, -0.2999531485613977, BFz, 0.0, 0.2999531485613981, -0.9539539342484529
Time, 0.238, Pos_X, -0.06472782671674601, Pos_Y, -0.09446190441451252, Pos_Z, 0.05596064031348832, BFx, 1.0, 0.0, 0.0,                             BFy, 0.0, -0.9538588461901167, -0.30025539386471733, BFz, 0.0, 0.30025539386471767, -0.9538588461901167
Time, 0.24, Pos_X, -0.06532447892315801, Pos_Y, -0.09663608159007764, Pos_Z, 0.0568019231629813, BFx, 1.0, 0.0, 0.0,                             BFy, 0.0, -0.9538004476445509, -0.30044085286966493, BFz, 0.0, 0.3004408528696653, -0.953800447644551
Time, 0.242, Pos_X, -0.06592555518977002, Pos_Y, -0.09884231612618335, Pos_Z, 0.05764140612131013, BFx, 1.0, 0.0, 0.0,                             BFy, 0.0, -0.9537777186587644, -0.3005130003678374, BFz, 0.0, 0.3005130003678378, -0.9537777186587645
Time, 0.244, Pos_X, -0.06653241883198202, Pos_Y, -0.10108098058398364, Pos_Z, 0.058478180977257134, BFx, 1.0, 0.0, 0.0,                             BFy, 0.0, -0.9537905604825856, -0.300472239540215, BFz, 0.0, 0.3004722395402155, -0.9537905604825857
Time, 0.246, Pos_X, -0.06714644239459402, Pos_Y, -0.10335247269908658, Pos_Z, 0.059311364830067624, BFx, 1.0, 0.0, 0.0,                             BFy, 0.0, -0.9538398752347793, -0.3003156546237602, BFz, 0.0, 0.3003156546237607, -0.9538398752347793
Time, 0.248, Pos_X, -0.06776900192600603, Pos_Y, -0.10565721517906727, Pos_Z, 0.060140122813024374, BFx, 1.0, 0.0, 0.0,                             BFy, 0.0, -0.953927638047087, -0.3000367666968538, BFz, 0.0, 0.3000367666968544, -0.953927638047087
Time, 0.25, Pos_X, -0.06840147287061803, Pos_Y, -0.10799565554265365, Pos_Z, 0.0609636924814265, BFx, 1.0, 0.0, 0.0,                             BFy, 0.0, -0.9540569110530575, -0.299625450307371, BFz, 0.0, 0.2996254503073716, -0.9540569110530575
Time, 0.252, Pos_X, -0.06904523114823002, Pos_Y, -0.11036826913989842, Pos_Z, 0.06178140697240065, BFx, 1.0, 0.0, 0.0,                             BFy, 0.0, -0.9542317917650174, -0.2990680317000152, BFz, 0.0, 0.2990680317000157, -0.9542317917650174
Time, 0.254, Pos_X, -0.06970166047304202, Pos_Y, -0.11277556635338458, Pos_Z, 0.0625927131885622, BFx, 1.0, 0.0, 0.0,                             BFy, 0.0, -0.954457431325456, -0.2983471330306518, BFz, 0.0, 0.29834713303065225, -0.954457431325456
Time, 0.256, Pos_X, -0.07037215052585402, Pos_Y, -0.11521809472796993, Pos_Z, 0.06339718971138306, BFx, 1.0, 0.0, 0.0,                             BFy, 0.0, -0.9547399827830267, -0.2974417006330203, BFz, 0.0, 0.2974417006330206, -0.9547399827830266
Time, 0.258, Pos_X, -0.07105808606086603, Pos_Y, -0.11769643533561873, Pos_Z, 0.06419456370037134, BFx, 1.0, 0.0, 0.0,                             BFy, 0.0, -0.9550863863798622, -0.2963275123100352, BFz, 0.0, 0.29632751231003557, -0.9550863863798622
Time, 0.26, Pos_X, -0.07176083664407802, Pos_Y, -0.12021119809248856, Pos_Z, 0.06498472467273389, BFx, 1.0, 0.0, 0.0,                             BFy, 0.0, -0.9555040975865161, -0.2949778288200234, BFz, 0.0, 0.2949778288200238, -0.9555040975865161
Time, 0.262, Pos_X, -0.07248174813649003, Pos_Y, -0.12276301725556618, Pos_Z, 0.06576773600236167, BFx, 1.0, 0.0, 0.0,                             BFy, 0.0, -0.956000785795455, -0.2933641040728575, BFz, 0.0, 0.29336410407285796, -0.956000785795455
Time, 0.264, Pos_X, -0.07322213298490203, Pos_Y, -0.12535254640452462, Pos_Z, 0.06654384058554197, BFx, 1.0, 0.0, 0.0,                             BFy, 0.0, -0.956583818586497, -0.29145736912707076, BFz, 0.0, 0.29145736912707126, -0.9565838185864969
Time, 0.266, Pos_X, -0.07398325854731404, Pos_Y, -0.12798045190364013, Pos_Z, 0.06731346198729922, BFx, 1.0, 0.0, 0.0,                             BFy, 0.0, -0.9572598474297763, -0.2892292939844081, BFz, 0.0, 0.2892292939844086, -0.9572598474297761
Time, 0.268, Pos_X, -0.07476633439172604, Pos_Y, -0.1306474055091559, Pos_Z, 0.06807720185205486, BFx, 1.0, 0.0, 0.0,                             BFy, 0.0, -0.9580344080687306, -0.28665322770971013, BFz, 0.0, 0.28665322770971063, -0.9580344080687304
Time, 0.27, Pos_X, -0.07557249889553805, Pos_Y, -0.1333540760766153, Pos_Z, 0.06883583285618929, BFx, 1.0, 0.0, 0.0,                             BFy, 0.0, -0.9589115140049812, -0.28370531949308325, BFz, 0.0, 0.2837053194930837, -0.9589115140049811
Time, 0.272, Pos_X, -0.07640280598675005, Pos_Y, -0.1361011203513436, Pos_Z, 0.06959028791609842, BFx, 1.0, 0.0, 0.0,                             BFy, 0.0, -0.9598933156416684, -0.280365516043686, BFz, 0.0, 0.2803655160436864, -0.9598933156416684
Time, 0.274, Pos_X, -0.07725821258196205, Pos_Y, -0.1388891737353303, Pos_Z, 0.07034164624856165, BFx, 1.0, 0.0, 0.0,                             BFy, 0.0, -0.9609798400539445, -0.27661841408317833, BFz, 0.0, 0.2766184140831788, -0.9609798400539445
Time, 0.276, Pos_X, -0.07813956604197406, Pos_Y, -0.14171884128914092, Pos_Z, 0.0710911152842421, BFx, 1.0, 0.0, 0.0,                             BFy, 0.0, -0.962168758409367, -0.27245418025968116, BFz, 0.0, 0.2724541802596816, -0.9621687584093669
Time, 0.278, Pos_X, -0.07904759261278606, Pos_Y, -0.14459068968973932, Pos_Z, 0.07184000854972739, BFx, 1.0, 0.0, 0.0,                             BFy, 0.0, -0.9634551374956934, -0.26786974079420084, BFz, 0.0, 0.2678697407942013, -0.9634551374956931
Time, 0.28, Pos_X, -0.07998288769959806, Pos_Y, -0.14750524077365945, Pos_Z, 0.07258972157259998, BFx, 1.0, 0.0, 0.0,                             BFy, 0.0, -0.9648312536138645, -0.2628700288163269, BFz, 0.0, 0.2628700288163272, -0.964831253613864
Time, 0.282, Pos_X, -0.08094590709441003, Pos_Y, -0.15046296580586985, Pos_Z, 0.07334170675507655, BFx, 1.0, 0.0, 0.0,                             BFy, 0.0, -0.9662865738908585, -0.25746894398793907, BFz, 0.0, 0.2574689439879394, -0.966286573890858
Time, 0.284, Pos_X, -0.08193696035262203, Pos_Y, -0.15346428056043665, Pos_Z, 0.07409744707890106, BFx, 1.0, 0.0, 0.0,                             BFy, 0.0, -0.9678079820514544, -0.2516897095184662, BFz, 0.0, 0.2516897095184665, -0.9678079820514539
Time, 0.286, Pos_X, -0.08295620618023403, Pos_Y, -0.15650954109182533, Pos_Z, 0.07485843044033118, BFx, 1.0, 0.0, 0.0,                             BFy, 0.0, -0.9693801506472264, -0.2455649069618026, BFz, 0.0, 0.2455649069618029, -0.9693801506472259
Time, 0.288, Pos_X, -0.08400364948484602, Pos_Y, -0.15959904039093586, Pos_Z, 0.07562612562167771, BFx, 1.0, 0.0, 0.0,                             BFy, 0.0, -0.9709861981987425, -0.23913553250730105, BFz, 0.0, 0.23913553250730135, -0.970986198198742
Time, 0.29, Pos_X, -0.08507914008585803, Pos_Y, -0.16273300589348236, Pos_Z, 0.07640195668906444, BFx, 1.0, 0.0, 0.0,                             BFy, 0.0, -0.972608452274594, -0.23244956133324257, BFz, 0.0, 0.2324495613332429, -0.9726084522745932
Time, 0.292, Pos_X, -0.08618237337967002, Pos_Y, -0.16591159721392393, Pos_Z, 0.07718727855859367, BFx, 1.0, 0.0, 0.0,                             BFy, 0.0, -0.9742293678439735, -0.22555961258685048, BFz, 0.0, 0.22555961258685084, -0.9742293678439727
Time, 0.294, Pos_X, -0.08731289223288202, Pos_Y, -0.16913490329369615, Pos_Z, 0.0779833568993942, BFx, 1.0, 0.0, 0.0,                             BFy, 0.0, -0.9758324889376749, -0.2185199156454649, BFz, 0.0, 0.21851991564546527, -0.975832488937674
Time, 0.296, Pos_X, -0.08847009073609402, Pos_Y, -0.172402940044997, Pos_Z, 0.07879135146300761, BFx, 1.0, 0.0, 0.0,                             BFy, 0.0, -0.977403232588445, -0.21138335063494698, BFz, 0.0, 0.21138335063494737, -0.977403232588444
Time, 0.298, Pos_X, -0.08965321978530602, Pos_Y, -0.17571564921112562, Pos_Z, 0.07961230154092296, BFx, 1.0, 0.0, 0.0,                             BFy, 0.0, -0.9789294436939744, -0.2041987861594786, BFz, 0.0, 0.20419878615947898, -0.9789294436939734
Time, 0.3, Pos_X, -0.09086139435571802, Pos_Y, -0.17907289862928227, Pos_Z, 0.08044711290187144, BFx, 1.0, 0.0, 0.0,                             BFy, 0.0, -0.980401642671026, -0.1970091851867626, BFz, 0.0, 0.19700918518676303, -0.980401642671025
Time, 0.302, Pos_X, -0.09209360345873002, Pos_Y, -0.18247448387942844, Pos_Z, 0.08129654794792734, BFx, 1.0, 0.0, 0.0,                             BFy, 0.0, -0.9818129709116872, -0.1898507048961485, BFz, 0.0, 0.18985070489614897, -0.9818129709116863
Time, 0.304, Pos_X, -0.09334872081634202, Pos_Y, -0.185920129898608, Pos_Z, 0.08216121932262753, BFx, 1.0, 0.0, 0.0,                             BFy, 0.0, -0.9831589022097778, -0.18275276470046378, BFz, 0.0, 0.1827527647004642, -0.9831589022097768
Time, 0.306, Pos_X, -0.09462551612115402, Pos_Y, -0.1894094930218627, Pos_Z, 0.08304158767377007, BFx, 1.0, 0.0, 0.0,                             BFy, 0.0, -0.9844368013344468, -0.17573896602177091, BFz, 0.0, 0.17573896602177133, -0.9844368013344457
Time, 0.308, Pos_X, -0.09592266678136603, Pos_Y, -0.19294216430609873, Pos_Z, 0.08393796406048212, BFx, 1.0, 0.0, 0.0,                             BFy, 0.0, -0.9856453799494814, -0.1688288630070136, BFz, 0.0, 0.168828863007014, -0.9856453799494803
Time, 0.31, Pos_X, -0.09723876935897803, Pos_Y, -0.19651767302678635, Pos_Z, 0.08485051479436463, BFx, 1.0, 0.0, 0.0,                             BFy, 0.0, -0.9867842199289196, -0.1620398201038001, BFz, 0.0, 0.16203982010380052, -0.9867842199289185
Time, 0.312, Pos_X, -0.09857235077919003, Pos_Y, -0.20013549045493698, Pos_Z, 0.08577926889883651, BFx, 1.0, 0.0, 0.0,                             BFy, 0.0, -0.9878534691336556, -0.1553882991753249, BFz, 0.0, 0.15538829917532532, -0.9878534691336545
Time, 0.314, Pos_X, -0.09992187952940204, Pos_Y, -0.2037950348240017, Pos_Z, 0.08672412795962986, BFx, 1.0, 0.0, 0.0,                             BFy, 0.0, -0.9888536677747369, -0.1488906435221787, BFz, 0.0, 0.14889064352217915, -0.9888536677747359
Time, 0.316, Pos_X, -0.10128577754981405, Pos_Y, -0.20749567656909274, Pos_Z, 0.08768487665366173, BFx, 1.0, 0.0, 0.0,                             BFy, 0.0, -0.9897856776464626, -0.14256336249517557, BFz, 0.0, 0.142563362495176, -0.9897856776464616
