Time, 0, Pos_X, 0.0, Pos_Y, 0.0, Pos_Z, 0.0, BFx, 1, 0, 0,                         BFy, 0, -1, 0, BFz, 0, 0, -1
Time, 0.0, Pos_X, 0.0, Pos_Y, 0.0, Pos_Z, 0.0, BFx, 1.0, 0.0, 0.0,                             BFy, 0.0, -1.0, 0.0, BFz, 0.0, 0.0, -1.0
Time, 0.002, Pos_X, 1.3219162e-06, Pos_Y, 7.365804670847696e-07, Pos_Z, 8.824164642144225e-07, BFx, 1.0, 0.0, 0.0,                             BFy, 0.0, -0.9999966896150668, 0.002573083540697245, BFz, 0.0, -0.002573083540697245, -0.9999966896150668
Time, 0.004, Pos_X, 5.282604260000001e-06, Pos_Y, 2.9371429911345453e-06, Pos_Z, 3.5053838053077634e-06, BFx, 1.0, 0.0, 0.0,                             BFy, 0.0, -0.9999867037730612, 0.005156770024683604, BFz, 0.0, -0.005156770024683605, -0.9999867037730612
Time, 0.006, Pos_X, 1.1871308060000002e-05, Pos_Y, 6.583285015595541e-06, Pos_Z, 7.818918758800532e-06, BFx, 1.0, 0.0, 0.0,                             BFy, 0.0, -0.9999699592977006, 0.007751161342290536, BFz, 0.0, -0.007751161342290537, -0.9999699592977007
Time, 0.008, Pos_X, 2.107613854e-05, Pos_Y, 1.1656569616206648e-05, Pos_Z, 1.3770296022007661e-05, BFx, 1.0, 0.0, 0.0,                             BFy, 0.0, -0.9999463734327936, 0.010356170074078764, BFz, 0.0, -0.010356170074078765, -0.9999463734327938
Time, 0.01, Pos_X, 3.288430042e-05, Pos_Y, 1.813855706091495e-05, Pos_Z, 2.130391096575074e-05, BFx, 1.0, 0.0, 0.0,                             BFy, 0.0, -0.9999158661980856, 0.012971527486449008, BFz, 0.0, -0.012971527486449011, -0.9999158661980858
Time, 0.012, Pos_X, 4.72823231e-05, Pos_Y, 2.6010866167851744e-05, Pos_Z, 3.036105472279827e-05, BFx, 1.0, 0.0, 0.0,                             BFy, 0.0, -0.9998783628828782, 0.015596776546918071, BFz, 0.0, -0.015596776546918078, -0.9998783628828785
Time, 0.014, Pos_X, 6.425573478e-05, Pos_Y, 3.525520902143554e-05, Pos_Z, 4.0879926969628524e-05, BFx, 1.0, 0.0, 0.0,                             BFy, 0.0, -0.9998337959771146, 0.01823130335419291, BFz, 0.0, -0.01823130335419292, -0.999833795977115
Time, 0.016, Pos_X, 8.378871186e-05, Pos_Y, 4.5853212103134206e-05, Pos_Z, 5.27955627399917e-05, BFx, 1.0, 0.0, 0.0,                             BFy, 0.0, -0.9997821056462691, 0.0208744156687405, BFz, 0.0, -0.02087441566874051, -0.9997821056462693
Time, 0.018, Pos_X, 0.00010586400723999998, Pos_Y, 5.7786288697748926e-05, Pos_Z, 6.603992021196583e-05, BFx, 1.0, 0.0, 0.0,                             BFy, 0.0, -0.9997232382747469, 0.023525451184888354, BFz, 0.0, -0.023525451184888368, -0.9997232382747471
Time, 0.02, Pos_X, 0.00013046284452000002, Pos_Y, 7.10356757565136e-05, Pos_Z, 8.054198105374524e-05, BFx, 1.0, 0.0, 0.0,                             BFy, 0.0, -0.9996571441925638, 0.026183851221067013, BFz, 0.0, -0.026183851221067037, -0.999657144192564
Time, 0.022, Pos_X, 0.0001575648276, Pos_Y, 8.558242044499281e-05, Pos_Z, 9.622781582448094e-05, BFx, 1.0, 0.0, 0.0,                             BFy, 0.0, -0.999583771939826, 0.028849313242248716, BFz, 0.0, -0.028849313242248733, -0.9995837719398261
Time, 0.024, Pos_X, 0.00018714775496, Pos_Y, 0.00010140714589649532, Pos_Z, 0.00011302091917664486, BFx, 1.0, 0.0, 0.0,                             BFy, 0.0, -0.9995030626901888, 0.031521860239073864, BFz, 0.0, -0.03152186023907388, -0.9995030626901888
Time, 0.026, Pos_X, 0.00021918733507999996, Pos_Y, 0.00011848998126767806, Pos_Z, 0.00013084244947776037, BFx, 1.0, 0.0, 0.0,                             BFy, 0.0, -0.9994149450026052, 0.034201866987616736, BFz, 0.0, -0.03420186698761675, -0.9994149450026051
Time, 0.028, Pos_X, 0.00025365694508, Pos_Y, 0.00013681043491895031, Pos_Z, 0.0001496115063570022, BFx, 1.0, 0.0, 0.0,                             BFy, 0.0, -0.9993193132922157, 0.03689051478596298, BFz, 0.0, -0.03689051478596299, -0.9993193132922156
Time, 0.03, Pos_X, 0.00029052747857999996, Pos_Y, 0.00015634704542711738, Pos_Z, 0.00016924591473446067, BFx, 1.0, 0.0, 0.0,                             BFy, 0.0, -0.9992160601526554, 0.03958869956191961, BFz, 0.0, -0.03958869956191962, -0.9992160601526554
Time, 0.032, Pos_X, 0.00032976725778, Pos_Y, 0.00017707725064822232, Pos_Z, 0.00018966293724773645, BFx, 1.0, 0.0, 0.0,                             BFy, 0.0, -0.999105056649168, 0.04229758596021172, BFz, 0.0, -0.04229758596021174, -0.999105056649168
Time, 0.034, Pos_X, 0.00037134237278000005, Pos_Y, 0.0001989773384965432, Pos_Z, 0.00021077991592922707, BFx, 1.0, 0.0, 0.0,                             BFy, 0.0, -0.9989861499048334, 0.045018577257807384, BFz, 0.0, -0.0450185772578074, -0.998986149904833
Time, 0.036, Pos_X, 0.0004152165437799999, Pos_Y, 0.00022202227778685848, Pos_Z, 0.00023251505137540158, BFx, 1.0, 0.0, 0.0,                             BFy, 0.0, -0.9988591670330241, 0.047753161508872995, BFz, 0.0, -0.04775316150887301, -0.9988591670330238
Time, 0.038, Pos_X, 0.00046135104417999997, Pos_Y, 0.00024618548625914526, Pos_Z, 0.00025478805526524316, BFx, 1.0, 0.0, 0.0,                             BFy, 0.0, -0.9987239206795272, 0.050502774800133, BFz, 0.0, -0.05050277480013301, -0.9987239206795268
Time, 0.04, Pos_X, 0.0005097046137800001, Pos_Y, 0.0002714387629288827, Pos_Z, 0.0002775207964192698, BFx, 1.0, 0.0, 0.0,                             BFy, 0.0, -0.9985802126670134, 0.053268741959067424, BFz, 0.0, -0.053268741959067424, -0.998580212667013
Time, 0.042, Pos_X, 0.0005602335300800001, Pos_Y, 0.0002977521593973676, Pos_Z, 0.00030063787080813364, BFx, 1.0, 0.0, 0.0,                             BFy, 0.0, -0.998427843793664, 0.05605212518303077, BFz, 0.0, -0.056052125183030765, -0.9984278437936638
Time, 0.044, Pos_X, 0.00061289205408, Pos_Y, 0.0003250940412445937, Pos_Z, 0.00032406704492759163, BFx, 1.0, 0.0, 0.0,                             BFy, 0.0, -0.9982666151907641, 0.05885375940052017, BFz, 0.0, -0.058853759400520164, -0.9982666151907638
Time, 0.046, Pos_X, 0.00066763224278, Pos_Y, 0.0003534309663149584, Pos_Z, 0.00034773958110827523, BFx, 1.0, 0.0, 0.0,                             BFy, 0.0, -0.9980963387811652, 0.06167413162447484, BFz, 0.0, -0.061674131624474826, -0.9980963387811649
Time, 0.048, Pos_X, 0.0007244039497800001, Pos_Y, 0.00038272754492296723, Pos_Z, 0.00037159040125607924, BFx, 1.0, 0.0, 0.0,                             BFy, 0.0, -0.9979168395547413, 0.06451341979058582, BFz, 0.0, -0.06451341979058581, -0.9979168395547411
Time, 0.05, Pos_X, 0.0007831549994400002, Pos_Y, 0.00041294643688673726, Pos_Z, 0.00039555814100536077, BFx, 1.0, 0.0, 0.0,                             BFy, 0.0, -0.9977279629958687, 0.06737144689046136, BFz, 0.0, -0.06737144689046135, -0.9977279629958686
Time, 0.052, Pos_X, 0.0008438312914, Pos_Y, 0.00044404828431166986, Pos_Z, 0.00041958511315626354, BFx, 1.0, 0.0, 0.0,                             BFy, 0.0, -0.9975295767778207, 0.07024772916943005, BFz, 0.0, -0.07024772916943005, -0.9975295767778206
Time, 0.054, Pos_X, 0.0009063767954000001, Pos_Y, 0.00047599178530764144, Pos_Z, 0.00044361697054737264, BFx, 1.0, 0.0, 0.0,                             BFy, 0.0, -0.9973215751005439, 0.07314147823889122, BFz, 0.0, -0.07314147823889122, -0.9973215751005438
Time, 0.056, Pos_X, 0.0009707331871000001, Pos_Y, 0.000508733249091209, Pos_Z, 0.0004676011365356331, BFx, 1.0, 0.0, 0.0,                             BFy, 0.0, -0.9971038766195496, 0.07605168788571394, BFz, 0.0, -0.07605168788571394, -0.9971038766195494
Time, 0.058, Pos_X, 0.0010368407085000002, Pos_Y, 0.0005422269306413299, Pos_Z, 0.000491486575821227, BFx, 1.0, 0.0, 0.0,                             BFy, 0.0, -0.9968764316896563, 0.07897708491516939, BFz, 0.0, -0.07897708491516936, -0.9968764316896561
Time, 0.06, Pos_X, 0.00110463872182, Pos_Y, 0.0005764257351928183, Pos_Z, 0.0005152246056704365, BFx, 1.0, 0.0, 0.0,                             BFy, 0.0, -0.9966392178443009, 0.08191623437817766, BFz, 0.0, -0.08191623437817762, -0.9966392178443005
Time, 0.062, Pos_X, 0.00117406564616, Pos_Y, 0.0006112813943974993, Pos_Z, 0.0005387680444436586, BFx, 1.0, 0.0, 0.0,                             BFy, 0.0, -0.9963922457963039, 0.0848674997687481, BFz, 0.0, -0.08486749976874805, -0.9963922457963036
Time, 0.064, Pos_X, 0.0012450592792, Pos_Y, 0.0006467446388776272, Pos_Z, 0.0005620701879524086, BFx, 1.0, 0.0, 0.0,                             BFy, 0.0, -0.9961355522154118, 0.08782916151539273, BFz, 0.0, -0.08782916151539268, -0.9961355522154115
Time, 0.066, Pos_X, 0.0013175569846400003, Pos_Y, 0.000682765485651125, Pos_Z, 0.0005850836784212209, BFx, 1.0, 0.0, 0.0,                             BFy, 0.0, -0.9958691987456838, 0.09079944377379259, BFz, 0.0, -0.09079944377379254, -0.9958691987456835
Time, 0.068, Pos_X, 0.0013914957260400004, Pos_Y, 0.0007192936084306012, Pos_Z, 0.000607759356055166, BFx, 1.0, 0.0, 0.0,                             BFy, 0.0, -0.9955932763638277, 0.09377647924260812, BFz, 0.0, -0.09377647924260807, -0.9955932763638273
Time, 0.07, Pos_X, 0.0014668118883000006, Pos_Y, 0.0007562786003903277, Pos_Z, 0.000630045389712408, BFx, 1.0, 0.0, 0.0,                             BFy, 0.0, -0.9953078957713023, 0.09675842400175362, BFz, 0.0, -0.09675842400175355, -0.995307895771302
Time, 0.072, Pos_X, 0.0015434413018200002, Pos_Y, 0.0007936700909884688, Pos_Z, 0.0006518862154195287, BFx, 1.0, 0.0, 0.0,                             BFy, 0.0, -0.9950131912281582, 0.09974341723621112, BFz, 0.0, -0.09974341723621105, -0.9950131912281581
Time, 0.074, Pos_X, 0.0016213191866600004, Pos_Y, 0.0008314181852421668, Pos_Z, 0.0006732215486341369, BFx, 1.0, 0.0, 0.0,                             BFy, 0.0, -0.9947093173869835, 0.10272961551335197, BFz, 0.0, -0.1027296155133519, -0.9947093173869835
Time, 0.076, Pos_X, 0.0017003801921200005, Pos_Y, 0.0008694737825994629, Pos_Z, 0.0006939857467277418, BFx, 1.0, 0.0, 0.0,                             BFy, 0.0, -0.9943964579617549, 0.10571510957813081, BFz, 0.0, -0.10571510957813075, -0.9943964579617548
Time, 0.078, Pos_X, 0.0017805583821600005, Pos_Y, 0.000907788629806169, Pos_Z, 0.0007141071482014728, BFx, 1.0, 0.0, 0.0,                             BFy, 0.0, -0.9940748204841864, 0.10869798194692173, BFz, 0.0, -0.10869798194692168, -0.9940748204841862
Time, 0.08, Pos_X, 0.0018617874658600005, Pos_Y, 0.00094631568304142, Pos_Z, 0.0007335077766953596, BFx, 1.0, 0.0, 0.0,                             BFy, 0.0, -0.9937446334753688, 0.1116763333876333, BFz, 0.0, -0.11167633338763325, -0.9937446334753685
Time, 0.082, Pos_X, 0.0019440007763200005, Pos_Y, 0.0009850091238128612, Pos_Z, 0.0007521031124946513, BFx, 1.0, 0.0, 0.0,                             BFy, 0.0, -0.9934061452886565, 0.11464829044836801, BFz, 0.0, -0.11464829044836795, -0.9934061452886561
Time, 0.084, Pos_X, 0.0020271312161800007, Pos_Y, 0.0010238246668926468, Pos_Z, 0.0007698017105603638, BFx, 1.0, 0.0, 0.0,                             BFy, 0.0, -0.9930596052635544, 0.11761216090946545, BFz, 0.0, -0.1176121609094654, -0.9930596052635541
Time, 0.086, Pos_X, 0.00211111128218, Pos_Y, 0.0010627199350056722, Pos_Z, 0.0007865053072355721, BFx, 1.0, 0.0, 0.0,                             BFy, 0.0, -0.99270525896596, 0.12056644981638444, BFz, 0.0, -0.12056644981638438, -0.9927052589659595
Time, 0.088, Pos_X, 0.0021958727942200003, Pos_Y, 0.0011016545771258925, Pos_Z, 0.0008021091751816542, BFx, 1.0, 0.0, 0.0,                             BFy, 0.0, -0.9923433382375387, 0.12350991480677989, BFz, 0.0, -0.12350991480677982, -0.9923433382375383
Time, 0.09, Pos_X, 0.0022813467668600005, Pos_Y, 0.0011405903979283042, Pos_Z, 0.0008165020673533358, BFx, 1.0, 0.0, 0.0,                             BFy, 0.0, -0.9919740488045278, 0.12644163277319875, BFz, 0.0, -0.1264416327731987, -0.9919740488045274
Time, 0.092, Pos_X, 0.0023674630568600004, Pos_Y, 0.0011794911948707289, Pos_Z, 0.0008295665670522058, BFx, 1.0, 0.0, 0.0,                             BFy, 0.0, -0.9915975693360464, 0.12936096971979028, BFz, 0.0, -0.12936096971979025, -0.991597569336046
Time, 0.094, Pos_X, 0.0024541504809800006, Pos_Y, 0.0012183223445931747, Pos_Z, 0.000841179934875246, BFx, 1.0, 0.0, 0.0,                             BFy, 0.0, -0.9912140376771598, 0.13226765104038662, BFz, 0.0, -0.1322676510403866, -0.9912140376771595
Time, 0.096, Pos_X, 0.002541336943680001, Pos_Y, 0.001257050371184037, Pos_Z, 0.0008512147506596733, BFx, 1.0, 0.0, 0.0,                             BFy, 0.0, -0.9908235484467802, 0.13516173956904604, BFz, 0.0, -0.135161739569046, -0.99082354844678
Time, 0.098, Pos_X, 0.0026289486711480008, Pos_Y, 0.0012956424578963418, Pos_Z, 0.0008595400928740389, BFx, 1.0, 0.0, 0.0,                             BFy, 0.0, -0.9904261598126809, 0.13804355094935014, BFz, 0.0, -0.13804355094935017, -0.9904261598126806
Time, 0.1, Pos_X, 0.002716910138044001, Pos_Y, 0.0013340658762611612, Pos_Z, 0.0008660227686101582, BFx, 1.0, 0.0, 0.0,                             BFy, 0.0, -0.9900219071835098, 0.14091353127619047, BFz, 0.0, -0.14091353127619044, -0.9900219071835095
Time, 0.102, Pos_X, 0.0028051444638200005, Pos_Y, 0.0013722877124497193, Pos_Z, 0.000870528488623568, BFx, 1.0, 0.0, 0.0,                             BFy, 0.0, -0.9896108119567589, 0.14377218388229493, BFz, 0.0, -0.14377218388229487, -0.9896108119567585
Time, 0.104, Pos_X, 0.0028935734177560008, Pos_Y, 0.001410274374303015, Pos_Z, 0.0008729232547924209, BFx, 1.0, 0.0, 0.0,                             BFy, 0.0, -0.9891929070822826, 0.1466198914816901, BFz, 0.0, -0.14661989148169005, -0.9891929070822821
Time, 0.106, Pos_X, 0.002982117394052001, Pos_Y, 0.0014479908372051764, Pos_Z, 0.0008730748141524851, BFx, 1.0, 0.0, 0.0,                             BFy, 0.0, -0.9887682478817167, 0.1494568565871769, BFz, 0.0, -0.14945685658717683, -0.9887682478817161
Time, 0.108, Pos_X, 0.003070695457439201, Pos_Y, 0.0014854001635544014, Pos_Z, 0.0008708538233581535, BFx, 1.0, 0.0, 0.0,                             BFy, 0.0, -0.9883369341241277, 0.1522829755623379, BFz, 0.0, -0.15228297556233786, -0.9883369341241272
Time, 0.11, Pos_X, 0.003159225183903601, Pos_Y, 0.0015224627416529294, Pos_Z, 0.0008661348834000117, BFx, 1.0, 0.0, 0.0,                             BFy, 0.0, -0.9878991519768467, 0.15509759999247946, BFz, 0.0, -0.15509759999247938, -0.9878991519768463
Time, 0.112, Pos_X, 0.003247622484584001, Pos_Y, 0.0015591359591707145, Pos_Z, 0.0008587976384565575, BFx, 1.0, 0.0, 0.0,                             BFy, 0.0, -0.9874551813518335, 0.15789954028247621, BFz, 0.0, -0.15789954028247608, -0.9874551813518331
Time, 0.114, Pos_X, 0.003335801792994401, Pos_Y, 0.001595374169311322, Pos_Z, 0.000848727581738073, BFx, 1.0, 0.0, 0.0,                             BFy, 0.0, -0.9870054317114373, 0.1606868935916031, BFz, 0.0, -0.16068689359160293, -0.9870054317114368
Time, 0.116, Pos_X, 0.003423676504984801, Pos_Y, 0.0016311283067093859, Pos_Z, 0.0008358168259976549, BFx, 1.0, 0.0, 0.0,                             BFy, 0.0, -0.9865504408959904, 0.16345711231979757, BFz, 0.0, -0.16345711231979734, -0.98655044089599
Time, 0.118, Pos_X, 0.0035111590482152003, Pos_Y, 0.0016663459614170886, Pos_Z, 0.0008199643675588332, BFx, 1.0, 0.0, 0.0,                             BFy, 0.0, -0.986090890620834, 0.16620696566212434, BFz, 0.0, -0.1662069656621241, -0.9860908906208337
Time, 0.12, Pos_X, 0.0035981605006056004, Pos_Y, 0.0017009713608170686, Pos_Z, 0.0008010761937863503, BFx, 1.0, 0.0, 0.0,                             BFy, 0.0, -0.9856276024548516, 0.16893261757014605, BFz, 0.0, -0.16893261757014577, -0.9856276024548513
Time, 0.122, Pos_X, 0.0036845907554560004, Pos_Y, 0.0017349452882938357, Pos_Z, 0.0007790653578512389, BFx, 1.0, 0.0, 0.0,                             BFy, 0.0, -0.9851615033162145, 0.1716298703132322, BFz, 0.0, -0.1716298703132319, -0.9851615033162141
Time, 0.124, Pos_X, 0.0037703588650264005, Pos_Y, 0.0017682055474079954, Pos_Z, 0.0007538514868923091, BFx, 1.0, 0.0, 0.0,                             BFy, 0.0, -0.9846936226145943, 0.17429420409797994, BFz, 0.0, -0.1742942040979796, -0.9846936226145936
Time, 0.126, Pos_X, 0.0038553728807368005, Pos_Y, 0.0018006875082601454, Pos_Z, 0.0007253600839733584, BFx, 1.0, 0.0, 0.0,                             BFy, 0.0, -0.9842250399187642, 0.17692108635464696, BFz, 0.0, -0.17692108635464665, -0.9842250399187635
Time, 0.128, Pos_X, 0.003939539619447201, Pos_Y, 0.0018323244934507722, Pos_Z, 0.0006935215258367566, BFx, 1.0, 0.0, 0.0,                             BFy, 0.0, -0.9837568514692775, 0.1795061480486251, BFz, 0.0, -0.1795061480486248, -0.9837568514692769
Time, 0.13, Pos_X, 0.004022764795537601, Pos_Y, 0.001863048345641008, Pos_Z, 0.0006582701512855984, BFx, 1.0, 0.0, 0.0,                             BFy, 0.0, -0.9832901251551937, 0.18204540579834713, BFz, 0.0, -0.1820454057983468, -0.9832901251551931
Time, 0.132, Pos_X, 0.004104953178008001, Pos_Y, 0.0018927902655514219, Pos_Z, 0.0006195430733107291, BFx, 1.0, 0.0, 0.0,                             BFy, 0.0, -0.9828258677110276, 0.18453539974234395, BFz, 0.0, -0.1845353997423436, -0.9828258677110271
Time, 0.134, Pos_X, 0.004186008527738401, Pos_Y, 0.0019214819316225964, Pos_Z, 0.0005772787356994845, BFx, 1.0, 0.0, 0.0,                             BFy, 0.0, -0.9823649944731454, 0.18697330727614095, BFz, 0.0, -0.1869733072761406, -0.9823649944731448
Time, 0.136, Pos_X, 0.004265833768368801, Pos_Y, 0.0019490567119023565, Pos_Z, 0.0005314158816855452, BFx, 1.0, 0.0, 0.0,                             BFy, 0.0, -0.9819083058540566, 0.18935701437976318, BFz, 0.0, -0.1893570143797628, -0.9819083058540561
Time, 0.138, Pos_X, 0.004344330963679201, Pos_Y, 0.0019754509965803956, Pos_Z, 0.0004818922631188504, BFx, 1.0, 0.0, 0.0,                             BFy, 0.0, -0.9814564813271472, 0.19168509399777672, BFz, 0.0, -0.1916850939977763, -0.9814564813271467
Time, 0.14, Pos_X, 0.004421401158529601, Pos_Y, 0.002000605430265683, Pos_Z, 0.00042864317037683854, BFx, 1.0, 0.0, 0.0,                             BFy, 0.0, -0.9810100687053034, 0.19395681245787033, BFz, 0.0, -0.19395681245786994, -0.9810100687053028
Time, 0.142, Pos_X, 0.0044969443966400005, Pos_Y, 0.0020244657554445394, Pos_Z, 0.0003716003759109805, BFx, 1.0, 0.0, 0.0,                             BFy, 0.0, -0.9805694897990669, 0.19617205630568146, BFz, 0.0, -0.19617205630568108, -0.9805694897990662
Time, 0.144, Pos_X, 0.0045708595119104, Pos_Y, 0.002046983897484423, Pos_Z, 0.0003106911698069264, BFx, 1.0, 0.0, 0.0,                             BFy, 0.0, -0.9801350439316365, 0.19833127755634164, BFz, 0.0, -0.19833127755634125, -0.9801350439316358
Time, 0.146, Pos_X, 0.0046430445579808, Pos_Y, 0.0020681189240304683, Pos_Z, 0.0002458378581561333, BFx, 1.0, 0.0, 0.0,                             BFy, 0.0, -0.9797069131640087, 0.20043543673375513, BFz, 0.0, -0.20043543673375477, -0.9797069131640078
Time, 0.148, Pos_X, 0.0047133976083712, Pos_Y, 0.002087837963073151, Pos_Z, 0.00017695773602942552, BFx, 1.0, 0.0, 0.0,                             BFy, 0.0, -0.979285171586908, 0.20248593212863342, BFz, 0.0, -0.20248593212863308, -0.9792851715869071
Time, 0.15, Pos_X, 0.0047818177931416, Pos_Y, 0.002106117142364688, Pos_Z, 0.00010396344493477436, BFx, 1.0, 0.0, 0.0,                             BFy, 0.0, -0.9788697930799399, 0.20448454268143887, BFz, 0.0, -0.20448454268143854, -0.978869793079939
Time, 0.152, Pos_X, 0.004848205994472, Pos_Y, 0.0021229426446726985, Pos_Z, 2.6763652499137486e-05, BFx, 1.0, 0.0, 0.0,                             BFy, 0.0, -0.9784606723122288, 0.20643331305364154, BFz, 0.0, -0.20643331305364118, -0.978460672312228
Time, 0.154, Pos_X, 0.0049124649727024, Pos_Y, 0.0021383115243010964, Pos_Z, -5.473663026126627e-05, BFx, 1.0, 0.0, 0.0,                             BFy, 0.0, -0.9780576250002803, 0.20833454389229902, BFz, 0.0, -0.2083345438922986, -0.9780576250002795
Time, 0.156, Pos_X, 0.004974499783132799, Pos_Y, 0.0021522325963179855, Pos_Z, -0.00014063561786134245, BFx, 1.0, 0.0, 0.0,                             BFy, 0.0, -0.9776604132971816, 0.21019066647114734, BFz, 0.0, -0.21019066647114693, -0.9776604132971808
Time, 0.158, Pos_X, 0.0050342183104631994, Pos_Y, 0.002164727565837435, Pos_Z, -0.00023103430058783769, BFx, 1.0, 0.0, 0.0,                             BFy, 0.0, -0.9772687434439955, 0.21200425252196026, BFz, 0.0, -0.2120042525219598, -0.9772687434439948
Time, 0.16, Pos_X, 0.005091531980033599, Pos_Y, 0.0021758319957682314, Pos_Z, -0.0003260356883283969, BFx, 1.0, 0.0, 0.0,                             BFy, 0.0, -0.976882312531685, 0.213777799274733, BFz, 0.0, -0.21377779927473256, -0.9768823125316844
Time, 0.162, Pos_X, 0.005146356386423999, Pos_Y, 0.0021855960003076464, Pos_Z, -0.0004257438988702344, BFx, 1.0, 0.0, 0.0,                             BFy, 0.0, -0.9765007687284994, 0.21551391758457372, BFz, 0.0, -0.2155139175845733, -0.976500768728499
Time, 0.164, Pos_X, 0.005198612199694399, Pos_Y, 0.002194084694983841, Pos_Z, -0.0005302630232410508, BFx, 1.0, 0.0, 0.0,                             BFy, 0.0, -0.976123726157599, 0.21721526473110783, BFz, 0.0, -0.21721526473110747, -0.9761237261575987
Time, 0.166, Pos_X, 0.005248225965764799, Pos_Y, 0.0022013784244312414, Pos_Z, -0.0006396957471099744, BFx, 1.0, 0.0, 0.0,                             BFy, 0.0, -0.9757507474935945, 0.2188846243245337, BFz, 0.0, -0.2188846243245333, -0.9757507474935941
Time, 0.168, Pos_X, 0.005295130823335199, Pos_Y, 0.0022075726426206738, Pos_Z, -0.0007541414080386472, BFx, 1.0, 0.0, 0.0,                             BFy, 0.0, -0.9753813391365933, 0.22052492662759524, BFz, 0.0, -0.22052492662759482, -0.9753813391365931
Time, 0.17, Pos_X, 0.005339267712485599, Pos_Y, 0.00221277798532677, Pos_Z, -0.0008736936469607505, BFx, 1.0, 0.0, 0.0,                             BFy, 0.0, -0.9750149177745335, 0.22213939343826358, BFz, 0.0, -0.22213939343826314, -0.9750149177745333
Time, 0.172, Pos_X, 0.005380586509995998, Pos_Y, 0.0022171200501794556, Pos_Z, -0.000998438389466406, BFx, 1.0, 0.0, 0.0,                             BFy, 0.0, -0.9746508110187596, 0.22373152790895212, BFz, 0.0, -0.22373152790895168, -0.9746508110187593
Time, 0.174, Pos_X, 0.005419047042106398, Pos_Y, 0.002220739204153222, Pos_Z, -0.0011284518113541002, BFx, 1.0, 0.0, 0.0,                             BFy, 0.0, -0.9742882277452515, 0.22530523579583592, BFz, 0.0, -0.2253052357958355, -0.974288227745251
Time, 0.176, Pos_X, 0.005454619844136798, Pos_Y, 0.002223790177724327, Pos_Z, -0.0012637984624980195, BFx, 1.0, 0.0, 0.0,                             BFy, 0.0, -0.9739262751833547, 0.22686474055585767, BFz, 0.0, -0.22686474055585726, -0.9739262751833543
Time, 0.178, Pos_X, 0.005487286943967198, Pos_Y, 0.0022264412861032834, Pos_Z, -0.0014045293557281159, BFx, 1.0, 0.0, 0.0,                             BFy, 0.0, -0.9735639937166167, 0.2284144262925433, BFz, 0.0, -0.22841442629254288, -0.9735639937166163
Time, 0.18, Pos_X, 0.005517042691197598, Pos_Y, 0.0022288736458971076, Pos_Z, -0.0015506804402372059, BFx, 1.0, 0.0, 0.0,                             BFy, 0.0, -0.973200396012701, 0.22995866846179705, BFz, 0.0, -0.22995866846179666, -0.9732003960127004
Time, 0.182, Pos_X, 0.005543894341827998, Pos_Y, 0.002231279954043433, Pos_Z, -0.0017022713125535484, BFx, 1.0, 0.0, 0.0,                             BFy, 0.0, -0.9728345172908858, 0.23150162411397898, BFz, 0.0, -0.2315016241139786, -0.9728345172908851
Time, 0.184, Pos_X, 0.005567862259658398, Pos_Y, 0.0022338628045918225, Pos_Z, -0.0018593041916889067, BFx, 1.0, 0.0, 0.0,                             BFy, 0.0, -0.9724654782154495, 0.23304697740841407, BFz, 0.0, -0.2330469774084137, -0.9724654782154489
Time, 0.186, Pos_X, 0.0055889797008887975, Pos_Y, 0.002236833450041587, Pos_Z, -0.0020217632580954914, BFx, 1.0, 0.0, 0.0,                             BFy, 0.0, -0.9720925717881406, 0.23459759562774538, BFz, 0.0, -0.23459759562774504, -0.9720925717881401
Time, 0.188, Pos_X, 0.0056072926657191975, Pos_Y, 0.002240410191672035, Pos_Z, -0.0021896144487147436, BFx, 1.0, 0.0, 0.0,                             BFy, 0.0, -0.9717153411230117, 0.2361552367113402, BFz, 0.0, -0.2361552367113399, -0.9717153411230113
Time, 0.19, Pos_X, 0.005622859435449597, Pos_Y, 0.0022448163303172984, Pos_Z, -0.0023628059503121336, BFx, 1.0, 0.0, 0.0,                             BFy, 0.0, -0.9713336787889147, 0.2377201809909989, BFz, 0.0, -0.23772018099099856, -0.9713336787889143
Time, 0.192, Pos_X, 0.0056357497118799975, Pos_Y, 0.0022502784957194664, Pos_Z, -0.002541268705291418, BFx, 1.0, 0.0, 0.0,                             BFy, 0.0, -0.970947877064356, 0.23929107802887187, BFz, 0.0, -0.23929107802887162, -0.9709478770643558
Time, 0.194, Pos_X, 0.005646043492510398, Pos_Y, 0.002257024428544128, Pos_Z, -0.0027249174489967763, BFx, 1.0, 0.0, 0.0,                             BFy, 0.0, -0.9705586508379077, 0.24086491086021658, BFz, 0.0, -0.24086491086021633, -0.9705586508379074
Time, 0.196, Pos_X, 0.005653830155340798, Pos_Y, 0.002265280677784245, Pos_Z, -0.0029136521574323424, BFx, 1.0, 0.0, 0.0,                             BFy, 0.0, -0.9701671360804562, 0.24243706001650212, BFz, 0.0, -0.2424370600165019, -0.9701671360804559
Time, 0.198, Pos_X, 0.005659207300171198, Pos_Y, 0.0022752707232541495, Pos_Z, -0.0031073597564560906, BFx, 1.0, 0.0, 0.0,                             BFy, 0.0, -0.9697748609295036, 0.2440014735798973, BFz, 0.0, -0.24400147357989707, -0.9697748609295033
Time, 0.2, Pos_X, 0.005662279064001598, Pos_Y, 0.002287212926171036, Pos_Z, -0.003305916275618257, BFx, 1.0, 0.0, 0.0,                             BFy, 0.0, -0.9693836542882431, 0.2455510757434613, BFz, 0.0, -0.24555107574346105, -0.9693836542882428
Time, 0.202, Pos_X, 0.0056631547579319985, Pos_Y, 0.0023013187508409165, Pos_Z, -0.0035091888635295507, BFx, 1.0, 0.0, 0.0,                             BFy, 0.0, -0.9689955711477555, 0.24707809108869644, BFz, 0.0, -0.24707809108869622, -0.968995571147755
Time, 0.204, Pos_X, 0.005661946866962399, Pos_Y, 0.0023177915302403373, Pos_Z, -0.0037170383381812965, BFx, 1.0, 0.0, 0.0,                             BFy, 0.0, -0.9686127751154897, 0.2485745197784125, BFz, 0.0, -0.24857451977841227, -0.9686127751154893
Time, 0.206, Pos_X, 0.005658768853952799, Pos_Y, 0.0023368253829934554, Pos_Z, -0.003929321924417283, BFx, 1.0, 0.0, 0.0,                             BFy, 0.0, -0.9682374023064256, 0.2500326634160086, BFz, 0.0, -0.2500326634160084, -0.9682374023064253
Time, 0.208, Pos_X, 0.005653733696403199, Pos_Y, 0.002358604181622291, Pos_Z, -0.004145895401623382, BFx, 1.0, 0.0, 0.0,                             BFy, 0.0, -0.9678714647866735, 0.25144547649877763, BFz, 0.0, -0.25144547649877746, -0.9678714647866732
Time, 0.21, Pos_X, 0.005646952127053599, Pos_Y, 0.0023833008194919796, Pos_Z, -0.004366614912619783, BFx, 1.0, 0.0, 0.0,                             BFy, 0.0, -0.9675167593174172, 0.2528068836877691, BFz, 0.0, -0.2528068836877689, -0.9675167593174167
Time, 0.212, Pos_X, 0.005638530737003999, Pos_Y, 0.0024110763663031456, Pos_Z, -0.00459133885043055, BFx, 1.0, 0.0, 0.0,                             BFy, 0.0, -0.9671747982737906, 0.2541120020464407, BFz, 0.0, -0.25411200204644047, -0.9671747982737902
Time, 0.214, Pos_X, 0.005628570720994399, Pos_Y, 0.0024420795467625547, Pos_Z, -0.004819929044411629, BFx, 1.0, 0.0, 0.0,                             BFy, 0.0, -0.966846733670672, 0.2553573840529204, BFz, 0.0, -0.25535738405292013, -0.9668467336706715
Time, 0.216, Pos_X, 0.005617166767824799, Pos_Y, 0.002476446328621594, Pos_Z, -0.005052251259055046, BFx, 1.0, 0.0, 0.0,                             BFy, 0.0, -0.9665333666447546, 0.25654093467194306, BFz, 0.0, -0.2565409346719428, -0.9665333666447542
Time, 0.218, Pos_X, 0.0056044057249751995, Pos_Y, 0.0025142994023381227, Pos_Z, -0.005288175026160953, BFx, 1.0, 0.0, 0.0,                             BFy, 0.0, -0.966235119271068, 0.257661976797553, BFz, 0.0, -0.25766197679755276, -0.9662351192710676
Time, 0.22, Pos_X, 0.005590365663365599, Pos_Y, 0.002555748172435333, Pos_Z, -0.005527572892681843, BFx, 1.0, 0.0, 0.0,                             BFy, 0.0, -0.9659520821685394, 0.25872103693797477, BFz, 0.0, -0.25872103693797455, -0.9659520821685392
Time, 0.222, Pos_X, 0.005575114970615999, Pos_Y, 0.002600888449811395, Pos_Z, -0.005770319792200847, BFx, 1.0, 0.0, 0.0,                             BFy, 0.0, -0.9656840371037984, 0.25971973448875196, BFz, 0.0, -0.25971973448875174, -0.9656840371037981
Time, 0.224, Pos_X, 0.005558711938206399, Pos_Y, 0.002649802240379981, Pos_Z, -0.00601629185149247, BFx, 1.0, 0.0, 0.0,                             BFy, 0.0, -0.9654305736404829, 0.26066032970171377, BFz, 0.0, -0.2606603297017136, -0.9654305736404828
Time, 0.226, Pos_X, 0.005541204464436799, Pos_Y, 0.0027025578318273734, Pos_Z, -0.006265364982992258, BFx, 1.0, 0.0, 0.0,                             BFy, 0.0, -0.9651911371154067, 0.26154553873822095, BFz, 0.0, -0.26154553873822084, -0.9651911371154066
Time, 0.228, Pos_X, 0.005522629632507199, Pos_Y, 0.0027592097913689503, Pos_Z, -0.006517413549597472, BFx, 1.0, 0.0, 0.0,                             BFy, 0.0, -0.9649651359966068, 0.26237813611474614, BFz, 0.0, -0.2623781361147461, -0.9649651359966067
Time, 0.23, Pos_X, 0.005503014075777599, Pos_Y, 0.0028197993853259773, Pos_Z, -0.0067723088280598155, BFx, 1.0, 0.0, 0.0,                             BFy, 0.0, -0.964752051670761, 0.26316055706935887, BFz, 0.0, -0.26316055706935876, -0.9647520516707608
Time, 0.232, Pos_X, 0.005482373884247999, Pos_Y, 0.0028843550516934723, Pos_Z, -0.007029917482644597, BFx, 1.0, 0.0, 0.0,                             BFy, 0.0, -0.9645514865102449, 0.2638947325561367, BFz, 0.0, -0.2638947325561366, -0.9645514865102447
Time, 0.234, Pos_X, 0.005460714874998399, Pos_Y, 0.0029528928054682675, Pos_Z, -0.007290100124653976, BFx, 1.0, 0.0, 0.0,                             BFy, 0.0, -0.9643632436545222, 0.26458181019889987, BFz, 0.0, -0.2645818101988997, -0.964363243654522
Time, 0.236, Pos_X, 0.005438033228928799, Pos_Y, 0.0030254169188219213, Pos_Z, -0.007552710155778733, BFx, 1.0, 0.0, 0.0,                             BFy, 0.0, -0.9641873756496864, 0.26522199124086365, BFz, 0.0, -0.2652219912408635, -0.9641873756496862
Time, 0.238, Pos_X, 0.005414316087999199, Pos_Y, 0.003101920694805492, Pos_Z, -0.007817593164033798, BFx, 1.0, 0.0, 0.0,                             BFy, 0.0, -0.9640242026561027, 0.26581447796021934, BFz, 0.0, -0.2658144779602192, -0.9640242026561024
Time, 0.24, Pos_X, 0.005389542058509599, Pos_Y, 0.0031823872955054062, Pos_Z, -0.00808458694988116, BFx, 1.0, 0.0, 0.0,                             BFy, 0.0, -0.9638742840337536, 0.2663575877995907, BFz, 0.0, -0.2663575877995907, -0.9638742840337536
Time, 0.242, Pos_X, 0.005363681550279999, Pos_Y, 0.0032667905346212356, Pos_Z, -0.008353521686582831, BFx, 1.0, 0.0, 0.0,                             BFy, 0.0, -0.9637383623494773, 0.26684896277847103, BFz, 0.0, -0.2668489627784711, -0.9637383623494773
Time, 0.244, Pos_X, 0.005336697323070399, Pos_Y, 0.0033550954881037985, Pos_Z, -0.008624220377554483, BFx, 1.0, 0.0, 0.0,                             BFy, 0.0, -0.9636172902476646, 0.26728583564369074, BFz, 0.0, -0.26728583564369085, -0.9636172902476646
Time, 0.246, Pos_X, 0.005308545093120799, Pos_Y, 0.003447258932816279, Pos_Z, -0.008896499907680525, BFx, 1.0, 0.0, 0.0,                             BFy, 0.0, -0.9635119598691021, 0.26766528200198036, BFz, 0.0, -0.2676652820019805, -0.9635119598691021
Time, 0.248, Pos_X, 0.005279174064231199, Pos_Y, 0.003543229834354285, Pos_Z, -0.00917017219883389, BFx, 1.0, 0.0, 0.0,                             BFy, 0.0, -0.9634232506610051, 0.2679844026912389, BFz, 0.0, -0.267984402691239, -0.963423250661005
Time, 0.25, Pos_X, 0.0052485271258015985, Pos_Y, 0.0036429501300265774, Pos_Z, -0.009445045653998042, BFx, 1.0, 0.0, 0.0,                             BFy, 0.0, -0.9633519289289908, 0.26824067743127705, BFz, 0.0, -0.2682406774312772, -0.9633519289289907
Time, 0.252, Pos_X, 0.0052165416388319985, Pos_Y, 0.003746355401660131, Pos_Z, -0.009720926582689927, BFx, 1.0, 0.0, 0.0,                             BFy, 0.0, -0.9632986155734586, 0.2684320719181223, BFz, 0.0, -0.26843207191812246, -0.9632986155734583
Time, 0.254, Pos_X, 0.005183149775262398, Pos_Y, 0.003853375046856517, Pos_Z, -0.009997620415399106, BFx, 1.0, 0.0, 0.0,                             BFy, 0.0, -0.9632637694526216, 0.2685570897591885, BFz, 0.0, -0.2685570897591887, -0.9632637694526212
Time, 0.256, Pos_X, 0.005148278596732799, Pos_Y, 0.003963932829855015, Pos_Z, -0.01027493326356483, BFx, 1.0, 0.0, 0.0,                             BFy, 0.0, -0.9632476257777465, 0.2686149873583612, BFz, 0.0, -0.26861498735836137, -0.9632476257777461
Time, 0.258, Pos_X, 0.0051118499420031984, Pos_Y, 0.004077947364873267, Pos_Z, -0.010552673779824575, BFx, 1.0, 0.0, 0.0,                             BFy, 0.0, -0.963250213991007, 0.2686057059078927, BFz, 0.0, -0.26860570590789284, -0.9632502139910067
Time, 0.26, Pos_X, 0.005073779819173598, Pos_Y, 0.004195332345428696, Pos_Z, -0.010830655024237341, BFx, 1.0, 0.0, 0.0,                             BFy, 0.0, -0.9632713848824433, 0.2685297731475184, BFz, 0.0, -0.2685297731475186, -0.9632713848824431
Time, 0.262, Pos_X, 0.0050339787731239986, Pos_Y, 0.00431599670379435, Pos_Z, -0.011108695830081691, BFx, 1.0, 0.0, 0.0,                             BFy, 0.0, -0.9633107939495231, 0.26838836461429755, BFz, 0.0, -0.26838836461429777, -0.963310793949523
Time, 0.264, Pos_X, 0.004992352741274399, Pos_Y, 0.004439844750360381, Pos_Z, -0.01138662148661108, BFx, 1.0, 0.0, 0.0,                             BFy, 0.0, -0.9633679149234055, 0.26818325916456426, BFz, 0.0, -0.2681832591645645, -0.9633679149234055
Time, 0.266, Pos_X, 0.004948803462684799, Pos_Y, 0.004566776421143914, Pos_Z, -0.011664264539479642, BFx, 1.0, 0.0, 0.0,                             BFy, 0.0, -0.9634420676063592, 0.26791674521459363, BFz, 0.0, -0.26791674521459374, -0.9634420676063592
Time, 0.268, Pos_X, 0.004903228085135199, Pos_Y, 0.004696686825070452, Pos_Z, -0.011941465605789119, BFx, 1.0, 0.0, 0.0,                             BFy, 0.0, -0.9635323954083229, 0.26759170951039757, BFz, 0.0, -0.2675917095103977, -0.963532395408323
Time, 0.27, Pos_X, 0.004855518749965599, Pos_Y, 0.004829465631680577, Pos_Z, -0.012218073599094175, BFx, 1.0, 0.0, 0.0,                             BFy, 0.0, -0.9636378544946503, 0.26721168646776045, BFz, 0.0, -0.2672116864677605, -0.9636378544946506
Time, 0.272, Pos_X, 0.004805562271475999, Pos_Y, 0.004964996564459543, Pos_Z, -0.012493945519244798, BFx, 1.0, 0.0, 0.0,                             BFy, 0.0, -0.963757204547926, 0.2667809038929983, BFz, 0.0, -0.2667809038929984, -0.9637572045479261
Time, 0.274, Pos_X, 0.004753239382086399, Pos_Y, 0.005103156532045807, Pos_Z, -0.012768946268714956, BFx, 1.0, 0.0, 0.0,                             BFy, 0.0, -0.9638889786015012, 0.2663044065173403, BFz, 0.0, -0.2663044065173404, -0.9638889786015012
Time, 0.276, Pos_X, 0.0046984240052767995, Pos_Y, 0.005243815000514055, Pos_Z, -0.013042948624767502, BFx, 1.0, 0.0, 0.0,                             BFy, 0.0, -0.9640314893638499, 0.2657880499851637, BFz, 0.0, -0.2657880499851638, -0.9640314893638499
Time, 0.278, Pos_X, 0.004640982103147199, Pos_Y, 0.0053868332385600065, Pos_Z, -0.01331583342890343, BFx, 1.0, 0.0, 0.0,                             BFy, 0.0, -0.9641828314597973, 0.2652385106242432, BFz, 0.0, -0.26523851062424336, -0.9641828314597973
Time, 0.28, Pos_X, 0.004580770824697599, Pos_Y, 0.005532062999213319, Pos_Z, -0.013587489631516035, BFx, 1.0, 0.0, 0.0,                             BFy, 0.0, -0.9643409209352313, 0.2646631599029014, BFz, 0.0, -0.26466315990290157, -0.9643409209352312
Time, 0.282, Pos_X, 0.004517637928628001, Pos_Y, 0.005679345187617517, Pos_Z, -0.013857813637843308, BFx, 1.0, 0.0, 0.0,                             BFy, 0.0, -0.9645035638979821, 0.2640698302118018, BFz, 0.0, -0.264069830211802, -0.9645035638979819
Time, 0.284, Pos_X, 0.0044514204214584005, Pos_Y, 0.005828508495764306, Pos_Z, -0.014126708817955665, BFx, 1.0, 0.0, 0.0,                             BFy, 0.0, -0.964668524991394, 0.2634665764208557, BFz, 0.0, -0.26346657642085586, -0.9646685249913938
Time, 0.286, Pos_X, 0.0043819437148888, Pos_Y, 0.005979368542713222, Pos_Z, -0.014394085134612253, BFx, 1.0, 0.0, 0.0,                             BFy, 0.0, -0.9648336203644398, 0.26286134180294846, BFz, 0.0, -0.2628613418029486, -0.9648336203644395
Time, 0.288, Pos_X, 0.0043090213760192, Pos_Y, 0.006131727174355884, Pos_Z, -0.01465985802452787, BFx, 1.0, 0.0, 0.0,                             BFy, 0.0, -0.9649968247093715, 0.26226156466556205, BFz, 0.0, -0.2622615646655622, -0.9649968247093714
Time, 0.29, Pos_X, 0.0042324549641496, Pos_Y, 0.0062853720874439, Pos_Z, -0.014923947550340353, BFx, 1.0, 0.0, 0.0,                             BFy, 0.0, -0.9651563217821502, 0.2616739851875787, BFz, 0.0, -0.26167398518757884, -0.9651563217821499
Time, 0.292, Pos_X, 0.0041520334138599995, Pos_Y, 0.006440076914094908, Pos_Z, -0.015186278297388769, BFx, 1.0, 0.0, 0.0,                             BFy, 0.0, -0.9653105486715952, 0.26110447070730647, BFz, 0.0, -0.26110447070730664, -0.9653105486715949
Time, 0.294, Pos_X, 0.0040675323094504, Pos_Y, 0.0065956010237988826, Pos_Z, -0.015446779459550497, BFx, 1.0, 0.0, 0.0,                             BFy, 0.0, -0.9654582408414711, 0.26055783463809035, BFz, 0.0, -0.2605578346380905, -0.965458240841471
Time, 0.296, Pos_X, 0.0039787134020408, Pos_Y, 0.006751689283415928, Pos_Z, -0.01570538494549791, BFx, 1.0, 0.0, 0.0,                             BFy, 0.0, -0.9655984344307444, 0.2600378115291961, BFz, 0.0, -0.26003781152919625, -0.9655984344307442
Time, 0.298, Pos_X, 0.0038853242578312, Pos_Y, 0.006908072287686298, Pos_Z, -0.01596203319846521, BFx, 1.0, 0.0, 0.0,                             BFy, 0.0, -0.9657303906694681, 0.2595473223468026, BFz, 0.0, -0.2595473223468027, -0.9657303906694679
Time, 0.3, Pos_X, 0.0037870982578215996, Pos_Y, 0.0070644669740567816, Pos_Z, -0.01621666722283788, BFx, 1.0, 0.0, 0.0,                             BFy, 0.0, -0.9658535304888518, 0.2590887061263361, BFz, 0.0, -0.2590887061263362, -0.9658535304888516
Time, 0.302, Pos_X, 0.0036837548860119995, Pos_Y, 0.007220576934150962, Pos_Z, -0.016469235809387642, BFx, 1.0, 0.0, 0.0,                             BFy, 0.0, -0.9659673119039451, 0.2586641690166319, BFz, 0.0, -0.258664169016632, -0.9659673119039447
Time, 0.304, Pos_X, 0.003574999855802399, Pos_Y, 0.007376092760525023, Pos_Z, -0.016719694436446768, BFx, 1.0, 0.0, 0.0,                             BFy, 0.0, -0.9660711288245408, 0.25827615850417934, BFz, 0.0, -0.25827615850417934, -0.9660711288245403
Time, 0.306, Pos_X, 0.003460524959392799, Pos_Y, 0.007530692422564626, Pos_Z, -0.016968005092641524, BFx, 1.0, 0.0, 0.0,                             BFy, 0.0, -0.9661641480315399, 0.2579279726173319, BFz, 0.0, -0.25792797261733197, -0.9661641480315394
Time, 0.308, Pos_X, 0.003340008228383199, Pos_Y, 0.007684040681292649, Pos_Z, -0.01721413328982802, BFx, 1.0, 0.0, 0.0,                             BFy, 0.0, -0.9662452425290972, 0.2576240114777431, BFz, 0.0, -0.25762401147774316, -0.9662452425290967
Time, 0.31, Pos_X, 0.003213115148373599, Pos_Y, 0.0078357901845005, Pos_Z, -0.017458047971805894, BFx, 1.0, 0.0, 0.0,                             BFy, 0.0, -0.9663129426143592, 0.2573699612153213, BFz, 0.0, -0.2573699612153214, -0.9663129426143587
Time, 0.312, Pos_X, 0.0030794985313639988, Pos_Y, 0.007985583420139516, Pos_Z, -0.017699728054868538, BFx, 1.0, 0.0, 0.0,                             BFy, 0.0, -0.9663653911372597, 0.25717295894422665, BFz, 0.0, -0.25717295894422676, -0.966365391137259
Time, 0.314, Pos_X, 0.0029387966409543985, Pos_Y, 0.008133052975312933, Pos_Z, -0.017939166985558704, BFx, 1.0, 0.0, 0.0,                             BFy, 0.0, -0.9664003331720661, 0.2570416231759314, BFz, 0.0, -0.25704162317593154, -0.9664003331720654
