Time, 0, Pos_X, 0.0, Pos_Y, 0.0, Pos_Z, 0.0, BFx, 1, 0, 0,                         BFy, 0, -1, 0, BFz, 0, 0, -1
Time, 0.0, Pos_X, 0.0, Pos_Y, 0.0, Pos_Z, 0.0, BFx, 1.0, 0.0, 0.0,                             BFy, 0.0, -1.0, 0.0, BFz, 0.0, 0.0, -1.0
Time, 0.002, Pos_X, -1.3901117999999999e-06, Pos_Y, -1.2265461986709823e-06, Pos_Z, -1.560697564441571e-06, BFx, 1.0, 0.0, 0.0,                             BFy, 0.0, -0.9999988004853028, 0.0015488795806984292, BFz, 0.0, -0.0015488795806984294, -0.9999988004853028
Time, 0.004, Pos_X, -5.5387842e-06, Pos_Y, -4.914023625060265e-06, Pos_Z, -6.2666335405304175e-06, BFx, 1.0, 0.0, 0.0,                             BFy, 0.0, -0.9999950836908881, 0.003135696741305074, BFz, 0.0, -0.0031356967413050745, -0.9999950836908881
Time, 0.006, Pos_X, -1.24018682e-05, Pos_Y, -1.1078390947102128e-05, Pos_Z, -1.4168947071468531e-05, BFx, 1.0, 0.0, 0.0,                             BFy, 0.0, -0.999988647805995, 0.004764898649233498, BFz, 0.0, -0.004764898649233499, -0.999988647805995
Time, 0.008, Pos_X, -2.1933326299999998e-05, Pos_Y, -1.973579008304248e-05, Pos_Z, -2.532575993950328e-05, BFx, 1.0, 0.0, 0.0,                             BFy, 0.0, -0.9999792549564668, 0.006441246518317248, BFz, 0.0, -0.00644124651831725, -0.9999792549564668
Time, 0.01, Pos_X, -3.40854313e-05, Pos_Y, -3.0902368774287023e-05, Pos_Z, -3.980275719390317e-05, BFx, 1.0, 0.0, 0.0,                             BFy, 0.0, -0.999966627704071, 0.00816966817859213, BFz, 0.0, -0.008169668178592132, -0.9999666277040707
Time, 0.012, Pos_X, -4.88090193e-05, Pos_Y, -4.459411167718508e-05, Pos_Z, -5.767372651312943e-05, BFx, 1.0, 0.0, 0.0,                             BFy, 0.0, -0.9999504444173812, 0.009955335729252805, BFz, 0.0, -0.009955335729252807, -0.9999504444173811
Time, 0.014, Pos_X, -6.60537249e-05, Pos_Y, -6.0826783586075925e-05, Pos_Z, -7.902106748919117e-05, BFx, 1.0, 0.0, 0.0,                             BFy, 0.0, -0.9999303366280671, 0.011803469442534872, BFz, 0.0, -0.011803469442534872, -0.9999303366280669
Time, 0.016, Pos_X, -8.57685463e-05, Pos_Y, -7.961623549202194e-05, Pos_Z, -0.00010393677530323265, BFx, 1.0, 0.0, 0.0,                             BFy, 0.0, -0.9999058883699802, 0.013719125447378543, BFz, 0.0, -0.013719125447378543, -0.99990588836998
Time, 0.018, Pos_X, -0.00010790228169999998, Pos_Y, -0.00010097840117941984, Pos_Z, -0.00013252298778310319, BFx, 1.0, 0.0, 0.0,                             BFy, 0.0, -0.999876636009938, 0.015707092711583107, BFz, 0.0, -0.015707092711583107, -0.9998766360099378
Time, 0.02, Pos_X, -0.0001324039417, Pos_Y, -0.00012492926841839292, Pos_Z, -0.00016489207694914625, BFx, 1.0, 0.0, 0.0,                             BFy, 0.0, -0.9998420700259345, 0.017771747417025013, BFz, 0.0, -0.017771747417025013, -0.9998420700259343
Time, 0.022, Pos_X, -0.00015922337719999997, Pos_Y, -0.00015148497851787178, Pos_Z, -0.00020116679527147014, BFx, 1.0, 0.0, 0.0,                             BFy, 0.0, -0.9998016392137558, 0.019916882925982923, BFz, 0.0, -0.019916882925982926, -0.9998016392137556
Time, 0.024, Pos_X, -0.0001883116992, Pos_Y, -0.00018066188470202522, Pos_Z, -0.00024148023601579566, BFx, 1.0, 0.0, 0.0,                             BFy, 0.0, -0.9997547534199633, 0.02214572225483631, BFz, 0.0, -0.022145722254836315, -0.9997547534199632
Time, 0.026, Pos_X, -0.00021962195365999996, Pos_Y, -0.00021247651068650715, Pos_Z, -0.00028597552266527385, BFx, 1.0, 0.0, 0.0,                             BFy, 0.0, -0.9997007899512934, 0.02446079660926183, BFz, 0.0, -0.024460796609261832, -0.9997007899512933
Time, 0.028, Pos_X, -0.00025310997109999995, Pos_Y, -0.0002469455693521011, Pos_Z, -0.0003348051921119187, BFx, 1.0, 0.0, 0.0,                             BFy, 0.0, -0.99963904771404, 0.026865857242364496, BFz, 0.0, -0.0268658572423645, -0.9996390477140398
Time, 0.03, Pos_X, -0.0002887349184599999, Pos_Y, -0.00028408600376475605, Pos_Z, -0.0003881304831821638, BFx, 1.0, 0.0, 0.0,                             BFy, 0.0, -0.9995688627343448, 0.029361346222001112, BFz, 0.0, -0.029361346222001112, -0.9995688627343445
Time, 0.032, Pos_X, -0.00032646020229999993, Pos_Y, -0.0003239150477813952, Pos_Z, -0.0004461202560623058, BFx, 1.0, 0.0, 0.0,                             BFy, 0.0, -0.9994895490754185, 0.031947477036794736, BFz, 0.0, -0.03194747703679473, -0.9994895490754181
Time, 0.034, Pos_X, -0.00036625435861999995, Pos_Y, -0.0003664504177734527, Pos_Z, -0.0005089494735466661, BFx, 1.0, 0.0, 0.0,                             BFy, 0.0, -0.9994004019643504, 0.034624219175235824, BFz, 0.0, -0.03462421917523581, -0.99940040196435
Time, 0.036, Pos_X, -0.00040809170305999983, Pos_Y, -0.00041171043549318993, Pos_Z, -0.0005767976620780407, BFx, 1.0, 0.0, 0.0,                             BFy, 0.0, -0.9993006998184546, 0.03739132710064125, BFz, 0.0, -0.037391327100641226, -0.9993006998184542
Time, 0.038, Pos_X, -0.00045195286961999986, Pos_Y, -0.0004597140424621952, Pos_Z, -0.0006498474185072995, BFx, 1.0, 0.0, 0.0,                             BFy, 0.0, -0.9991897013898896, 0.04024848613778304, BFz, 0.0, -0.04024848613778302, -0.9991897013898892
Time, 0.04, Pos_X, -0.0004978254495799999, Pos_Y, -0.0005104807069940492, Pos_Z, -0.0007282826559585315, BFx, 1.0, 0.0, 0.0,                             BFy, 0.0, -0.999066644733025, 0.043195362967516755, BFz, 0.0, -0.043195362967516734, -0.9990666447330245
Time, 0.042, Pos_X, -0.0005457045771399999, Pos_Y, -0.0005640303052929569, Pos_Z, -0.0008122865174827464, BFx, 1.0, 0.0, 0.0,                             BFy, 0.0, -0.998930739504327, 0.046231782069681066, BFz, 0.0, -0.04623178206968106, -0.9989307395043265
Time, 0.044, Pos_X, -0.0005955936750999997, Pos_Y, -0.0006203831031637148, Pos_Z, -0.0009020393543109498, BFx, 1.0, 0.0, 0.0,                             BFy, 0.0, -0.9987811668390295, 0.0493576819519178, BFz, 0.0, -0.04935768195191779, -0.998781166839029
Time, 0.046, Pos_X, -0.0006475048332599998, Pos_Y, -0.000679559813471141, Pos_Z, -0.0009977167782852596, BFx, 1.0, 0.0, 0.0,                             BFy, 0.0, -0.9986170711805277, 0.05257323603151592, BFz, 0.0, -0.0525732360315159, -0.9986170711805269
Time, 0.048, Pos_X, -0.0007014589046199999, Pos_Y, -0.0007415816124256291, Pos_Z, -0.001099487796936457, BFx, 1.0, 0.0, 0.0,                             BFy, 0.0, -0.9984375647107091, 0.05587870233415508, BFz, 0.0, -0.05587870233415507, -0.9984375647107083
Time, 0.05, Pos_X, -0.0007574857745799999, Pos_Y, -0.0008064698825040681, Pos_Z, -0.0012075129070954977, BFx, 1.0, 0.0, 0.0,                             BFy, 0.0, -0.9982417278595368, 0.059274385361698996, BFz, 0.0, -0.05927438536169898, -0.9982417278595359
Time, 0.052, Pos_X, -0.0008156243314399997, Pos_Y, -0.0008742461716298252, Pos_Z, -0.0013219424228447154, BFx, 1.0, 0.0, 0.0,                             BFy, 0.0, -0.9980286119138925, 0.06276057521429708, BFz, 0.0, -0.06276057521429707, -0.9980286119138916
Time, 0.054, Pos_X, -0.0008759222058999997, Pos_Y, -0.0009449321568154325, Pos_Z, -0.0014429149859841303, BFx, 1.0, 0.0, 0.0,                             BFy, 0.0, -0.9977972477510605, 0.06633741312720405, BFz, 0.0, -0.06633741312720402, -0.9977972477510596
Time, 0.056, Pos_X, -0.0009384348907199999, Pos_Y, -0.0010185499331265531, Pos_Z, -0.0015705573785301282, BFx, 1.0, 0.0, 0.0,                             BFy, 0.0, -0.9975466448388824, 0.07000493818788506, BFz, 0.0, -0.07000493818788502, -0.9975466448388813
Time, 0.058, Pos_X, -0.0010032256387999998, Pos_Y, -0.0010951215173707178, Pos_Z, -0.0017049831800645162, BFx, 1.0, 0.0, 0.0,                             BFy, 0.0, -0.9972757984422732, 0.07376301133581636, BFz, 0.0, -0.07376301133581634, -0.997275798442272
Time, 0.06, Pos_X, -0.0010703655140799997, Pos_Y, -0.0011746677752053633, Pos_Z, -0.0018462908501870028, BFx, 1.0, 0.0, 0.0,                             BFy, 0.0, -0.9969836937129254, 0.07761130375488451, BFz, 0.0, -0.07761130375488447, -0.9969836937129243
Time, 0.062, Pos_X, -0.0011399327801599997, Pos_Y, -0.0012572080345175688, Pos_Z, -0.0019945634425818414, BFx, 1.0, 0.0, 0.0,                             BFy, 0.0, -0.9966693046571861, 0.08154935410021584, BFz, 0.0, -0.08154935410021581, -0.9966693046571851
Time, 0.064, Pos_X, -0.0012120125195199999, Pos_Y, -0.001342759643513658, Pos_Z, -0.002149868602443538, BFx, 1.0, 0.0, 0.0,                             BFy, 0.0, -0.9963315915712179, 0.08557663020453907, BFz, 0.0, -0.08557663020453903, -0.9963315915712171
Time, 0.066, Pos_X, -0.00128669573916, Pos_Y, -0.0014313374615819027, Pos_Z, -0.0023122591055250133, BFx, 1.0, 0.0, 0.0,                             BFy, 0.0, -0.9959695125238057, 0.0896924195408599, BFz, 0.0, -0.08969241954085987, -0.9959695125238047
Time, 0.068, Pos_X, -0.0013640787192, Pos_Y, -0.0015229537122683535, Pos_Z, -0.0024817734527866606, BFx, 1.0, 0.0, 0.0,                             BFy, 0.0, -0.9955820191898789, 0.09389591612953392, BFz, 0.0, -0.09389591612953387, -0.9955820191898779
Time, 0.07, Pos_X, -0.0014442625687400002, Pos_Y, -0.0016176178592739265, Pos_Z, -0.002658436967942649, BFx, 1.0, 0.0, 0.0,                             BFy, 0.0, -0.9951680508394741, 0.09818630550317334, BFz, 0.0, -0.09818630550317327, -0.9951680508394731
Time, 0.072, Pos_X, -0.0015273526157799997, Pos_Y, -0.001715336026229028, Pos_Z, -0.002842262894861781, BFx, 1.0, 0.0, 0.0,                             BFy, 0.0, -0.9947265330023056, 0.10256278341198315, BFz, 0.0, -0.10256278341198308, -0.9947265330023046
Time, 0.074, Pos_X, -0.0016134576029199997, Pos_Y, -0.0018161105520754384, Pos_Z, -0.0030332532862879205, BFx, 1.0, 0.0, 0.0,                             BFy, 0.0, -0.994256375342174, 0.10702457704397703, BFz, 0.0, -0.10702457704397694, -0.9942563753421729
Time, 0.076, Pos_X, -0.0017026895112399998, Pos_Y, -0.0019199397930863946, Pos_Z, -0.0032314003057305205, BFx, 1.0, 0.0, 0.0,                             BFy, 0.0, -0.9937564714100642, 0.11157094393532178, BFz, 0.0, -0.11157094393532167, -0.9937564714100631
Time, 0.078, Pos_X, -0.00179516342312, Pos_Y, -0.002026817996059461, Pos_Z, -0.003436687997142543, BFx, 1.0, 0.0, 0.0,                             BFy, 0.0, -0.9932257009079348, 0.11620114911627155, BFz, 0.0, -0.1162011491162714, -0.9932257009079337
Time, 0.08, Pos_X, -0.00189099691028, Pos_Y, -0.0021367351390150393, Pos_Z, -0.0036490941661304144, BFx, 1.0, 0.0, 0.0,                             BFy, 0.0, -0.9926629139023069, 0.1209145953265419, BFz, 0.0, -0.12091459532654174, -0.9926629139023059
Time, 0.082, Pos_X, -0.00199031005772, Pos_Y, -0.002249676720559654, Pos_Z, -0.003868592093168264, BFx, 1.0, 0.0, 0.0,                             BFy, 0.0, -0.9920669272205079, 0.1257108265634254, BFz, 0.0, -0.12571082656342522, -0.9920669272205069
Time, 0.084, Pos_X, -0.00209322557284, Pos_Y, -0.0023656236642495307, Pos_Z, -0.004095152380935047, BFx, 1.0, 0.0, 0.0,                             BFy, 0.0, -0.9914365117446207, 0.13058959828278519, BFz, 0.0, -0.13058959828278496, -0.9914365117446196
Time, 0.086, Pos_X, -0.002199868549099999, Pos_Y, -0.00248455209796021, Pos_Z, -0.004328744914083403, BFx, 1.0, 0.0, 0.0,                             BFy, 0.0, -0.9907703865515303, 0.13555088023517795, BFz, 0.0, -0.1355508802351777, -0.9907703865515292
Time, 0.088, Pos_X, -0.0023103662214999992, Pos_Y, -0.0026064329608591137, Pos_Z, -0.004569340734515277, BFx, 1.0, 0.0, 0.0,                             BFy, 0.0, -0.9900672180560897, 0.1405948211374652, BFz, 0.0, -0.1405948211374649, -0.9900672180560887
Time, 0.09, Pos_X, -0.002424848149099999, Pos_Y, -0.0027312320486458943, Pos_Z, -0.004816913764322056, BFx, 1.0, 0.0, 0.0,                             BFy, 0.0, -0.9893256178262865, 0.14572172766144786, BFz, 0.0, -0.1457217276614476, -0.9893256178262855
Time, 0.092, Pos_X, -0.0025434464730999993, Pos_Y, -0.0028589103938779247, Pos_Z, -0.005071442703998515, BFx, 1.0, 0.0, 0.0,                             BFy, 0.0, -0.9885441628722177, 0.15093189872013998, BFz, 0.0, -0.1509318987201397, -0.9885441628722169
Time, 0.094, Pos_X, -0.0026662960020999993, Pos_Y, -0.0029894244266647145, Pos_Z, -0.005332912642079105, BFx, 1.0, 0.0, 0.0,                             BFy, 0.0, -0.9877213992192154, 0.15622559817275658, BFz, 0.0, -0.1562255981727563, -0.9877213992192146
Time, 0.096, Pos_X, -0.0027935338094999995, Pos_Y, -0.0031227258637363605, Pos_Z, -0.005601316386695801, BFx, 1.0, 0.0, 0.0,                             BFy, 0.0, -0.9868558607308229, 0.1616029397666614, BFz, 0.0, -0.1616029397666611, -0.986855860730822
Time, 0.098, Pos_X, -0.0029252990142999997, Pos_Y, -0.003258761985841055, Pos_Z, -0.005876655907624028, BFx, 1.0, 0.0, 0.0,                             BFy, 0.0, -0.9859460781655603, 0.1670638529124468, BFz, 0.0, -0.1670638529124465, -0.9859460781655595
Time, 0.1, Pos_X, -0.0030617327563, Pos_Y, -0.003397475846878535, Pos_Z, -0.006158943412956632, BFx, 1.0, 0.0, 0.0,                             BFy, 0.0, -0.9849906039529823, 0.17260796657263666, BFz, 0.0, -0.17260796657263636, -0.9849906039529814
Time, 0.102, Pos_X, -0.0032029778902999987, Pos_Y, -0.0035388063539154497, Pos_Z, -0.006448202010036769, BFx, 1.0, 0.0, 0.0,                             BFy, 0.0, -0.9839879993664125, 0.17823472473927884, BFz, 0.0, -0.17823472473927848, -0.9839879993664116
Time, 0.104, Pos_X, -0.003349178434899999, Pos_Y, -0.003682688356941062, Pos_Z, -0.006744466365755651, BFx, 1.0, 0.0, 0.0,                             BFy, 0.0, -0.9829368373889206, 0.18394339809807703, BFz, 0.0, -0.1839433980980766, -0.9829368373889198
Time, 0.106, Pos_X, -0.003500478923899999, Pos_Y, -0.0038290527749002693, Pos_Z, -0.007047783275775407, BFx, 1.0, 0.0, 0.0,                             BFy, 0.0, -0.981835690206334, 0.18973317431870707, BFz, 0.0, -0.18973317431870662, -0.9818356902063332
Time, 0.108, Pos_X, -0.003657024090099999, Pos_Y, -0.003977826740843034, Pos_Z, -0.007358211771949239, BFx, 1.0, 0.0, 0.0,                             BFy, 0.0, -0.980683103225657, 0.19560330019633243, BFz, 0.0, -0.195603300196332, -0.9806831032256563
Time, 0.11, Pos_X, -0.0038189566156999993, Pos_Y, -0.004128932952969885, Pos_Z, -0.007675823068812769, BFx, 1.0, 0.0, 0.0,                             BFy, 0.0, -0.9794775973173278, 0.2015530608883814, BFz, 0.0, -0.20155306088838096, -0.9794775973173271
Time, 0.112, Pos_X, -0.003986418577699999, Pos_Y, -0.004282290180479522, Pos_Z, -0.008000700576713171, BFx, 1.0, 0.0, 0.0,                             BFy, 0.0, -0.9782176378620117, 0.20758191871082354, BFz, 0.0, -0.2075819187108231, -0.9782176378620111
Time, 0.114, Pos_X, -0.004159552409499999, Pos_Y, -0.004437813804227255, Pos_Z, -0.008332939543523751, BFx, 1.0, 0.0, 0.0,                             BFy, 0.0, -0.9769016275312901, 0.2136895180553249, BFz, 0.0, -0.21368951805532446, -0.9769016275312896
Time, 0.116, Pos_X, -0.0043384977959, Pos_Y, -0.004595415153997057, Pos_Z, -0.008672646486413945, BFx, 1.0, 0.0, 0.0,                             BFy, 0.0, -0.9755279058393869, 0.2198756578810416, BFz, 0.0, -0.21987565788104116, -0.9755279058393864
Time, 0.118, Pos_X, -0.004523390778899999, Pos_Y, -0.004755001401380911, Pos_Z, -0.009019938720128599, BFx, 1.0, 0.0, 0.0,                             BFy, 0.0, -0.9740947572575205, 0.22614023057256497, BFz, 0.0, -0.22614023057256452, -0.9740947572575198
Time, 0.12, Pos_X, -0.004714362617299999, Pos_Y, -0.004916475552577192, Pos_Z, -0.009374943386707723, BFx, 1.0, 0.0, 0.0,                             BFy, 0.0, -0.9726004141823652, 0.23248319150487426, BFz, 0.0, -0.23248319150487387, -0.9726004141823645
Time, 0.122, Pos_X, -0.004911538725299999, Pos_Y, -0.005079736522471719, Pos_Z, -0.009737796221319504, BFx, 1.0, 0.0, 0.0,                             BFy, 0.0, -0.971043068508441, 0.23890449786831464, BFz, 0.0, -0.23890449786831422, -0.9710430685084404
Time, 0.124, Pos_X, -0.005115037627099999, Pos_Y, -0.00524467892395987, Pos_Z, -0.010108639950269492, BFx, 1.0, 0.0, 0.0,                             BFy, 0.0, -0.9694209005157224, 0.24540398864583776, BFz, 0.0, -0.24540398864583735, -0.9694209005157216
Time, 0.126, Pos_X, -0.005324969803099999, Pos_Y, -0.005411192596862093, Pos_Z, -0.010487622841314877, BFx, 1.0, 0.0, 0.0,                             BFy, 0.0, -0.967732132225273, 0.25198119028754357, BFz, 0.0, -0.2519811902875431, -0.9677321322252723
Time, 0.128, Pos_X, -0.0055414365121, Pos_Y, -0.005579162407012971, Pos_Z, -0.0108748976528745, BFx, 1.0, 0.0, 0.0,                             BFy, 0.0, -0.9659750386045532, 0.25863531234719817, BFz, 0.0, -0.2586353123471977, -0.9659750386045524
Time, 0.13, Pos_X, -0.0057645288167, Pos_Y, -0.0057484679458078, Pos_Z, -0.011270620611614645, BFx, 1.0, 0.0, 0.0,                             BFy, 0.0, -0.9641479504555859, 0.26536527586007524, BFz, 0.0, -0.26536527586007486, -0.964147950455585
Time, 0.132, Pos_X, -0.0059943268323, Pos_Y, -0.005918983061876635, Pos_Z, -0.011674950690384881, BFx, 1.0, 0.0, 0.0,                             BFy, 0.0, -0.9622492604515925, 0.2721697278544475, BFz, 0.0, -0.2721697278544471, -0.9622492604515916
Time, 0.134, Pos_X, -0.0062308990071, Pos_Y, -0.00609057549746809, Pos_Z, -0.01208804882670854, BFx, 1.0, 0.0, 0.0,                             BFy, 0.0, -0.9602774172235672, 0.27904709633041486, BFz, 0.0, -0.27904709633041447, -0.9602774172235662
Time, 0.136, Pos_X, -0.0064743011017, Pos_Y, -0.006263106409731196, Pos_Z, -0.012510077104943514, BFx, 1.0, 0.0, 0.0,                             BFy, 0.0, -0.9582308808829046, 0.2859957673154847, BFz, 0.0, -0.2859957673154843, -0.9582308808829038
Time, 0.138, Pos_X, -0.0067245751353, Pos_Y, -0.006436429830504845, Pos_Z, -0.012941198411939152, BFx, 1.0, 0.0, 0.0,                             BFy, 0.0, -0.9561080958428676, 0.293014178946559, BFz, 0.0, -0.2930141789465587, -0.9561080958428665
Time, 0.14, Pos_X, -0.006981749096700001, Pos_Y, -0.006610392288823336, Pos_Z, -0.013381575941876866, BFx, 1.0, 0.0, 0.0,                             BFy, 0.0, -0.9539074077963484, 0.3001010785572936, BFz, 0.0, -0.30010107855729323, -0.9539074077963473
Time, 0.142, Pos_X, -0.007245836336899998, Pos_Y, -0.006784832278820895, Pos_Z, -0.013831372783116963, BFx, 1.0, 0.0, 0.0,                             BFy, 0.0, -0.9516270302017091, 0.30725558642516965, BFz, 0.0, -0.30725558642516937, -0.9516270302017081
Time, 0.144, Pos_X, -0.007516834864499998, Pos_Y, -0.006959579790618229, Pos_Z, -0.014290751686828999, BFx, 1.0, 0.0, 0.0,                             BFy, 0.0, -0.9492649782709742, 0.31447734581080133, BFz, 0.0, -0.31447734581080117, -0.9492649782709732
Time, 0.146, Pos_X, -0.007794727105499998, Pos_Y, -0.0071344560386126105, Pos_Z, -0.014759874682090258, BFx, 1.0, 0.0, 0.0,                             BFy, 0.0, -0.9468190789838069, 0.3217664240909157, BFz, 0.0, -0.3217664240909155, -0.946819078983806
Time, 0.148, Pos_X, -0.008079479608299998, Pos_Y, -0.00730927320827149, Pos_Z, -0.015238902463211863, BFx, 1.0, 0.0, 0.0,                             BFy, 0.0, -0.9442869539701724, 0.32912330297585013, BFz, 0.0, -0.3291233029758499, -0.9442869539701714
Time, 0.15, Pos_X, -0.008371042805299997, Pos_Y, -0.007483834364138072, Pos_Z, -0.015727993931502537, BFx, 1.0, 0.0, 0.0,                             BFy, 0.0, -0.9416660488829048, 0.3365487370073731, BFz, 0.0, -0.3365487370073728, -0.9416660488829041
Time, 0.152, Pos_X, -0.008669350964699998, Pos_Y, -0.0076579335748353915, Pos_Z, -0.016227306061966356, BFx, 1.0, 0.0, 0.0,                             BFy, 0.0, -0.9389536566982021, 0.3440436463198732, BFz, 0.0, -0.34404364631987294, -0.9389536566982013
Time, 0.154, Pos_X, -0.008974322381299998, Pos_Y, -0.007831356035216919, Pos_Z, -0.01673699359833247, BFx, 1.0, 0.0, 0.0,                             BFy, 0.0, -0.9361469501785331, 0.35160899827995057, BFz, 0.0, -0.35160899827995024, -0.9361469501785324
Time, 0.156, Pos_X, -0.009285859608699999, Pos_Y, -0.008003877970175953, Pos_Z, -0.017257208536546942, BFx, 1.0, 0.0, 0.0,                             BFy, 0.0, -0.9332430252195284, 0.3592456762149023, BFz, 0.0, -0.35924567621490194, -0.9332430252195276
Time, 0.158, Pos_X, -0.0096038499479, Pos_Y, -0.008175266970924302, Pos_Z, -0.017788099408076838, BFx, 1.0, 0.0, 0.0,                             BFy, 0.0, -0.9302389734956362, 0.3669542916901022, BFz, 0.0, -0.36695429169010174, -0.9302389734956354
Time, 0.16, Pos_X, -0.0099281660513, Pos_Y, -0.008345282756959192, Pos_Z, -0.01832981082855963, BFx, 1.0, 0.0, 0.0,                             BFy, 0.0, -0.92713188079593, 0.3747352073288565, BFz, 0.0, -0.3747352073288561, -0.9271318807959292
Time, 0.162, Pos_X, -0.0102586665471, Pos_Y, -0.008513677826803337, Pos_Z, -0.01888248282893102, BFx, 1.0, 0.0, 0.0,                             BFy, 0.0, -0.9239188667206939, 0.38258845737626274, BFz, 0.0, -0.38258845737626235, -0.9239188667206931
Time, 0.164, Pos_X, -0.0105951972699, Pos_Y, -0.008680198308852805, Pos_Z, -0.01944625016864857, BFx, 1.0, 0.0, 0.0,                             BFy, 0.0, -0.9205970933402836, 0.3905137535777977, BFz, 0.0, -0.39051375357779733, -0.920597093340283
Time, 0.166, Pos_X, -0.010937592468900002, Pos_Y, -0.008844584989550394, Pos_Z, -0.020021241728991133, BFx, 1.0, 0.0, 0.0,                             BFy, 0.0, -0.9171637955035793, 0.3985104417922677, BFz, 0.0, -0.3985104417922673, -0.9171637955035784
Time, 0.168, Pos_X, -0.011285675741100003, Pos_Y, -0.009006574456685974, Pos_Z, -0.02060757977351744, BFx, 1.0, 0.0, 0.0,                             BFy, 0.0, -0.9136162858302349, 0.40657752307003703, BFz, 0.0, -0.40657752307003664, -0.913616285830234
Time, 0.17, Pos_X, -0.011639261247100003, Pos_Y, -0.00916590053414858, Pos_Z, -0.021205379052131924, BFx, 1.0, 0.0, 0.0,                             BFy, 0.0, -0.9099519964653199, 0.41471359289126125, BFz, 0.0, -0.4147135928912609, -0.9099519964653189
Time, 0.172, Pos_X, -0.011998154702499998, Pos_Y, -0.009322295753301891, Pos_Z, -0.021814745956206503, BFx, 1.0, 0.0, 0.0,                             BFy, 0.0, -0.9061684536149865, 0.42291693472007486, BFz, 0.0, -0.4229169347200745, -0.9061684536149855
Time, 0.174, Pos_X, -0.012362154557099998, Pos_Y, -0.009475492824032063, Pos_Z, -0.022435777678751864, BFx, 1.0, 0.0, 0.0,                             BFy, 0.0, -0.9022633715851194, 0.43118535259891777, BFz, 0.0, -0.4311853525989174, -0.9022633715851184
Time, 0.176, Pos_X, -0.012731053452899998, Pos_Y, -0.009625226231356313, Pos_Z, -0.02306856115526696, BFx, 1.0, 0.0, 0.0,                             BFy, 0.0, -0.8982346231781114, 0.4395162815233088, BFz, 0.0, -0.4395162815233084, -0.8982346231781103
Time, 0.178, Pos_X, -0.013104639542499998, Pos_Y, -0.009771233239461982, Pos_Z, -0.023713172430011874, BFx, 1.0, 0.0, 0.0,                             BFy, 0.0, -0.8940802373376954, 0.44790683093939365, BFz, 0.0, -0.44790683093939326, -0.8940802373376942
Time, 0.18, Pos_X, -0.013482698179499998, Pos_Y, -0.009913255027071261, Pos_Z, -0.024369676148455855, BFx, 1.0, 0.0, 0.0,                             BFy, 0.0, -0.8897983380720041, 0.4563539389161659, BFz, 0.0, -0.4563539389161655, -0.889798338072003
Time, 0.182, Pos_X, -0.013865013562899998, Pos_Y, -0.01005103839034034, Pos_Z, -0.02503812494715231, BFx, 1.0, 0.0, 0.0,                             BFy, 0.0, -0.8853871298268955, 0.4648544184332252, BFz, 0.0, -0.46485441843322484, -0.8853871298268944
Time, 0.184, Pos_X, -0.01425137041778, Pos_Y, -0.010184336768840719, Pos_Z, -0.025718559230438226, BFx, 1.0, 0.0, 0.0,                             BFy, 0.0, -0.8808448665481743, 0.47340502857038697, BFz, 0.0, -0.4734050285703865, -0.8808448665481732
Time, 0.186, Pos_X, -0.01464155511294, Pos_Y, -0.010312911046413631, Pos_Z, -0.026411006820234083, BFx, 1.0, 0.0, 0.0,                             BFy, 0.0, -0.8761697713645116, 0.482002626286475, BFz, 0.0, -0.4820026262864745, -0.8761697713645105
Time, 0.188, Pos_X, -0.015035356833700001, Pos_Y, -0.010436530802780907, Pos_Z, -0.02711548233581131, BFx, 1.0, 0.0, 0.0,                             BFy, 0.0, -0.871359954098922, 0.490644301294456, BFz, 0.0, -0.4906443012944554, -0.8713599540989208
Time, 0.19, Pos_X, -0.015432568828760002, Pos_Y, -0.01055497507695477, Pos_Z, -0.027831986687317643, BFx, 1.0, 0.0, 0.0,                             BFy, 0.0, -0.8664133452724313, 0.4993274628275869, BFz, 0.0, -0.49932746282758633, -0.8664133452724302
Time, 0.192, Pos_X, -0.015832989516320003, Pos_Y, -0.010668032855407529, Pos_Z, -0.028560506762920736, BFx, 1.0, 0.0, 0.0,                             BFy, 0.0, -0.8613275937433799, 0.5080499741720684, BFz, 0.0, -0.5080499741720678, -0.8613275937433789
Time, 0.194, Pos_X, -0.016236423826340003, Pos_Y, -0.010775503600319276, Pos_Z, -0.029301015365768228, BFx, 1.0, 0.0, 0.0,                             BFy, 0.0, -0.856099994637334, 0.5168102158258453, BFz, 0.0, -0.5168102158258445, -0.8560999946373331
Time, 0.196, Pos_X, -0.016642684096500004, Pos_Y, -0.010877197564644031, Pos_Z, -0.030053471210583296, BFx, 1.0, 0.0, 0.0,                             BFy, 0.0, -0.8507274859103777, 0.5256070249878785, BFz, 0.0, -0.5256070249878777, -0.8507274859103768
Time, 0.198, Pos_X, -0.017051591236940004, Pos_Y, -0.010972936238322677, Pos_Z, -0.03081781893720541, BFx, 1.0, 0.0, 0.0,                             BFy, 0.0, -0.845206702634752, 0.5344395473964197, BFz, 0.0, -0.534439547396419, -0.8452067026347511
Time, 0.2, Pos_X, -0.017462975517780005, Pos_Y, -0.011062552545868439, Pos_Z, -0.03159398908066154, BFx, 1.0, 0.0, 0.0,                             BFy, 0.0, -0.8395339331783234, 0.5433072565704739, BFz, 0.0, -0.5433072565704731, -0.8395339331783224
Time, 0.202, Pos_X, -0.017876676545820005, Pos_Y, -0.011145890747223787, Pos_Z, -0.03238189776028505, BFx, 1.0, 0.0, 0.0,                             BFy, 0.0, -0.8337052154130131, 0.5522097552498886, BFz, 0.0, -0.5522097552498878, -0.8337052154130122
Time, 0.204, Pos_X, -0.018292543429579998, Pos_Y, -0.011222806294757318, Pos_Z, -0.03318144647801438, BFx, 1.0, 0.0, 0.0,                             BFy, 0.0, -0.8277164594556121, 0.5611465608433026, BFz, 0.0, -0.5611465608433018, -0.8277164594556112
Time, 0.206, Pos_X, -0.018710435263359998, Pos_Y, -0.01129316559001414, Pos_Z, -0.03399252224511301, BFx, 1.0, 0.0, 0.0,                             BFy, 0.0, -0.8215636172808614, 0.5701168500933702, BFz, 0.0, -0.5701168500933693, -0.8215636172808605
Time, 0.208, Pos_X, -0.0191302211252, Pos_Y, -0.011356845627126006, Pos_Z, -0.03481499764715694, BFx, 1.0, 0.0, 0.0,                             BFy, 0.0, -0.8152428169630428, 0.5791192877034601, BFz, 0.0, -0.5791192877034591, -0.8152428169630417
Time, 0.21, Pos_X, -0.0195517795094, Pos_Y, -0.011413733484140992, Pos_Z, -0.035648731239133896, BFx, 1.0, 0.0, 0.0,                             BFy, 0.0, -0.8087505009222514, 0.5881518743130957, BFz, 0.0, -0.5881518743130946, -0.8087505009222503
Time, 0.212, Pos_X, -0.0199749980692, Pos_Y, -0.011463725971380293, Pos_Z, -0.03649356822174101, BFx, 1.0, 0.0, 0.0,                             BFy, 0.0, -0.8020834882749481, 0.5972119203739077, BFz, 0.0, -0.5972119203739066, -0.8020834882749472
Time, 0.214, Pos_X, -0.02039977349708, Pos_Y, -0.011506729326884166, Pos_Z, -0.037349341141280766, BFx, 1.0, 0.0, 0.0,                             BFy, 0.0, -0.7952391121614639, 0.6062959297971955, BFz, 0.0, -0.6062959297971944, -0.795239112161463
Time, 0.216, Pos_X, -0.02082601068084, Pos_Y, -0.011542658472245669, Pos_Z, -0.03821587055363898, BFx, 1.0, 0.0, 0.0,                             BFy, 0.0, -0.7882152021294888, 0.6153997035520639, BFz, 0.0, -0.6153997035520627, -0.7882152021294878
Time, 0.218, Pos_X, -0.02125362164356, Pos_Y, -0.011571436225792466, Pos_Z, -0.039092965765348445, BFx, 1.0, 0.0, 0.0,                             BFy, 0.0, -0.7810101144220594, 0.6245183753665223, BFz, 0.0, -0.6245183753665213, -0.7810101144220584
Time, 0.22, Pos_X, -0.021682524652120002, Pos_Y, -0.011592992549340927, Pos_Z, -0.0399804255712571, BFx, 1.0, 0.0, 0.0,                             BFy, 0.0, -0.7736226181089195, 0.6336466245079345, BFz, 0.0, -0.6336466245079336, -0.7736226181089187
Time, 0.222, Pos_X, -0.02211264328572, Pos_Y, -0.011607264072227525, Pos_Z, -0.040878038955035154, BFx, 1.0, 0.0, 0.0,                             BFy, 0.0, -0.7660518815972812, 0.6427787447491271, BFz, 0.0, -0.6427787447491261, -0.7660518815972804
Time, 0.224, Pos_X, -0.022543905339640003, Pos_Y, -0.011614193683433074, Pos_Z, -0.041785585794709694, BFx, 1.0, 0.0, 0.0,                             BFy, 0.0, -0.7582973195438916, 0.6519088702974886, BFz, 0.0, -0.6519088702974876, -0.7582973195438907
Time, 0.226, Pos_X, -0.022976241784800004, Pos_Y, -0.011613729914214308, Pos_Z, -0.04270283736284457, BFx, 1.0, 0.0, 0.0,                             BFy, 0.0, -0.7503585631819641, 0.6610310330532878, BFz, 0.0, -0.661031033053287, -0.7503585631819633
Time, 0.228, Pos_X, -0.023409586000980004, Pos_Y, -0.011605826609644772, Pos_Z, -0.04362955703389817, BFx, 1.0, 0.0, 0.0,                             BFy, 0.0, -0.7422353241346208, 0.6701393314876938, BFz, 0.0, -0.6701393314876931, -0.74223532413462
Time, 0.23, Pos_X, -0.023843872678900004, Pos_Y, -0.011590442481834015, Pos_Z, -0.04456550106278309, BFx, 1.0, 0.0, 0.0,                             BFy, 0.0, -0.7339274704010301, 0.6792278470371663, BFz, 0.0, -0.6792278470371658, -0.7339274704010292
Time, 0.232, Pos_X, -0.024279036401380006, Pos_Y, -0.011567540288158595, Pos_Z, -0.0455104195247308, BFx, 1.0, 0.0, 0.0,                             BFy, 0.0, -0.725434956839958, 0.6882907259251774, BFz, 0.0, -0.6882907259251768, -0.7254349568399571
Time, 0.234, Pos_X, -0.024715010353520007, Pos_Y, -0.011537086006016984, Pos_Z, -0.046464057212554706, BFx, 1.0, 0.0, 0.0,                             BFy, 0.0, -0.7167578923919691, 0.6973221089954208, BFz, 0.0, -0.6973221089954202, -0.7167578923919683
Time, 0.236, Pos_X, -0.02515172495716, Pos_Y, -0.011499048476186489, Pos_Z, -0.047426154040125006, BFx, 1.0, 0.0, 0.0,                             BFy, 0.0, -0.7078965701053723, 0.7063161091416851, BFz, 0.0, -0.7063161091416844, -0.7078965701053714
Time, 0.238, Pos_X, -0.0255891069868, Pos_Y, -0.011453398983817602, Pos_Z, -0.04839644560759462, BFx, 1.0, 0.0, 0.0,                             BFy, 0.0, -0.6988514372478098, 0.7152668513615528, BFz, 0.0, -0.7152668513615522, -0.6988514372478088
Time, 0.24, Pos_X, -0.02602707879344, Pos_Y, -0.01140011069863255, Pos_Z, -0.04937466419730877, BFx, 1.0, 0.0, 0.0,                             BFy, 0.0, -0.6896232168896853, 0.724168363522407, BFz, 0.0, -0.7241683635224063, -0.6896232168896843
Time, 0.242, Pos_X, -0.02646555696014, Pos_Y, -0.011339158083023134, Pos_Z, -0.0503605394099937, BFx, 1.0, 0.0, 0.0,                             BFy, 0.0, -0.680213011230086, 0.7330145014618042, BFz, 0.0, -0.7330145014618037, -0.680213011230085
Time, 0.244, Pos_X, -0.026904451208572, Pos_Y, -0.011270515987509982, Pos_Z, -0.051353798783331815, BFx, 1.0, 0.0, 0.0,                             BFy, 0.0, -0.6706223592734126, 0.7417989291193138, BFz, 0.0, -0.7417989291193132, -0.6706223592734115
Time, 0.246, Pos_X, -0.027343663697408, Pos_Y, -0.011194158806207038, Pos_Z, -0.052354168778678836, BFx, 1.0, 0.0, 0.0,                             BFy, 0.0, -0.6608532641650335, 0.7505151319210155, BFz, 0.0, -0.7505151319210148, -0.6608532641650324
Time, 0.248, Pos_X, -0.027783088332406, Pos_Y, -0.01111005976744681, Pos_Z, -0.05336137537058264, BFx, 1.0, 0.0, 0.0,                             BFy, 0.0, -0.6509081491162219, 0.7591564933622668, BFz, 0.0, -0.759156493362266, -0.6509081491162206
Time, 0.25, Pos_X, -0.028222609797414, Pos_Y, -0.011018190370782612, Pos_Z, -0.05437514470836438, BFx, 1.0, 0.0, 0.0,                             BFy, 0.0, -0.6407896785893658, 0.7677164761898344, BFz, 0.0, -0.7677164761898337, -0.6407896785893646
Time, 0.252, Pos_X, -0.028662102810146, Pos_Y, -0.010918519802847845, Pos_Z, -0.05539520424695471, BFx, 1.0, 0.0, 0.0,                             BFy, 0.0, -0.6305007169946376, 0.7761886664138088, BFz, 0.0, -0.7761886664138081, -0.6305007169946365
Time, 0.254, Pos_X, -0.029101431060202, Pos_Y, -0.010811013003363798, Pos_Z, -0.056421283258466924, BFx, 1.0, 0.0, 0.0,                             BFy, 0.0, -0.6200442361925156, 0.7845668519408906, BFz, 0.0, -0.7845668519408898, -0.6200442361925146
Time, 0.256, Pos_X, -0.029540446321738002, Pos_Y, -0.010695628589728765, Pos_Z, -0.05745311194768445, BFx, 1.0, 0.0, 0.0,                             BFy, 0.0, -0.6094231241236043, 0.7928451650753919, BFz, 0.0, -0.792845165075391, -0.6094231241236034
Time, 0.258, Pos_X, -0.029978988137734003, Pos_Y, -0.010572318363677127, Pos_Z, -0.058490421377417876, BFx, 1.0, 0.0, 0.0,                             BFy, 0.0, -0.5986400746129892, 0.8010181402860703, BFz, 0.0, -0.8010181402860695, -0.5986400746129883
Time, 0.26, Pos_X, -0.030416883403990003, Pos_Y, -0.010441026672225554, Pos_Z, -0.05953294448847855, BFx, 1.0, 0.0, 0.0,                             BFy, 0.0, -0.5876974513760129, 0.8090807781959346, BFz, 0.0, -0.8090807781959338, -0.587697451376012
Time, 0.262, Pos_X, -0.030853945900166005, Pos_Y, -0.010301689347498791, Pos_Z, -0.06058041625722415, BFx, 1.0, 0.0, 0.0,                             BFy, 0.0, -0.5765971815528611, 0.8170285736896212, BFz, 0.0, -0.8170285736896205, -0.5765971815528603
Time, 0.264, Pos_X, -0.031289975645022006, Pos_Y, -0.010154232801994524, Pos_Z, -0.06163257336826787, BFx, 1.0, 0.0, 0.0,                             BFy, 0.0, -0.5653407311044196, 0.8248574772373225, BFz, 0.0, -0.8248574772373216, -0.5653407311044188
Time, 0.266, Pos_X, -0.031724758707738006, Pos_Y, -0.00999857324959064, Pos_Z, -0.0626891538932922, BFx, 1.0, 0.0, 0.0,                             BFy, 0.0, -0.553929135050009, 0.8325638193812824, BFz, 0.0, -0.8325638193812815, -0.5539291350500084
Time, 0.268, Pos_X, -0.032158066950854006, Pos_Y, -0.009834616219360397, Pos_Z, -0.0637498967515762, BFx, 1.0, 0.0, 0.0,                             BFy, 0.0, -0.5423631127550996, 0.8401441863886216, BFz, 0.0, -0.8401441863886209, -0.5423631127550991
Time, 0.27, Pos_X, -0.032589657912850005, Pos_Y, -0.009662256283175621, Pos_Z, -0.0648145410784432, BFx, 1.0, 0.0, 0.0,                             BFy, 0.0, -0.5306431567160106, 0.8475953281079759, BFz, 0.0, -0.8475953281079752, -0.53064315671601
Time, 0.272, Pos_X, -0.033019275106726004, Pos_Y, -0.009481376877075355, Pos_Z, -0.06588282563902309, BFx, 1.0, 0.0, 0.0,                             BFy, 0.0, -0.5187695605307433, 0.854914114438836, BFz, 0.0, -0.8549141144388354, -0.5187695605307429
Time, 0.274, Pos_X, -0.03344664775080201, Pos_Y, -0.00929185032055899, Pos_Z, -0.06695448807741478, BFx, 1.0, 0.0, 0.0,                             BFy, 0.0, -0.5067425535314375, 0.8620974332640355, BFz, 0.0, -0.862097433264035, -0.506742553531437
Time, 0.276, Pos_X, -0.033871490627278004, Pos_Y, -0.009093538257974388, Pos_Z, -0.06802926362064811, BFx, 1.0, 0.0, 0.0,                             BFy, 0.0, -0.49456230543861385, 0.8691421782650081, BFz, 0.0, -0.8691421782650075, -0.4945623054386134
Time, 0.278, Pos_X, -0.03429350445601401, Pos_Y, -0.008886292188181183, Pos_Z, -0.06910688353642698, BFx, 1.0, 0.0, 0.0,                             BFy, 0.0, -0.4822288880581903, 0.8760452611150642, BFz, 0.0, -0.8760452611150636, -0.4822288880581898
Time, 0.28, Pos_X, -0.03471237673467001, Pos_Y, -0.008669954339276906, Pos_Z, -0.07018707398501682, BFx, 1.0, 0.0, 0.0,                             BFy, 0.0, -0.4697421153804228, 0.8828036843137468, BFz, 0.0, -0.8828036843137463, -0.4697421153804223
Time, 0.282, Pos_X, -0.035127782440905995, Pos_Y, -0.008444358892197832, Pos_Z, -0.07126955478142465, BFx, 1.0, 0.0, 0.0,                             BFy, 0.0, -0.4571014320248874, 0.8894145719746207, BFz, 0.0, -0.8894145719746201, -0.45710143202488684
Time, 0.284, Pos_X, -0.035539384661141996, Pos_Y, -0.00820933312546256, Pos_Z, -0.07235403815383704, BFx, 1.0, 0.0, 0.0,                             BFy, 0.0, -0.4443060399281105, 0.8958750710246385, BFz, 0.0, -0.8958750710246378, -0.44430603992810996
Time, 0.286, Pos_X, -0.035946835580658, Pos_Y, -0.007964698753596785, Pos_Z, -0.07344022781165199, BFx, 1.0, 0.0, 0.0,                             BFy, 0.0, -0.43135481711626905, 0.9021823661270436, BFz, 0.0, -0.9021823661270427, -0.43135481711626844
Time, 0.288, Pos_X, -0.036349776872174, Pos_Y, -0.007710273564168445, Pos_Z, -0.07452781783772632, BFx, 1.0, 0.0, 0.0,                             BFy, 0.0, -0.41824629089657406, 0.9083336612452821, BFz, 0.0, -0.9083336612452811, -0.4182462908965734
Time, 0.29, Pos_X, -0.03674784045529, Pos_Y, -0.007445873060461703, Pos_Z, -0.07561649157354546, BFx, 1.0, 0.0, 0.0,                             BFy, 0.0, -0.4049786881511368, 0.9143261246094768, BFz, 0.0, -0.914326124609476, -0.4049786881511362
Time, 0.292, Pos_X, -0.037140649936606, Pos_Y, -0.007171312239102516, Pos_Z, -0.07670592080645801, BFx, 1.0, 0.0, 0.0,                             BFy, 0.0, -0.39155015903405493, 0.9201567654266347, BFz, 0.0, -0.9201567654266338, -0.39155015903405427
Time, 0.294, Pos_X, -0.037527821811722, Pos_Y, -0.00688640764936259, Pos_Z, -0.0777957648905279, BFx, 1.0, 0.0, 0.0,                             BFy, 0.0, -0.3779588323874425, 0.9258224025267059, BFz, 0.0, -0.925822402526705, -0.37795883238744177
Time, 0.296, Pos_X, -0.037908966578638, Pos_Y, -0.0065909794082406915, Pos_Z, -0.07888566984599059, BFx, 1.0, 0.0, 0.0,                             BFy, 0.0, -0.3642030165283853, 0.9313195814282148, BFz, 0.0, -0.9313195814282139, -0.36420301652838466
Time, 0.298, Pos_X, -0.038283689815354, Pos_Y, -0.0062848529932065696, Pos_Z, -0.07997526767931001, BFx, 1.0, 0.0, 0.0,                             BFy, 0.0, -0.3502815194859277, 0.9366444667570668, BFz, 0.0, -0.9366444667570659, -0.350281519485927
Time, 0.3, Pos_X, -0.03865159332707, Pos_Y, -0.005967861066676425, Pos_Z, -0.08106417643278017, BFx, 1.0, 0.0, 0.0,                             BFy, 0.0, -0.3361938639685102, 0.9417928040869302, BFz, 0.0, -0.9417928040869292, -0.33619386396850953
Time, 0.302, Pos_X, -0.039012276244986, Pos_Y, -0.005639845427580154, Pos_Z, -0.08215200030043374, BFx, 1.0, 0.0, 0.0,                             BFy, 0.0, -0.3219403676879434, 0.9467599482725026, BFz, 0.0, -0.9467599482725015, -0.32194036768794276
Time, 0.304, Pos_X, -0.039365336040102006, Pos_Y, -0.005300658982555689, Pos_Z, -0.08323832954162387, BFx, 1.0, 0.0, 0.0,                             BFy, 0.0, -0.3075221420323927, 0.9515409251103227, BFz, 0.0, -0.9515409251103217, -0.30752214203239214
Time, 0.306, Pos_X, -0.039710369818018, Pos_Y, -0.004950167440271419, Pos_Z, -0.08432274097398955, BFx, 1.0, 0.0, 0.0,                             BFy, 0.0, -0.2929408247013992, 0.9561305733126958, BFz, 0.0, -0.9561305733126947, -0.2929408247013987
Time, 0.308, Pos_X, -0.040046975369534006, Pos_Y, -0.004588250888793637, Pos_Z, -0.08540479862437113, BFx, 1.0, 0.0, 0.0,                             BFy, 0.0, -0.2781984291299994, 0.960523624920075, BFz, 0.0, -0.9605236249200739, -0.2781984291299989
Time, 0.31, Pos_X, -0.04037475176685001, Pos_Y, -0.004214805601749647, Pos_Z, -0.08648405416983067, BFx, 1.0, 0.0, 0.0,                             BFy, 0.0, -0.2632970755078972, 0.9647148024307437, BFz, 0.0, -0.9647148024307425, -0.26329707550789666
Time, 0.312, Pos_X, -0.040693300528366005, Pos_Y, -0.0038297455767394867, Pos_Z, -0.0875600478277777, BFx, 1.0, 0.0, 0.0,                             BFy, 0.0, -0.24823864147589023, 0.9686989092995847, BFz, 0.0, -0.9686989092995835, -0.24823864147588967
Time, 0.314, Pos_X, -0.04100222679108201, Pos_Y, -0.0034330040182665327, Pos_Z, -0.08863230952964755, BFx, 1.0, 0.0, 0.0,                             BFy, 0.0, -0.23302456105924946, 0.972470849919495, BFz, 0.0, -0.9724708499194936, -0.23302456105924896
