Time, 0, Pos_X, 0.0, Pos_Y, 0.0, Pos_Z, 0.0, BFx, 1, 0, 0,                         BFy, 0, -1, 0, BFz, 0, 0, -1
Time, 0.0, Pos_X, 0.0, Pos_Y, 0.0, Pos_Z, 0.0, BFx, 1.0, 0.0, 0.0,                             BFy, 0.0, -1.0, 0.0, BFz, 0.0, 0.0, -1.0
Time, 0.002, Pos_X, 1.3003372e-06, Pos_Y, 6.837107258106172e-07, Pos_Z, 1.183960768680413e-06, BFx, 1.0, 0.0, 0.0,                             BFy, 0.0, -0.9999990862257293, 0.0013518682282323816, BFz, 0.0, -0.0013518682282323816, -0.9999990862257293
Time, 0.004, Pos_X, 5.206057999999999e-06, Pos_Y, 2.728370712993438e-06, Pos_Z, 4.7444335650546865e-06, BFx, 1.0, 0.0, 0.0,                             BFy, 0.0, -0.9999963693902563, 0.0026946625589058834, BFz, 0.0, -0.0026946625589058834, -0.9999963693902563
Time, 0.006, Pos_X, 1.1727167599999998e-05, Pos_Y, 6.12151575911402e-06, Pos_Z, 1.0697116587659392e-05, BFx, 1.0, 0.0, 0.0,                             BFy, 0.0, -0.9999918872529009, 0.004028079987033241, BFz, 0.0, -0.004028079987033241, -0.9999918872529008
Time, 0.008, Pos_X, 2.0875452399999995e-05, Pos_Y, 1.0851695042204875e-05, Pos_Z, 1.9055256776112546e-05, BFx, 1.0, 0.0, 0.0,                             BFy, 0.0, -0.9999856765658252, 0.0053522577656163264, BFz, 0.0, -0.0053522577656163264, -0.9999856765658252
Time, 0.01, Pos_X, 3.2664643079999995e-05, Pos_Y, 1.6908513800538917e-05, Pos_Z, 2.982961508224631e-05, BFx, 1.0, 0.0, 0.0,                             BFy, 0.0, -0.9999777701339126, 0.006667776091637458, BFz, 0.0, -0.006667776091637458, -0.9999777701339125
Time, 0.012, Pos_X, 4.711001675999999e-05, Pos_Y, 2.428256977847483e-05, Pos_Z, 4.302814293214612e-05, BFx, 1.0, 0.0, 0.0,                             BFy, 0.0, -0.9999681925665527, 0.007975829435369435, BFz, 0.0, -0.007975829435369435, -0.9999681925665524
Time, 0.014, Pos_X, 6.422882123999999e-05, Pos_Y, 3.296577040447572e-05, Pos_Z, 5.865602367971575e-05, BFx, 1.0, 0.0, 0.0,                             BFy, 0.0, -0.999956954914494, 0.009278379068167614, BFz, 0.0, -0.009278379068167614, -0.9999569549144938
Time, 0.016, Pos_X, 8.404080419999998e-05, Pos_Y, 4.2951870074245313e-05, Pos_Z, 7.671549927816205e-05, BFx, 1.0, 0.0, 0.0,                             BFy, 0.0, -0.9999440487519337, 0.010578249646827773, BFz, 0.0, -0.010578249646827775, -0.9999440487519334
Time, 0.018, Pos_X, 0.00010656870801999997, Pos_Y, 5.423664769243828e-05, Pos_Z, 9.720606532903769e-05, BFx, 1.0, 0.0, 0.0,                             BFy, 0.0, -0.9999294415494633, 0.0118790539429011, BFz, 0.0, -0.011879053942901101, -0.9999294415494631
Time, 0.02, Pos_X, 0.00013183875089999998, Pos_Y, 6.681813452471646e-05, Pos_Z, 0.00012012460977821573, BFx, 1.0, 0.0, 0.0,                             BFy, 0.0, -0.9999130733757317, 0.013185055642589648, BFz, 0.0, -0.01318505564258965, -0.9999130733757317
Time, 0.022, Pos_X, 0.00015988077067999995, Pos_Y, 8.069702765657285e-05, Pos_Z, 0.00014546578087418614, BFx, 1.0, 0.0, 0.0,                             BFy, 0.0, -0.9998948539984142, 0.014501067115547833, BFz, 0.0, -0.014501067115547836, -0.9998948539984142
Time, 0.024, Pos_X, 0.00019072835456, Pos_Y, 9.587686959695201e-05, Pos_Z, 0.0001732225317374786, BFx, 1.0, 0.0, 0.0,                             BFy, 0.0, -0.9998746645613539, 0.015832092986064396, BFz, 0.0, -0.0158320929860644, -0.9998746645613539
Time, 0.026, Pos_X, 0.00022441923013999997, Pos_Y, 0.00011236438400839936, Pos_Z, 0.00020338651439635018, BFx, 1.0, 0.0, 0.0,                             BFy, 0.0, -0.9998523619279894, 0.017182966770030103, BFz, 0.0, -0.017182966770030096, -0.9998523619279894
Time, 0.028, Pos_X, 0.00026099566122, Pos_Y, 0.00013016986978583913, Pos_Z, 0.00023594856310489115, BFx, 1.0, 0.0, 0.0,                             BFy, 0.0, -0.9998277842247654, 0.018558068115912065, BFz, 0.0, -0.018558068115912058, -0.9998277842247654
Time, 0.03, Pos_X, 0.0003005045821, Pos_Y, 0.0001493074157745079, Pos_Z, 0.0002708992559156756, BFx, 1.0, 0.0, 0.0,                             BFy, 0.0, -0.999800756753559, 0.019961132107414473, BFz, 0.0, -0.019961132107414462, -0.9998007567535588
Time, 0.032, Pos_X, 0.00034299768198000003, Pos_Y, 0.00016979503081413665, Pos_Z, 0.0003082295195828387, BFx, 1.0, 0.0, 0.0,                             BFy, 0.0, -0.9997711021174696, 0.021394937971856254, BFz, 0.0, -0.021394937971856244, -0.9997711021174692
Time, 0.034, Pos_X, 0.0003885315400600001, Pos_Y, 0.00019165471775051118, Pos_Z, 0.00034793111197307166, BFx, 1.0, 0.0, 0.0,                             BFy, 0.0, -0.9997386488040758, 0.022861191731840744, BFz, 0.0, -0.02286119173184073, -0.9997386488040755
Time, 0.036, Pos_X, 0.00043716760014, Pos_Y, 0.00021491278053671202, Pos_Z, 0.0003899970144059087, BFx, 1.0, 0.0, 0.0,                             BFy, 0.0, -0.999703239463668, 0.02436048041083961, BFz, 0.0, -0.0243604804108396, -0.9997032394636678
Time, 0.038, Pos_X, 0.00048897204082, Pos_Y, 0.00023959990336560813, Pos_Z, 0.00043442178185636827, BFx, 1.0, 0.0, 0.0,                             BFy, 0.0, -0.9996647373222243, 0.02589233389416904, BFz, 0.0, -0.02589233389416903, -0.999664737322224
Time, 0.04, Pos_X, 0.0005440155695, Pos_Y, 0.00026575098952349145, Pos_Z, 0.00048120184198916134, BFx, 1.0, 0.0, 0.0,                             BFy, 0.0, -0.9996230318060269, 0.02745531429296288, BFz, 0.0, -0.02745531429296287, -0.9996230318060267
Time, 0.042, Pos_X, 0.00060237302518, Pos_Y, 0.000293404971676113, Pos_Z, 0.0005303353703992773, BFx, 1.0, 0.0, 0.0,                             BFy, 0.0, -0.9995780368531804, 0.029047344813938593, BFz, 0.0, -0.029047344813938582, -0.9995780368531804
Time, 0.044, Pos_X, 0.0006641224324599998, Pos_Y, 0.0003226045974551483, Pos_Z, 0.0005818220727820726, BFx, 1.0, 0.0, 0.0,                             BFy, 0.0, -0.9995296944911556, 0.030665776207605938, BFz, 0.0, -0.030665776207605924, -0.9995296944911557
Time, 0.046, Pos_X, 0.0007293437657399999, Pos_Y, 0.00035339613337262844, Pos_Z, 0.000635663287399163, BFx, 1.0, 0.0, 0.0,                             BFy, 0.0, -0.9994779743214832, 0.03230756639276002, BFz, 0.0, -0.03230756639276001, -0.9994779743214833
Time, 0.048, Pos_X, 0.0007981180562199999, Pos_Y, 0.0003858288945118133, Pos_Z, 0.000691861768125062, BFx, 1.0, 0.0, 0.0,                             BFy, 0.0, -0.9994228694412495, 0.03396951630237797, BFz, 0.0, -0.03396951630237796, -0.9994228694412497
Time, 0.05, Pos_X, 0.00087052622324, Pos_Y, 0.0004199549326527285, Pos_Z, 0.0007504212099358455, BFx, 1.0, 0.0, 0.0,                             BFy, 0.0, -0.9993643899746486, 0.03564850698973286, BFz, 0.0, -0.03564850698973285, -0.9993643899746488
Time, 0.052, Pos_X, 0.0009466476143999997, Pos_Y, 0.00045582862534702105, Pos_Z, 0.0008113459141216966, BFx, 1.0, 0.0, 0.0,                             BFy, 0.0, -0.9993025577950737, 0.03734163874579771, BFz, 0.0, -0.037341638745797684, -0.9993025577950739
Time, 0.054, Pos_X, 0.0010265585861599998, Pos_Y, 0.0004935060568806265, Pos_Z, 0.000874640426025688, BFx, 1.0, 0.0, 0.0,                             BFy, 0.0, -0.9992373941683625, 0.039046511952011746, BFz, 0.0, -0.03904651195201172, -0.9992373941683628
Time, 0.056, Pos_X, 0.0011103316517199998, Pos_Y, 0.000533044848013052, Pos_Z, 0.0009403095660058156, BFx, 1.0, 0.0, 0.0,                             BFy, 0.0, -0.9991689069486239, 0.040761444860190864, BFz, 0.0, -0.040761444860190836, -0.9991689069486243
Time, 0.058, Pos_X, 0.00119803412088, Pos_Y, 0.0005745038897674683, Pos_Z, 0.0010083577642299038, BFx, 1.0, 0.0, 0.0,                             BFy, 0.0, -0.9990970799968256, 0.04248558275244244, BFz, 0.0, -0.04248558275244242, -0.999097079996826
Time, 0.06, Pos_X, 0.0012897258736399998, Pos_Y, 0.0006179425004313129, Pos_Z, 0.0010787879115295447, BFx, 1.0, 0.0, 0.0,                             BFy, 0.0, -0.9990218573757718, 0.04421909638901394, BFz, 0.0, -0.04421909638901392, -0.9990218573757722
Time, 0.062, Pos_X, 0.0013854579216, Pos_Y, 0.0006634198182240497, Pos_Z, 0.001151601219866785, BFx, 1.0, 0.0, 0.0,                             BFy, 0.0, -0.9989431298792969, 0.04596328172522153, BFz, 0.0, -0.04596328172522151, -0.9989431298792972
Time, 0.064, Pos_X, 0.00148527128916, Pos_Y, 0.0007109942687613663, Pos_Z, 0.0012267970776704403, BFx, 1.0, 0.0, 0.0,                             BFy, 0.0, -0.9988607208635569, 0.04772064873755783, BFz, 0.0, -0.04772064873755781, -0.9988607208635573
Time, 0.066, Pos_X, 0.0015891957289200002, Pos_Y, 0.0007607230401392596, Pos_Z, 0.001304372872430042, BFx, 1.0, 0.0, 0.0,                             BFy, 0.0, -0.9987743769010676, 0.04949488908849536, BFz, 0.0, -0.04949488908849533, -0.9987743769010679
Time, 0.068, Pos_X, 0.0016972488618800003, Pos_Y, 0.0008126617524884478, Pos_Z, 0.0013843240492494658, BFx, 1.0, 0.0, 0.0,                             BFy, 0.0, -0.9986837644912834, 0.05129072568718061, BFz, 0.0, -0.051290725687180586, -0.9986837644912836
Time, 0.07, Pos_X, 0.0018094354426400005, Pos_Y, 0.0008668638472493995, Pos_Z, 0.001466644304542426, BFx, 1.0, 0.0, 0.0,                             BFy, 0.0, -0.9985884729568723, 0.05311366752221956, BFz, 0.0, -0.05311366752221954, -0.9985884729568724
Time, 0.072, Pos_X, 0.0019257468915999999, Pos_Y, 0.0009233802564093728, Pos_Z, 0.001551325966601115, BFx, 1.0, 0.0, 0.0,                             BFy, 0.0, -0.9984880110628351, 0.054969916898085294, BFz, 0.0, -0.05496991689808527, -0.9984880110628352
Time, 0.074, Pos_X, 0.00204616105956, Pos_Y, 0.0009822590376129833, Pos_Z, 0.0016383606775980865, BFx, 1.0, 0.0, 0.0,                             BFy, 0.0, -0.9983818150253614, 0.05686608327169891, BFz, 0.0, -0.056866083271698904, -0.9983818150253615
Time, 0.076, Pos_X, 0.00217064221992, Pos_Y, 0.001043545055949735, Pos_Z, 0.00172774032205978, BFx, 1.0, 0.0, 0.0,                             BFy, 0.0, -0.9982692746596862, 0.058808632618200726, BFz, 0.0, -0.058808632618200726, -0.9982692746596863
Time, 0.078, Pos_X, 0.00229914142108, Pos_Y, 0.001107279956391176, Pos_Z, 0.0018194578492030423, BFx, 1.0, 0.0, 0.0,                             BFy, 0.0, -0.9981497465426372, 0.060803646904337746, BFz, 0.0, -0.06080364690433775, -0.9981497465426374
Time, 0.08, Pos_X, 0.00243159747604, Pos_Y, 0.0011735022201428715, Pos_Z, 0.0019135079433959918, BFx, 1.0, 0.0, 0.0,                             BFy, 0.0, -0.9980225692620712, 0.06285659268153558, BFz, 0.0, -0.0628565926815356, -0.9980225692620713
Time, 0.082, Pos_X, 0.0025679381484000003, Pos_Y, 0.0012422470861610405, Pos_Z, 0.0020098877651576466, BFx, 1.0, 0.0, 0.0,                             BFy, 0.0, -0.9978870966447382, 0.06497185813821992, BFz, 0.0, -0.06497185813821994, -0.9978870966447383
Time, 0.084, Pos_X, 0.0027080812374600002, Pos_Y, 0.0013135465663656834, Pos_Z, 0.0021085978010637247, BFx, 1.0, 0.0, 0.0,                             BFy, 0.0, -0.9977427183208752, 0.06715257282985096, BFz, 0.0, -0.06715257282985099, -0.9977427183208755
Time, 0.086, Pos_X, 0.0028519357239399994, Pos_Y, 0.0013874297614255833, Pos_Z, 0.0022096421311768393, BFx, 1.0, 0.0, 0.0,                             BFy, 0.0, -0.9975888872471705, 0.06940037493378422, BFz, 0.0, -0.06940037493378425, -0.9975888872471709
Time, 0.088, Pos_X, 0.0029994033829399995, Pos_Y, 0.0014639230270217293, Pos_Z, 0.0023130284775138856, BFx, 1.0, 0.0, 0.0,                             BFy, 0.0, -0.9974251478295832, 0.07171523183488732, BFz, 0.0, -0.07171523183488736, -0.9974251478295837
Time, 0.09, Pos_X, 0.0031503804202399994, Pos_Y, 0.001543050091383725, Pos_Z, 0.0024187682851220726, BFx, 1.0, 0.0, 0.0,                             BFy, 0.0, -0.997251168312034, 0.07409525828473301, BFz, 0.0, -0.07409525828473305, -0.9972511683120343
Time, 0.092, Pos_X, 0.0033047592694399994, Pos_Y, 0.0016248322468036386, Pos_Z, 0.002526876558366744, BFx, 1.0, 0.0, 0.0,                             BFy, 0.0, -0.9970667685292217, 0.07653665196945497, BFz, 0.0, -0.07653665196945503, -0.997066768529222
Time, 0.094, Pos_X, 0.0034624306987199997, Pos_Y, 0.0017092884774184633, Pos_Z, 0.002637371510902794, BFx, 1.0, 0.0, 0.0,                             BFy, 0.0, -0.9968719388088592, 0.07903377515635142, BFz, 0.0, -0.07903377515635147, -0.9968719388088594
Time, 0.096, Pos_X, 0.0036232850385599998, Pos_Y, 0.0017964357337809536, Pos_Z, 0.0027502738360821203, BFx, 1.0, 0.0, 0.0,                             BFy, 0.0, -0.9966668581392204, 0.08157924911945279, BFz, 0.0, -0.08157924911945286, -0.9966668581392205
Time, 0.098, Pos_X, 0.00378721413716, Pos_Y, 0.0018862894082890035, Pos_Z, 0.002865605825042322, BFx, 1.0, 0.0, 0.0,                             BFy, 0.0, -0.9964519153530286, 0.08416400887125047, BFz, 0.0, -0.08416400887125056, -0.9964519153530285
Time, 0.1, Pos_X, 0.00395411296444, Pos_Y, 0.00197886366212228, Pos_Z, 0.002983390208267169, BFx, 1.0, 0.0, 0.0,                             BFy, 0.0, -0.9962277084276011, 0.08677760633418037, BFz, 0.0, -0.08677760633418044, -0.996227708427601
Time, 0.102, Pos_X, 0.004123880666239999, Pos_Y, 0.0020741716038434523, Pos_Z, 0.0031036486821836716, BFx, 1.0, 0.0, 0.0,                             BFy, 0.0, -0.9959950466345697, 0.08940842845839762, BFz, 0.0, -0.08940842845839769, -0.9959950466345697
Time, 0.104, Pos_X, 0.004296421704159999, Pos_Y, 0.0021722252421575686, Pos_Z, 0.0032264001659140402, BFx, 1.0, 0.0, 0.0,                             BFy, 0.0, -0.9957549218528073, 0.09204420462967065, BFz, 0.0, -0.09204420462967072, -0.9957549218528073
Time, 0.106, Pos_X, 0.004471646693479999, Pos_Y, 0.002273035411315867, Pos_Z, 0.0033516585855464043, BFx, 1.0, 0.0, 0.0,                             BFy, 0.0, -0.9955084864789103, 0.09467234732734106, BFz, 0.0, -0.09467234732734113, -0.9955084864789103
Time, 0.108, Pos_X, 0.004649472905859999, Pos_Y, 0.0023766119863950137, Pos_Z, 0.0034794308137638796, BFx, 1.0, 0.0, 0.0,                             BFy, 0.0, -0.9952570286736167, 0.09728024915553808, BFz, 0.0, -0.09728024915553816, -0.9952570286736165
Time, 0.11, Pos_X, 0.004829824253499999, Pos_Y, 0.0024829638166552633, Pos_Z, 0.003609714761030649, BFx, 1.0, 0.0, 0.0,                             BFy, 0.0, -0.9950019302397275, 0.09985568996915363, BFz, 0.0, -0.09985568996915373, -0.9950019302397275
Time, 0.112, Pos_X, 0.005012631117139999, Pos_Y, 0.0025920983422202167, Pos_Z, 0.0037424973039022194, BFx, 1.0, 0.0, 0.0,                             BFy, 0.0, -0.9947446155105664, 0.10238725464009142, BFz, 0.0, -0.10238725464009152, -0.9947446155105661
Time, 0.114, Pos_X, 0.0051978298235799995, Pos_Y, 0.0027040215948269373, Pos_Z, 0.003877752349966128, BFx, 1.0, 0.0, 0.0,                             BFy, 0.0, -0.9944865148749893, 0.10486453991601304, BFz, 0.0, -0.10486453991601313, -0.9944865148749892
Time, 0.116, Pos_X, 0.005385361833759999, Pos_Y, 0.00281873797779958, Pos_Z, 0.004015439468155003, BFx, 1.0, 0.0, 0.0,                             BFy, 0.0, -0.9942290179118524, 0.10727842253702713, BFz, 0.0, -0.10727842253702721, -0.9942290179118523
Time, 0.118, Pos_X, 0.005575172267479998, Pos_Y, 0.002936249741245212, Pos_Z, 0.004155502563370161, BFx, 1.0, 0.0, 0.0,                             BFy, 0.0, -0.9939734208003799, 0.1096213425496616, BFz, 0.0, -0.10962134254966167, -0.9939734208003798
Time, 0.12, Pos_X, 0.005767208383599998, Pos_Y, 0.003056556566042236, Pos_Z, 0.004297869053728081, BFx, 1.0, 0.0, 0.0,                             BFy, 0.0, -0.9937208897981723, 0.11188741295931232, BFz, 0.0, -0.11188741295931239, -0.9937208897981723
Time, 0.122, Pos_X, 0.005961418007319998, Pos_Y, 0.003179655197737384, Pos_Z, 0.0044424495541323435, BFx, 1.0, 0.0, 0.0,                             BFy, 0.0, -0.9934724210995287, 0.11407255811385665, BFz, 0.0, -0.11407255811385672, -0.9934724210995287
Time, 0.124, Pos_X, 0.006157747554739999, Pos_Y, 0.0033055386787794595, Pos_Z, 0.0045891378551403475, BFx, 1.0, 0.0, 0.0,                             BFy, 0.0, -0.9932288157062911, 0.11617452238196092, BFz, 0.0, -0.11617452238196099, -0.9932288157062911
Time, 0.126, Pos_X, 0.006356139772139999, Pos_Y, 0.003434195251773751, Pos_Z, 0.004737811640927164, BFx, 1.0, 0.0, 0.0,                             BFy, 0.0, -0.9929906593466331, 0.11819285278872509, BFz, 0.0, -0.11819285278872513, -0.9929906593466331
Time, 0.128, Pos_X, 0.006556531225879999, Pos_Y, 0.003565607526599375, Pos_Z, 0.0048883332355944085, BFx, 1.0, 0.0, 0.0,                             BFy, 0.0, -0.9927583075870293, 0.12012885880143602, BFz, 0.0, -0.12012885880143603, -0.9927583075870294
Time, 0.13, Pos_X, 0.0067588500506399985, Pos_Y, 0.003699751716748798, Pos_Z, 0.005040551169528843, BFx, 1.0, 0.0, 0.0,                             BFy, 0.0, -0.9925318793546907, 0.12198552563580572, BFz, 0.0, -0.12198552563580574, -0.9925318793546908
Time, 0.132, Pos_X, 0.006963014044159999, Pos_Y, 0.003836596516481667, Pos_Z, 0.005194301976342767, BFx, 1.0, 0.0, 0.0,                             BFy, 0.0, -0.9923112772239074, 0.12376723756412834, BFz, 0.0, -0.12376723756412836, -0.9923112772239074
Time, 0.134, Pos_X, 0.007168928717179998, Pos_Y, 0.003976102163636529, Pos_Z, 0.005349411677245738, BFx, 1.0, 0.0, 0.0,                             BFy, 0.0, -0.9920962323344561, 0.12547934406815733, BFz, 0.0, -0.12547934406815733, -0.992096232334456
Time, 0.136, Pos_X, 0.007376485193699998, Pos_Y, 0.004118219663003054, Pos_Z, 0.005505697554122338, BFx, 1.0, 0.0, 0.0,                             BFy, 0.0, -0.9918863377515466, 0.1271278607616078, BFz, 0.0, -0.1271278607616078, -0.9918863377515466
Time, 0.138, Pos_X, 0.007585558450519998, Pos_Y, 0.00426289009174327, Pos_Z, 0.005662970315265872, BFx, 1.0, 0.0, 0.0,                             BFy, 0.0, -0.9916810846111164, 0.1287191765997507, BFz, 0.0, -0.12871917659975074, -0.9916810846111164
Time, 0.14, Pos_X, 0.007796006368299998, Pos_Y, 0.004410044251855769, Pos_Z, 0.005821036046884943, BFx, 1.0, 0.0, 0.0,                             BFy, 0.0, -0.9914799026334754, 0.13025975078247187, BFz, 0.0, -0.13025975078247187, -0.9914799026334754
Time, 0.142, Pos_X, 0.008007669061739995, Pos_Y, 0.004559602517985047, Pos_Z, 0.005979698170745985, BFx, 1.0, 0.0, 0.0,                             BFy, 0.0, -0.9912821879115952, 0.13175592559425428, BFz, 0.0, -0.1317559255942543, -0.9912821879115952
Time, 0.144, Pos_X, 0.008220368529319996, Pos_Y, 0.004711474820121024, Pos_Z, 0.006138759962634205, BFx, 1.0, 0.0, 0.0,                             BFy, 0.0, -0.9910873225859625, 0.1332138093794567, BFz, 0.0, -0.13321380937945676, -0.9910873225859624
Time, 0.146, Pos_X, 0.008433909164879997, Pos_Y, 0.0048655609110615505, Pos_Z, 0.006298026793750268, BFx, 1.0, 0.0, 0.0,                             BFy, 0.0, -0.9908946832079194, 0.13463924684234926, BFz, 0.0, -0.13463924684234932, -0.9908946832079193
Time, 0.148, Pos_X, 0.008648078756099997, Pos_Y, 0.00502175095485698, Pos_Z, 0.006457308341881895, BFx, 1.0, 0.0, 0.0,                             BFy, 0.0, -0.9907036481117897, 0.13603779481449013, BFz, 0.0, -0.13603779481449016, -0.9907036481117897
Time, 0.15, Pos_X, 0.008862649649399998, Pos_Y, 0.005179926111101935, Pos_Z, 0.006616420709290481, BFx, 1.0, 0.0, 0.0,                             BFy, 0.0, -0.990513601896968, 0.13741471703239355, BFz, 0.0, -0.13741471703239358, -0.9905136018969681
Time, 0.152, Pos_X, 0.009077380480549997, Pos_Y, 0.00533995933875223, Pos_Z, 0.006775188962947063, BFx, 1.0, 0.0, 0.0,                             BFy, 0.0, -0.9903239232993976, 0.13877509481490935, BFz, 0.0, -0.13877509481490938, -0.9903239232993974
Time, 0.154, Pos_X, 0.009292018807749996, Pos_Y, 0.005501716342536457, Pos_Z, 0.006933448916368883, BFx, 1.0, 0.0, 0.0,                             BFy, 0.0, -0.9901340142342441, 0.14012363775030817, BFz, 0.0, -0.1401236377503082, -0.9901340142342441
Time, 0.156, Pos_X, 0.009506303603549997, Pos_Y, 0.005665056565926056, Pos_Z, 0.007091047321004739, BFx, 1.0, 0.0, 0.0,                             BFy, 0.0, -0.9899433008758202, 0.14146469895731106, BFz, 0.0, -0.1414646989573111, -0.9899433008758203
Time, 0.158, Pos_X, 0.009719967690489998, Pos_Y, 0.005829834398428849, Pos_Z, 0.007247842688617717, BFx, 1.0, 0.0, 0.0,                             BFy, 0.0, -0.9897512679129327, 0.14280205763482384, BFz, 0.0, -0.14280205763482387, -0.9897512679129329
Time, 0.16, Pos_X, 0.009932740613909998, Pos_Y, 0.0059958999888692485, Pos_Z, 0.0074037063570560665, BFx, 1.0, 0.0, 0.0,                             BFy, 0.0, -0.9895574683123556, 0.14413888062295604, BFz, 0.0, -0.1441388806229561, -0.9895574683123558
Time, 0.162, Pos_X, 0.010144352230049999, Pos_Y, 0.006163100797188717, Pos_Z, 0.007558522409017597, BFx, 1.0, 0.0, 0.0,                             BFy, 0.0, -0.9893615445007541, 0.14547760742835988, BFz, 0.0, -0.1454776074283599, -0.9893615445007543
Time, 0.164, Pos_X, 0.010354537007969998, Pos_Y, 0.006331283931332569, Pos_Z, 0.007712188053227228, BFx, 1.0, 0.0, 0.0,                             BFy, 0.0, -0.9891632599017589, 0.14681977135427934, BFz, 0.0, -0.14681977135427934, -0.9891632599017591
Time, 0.166, Pos_X, 0.010563037654389998, Pos_Y, 0.006500297190154228, Pos_Z, 0.007864615140630665, BFx, 1.0, 0.0, 0.0,                             BFy, 0.0, -0.9889625233428336, 0.1481658780670255, BFz, 0.0, -0.1481658780670255, -0.9889625233428339
Time, 0.168, Pos_X, 0.010769608632169999, Pos_Y, 0.006669990612737504, Pos_Z, 0.008015730846889717, BFx, 1.0, 0.0, 0.0,                             BFy, 0.0, -0.9887594044542346, 0.14951535072795913, BFz, 0.0, -0.1495153507279591, -0.9887594044542348
Time, 0.17, Pos_X, 0.01097402027655, Pos_Y, 0.00684021871453254, Pos_Z, 0.00816547687313486, BFx, 1.0, 0.0, 0.0,                             BFy, 0.0, -0.9885541383008204, 0.15086654913637965, BFz, 0.0, -0.15086654913637962, -0.9885541383008206
Time, 0.172, Pos_X, 0.011176061629329997, Pos_Y, 0.007010841150523719, Pos_Z, 0.008313808334442155, BFx, 1.0, 0.0, 0.0,                             BFy, 0.0, -0.9883471410055823, 0.1522167167760782, BFz, 0.0, -0.15221671677607818, -0.9883471410055824
Time, 0.174, Pos_X, 0.011375542429709997, Pos_Y, 0.007181723279725664, Pos_Z, 0.00846069329685993, BFx, 1.0, 0.0, 0.0,                             BFy, 0.0, -0.9881389870704202, 0.15356217708615919, BFz, 0.0, -0.15356217708615916, -0.9881389870704202
Time, 0.176, Pos_X, 0.011572294720789997, Pos_Y, 0.007352736882111216, Pos_Z, 0.008606112716445248, BFx, 1.0, 0.0, 0.0,                             BFy, 0.0, -0.9879303896329349, 0.15489849979813924, BFz, 0.0, -0.15489849979813924, -0.9879303896329349
Time, 0.178, Pos_X, 0.011766174129169998, Pos_Y, 0.0075237601802332545, Pos_Z, 0.008750060849250483, BFx, 1.0, 0.0, 0.0,                             BFy, 0.0, -0.9877221558769395, 0.15622081420158987, BFz, 0.0, -0.15622081420158987, -0.9877221558769393
Time, 0.18, Pos_X, 0.011957061605949998, Pos_Y, 0.007694678666787737, Pos_Z, 0.008892544827158339, BFx, 1.0, 0.0, 0.0,                             BFy, 0.0, -0.9875151818095204, 0.1575238575445221, BFz, 0.0, -0.15752385754452208, -0.9875151818095202
Time, 0.182, Pos_X, 0.012144863923329998, Pos_Y, 0.007865385460152068, Pos_Z, 0.009033582968485667, BFx, 1.0, 0.0, 0.0,                             BFy, 0.0, -0.987310398104776, 0.15880232301256084, BFz, 0.0, -0.1588023230125608, -0.9873103981047759
Time, 0.184, Pos_X, 0.012329512724109998, Pos_Y, 0.008035780592173162, Pos_Z, 0.009173203085863096, BFx, 1.0, 0.0, 0.0,                             BFy, 0.0, -0.9871087733051999, 0.16005083462419373, BFz, 0.0, -0.1600508346241937, -0.9871087733051995
Time, 0.186, Pos_X, 0.01251096297329, Pos_Y, 0.008205770561443188, Pos_Z, 0.009311440960909124, BFx, 1.0, 0.0, 0.0,                             BFy, 0.0, -0.9869113010047184, 0.16126401938799645, BFz, 0.0, -0.16126401938799645, -0.9869113010047179
Time, 0.188, Pos_X, 0.012689191563469999, Pos_Y, 0.008375268144170814, Pos_Z, 0.009448339405539423, BFx, 1.0, 0.0, 0.0,                             BFy, 0.0, -0.9867189553205761, 0.1624367668080989, BFz, 0.0, -0.1624367668080989, -0.9867189553205756
Time, 0.19, Pos_X, 0.012864195503449999, Pos_Y, 0.008544191458724907, Pos_Z, 0.009583946576811029, BFx, 1.0, 0.0, 0.0,                             BFy, 0.0, -0.9865327250013255, 0.16356400123944362, BFz, 0.0, -0.1635640012394436, -0.9865327250013253
Time, 0.192, Pos_X, 0.013035989164629998, Pos_Y, 0.00871246297114281, Pos_Z, 0.009718312788825387, BFx, 1.0, 0.0, 0.0,                             BFy, 0.0, -0.9863536326894298, 0.16464055174944847, BFz, 0.0, -0.16464055174944842, -0.9863536326894295
Time, 0.194, Pos_X, 0.01320460165175, Pos_Y, 0.008880009223640233, Pos_Z, 0.009851487181265309, BFx, 1.0, 0.0, 0.0,                             BFy, 0.0, -0.9861827065246809, 0.16566130915712604, BFz, 0.0, -0.16566130915712596, -0.9861827065246807
Time, 0.196, Pos_X, 0.01337007408821, Pos_Y, 0.009046760516735487, Pos_Z, 0.009983514968863008, BFx, 1.0, 0.0, 0.0,                             BFy, 0.0, -0.9860209941347996, 0.16662112448732055, BFz, 0.0, -0.16662112448732047, -0.9860209941347995
Time, 0.198, Pos_X, 0.01353245645567, Pos_Y, 0.009212650520608474, Pos_Z, 0.010114435081312927, BFx, 1.0, 0.0, 0.0,                             BFy, 0.0, -0.9858695811348752, 0.16751468291747945, BFz, 0.0, -0.16751468291747937, -0.985869581134875
Time, 0.2, Pos_X, 0.01369180436599, Pos_Y, 0.009377616117725718, Pos_Z, 0.010244277505589497, BFx, 1.0, 0.0, 0.0,                             BFy, 0.0, -0.9857295735434402, 0.16833659091791442, BFz, 0.0, -0.16833659091791434, -0.9857295735434399
Time, 0.202, Pos_X, 0.01384817565945, Pos_Y, 0.009541597507787953, Pos_Z, 0.010373060287077436, BFx, 1.0, 0.0, 0.0,                             BFy, 0.0, -0.9856020574738128, 0.16908159066966755, BFz, 0.0, -0.16908159066966746, -0.9856020574738126
Time, 0.204, Pos_X, 0.014001627468649998, Pos_Y, 0.009704538043101145, Pos_Z, 0.010500786393633292, BFx, 1.0, 0.0, 0.0,                             BFy, 0.0, -0.9854880326178668, 0.16974491911973177, BFz, 0.0, -0.16974491911973164, -0.9854880326178664
Time, 0.206, Pos_X, 0.014152213038189998, Pos_Y, 0.0098663838667287, Pos_Z, 0.010627440407229075, BFx, 1.0, 0.0, 0.0,                             BFy, 0.0, -0.9853883675370285, 0.17032253263355399, BFz, 0.0, -0.17032253263355387, -0.9853883675370282
Time, 0.208, Pos_X, 0.014299976568209999, Pos_Y, 0.010027082726190953, Pos_Z, 0.010752986407115413, BFx, 1.0, 0.0, 0.0,                             BFy, 0.0, -0.9853037289425495, 0.17081148009400532, BFz, 0.0, -0.17081148009400526, -0.9853037289425493
Time, 0.21, Pos_X, 0.014444949600029998, Pos_Y, 0.01018658302706383, Pos_Z, 0.010877367482608822, BFx, 1.0, 0.0, 0.0,                             BFy, 0.0, -0.9852345413139296, 0.17121010075906204, BFz, 0.0, -0.17121010075906198, -0.9852345413139295
Time, 0.212, Pos_X, 0.014587149923449998, Pos_Y, 0.010344834295706234, Pos_Z, 0.011000505578636846, BFx, 1.0, 0.0, 0.0,                             BFy, 0.0, -0.985180942655901, 0.17151825042142946, BFz, 0.0, -0.17151825042142937, -0.9851809426559007
Time, 0.214, Pos_X, 0.014726580771869998, Pos_Y, 0.01050178787288033, Pos_Z, 0.011122300970319476, BFx, 1.0, 0.0, 0.0,                             BFy, 0.0, -0.9851427799094408, 0.17173730867897324, BFz, 0.0, -0.17173730867897316, -0.9851427799094405
Time, 0.216, Pos_X, 0.014863228935889998, Pos_Y, 0.010657396848790595, Pos_Z, 0.011242631662434902, BFx, 1.0, 0.0, 0.0,                             BFy, 0.0, -0.9851195955766925, 0.17187024876578252, BFz, 0.0, -0.17187024876578244, -0.9851195955766923
Time, 0.218, Pos_X, 0.014997061963509998, Pos_Y, 0.010811615239941973, Pos_Z, 0.011361353099521776, BFx, 1.0, 0.0, 0.0,                             BFy, 0.0, -0.9851106508147397, 0.17192151014738663, BFz, 0.0, -0.17192151014738657, -0.9851106508147396
Time, 0.22, Pos_X, 0.015128027400729998, Pos_Y, 0.010964397893137912, Pos_Z, 0.01147829811017154, BFx, 1.0, 0.0, 0.0,                             BFy, 0.0, -0.9851149977205904, 0.17189660050727804, BFz, 0.0, -0.17189660050727795, -0.9851149977205903
Time, 0.222, Pos_X, 0.015256053448749998, Pos_Y, 0.011115700678739092, Pos_Z, 0.01159327809123072, BFx, 1.0, 0.0, 0.0,                             BFy, 0.0, -0.9851315491724169, 0.17180171950580614, BFz, 0.0, -0.17180171950580606, -0.9851315491724166
Time, 0.224, Pos_X, 0.015381049117289998, Pos_Y, 0.011265479515994724, Pos_Z, 0.011706085027031073, BFx, 1.0, 0.0, 0.0,                             BFy, 0.0, -0.9851591295339297, 0.17164349534994802, BFz, 0.0, -0.17164349534994794, -0.9851591295339296
Time, 0.226, Pos_X, 0.015502903822269999, Pos_Y, 0.01141368917059809, Pos_Z, 0.01181649286834195, BFx, 1.0, 0.0, 0.0,                             BFy, 0.0, -0.9851965424193079, 0.17142862306230702, BFz, 0.0, -0.17142862306230697, -0.9851965424193078
Time, 0.228, Pos_X, 0.015621486562169998, Pos_Y, 0.011560282175181447, Pos_Z, 0.01192425905625335, BFx, 1.0, 0.0, 0.0,                             BFy, 0.0, -0.985242667379674, 0.17116333244764462, BFz, 0.0, -0.1711633324476446, -0.9852426673796737
Time, 0.23, Pos_X, 0.01573664539407, Pos_Y, 0.01170520687808515, Pos_Z, 0.012029127441888917, BFx, 1.0, 0.0, 0.0,                             BFy, 0.0, -0.9852965105175336, 0.17085311341023207, BFz, 0.0, -0.17085311341023202, -0.9852965105175332
Time, 0.232, Pos_X, 0.01584820722863, Pos_Y, 0.01184840511206682, Pos_Z, 0.012130832175340715, BFx, 1.0, 0.0, 0.0,                             BFy, 0.0, -0.9853572260459519, 0.17050260138491968, BFz, 0.0, -0.17050260138491963, -0.9853572260459514
Time, 0.234, Pos_X, 0.01595598070385, Pos_Y, 0.011989812504809733, Pos_Z, 0.012229100488123578, BFx, 1.0, 0.0, 0.0,                             BFy, 0.0, -0.9854241438057835, 0.17011542200705024, BFz, 0.0, -0.17011542200705013, -0.9854241438057831
Time, 0.236, Pos_X, 0.01605976180087, Pos_Y, 0.012129360887273602, Pos_Z, 0.012323654508829787, BFx, 1.0, 0.0, 0.0,                             BFy, 0.0, -0.9854968061608763, 0.1696939746918273, BFz, 0.0, -0.16969397469182718, -0.9854968061608761
Time, 0.238, Pos_X, 0.01615933734069, Pos_Y, 0.012266978694800725, Pos_Z, 0.012414214628177194, BFx, 1.0, 0.0, 0.0,                             BFy, 0.0, -0.98557490098104, 0.16923981374431807, BFz, 0.0, -0.16923981374431796, -0.9855749009810397
Time, 0.24, Pos_X, 0.01625448747611, Pos_Y, 0.012402591257454965, Pos_Z, 0.0125005012960167, BFx, 1.0, 0.0, 0.0,                             BFy, 0.0, -0.9856582522303974, 0.16875369569320883, BFz, 0.0, -0.16875369569320875, -0.9856582522303972
Time, 0.242, Pos_X, 0.01634498837233, Pos_Y, 0.012536122143529555, Pos_Z, 0.012582236371276187, BFx, 1.0, 0.0, 0.0,                             BFy, 0.0, -0.9857468275172618, 0.16823552549818746, BFz, 0.0, -0.16823552549818738, -0.9857468275172616
Time, 0.244, Pos_X, 0.01643061613595, Pos_Y, 0.012667493181846996, Pos_Z, 0.01265914732913345, BFx, 1.0, 0.0, 0.0,                             BFy, 0.0, -0.9858406631087651, 0.16768478452521582, BFz, 0.0, -0.16768478452521574, -0.9858406631087646
Time, 0.246, Pos_X, 0.01651115174177, Pos_Y, 0.012796624253218085, Pos_Z, 0.012730971766913022, BFx, 1.0, 0.0, 0.0,                             BFy, 0.0, -0.9859398636077722, 0.16710052468225625, BFz, 0.0, -0.1671005246822562, -0.9859398636077715
Time, 0.248, Pos_X, 0.01658638549939, Pos_Y, 0.012923433992719774, Pos_Z, 0.012797460869628139, BFx, 1.0, 0.0, 0.0,                             BFy, 0.0, -0.9860446053775269, 0.16648133891182945, BFz, 0.0, -0.1664813389118294, -0.9860446053775261
Time, 0.25, Pos_X, 0.01665612149401, Pos_Y, 0.013047841364436714, Pos_Z, 0.012858382468344084, BFx, 1.0, 0.0, 0.0,                             BFy, 0.0, -0.9861550297229796, 0.16582598515331456, BFz, 0.0, -0.16582598515331448, -0.9861550297229789
Time, 0.252, Pos_X, 0.01672018223963, Pos_Y, 0.013169767984919152, Pos_Z, 0.012913524022155771, BFx, 1.0, 0.0, 0.0,                             BFy, 0.0, -0.9862711689705855, 0.16513382832537074, BFz, 0.0, -0.16513382832537069, -0.9862711689705848
Time, 0.254, Pos_X, 0.01677841274465, Pos_Y, 0.0132891403585782, Pos_Z, 0.012962694923874632, BFx, 1.0, 0.0, 0.0,                             BFy, 0.0, -0.9863929534662181, 0.16440480939494917, BFz, 0.0, -0.1644048093949491, -0.9863929534662171
Time, 0.256, Pos_X, 0.01683068246867, Pos_Y, 0.013405891052144762, Pos_Z, 0.013005728284549956, BFx, 1.0, 0.0, 0.0,                             BFy, 0.0, -0.986520174276918, 0.1636396826709157, BFz, 0.0, -0.1636396826709156, -0.986520174276917
Time, 0.258, Pos_X, 0.016876886616490002, Pos_Y, 0.013519960217697904, Pos_Z, 0.013042481968558972, BFx, 1.0, 0.0, 0.0,                             BFy, 0.0, -0.9866524776247394, 0.1628400699980254, BFz, 0.0, -0.1628400699980253, -0.9866524776247382
Time, 0.26, Pos_X, 0.016916949193910003, Pos_Y, 0.013631298713100646, Pos_Z, 0.013072838654185076, BFx, 1.0, 0.0, 0.0,                             BFy, 0.0, -0.9867893208559713, 0.1620087536048897, BFz, 0.0, -0.16200875360488962, -0.9867893208559699
Time, 0.262, Pos_X, 0.016950824879930004, Pos_Y, 0.013739869977956355, Pos_Z, 0.01309670585373354, BFx, 1.0, 0.0, 0.0,                             BFy, 0.0, -0.9869299669987905, 0.16114974477102073, BFz, 0.0, -0.16114974477102062, -0.9869299669987891
Time, 0.264, Pos_X, 0.016978497186950003, Pos_Y, 0.01384564957268589, Pos_Z, 0.013114017361687932, BFx, 1.0, 0.0, 0.0,                             BFy, 0.0, -0.9870734774063544, 0.160268369308875, BFz, 0.0, -0.16026836930887486, -0.987073477406353
Time, 0.266, Pos_X, 0.016999977304570004, Pos_Y, 0.013948626242847142, Pos_Z, 0.01312473364704941, BFx, 1.0, 0.0, 0.0,                             BFy, 0.0, -0.9872186858713283, 0.159371472561706, BFz, 0.0, -0.1593714725617059, -0.987218685871327
Time, 0.268, Pos_X, 0.017015304456390004, Pos_Y, 0.01404880411280959, Pos_Z, 0.013128840461028017, BFx, 1.0, 0.0, 0.0,                             BFy, 0.0, -0.9873642980776212, 0.1584668510499439, BFz, 0.0, -0.15846685104994382, -0.9873642980776198
Time, 0.27, Pos_X, 0.017024545417210005, Pos_Y, 0.014146202997174128, Pos_Z, 0.013126348649761452, BFx, 1.0, 0.0, 0.0,                             BFy, 0.0, -0.9875089931362648, 0.15756264936525677, BFz, 0.0, -0.15756264936525674, -0.9875089931362634
Time, 0.272, Pos_X, 0.017027792674430005, Pos_Y, 0.01424085812033302, Pos_Z, 0.013117293921958761, BFx, 1.0, 0.0, 0.0,                             BFy, 0.0, -0.987651399445222, 0.15666752431149505, BFz, 0.0, -0.15666752431149503, -0.9876513994452205
Time, 0.274, Pos_X, 0.017025161437650004, Pos_Y, 0.014332820168101104, Pos_Z, 0.013101735108642359, BFx, 1.0, 0.0, 0.0,                             BFy, 0.0, -0.9877900723170424, 0.15579079893206207, BFz, 0.0, -0.15579079893206205, -0.987790072317041
Time, 0.276, Pos_X, 0.017016786719470003, Pos_Y, 0.014422155229272718, Pos_Z, 0.013079753201559668, BFx, 1.0, 0.0, 0.0,                             BFy, 0.0, -0.9879234981017017, 0.15494244705210722, BFz, 0.0, -0.15494244705210722, -0.9879234981017002
Time, 0.278, Pos_X, 0.017002821380890005, Pos_Y, 0.014508944530378022, Pos_Z, 0.013051450893289629, BFx, 1.0, 0.0, 0.0,                             BFy, 0.0, -0.9880501025196551, 0.1541330428911881, BFz, 0.0, -0.15413304289118807, -0.9880501025196536
Time, 0.28, Pos_X, 0.016983435087310005, Pos_Y, 0.014593284885576454, Pos_Z, 0.01301695170056937, BFx, 1.0, 0.0, 0.0,                             BFy, 0.0, -0.9881682172940401, 0.15337396887971638, BFz, 0.0, -0.15337396887971638, -0.9881682172940387
Time, 0.282, Pos_X, 0.016958814132330004, Pos_Y, 0.01467528960607512, Pos_Z, 0.012976400015389083, BFx, 1.0, 0.0, 0.0,                             BFy, 0.0, -0.98827605731513, 0.1526775508634444, BFz, 0.0, -0.1526775508634444, -0.9882760573151286
Time, 0.284, Pos_X, 0.016929161097550004, Pos_Y, 0.014755088485373616, Pos_Z, 0.01292996090903692, BFx, 1.0, 0.0, 0.0,                             BFy, 0.0, -0.9883717459134658, 0.15205687054508724, BFz, 0.0, -0.1520568705450872, -0.9883717459134644
Time, 0.286, Pos_X, 0.016894695181570003, Pos_Y, 0.014832828448238624, Pos_Z, 0.012877818035035477, BFx, 1.0, 0.0, 0.0,                             BFy, 0.0, -0.9884533798496244, 0.1515252977685641, BFz, 0.0, -0.15152529776856405, -0.988453379849623
Time, 0.288, Pos_X, 0.016855653054990004, Pos_Y, 0.01490867493575195, Pos_Z, 0.012820170921842743, BFx, 1.0, 0.0, 0.0,                             BFy, 0.0, -0.9885190793664509, 0.15109609435224253, BFz, 0.0, -0.15109609435224244, -0.9885190793664498
Time, 0.29, Pos_X, 0.016812288611210004, Pos_Y, 0.014982812062129832, Pos_Z, 0.01275723347821519, BFx, 1.0, 0.0, 0.0,                             BFy, 0.0, -0.9885670806679759, 0.15078171977926572, BFz, 0.0, -0.1507817197792656, -0.9885670806679747
Time, 0.292, Pos_X, 0.016764873121430005, Pos_Y, 0.015055442636463709, Pos_Z, 0.01268923265013381, BFx, 1.0, 0.0, 0.0,                             BFy, 0.0, -0.9885958509594699, 0.15059297282980838, BFz, 0.0, -0.15059297282980827, -0.9885958509594687
Time, 0.294, Pos_X, 0.016713696822750004, Pos_Y, 0.015126789428082904, Pos_Z, 0.012616406289838188, BFx, 1.0, 0.0, 0.0,                             BFy, 0.0, -0.9886042161831805, 0.15053804749908628, BFz, 0.0, -0.15053804749908617, -0.9886042161831793
Time, 0.296, Pos_X, 0.016659070762970005, Pos_Y, 0.015197096032979735, Pos_Z, 0.012539000510872596, BFx, 1.0, 0.0, 0.0,                             BFy, 0.0, -0.9885914455167887, 0.1506218903447444, BFz, 0.0, -0.15062189034474432, -0.9885914455167875
Time, 0.298, Pos_X, 0.016601327449190004, Pos_Y, 0.015266626865834586, Pos_Z, 0.012457265714226395, BFx, 1.0, 0.0, 0.0,                             BFy, 0.0, -0.9885572630498027, 0.15084607277447037, BFz, 0.0, -0.15084607277447032, -0.9885572630498016
Time, 0.3, Pos_X, 0.016540820715510003, Pos_Y, 0.015335667563356406, Pos_Z, 0.012371452554503176, BFx, 1.0, 0.0, 0.0,                             BFy, 0.0, -0.9885018785572879, 0.15120858470573312, BFz, 0.0, -0.15120858470573303, -0.9885018785572868
Time, 0.302, Pos_X, 0.016477925790930003, Pos_Y, 0.015404525081727334, Pos_Z, 0.012281808189675867, BFx, 1.0, 0.0, 0.0,                             BFy, 0.0, -0.9884259945009896, 0.15170383447601943, BFz, 0.0, -0.15170383447601937, -0.9884259945009886
Time, 0.304, Pos_X, 0.016413038723870003, Pos_Y, 0.01547352700196646, Pos_Z, 0.012188571713047713, BFx, 1.0, 0.0, 0.0,                             BFy, 0.0, -0.9883307860203715, 0.15232287222985422, BFz, 0.0, -0.15232287222985416, -0.9883307860203705
Time, 0.306, Pos_X, 0.016346575621010002, Pos_Y, 0.015543020836577062, Pos_Z, 0.012091969257968736, BFx, 1.0, 0.0, 0.0,                             BFy, 0.0, -0.988217855478082, 0.15305381443890248, BFz, 0.0, -0.1530538144389024, -0.9882178554780812
Time, 0.308, Pos_X, 0.016278972217270003, Pos_Y, 0.015613373391738329, Pos_Z, 0.011992208759739378, BFx, 1.0, 0.0, 0.0,                             BFy, 0.0, -0.9880891412908487, 0.15388258141554076, BFz, 0.0, -0.15388258141554068, -0.9880891412908478
Time, 0.31, Pos_X, 0.016210682470670004, Pos_Y, 0.01568496937368298, Pos_Z, 0.011889474933711522, BFx, 1.0, 0.0, 0.0,                             BFy, 0.0, -0.9879468040385896, 0.15479377374408096, BFz, 0.0, -0.15479377374408082, -0.9879468040385887
Time, 0.312, Pos_X, 0.016142175904295203, Pos_Y, 0.01575820950389313, Pos_Z, 0.011783924512834025, BFx, 1.0, 0.0, 0.0,                             BFy, 0.0, -0.9877931340594956, 0.15577138474352836, BFz, 0.0, -0.15577138474352817, -0.9877931340594949
Time, 0.314, Pos_X, 0.016073933063145602, Pos_Y, 0.015833508260482194, Pos_Z, 0.011675682023592586, BFx, 1.0, 0.0, 0.0,                             BFy, 0.0, -0.9876304728380847, 0.1567993913305102, BFz, 0.0, -0.15679939133051, -0.9876304728380838
Time, 0.316, Pos_X, 0.016006440692456003, Pos_Y, 0.01591129064696528, Pos_Z, 0.011564837241657744, BFx, 1.0, 0.0, 0.0,                             BFy, 0.0, -0.9874611306336241, 0.15786233080682066, BFz, 0.0, -0.15786233080682047, -0.9874611306336232
