Time, 0, Pos_X, 0.0, Pos_Y, 0.0, Pos_Z, 0.0, BFx, 1, 0, 0,                         BFy, 0, -1, 0, BFz, 0, 0, -1
Time, 0.0, Pos_X, 0.0, Pos_Y, 0.0, Pos_Z, 0.0, BFx, 1.0, 0.0, 0.0,                             BFy, 0.0, -1.0, 0.0, BFz, 0.0, 0.0, -1.0
Time, 0.002, Pos_X, -1.5349771999999998e-06, Pos_Y, -7.012074213526651e-07, Pos_Z, 2.760184885600636e-06, BFx, 1.0, 0.0, 0.0,                             BFy, 0.0, -0.9999999402102393, 0.0003458027151081793, BFz, 0.0, -0.0003458027151081793, -0.9999999402102394
Time, 0.004, Pos_X, -5.96800792e-06, Pos_Y, -2.6210524032250795e-06, Pos_Z, 1.0448154818858682e-05, BFx, 1.0, 0.0, 0.0,                             BFy, 0.0, -0.9999997633826182, 0.0006879205677420069, BFz, 0.0, -0.0006879205677420071, -0.9999997633826183
Time, 0.006, Pos_X, -1.2962325159999998e-05, Pos_Y, -5.399904200673203e-06, Pos_Z, 2.183461019179532e-05, BFx, 1.0, 0.0, 0.0,                             BFy, 0.0, -0.9999994812671541, 0.001018560465879707, BFz, 0.0, -0.0010185604658797072, -0.9999994812671541
Time, 0.008, Pos_X, -2.21963128e-05, Pos_Y, -8.695572194456735e-06, Pos_Z, 3.560151023700187e-05, BFx, 1.0, 0.0, 0.0,                             BFy, 0.0, -0.99999911747215, 0.0013285536951713167, BFz, 0.0, -0.0013285536951713167, -0.9999991174721501
Time, 0.01, Pos_X, -3.336592904e-05, Pos_Y, -1.2186454679122025e-05, Pos_Z, 5.034174323868021e-05, BFx, 1.0, 0.0, 0.0,                             BFy, 0.0, -0.9999987072938826, 0.001607921193143121, BFz, 0.0, -0.001607921193143121, -0.9999987072938828
Time, 0.012, Pos_X, -4.6187630599999996e-05, Pos_Y, -1.5574562010358865e-05, Pos_Z, 6.455983815889437e-05, BFx, 1.0, 0.0, 0.0,                             BFy, 0.0, -0.9999982946136058, 0.0018468269761480847, BFz, 0.0, -0.001846826976148085, -0.999998294613606
Time, 0.014, Pos_X, -6.040050658e-05, Pos_Y, -1.858842324511702e-05, Pos_Z, 7.667371367307031e-05, BFx, 1.0, 0.0, 0.0,                             BFy, 0.0, -0.9999979255962259, 0.002036861125574696, BFz, 0.0, -0.0020368611255746965, -0.999997925596226
Time, 0.016, Pos_X, -7.576796994e-05, Pos_Y, -2.0986333175277113e-05, Pos_Z, 8.501797171385901e-05, BFx, 1.0, 0.0, 0.0,                             BFy, 0.0, -0.9999976403332396, 0.0021724014252839092, BFz, 0.0, -0.00217240142528391, -0.9999976403332397
Time, 0.018, Pos_X, -9.207944647999998e-05, Pos_Y, -2.2559603834436187e-05, Pos_Z, 8.784859379469838e-05, BFx, 1.0, 0.0, 0.0,                             BFy, 0.0, -0.9999974645591125, 0.0022518604188450767, BFz, 0.0, -0.002251860418845077, -0.9999974645591125
Time, 0.02, Pos_X, -0.00010915223049999999, Pos_Y, -2.3135798331150957e-05, Pos_Z, 8.334899664892607e-05, BFx, 1.0, 0.0, 0.0,                             BFy, 0.0, -0.9999974040907166, 0.0022785547673574613, BFz, 0.0, -0.0022785547673574618, -0.9999974040907165
Time, 0.022, Pos_X, -0.00012683301449999997, Pos_Y, -2.2581399065618915e-05, Pos_Z, 6.963776204344686e-05, BFx, 1.0, 0.0, 0.0,                             BFy, 0.0, -0.9999974433428395, 0.0022612624315070996, BFz, 0.0, -0.0022612624315071004, -0.9999974433428394
Time, 0.024, Pos_X, -0.00014499840905999998, Pos_Y, -2.0803780945595477e-05, Pos_Z, 4.477808834943785e-05, BFx, 1.0, 0.0, 0.0,                             BFy, 0.0, -0.9999975494349687, 0.0022138482462051947, BFz, 0.0, -0.002213848246205195, -0.9999975494349684
Time, 0.026, Pos_X, -0.00016355537669999996, Pos_Y, -1.7752810538571423e-05, Pos_Z, 6.7893796904493006e-06, BFx, 1.0, 0.0, 0.0,                             BFy, 0.0, -0.9999976794234388, 0.0021543323181674253, BFz, 0.0, -0.0021543323181674253, -0.9999976794234386
Time, 0.028, Pos_X, -0.00018244150574999997, Pos_Y, -1.3421671750784181e-05, Pos_Z, -4.633919029730497e-05, BFx, 1.0, 0.0, 0.0,                             BFy, 0.0, -0.9999977884268861, 0.002103126562192575, BFz, 0.0, -0.0021031265621925745, -0.999997788426886
Time, 0.03, Pos_X, -0.00020162465582999995, Pos_Y, -7.84685663594203e-06, Pos_Z, -0.00011663318858636047, BFx, 1.0, 0.0, 0.0,                             BFy, 0.0, -0.999997833053878, 0.0020817991132831915, BFz, 0.0, -0.0020817991132831906, -0.999997833053878
Time, 0.032, Pos_X, -0.00022110171640999995, Pos_Y, -1.1070521859539722e-06, Pos_Z, -0.0002061158873776848, BFx, 1.0, 0.0, 0.0,                             BFy, 0.0, -0.99999777128872, 0.002111259716935819, BFz, 0.0, -0.0021112597169358183, -0.99999777128872
Time, 0.034, Pos_X, -0.00024089706125999996, Pos_Y, 6.6787092212364895e-06, Pos_Z, -0.0003167907161933671, BFx, 1.0, 0.0, 0.0,                             BFy, 0.0, -0.9999975576099139, 0.0022101525300466988, BFz, 0.0, -0.0022101525300466983, -0.999997557609914
Time, 0.036, Pos_X, -0.0002610609828799999, Pos_Y, 1.5353436515084316e-05, Pos_Z, -0.00045062322508547677, BFx, 1.0, 0.0, 0.0,                             BFy, 0.0, -0.9999971332186626, 0.002394484173243195, BFz, 0.0, -0.0023944841732431946, -0.9999971332186627
Time, 0.038, Pos_X, -0.0002816683575799999, Pos_Y, 2.4725258351995523e-05, Pos_Z, -0.0006095226000584922, BFx, 1.0, 0.0, 0.0,                             BFy, 0.0, -0.9999964151449207, 0.0026776290457580496, BFz, 0.0, -0.002677629045758049, -0.9999964151449208
Time, 0.04, Pos_X, -0.0003028172414399999, Pos_Y, 3.457064330882943e-05, Pos_Z, -0.0007953238666176322, BFx, 1.0, 0.0, 0.0,                             BFy, 0.0, -0.9999952875018624, 0.0030700120629155326, BFz, 0.0, -0.0030700120629155326, -0.9999952875018625
Time, 0.042, Pos_X, -0.0003246274431399999, Pos_Y, 4.463761657089463e-05, Pos_Z, -0.0010097714172162728, BFx, 1.0, 0.0, 0.0,                             BFy, 0.0, -0.999993595076444, 0.003579078944138077, BFz, 0.0, -0.003579078944138077, -0.999993595076444
Time, 0.044, Pos_X, -0.00034723961747999986, Pos_Y, 5.464940912806896e-05, Pos_Z, -0.0012545040743132698, BFx, 1.0, 0.0, 0.0,                             BFy, 0.0, -0.9999911384113401, 0.004209881089944409, BFz, 0.0, -0.004209881089944409, -0.9999911384113399
Time, 0.046, Pos_X, -0.0003708150169599999, Pos_Y, 6.430794468783869e-05, Pos_Z, -0.0015310423264517186, BFx, 1.0, 0.0, 0.0,                             BFy, 0.0, -0.9999876718712878, 0.004965491460226761, BFz, 0.0, -0.004965491460226761, -0.9999876718712876
Time, 0.048, Pos_X, -0.00039553576783999994, Pos_Y, 7.329697170007172e-05, Pos_Z, -0.0018407783013653636, BFx, 1.0, 0.0, 0.0,                             BFy, 0.0, -0.9999829087748989, 0.005846550956932794, BFz, 0.0, -0.005846550956932794, -0.9999829087748987
Time, 0.05, Pos_X, -0.00042160576185999997, Pos_Y, 8.128481052113392e-05, Pos_Z, -0.0021849683102261254, BFx, 1.0, 0.0, 0.0,                             BFy, 0.0, -0.9999765321993862, 0.006850916032919758, BFz, 0.0, -0.006850916032919758, -0.9999765321993859
Time, 0.052, Pos_X, -0.0004492525149799999, Pos_Y, 8.792665800985624e-05, Pos_Z, -0.002564727719387794, BFx, 1.0, 0.0, 0.0,                             BFy, 0.0, -0.999968209528837, 0.00797370250840563, BFz, 0.0, -0.00797370250840563, -0.9999682095288367
Time, 0.054, Pos_X, -0.00047872926849999996, Pos_Y, 9.286672752040124e-05, Pos_Z, -0.0029810288469039447, BFx, 1.0, 0.0, 0.0,                             BFy, 0.0, -0.9999576096019839, 0.009207551199273864, BFz, 0.0, -0.009207551199273863, -0.9999576096019835
Time, 0.056, Pos_X, -0.00051030949326, Pos_Y, 9.574743640891143e-05, Pos_Z, -0.003434716605384903, BFx, 1.0, 0.0, 0.0,                             BFy, 0.0, -0.9999444217243156, 0.010542934241689087, BFz, 0.0, -0.010542934241689087, -0.9999444217243154
Time, 0.058, Pos_X, -0.0005442943634200001, Pos_Y, 9.620689727448367e-05, Pos_Z, -0.003926514134968665, BFx, 1.0, 0.0, 0.0,                             BFy, 0.0, -0.999928374160738, 0.011968565004375101, BFz, 0.0, -0.0119685650043751, -0.9999283741607378
Time, 0.06, Pos_X, -0.00058102419478, Pos_Y, 9.386936291839093e-05, Pos_Z, -0.004457011496627304, BFx, 1.0, 0.0, 0.0,                             BFy, 0.0, -0.9999092531635152, 0.013471653127306395, BFz, 0.0, -0.013471653127306391, -0.9999092531635149
Time, 0.062, Pos_X, -0.0006208787399400001, Pos_Y, 8.834687583391319e-05, Pos_Z, -0.005026668837130096, BFx, 1.0, 0.0, 0.0,                             BFy, 0.0, -0.9998869183071418, 0.015038304367453315, BFz, 0.0, -0.015038304367453308, -0.9998869183071415
Time, 0.064, Pos_X, -0.000664283177, Pos_Y, 7.92412944945854e-05, Pos_Z, -0.005635826594520925, BFx, 1.0, 0.0, 0.0,                             BFy, 0.0, -0.9998613144383929, 0.016653885118218536, BFz, 0.0, -0.01665388511821853, -0.9998613144383924
Time, 0.066, Pos_X, -0.0007117123823600001, Pos_Y, 6.614738351105184e-05, Pos_Z, -0.006284716388916944, BFx, 1.0, 0.0, 0.0,                             BFy, 0.0, -0.9998324804449779, 0.018303307002961292, BFz, 0.0, -0.018303307002961285, -0.9998324804449773
Time, 0.068, Pos_X, -0.0007636911357200002, Pos_Y, 4.865578930588084e-05, Pos_Z, -0.006973471855533857, BFx, 1.0, 0.0, 0.0,                             BFy, 0.0, -0.9998005553386723, 0.01997121790187157, BFz, 0.0, -0.01997121790187156, -0.9998005553386717
Time, 0.07, Pos_X, -0.0008207925772800003, Pos_Y, 2.6354681465766333e-05, Pos_Z, -0.007702141621556465, BFx, 1.0, 0.0, 0.0,                             BFy, 0.0, -0.9997657804187483, 0.021642188052341162, BFz, 0.0, -0.021642188052341152, -0.9997657804187478
Time, 0.072, Pos_X, -0.0008836369908399998, Pos_Y, -1.1694706855321983e-06, Pos_Z, -0.008470703295544354, BFx, 1.0, 0.0, 0.0,                             BFy, 0.0, -0.9997284989691311, 0.02330082292388283, BFz, 0.0, -0.023300822923882823, -0.9997284989691306
Time, 0.074, Pos_X, -0.0009528920747999998, Pos_Y, -3.4330631998368154e-05, Pos_Z, -0.009279077164267612, BFx, 1.0, 0.0, 0.0,                             BFy, 0.0, -0.9996891476010729, 0.02493207108609924, BFz, 0.0, -0.024932071086099232, -0.9996891476010723
Time, 0.076, Pos_X, -0.00102927326596, Pos_Y, -7.35404586485824e-05, Pos_Z, -0.010127139997850178, BFx, 1.0, 0.0, 0.0,                             BFy, 0.0, -0.9996482451234747, 0.026521425707520953, BFz, 0.0, -0.02652142570752095, -0.999648245123474
Time, 0.078, Pos_X, -0.00111354204832, Pos_Y, -0.00011920395446952493, Pos_Z, -0.011014738152168446, BFx, 1.0, 0.0, 0.0,                             BFy, 0.0, -0.9996063699564813, 0.02805539417702099, BFz, 0.0, -0.02805539417702098, -0.9996063699564808
Time, 0.08, Pos_X, -0.0012065019654800002, Pos_Y, -0.0001717147759129538, Pos_Z, -0.01194169791924362, BFx, 1.0, 0.0, 0.0,                             BFy, 0.0, -0.9995641304182454, 0.029522011808459196, BFz, 0.0, -0.02952201180845919, -0.9995641304182449
Time, 0.082, Pos_X, -0.0013089937130400004, Pos_Y, -0.00023145124087915324, Pos_Z, -0.012907832924739236, BFx, 1.0, 0.0, 0.0,                             BFy, 0.0, -0.9995221226419104, 0.030911589241116273, BFz, 0.0, -0.03091158924111627, -0.9995221226419099
Time, 0.084, Pos_X, -0.0014218902826000006, Pos_Y, -0.00029877311058951954, Pos_Z, -0.013912949407503655, BFx, 1.0, 0.0, 0.0,                             BFy, 0.0, -0.9994808881009621, 0.03221729847323483, BFz, 0.0, -0.03221729847323482, -0.9994808881009617
Time, 0.086, Pos_X, -0.0015460914265599999, Pos_Y, -0.00037401854008205004, Pos_Z, -0.014956850334611659, BFx, 1.0, 0.0, 0.0,                             BFy, 0.0, -0.9994408662810228, 0.03343583119111081, BFz, 0.0, -0.03343583119111079, -0.9994408662810224
Time, 0.088, Pos_X, -0.00168251826312, Pos_Y, -0.0004575012712359725, Pos_Z, -0.01603933965215793, BFx, 1.0, 0.0, 0.0,                             BFy, 0.0, -0.9994023490552643, 0.03456797221159918, BFz, 0.0, -0.034567972211599164, -0.9994023490552637
Time, 0.09, Pos_X, -0.0018321076028800002, Pos_Y, -0.0005495080924588117, Pos_Z, -0.017160225621019848, BFx, 1.0, 0.0, 0.0,                             BFy, 0.0, -0.9993654490273859, 0.03561880529008806, BFz, 0.0, -0.035618805290088054, -0.9993654490273853
Time, 0.092, Pos_X, -0.0019958052738400004, Pos_Y, -0.0006502963495098275, Pos_Z, -0.018319322282838578, BFx, 1.0, 0.0, 0.0,                             BFy, 0.0, -0.9993300749864352, 0.03659783091396868, BFz, 0.0, -0.03659783091396867, -0.9993300749864347
Time, 0.094, Pos_X, -0.0021745580868000004, Pos_Y, -0.0007600908050882904, Pos_Z, -0.019516449373327378, BFx, 1.0, 0.0, 0.0,                             BFy, 0.0, -0.9992959155717323, 0.0375189701571724, BFz, 0.0, -0.037518970157172385, -0.9992959155717317
Time, 0.096, Pos_X, -0.0023693051725600005, Pos_Y, -0.0008790804862942299, Pos_Z, -0.020751430897679973, BFx, 1.0, 0.0, 0.0,                             BFy, 0.0, -0.9992624367805647, 0.0384002921781786, BFz, 0.0, -0.038400292178178586, -0.9992624367805641
Time, 0.098, Pos_X, -0.0025809711645200005, Pos_Y, -0.0010074169061627303, Pos_Z, -0.022024092863665922, BFx, 1.0, 0.0, 0.0,                             BFy, 0.0, -0.9992288828027678, 0.03926372082131182, BFz, 0.0, -0.039263720821311805, -0.9992288828027674
Time, 0.1, Pos_X, -0.0028104610132800006, Pos_Y, -0.001145213172890259, Pos_Z, -0.02333426026692749, BFx, 1.0, 0.0, 0.0,                             BFy, 0.0, -0.9991942934465934, 0.04013432376114712, BFz, 0.0, -0.040134323761147096, -0.999194293446593
Time, 0.102, Pos_X, -0.003058654396039999, Pos_Y, -0.0012925434779088177, Pos_Z, -0.024681753995799974, BFx, 1.0, 0.0, 0.0,                             BFy, 0.0, -0.9991575288669129, 0.04103940190311936, BFz, 0.0, -0.04103940190311933, -0.9991575288669124
Time, 0.104, Pos_X, -0.0033264009855999994, Pos_Y, -0.0014494437231125166, Pos_Z, -0.0260663886595625, BFx, 1.0, 0.0, 0.0,                             BFy, 0.0, -0.9991172774093496, 0.04200792761051325, BFz, 0.0, -0.04200792761051322, -0.9991172774093491
Time, 0.106, Pos_X, -0.0036145165393599997, Pos_Y, -0.0016159130143642978, Pos_Z, -0.0274879717163389, BFx, 1.0, 0.0, 0.0,                             BFy, 0.0, -0.9990720696859166, 0.043069705983449696, BFz, 0.0, -0.04306970598344966, -0.9990720696859159
Time, 0.108, Pos_X, -0.00392377927852, Pos_Y, -0.0017919156495448548, Pos_Z, -0.02894630342734594, BFx, 1.0, 0.0, 0.0,                             BFy, 0.0, -0.9990202980582662, 0.04425431128798923, BFz, 0.0, -0.044254311287989206, -0.9990202980582656
Time, 0.11, Pos_X, -0.00425492678908, Pos_Y, -0.0019773833388185736, Pos_Z, -0.030441176925522284, BFx, 1.0, 0.0, 0.0,                             BFy, 0.0, -0.9989602327581006, 0.04559005777450851, BFz, 0.0, -0.04559005777450849, -0.9989602327581001
Time, 0.112, Pos_X, -0.0046086533020400005, Pos_Y, -0.0021722172131700412, Pos_Z, -0.03197237901437667, BFx, 1.0, 0.0, 0.0,                             BFy, 0.0, -0.9988900294675668, 0.047103174312195205, BFz, 0.0, -0.04710317431219519, -0.9988900294675661
Time, 0.114, Pos_X, -0.004985608388800001, Pos_Y, -0.002376290323179288, Pos_Z, -0.03353969179466519, BFx, 1.0, 0.0, 0.0,                             BFy, 0.0, -0.9988077401589004, 0.048816986784028814, BFz, 0.0, -0.04881698678402879, -0.9988077401588995
Time, 0.116, Pos_X, -0.005386397034360001, Pos_Y, -0.002589450548318011, Pos_Z, -0.03514289513824833, BFx, 1.0, 0.0, 0.0,                             BFy, 0.0, -0.998711336120142, 0.050751030581873836, BFz, 0.0, -0.050751030581873816, -0.9987113361201411
Time, 0.118, Pos_X, -0.005811579870519999, Pos_Y, -0.002811523969198273, Pos_Z, -0.036781769982198016, BFx, 1.0, 0.0, 0.0,                             BFy, 0.0, -0.9985987297751477, 0.052920477052489555, BFz, 0.0, -0.052920477052489534, -0.9985987297751469
Time, 0.12, Pos_X, -0.0062616729392799995, Pos_Y, -0.0030423186237338315, Pos_Z, -0.03845610223227626, BFx, 1.0, 0.0, 0.0,                             BFy, 0.0, -0.9984678000433286, 0.05533581368912095, BFz, 0.0, -0.055335813689120925, -0.9984678000433277
Time, 0.122, Pos_X, -0.00673714698004, Pos_Y, -0.003281627984521825, Pos_Z, -0.04016568713232107, BFx, 1.0, 0.0, 0.0,                             BFy, 0.0, -0.9983164355974627, 0.05800253801325196, BFz, 0.0, -0.058002538013251934, -0.9983164355974619
Time, 0.124, Pos_X, -0.0072384275948000005, Pos_Y, -0.003529234119561982, Pos_Z, -0.04191033312749536, BFx, 1.0, 0.0, 0.0,                             BFy, 0.0, -0.9981425712059182, 0.060921322592673514, BFz, 0.0, -0.060921322592673466, -0.9981425712059171
Time, 0.126, Pos_X, -0.007765895798360001, Pos_Y, -0.0037849101104823844, Pos_Z, -0.043689865631623845, BFx, 1.0, 0.0, 0.0,                             BFy, 0.0, -0.9979442281183732, 0.06408835748578845, BFz, 0.0, -0.0640883574857884, -0.997944228118372
Time, 0.128, Pos_X, -0.008319887880120001, Pos_Y, -0.004048421700302894, Pos_Z, -0.04550413035041211, BFx, 1.0, 0.0, 0.0,                             BFy, 0.0, -0.9977195637880607, 0.06749571863876729, BFz, 0.0, -0.06749571863876722, -0.9977195637880596
Time, 0.13, Pos_X, -0.008900694911280002, Pos_Y, -0.004319528250052365, Pos_Z, -0.04735299575667046, BFx, 1.0, 0.0, 0.0,                             BFy, 0.0, -0.9974669259348483, 0.07113179082579926, BFz, 0.0, -0.0711317908257992, -0.9974669259348472
Time, 0.132, Pos_X, -0.009508562506440003, Pos_Y, -0.004597983831054325, Pos_Z, -0.04923635521522738, BFx, 1.0, 0.0, 0.0,                             BFy, 0.0, -0.9971848870489352, 0.07498200478251028, BFz, 0.0, -0.07498200478251021, -0.9971848870489339
Time, 0.134, Pos_X, -0.010143690978800003, Pos_Y, -0.0048835379986865894, Pos_Z, -0.0511541288674098, BFx, 1.0, 0.0, 0.0,                             BFy, 0.0, -0.996872284326669, 0.0790294169365501, BFz, 0.0, -0.07902941693655004, -0.9968722843266677
Time, 0.136, Pos_X, -0.010806235023160004, Pos_Y, -0.005175935458659016, Pos_Z, -0.05310626537540807, BFx, 1.0, 0.0, 0.0,                             BFy, 0.0, -0.9965282465578242, 0.08325535305546404, BFz, 0.0, -0.08325535305546398, -0.9965282465578231
Time, 0.138, Pos_X, -0.011496303316320004, Pos_Y, -0.005474915571985711, Pos_Z, -0.055092743430455685, BFx, 1.0, 0.0, 0.0,                             BFy, 0.0, -0.9961522166711307, 0.08763995219757878, BFz, 0.0, -0.0876399521975787, -0.9961522166711297
Time, 0.14, Pos_X, -0.012213958262080006, Pos_Y, -0.0057802115113119775, Pos_Z, -0.057113572786213616, BFx, 1.0, 0.0, 0.0,                             BFy, 0.0, -0.9957439596743265, 0.09216271899252232, BFz, 0.0, -0.09216271899252222, -0.9957439596743256
Time, 0.142, Pos_X, -0.012959216019639995, Pos_Y, -0.006091549248186476, Pos_Z, -0.05916879444106926, BFx, 1.0, 0.0, 0.0,                             BFy, 0.0, -0.9953035461865826, 0.09680315567384376, BFz, 0.0, -0.09680315567384364, -0.9953035461865818
Time, 0.144, Pos_X, -0.013732046148399995, Pos_Y, -0.006408646277375969, Pos_Z, -0.06125847976021083, BFx, 1.0, 0.0, 0.0,                             BFy, 0.0, -0.9948313209332437, 0.10154133586977793, BFz, 0.0, -0.10154133586977779, -0.9948313209332429
Time, 0.146, Pos_X, -0.014532371201159995, Pos_Y, -0.006731210142986541, Pos_Z, -0.06338272877034788, BFx, 1.0, 0.0, 0.0,                             BFy, 0.0, -0.994327884182898, 0.10635816252814603, BFz, 0.0, -0.10635816252814588, -0.9943278841828971
Time, 0.148, Pos_X, -0.015360065971919997, Pos_Y, -0.007058936759356407, Pos_Z, -0.06554166777073496, BFx, 1.0, 0.0, 0.0,                             BFy, 0.0, -0.9937940558956674, 0.11123567083647978, BFz, 0.0, -0.11123567083647964, -0.9937940558956665
Time, 0.15, Pos_X, -0.016214956712079998, Pos_Y, -0.007391508641836204, Pos_Z, -0.06773544568357771, BFx, 1.0, 0.0, 0.0,                             BFy, 0.0, -0.9932308241752045, 0.11615734978143553, BFz, 0.0, -0.1161573497814354, -0.9932308241752035
Time, 0.152, Pos_X, -0.017096821297639998, Pos_Y, -0.00772859369698102, Pos_Z, -0.06996422949475942, BFx, 1.0, 0.0, 0.0,                             BFy, 0.0, -0.9926393298350519, 0.1211080544993672, BFz, 0.0, -0.12110805449936705, -0.9926393298350509
Time, 0.154, Pos_X, -0.018005389357999998, Pos_Y, -0.008069844657588766, Pos_Z, -0.07222819940644883, BFx, 1.0, 0.0, 0.0,                             BFy, 0.0, -0.992020825550683, 0.12607411183008113, BFz, 0.0, -0.12607411183008096, -0.992020825550682
Time, 0.156, Pos_X, -0.01894034246056, Pos_Y, -0.008414898841266678, Pos_Z, -0.07452754397470664, BFx, 1.0, 0.0, 0.0,                             BFy, 0.0, -0.9913766412954914, 0.13104333288524636, BFz, 0.0, -0.1310433328852462, -0.9913766412954904
Time, 0.158, Pos_X, -0.01990131499332, Pos_Y, -0.008763378609320275, Pos_Z, -0.0768624551111096, BFx, 1.0, 0.0, 0.0,                             BFy, 0.0, -0.9907082248275414, 0.13600446043812217, BFz, 0.0, -0.13600446043812195, -0.9907082248275403
Time, 0.16, Pos_X, -0.02088789532488, Pos_Y, -0.009114892186231103, Pos_Z, -0.07923312370669942, BFx, 1.0, 0.0, 0.0,                             BFy, 0.0, -0.9900171318608577, 0.14094707738014492, BFz, 0.0, -0.1409470773801447, -0.9900171318608565
Time, 0.162, Pos_X, -0.021899627335840003, Pos_Y, -0.009469034661918658, Pos_Z, -0.08163973628993765, BFx, 1.0, 0.0, 0.0,                             BFy, 0.0, -0.9893050006484091, 0.14586163200806013, BFz, 0.0, -0.1458616320080599, -0.989305000648408
Time, 0.164, Pos_X, -0.022936012946200006, Pos_Y, -0.00982538966899546, Pos_Z, -0.08408247202425781, BFx, 1.0, 0.0, 0.0,                             BFy, 0.0, -0.9885735649616423, 0.15073920080401554, BFz, 0.0, -0.15073920080401534, -0.9885735649616413
Time, 0.166, Pos_X, -0.023996515311560006, Pos_Y, -0.01018353135491826, Pos_Z, -0.08656149988395997, BFx, 1.0, 0.0, 0.0,                             BFy, 0.0, -0.9878246695462536, 0.15557127702708656, BFz, 0.0, -0.15557127702708634, -0.9878246695462525
Time, 0.168, Pos_X, -0.025080562567920007, Pos_Y, -0.010543026901617554, Pos_Z, -0.08907697662387762, BFx, 1.0, 0.0, 0.0,                             BFy, 0.0, -0.9870602507346444, 0.16034980954046893, BFz, 0.0, -0.16034980954046874, -0.9870602507346433
Time, 0.17, Pos_X, -0.026187551501080007, Pos_Y, -0.010903439240445172, Pos_Z, -0.09162904525453336, BFx, 1.0, 0.0, 0.0,                             BFy, 0.0, -0.9862823295806717, 0.16506715711166484, BFz, 0.0, -0.16506715711166461, -0.9862823295806705
Time, 0.172, Pos_X, -0.027316851253839994, Pos_Y, -0.011264330020196327, Pos_Z, -0.09421783318722404, BFx, 1.0, 0.0, 0.0,                             BFy, 0.0, -0.9854930178954933, 0.16971597355357151, BFz, 0.0, -0.16971597355357126, -0.985493017895492
Time, 0.174, Pos_X, -0.028467807574199994, Pos_Y, -0.011625262427033304, Pos_Z, -0.09684345027147441, BFx, 1.0, 0.0, 0.0,                             BFy, 0.0, -0.984694544807934, 0.17428899398843103, BFz, 0.0, -0.1742889939884308, -0.984694544807933
Time, 0.176, Pos_X, -0.029639747400759996, Pos_Y, -0.011985804192265517, Pos_Z, -0.099505987305382, BFx, 1.0, 0.0, 0.0,                             BFy, 0.0, -0.9838892416324581, 0.1787790821094856, BFz, 0.0, -0.17877908210948537, -0.983889241632457
Time, 0.178, Pos_X, -0.030831983980119996, Pos_Y, -0.012345531285846171, Pos_Z, -0.10220551580395094, BFx, 1.0, 0.0, 0.0,                             BFy, 0.0, -0.9830796018227796, 0.1831788647196194, BFz, 0.0, -0.18317886471961922, -0.9830796018227783
Time, 0.18, Pos_X, -0.032043822134879996, Pos_Y, -0.0127040314511954, Pos_Z, -0.10494208823798323, BFx, 1.0, 0.0, 0.0,                             BFy, 0.0, -0.9822682923742962, 0.18748067045988365, BFz, 0.0, -0.18748067045988345, -0.9822682923742949
Time, 0.182, Pos_X, -0.033274563661039994, Pos_Y, -0.013060907247832019, Pos_Z, -0.10771573840948095, BFx, 1.0, 0.0, 0.0,                             BFy, 0.0, -0.9814581682127765, 0.19167645668788988, BFz, 0.0, -0.19167645668788968, -0.9814581682127752
Time, 0.184, Pos_X, -0.03452351259599999, Pos_Y, -0.013415778355403094, Pos_Z, -0.11052648220765786, BFx, 1.0, 0.0, 0.0,                             BFy, 0.0, -0.9806522645607358, 0.19575785044769983, BFz, 0.0, -0.19575785044769964, -0.9806522645607345
Time, 0.186, Pos_X, -0.035789980730359994, Pos_Y, -0.013768283900008772, Pos_Z, -0.11337431898601406, BFx, 1.0, 0.0, 0.0,                             BFy, 0.0, -0.979853792547133, 0.1997161616670101, BFz, 0.0, -0.1997161616670099, -0.9798537925471318
Time, 0.188, Pos_X, -0.037073293116719995, Pos_Y, -0.014118084996153165, Pos_Z, -0.11625923317272965, BFx, 1.0, 0.0, 0.0,                             BFy, 0.0, -0.9790660850544424, 0.20354262722135374, BFz, 0.0, -0.20354262722135355, -0.9790660850544411
Time, 0.19, Pos_X, -0.03837279301868, Pos_Y, -0.01446486647074837, Pos_Z, -0.11918119640348086, BFx, 1.0, 0.0, 0.0,                             BFy, 0.0, -0.978292571038399, 0.20722848609948122, BFz, 0.0, -0.20722848609948102, -0.9782925710383976
Time, 0.192, Pos_X, -0.03968784715424, Pos_Y, -0.014808338087276066, Pos_Z, -0.12214017043560063, BFx, 1.0, 0.0, 0.0,                             BFy, 0.0, -0.9775367322171937, 0.2107651232204556, BFz, 0.0, -0.2107651232204554, -0.9775367322171924
Time, 0.194, Pos_X, -0.041017851412600004, Pos_Y, -0.015148235735017184, Pos_Z, -0.12513610994684593, BFx, 1.0, 0.0, 0.0,                             BFy, 0.0, -0.9768020655811629, 0.21414416797189811, BFz, 0.0, -0.21414416797189792, -0.9768020655811616
Time, 0.196, Pos_X, -0.042362235890360006, Pos_Y, -0.015484322025367236, Pos_Z, -0.12816896460344335, BFx, 1.0, 0.0, 0.0,                             BFy, 0.0, -0.9760920526817852, 0.21735755034381035, BFz, 0.0, -0.21735755034381013, -0.9760920526817838
Time, 0.198, Pos_X, -0.04372046807272001, Pos_Y, -0.015816386486758316, Pos_Z, -0.13123867969619904, BFx, 1.0, 0.0, 0.0,                             BFy, 0.0, -0.9754101013719904, 0.2203976727224822, BFz, 0.0, -0.22039767272248198, -0.9754101013719889
Time, 0.2, Pos_X, -0.04509205574368001, Pos_Y, -0.01614424578950161, Pos_Z, -0.13434519651832874, BFx, 1.0, 0.0, 0.0,                             BFy, 0.0, -0.9747594625987006, 0.22325767640619898, BFz, 0.0, -0.22325767640619879, -0.9747594625986993
Time, 0.202, Pos_X, -0.04647654928464001, Pos_Y, -0.016467743371626795, Pos_Z, -0.1374884531128727, BFx, 1.0, 0.0, 0.0,                             BFy, 0.0, -0.9741431374103003, 0.2259317326902513, BFz, 0.0, -0.22593173269025113, -0.974143137410299
Time, 0.204, Pos_X, -0.047873543639599996, Pos_Y, -0.016786748979304673, Pos_Z, -0.14066838531978232, BFx, 1.0, 0.0, 0.0,                             BFy, 0.0, -0.9735638076578064, 0.22841521932401154, BFz, 0.0, -0.22841521932401138, -0.973563807657805
Time, 0.206, Pos_X, -0.04928268058116, Pos_Y, -0.017101158192423745, Pos_Z, -0.14388492842159442, BFx, 1.0, 0.0, 0.0,                             BFy, 0.0, -0.9730237205792305, 0.23070509138325127, BFz, 0.0, -0.23070509138325104, -0.973023720579229
Time, 0.208, Pos_X, -0.050703649315319996, Pos_Y, -0.017410891198691533, Pos_Z, -0.1471380187951889, BFx, 1.0, 0.0, 0.0,                             BFy, 0.0, -0.9725245829158943, 0.2328002053784927, BFz, 0.0, -0.23280020537849247, -0.9725245829158929
Time, 0.21, Pos_X, -0.05213618684548, Pos_Y, -0.017715891378575353, Pos_Z, -0.15042759565889283, BFx, 1.0, 0.0, 0.0,                             BFy, 0.0, -0.9720674640306621, 0.23470160922541505, BFz, 0.0, -0.23470160922541483, -0.9720674640306609
Time, 0.212, Pos_X, -0.05358007836424, Pos_Y, -0.01801612372406306, Pos_Z, -0.15375360195967983, BFx, 1.0, 0.0, 0.0,                             BFy, 0.0, -0.9716527216903362, 0.23641275014635735, BFz, 0.0, -0.23641275014635713, -0.971652721690335
Time, 0.214, Pos_X, -0.0550351568442, Pos_Y, -0.018311573060147805, Pos_Z, -0.15711598443915495, BFx, 1.0, 0.0, 0.0,                             BFy, 0.0, -0.9712799640508671, 0.23793955415892495, BFz, 0.0, -0.23793955415892476, -0.9712799640508659
Time, 0.216, Pos_X, -0.056501301814760006, Pos_Y, -0.018602242243295833, Pos_Z, -0.16051469342184907, BFx, 1.0, 0.0, 0.0,                             BFy, 0.0, -0.9709480190438624, 0.23929050193185966, BFz, 0.0, -0.2392905019318594, -0.9709480190438612
Time, 0.218, Pos_X, -0.05797843744312001, Pos_Y, -0.018888150419057722, Pos_Z, -0.16394968221271713, BFx, 1.0, 0.0, 0.0,                             BFy, 0.0, -0.9706549254926587, 0.24047664255981935, BFz, 0.0, -0.2404766425598191, -0.9706549254926573
Time, 0.22, Pos_X, -0.059466530565680006, Pos_Y, -0.019169331723779555, Pos_Z, -0.16742090664921896, BFx, 1.0, 0.0, 0.0,                             BFy, 0.0, -0.9703979392329265, 0.24151157225377734, BFz, 0.0, -0.24151157225377712, -0.970397939232925
Time, 0.222, Pos_X, -0.06096558847424001, Pos_Y, -0.019445834027454333, Pos_Z, -0.17092832419845055, BFx, 1.0, 0.0, 0.0,                             BFy, 0.0, -0.9701736071883807, 0.2424111629341517, BFz, 0.0, -0.24241116293415144, -0.9701736071883792
Time, 0.224, Pos_X, -0.06247565546140001, Pos_Y, -0.019717717473774713, Pos_Z, -0.17447189260575732, BFx, 1.0, 0.0, 0.0,                             BFy, 0.0, -0.9699778509629123, 0.24319327425192577, BFz, 0.0, -0.2431932742519255, -0.9699778509629109
Time, 0.226, Pos_X, -0.06399680849396001, Pos_Y, -0.01998505313937684, Pos_Z, -0.1780515683044604, BFx, 1.0, 0.0, 0.0,                             BFy, 0.0, -0.9698060879183843, 0.24387732948439783, BFz, 0.0, -0.24387732948439755, -0.9698060879183829
Time, 0.228, Pos_X, -0.06552915300632002, Pos_Y, -0.020247921580546467, Pos_Z, -0.18166730455350216, BFx, 1.0, 0.0, 0.0,                             BFy, 0.0, -0.9696533546272468, 0.2444838887536948, BFz, 0.0, -0.2444838887536945, -0.9696533546272453
Time, 0.23, Pos_X, -0.06707281863128002, Pos_Y, -0.020506411253157955, Pos_Z, -0.18531904958863601, BFx, 1.0, 0.0, 0.0,                             BFy, 0.0, -0.9695144856976714, 0.24503400176788134, BFz, 0.0, -0.24503400176788107, -0.96951448569767
Time, 0.232, Pos_X, -0.06862795527344002, Pos_Y, -0.020760617190371762, Pos_Z, -0.18900674491916342, BFx, 1.0, 0.0, 0.0,                             BFy, 0.0, -0.9693842660950414, 0.2455486604471311, BFz, 0.0, -0.2455486604471308, -0.9693842660950399
Time, 0.234, Pos_X, -0.07019472886260003, Pos_Y, -0.021010639608892358, Pos_Z, -0.19273032455881217, BFx, 1.0, 0.0, 0.0,                             BFy, 0.0, -0.9692576306554174, 0.24604805509544075, BFz, 0.0, -0.24604805509544048, -0.9692576306554158
Time, 0.236, Pos_X, -0.07177331703936, Pos_Y, -0.021256582473459032, Pos_Z, -0.19648971481441918, BFx, 1.0, 0.0, 0.0,                             BFy, 0.0, -0.9691298507963734, 0.24655087161760694, BFz, 0.0, -0.2465508716176067, -0.9691298507963718
Time, 0.238, Pos_X, -0.07336390502312, Pos_Y, -0.021498552322879252, Pos_Z, -0.2002848342254492, BFx, 1.0, 0.0, 0.0,                             BFy, 0.0, -0.9689966955947107, 0.24707368116927034, BFz, 0.0, -0.24707368116927012, -0.9689966955947089
Time, 0.24, Pos_X, -0.07496668122928, Pos_Y, -0.02173665708460357, Pos_Z, -0.20411559376700739, BFx, 1.0, 0.0, 0.0,                             BFy, 0.0, -0.968854608638367, 0.24763026333669239, BFz, 0.0, -0.24763026333669216, -0.9688546086383653
Time, 0.242, Pos_X, -0.07658183303244001, Pos_Y, -0.021971004584935113, Pos_Z, -0.20798189676801654, BFx, 1.0, 0.0, 0.0,                             BFy, 0.0, -0.9687008496902602, 0.24823106938772013, BFz, 0.0, -0.2482310693877199, -0.9687008496902583
Time, 0.244, Pos_X, -0.07820954272740001, Pos_Y, -0.022201701403020725, Pos_Z, -0.21188363895525666, BFx, 1.0, 0.0, 0.0,                             BFy, 0.0, -0.9685336055459453, 0.2488828136456485, BFz, 0.0, -0.24888281364564824, -0.9685336055459434
Time, 0.246, Pos_X, -0.07984998378376001, Pos_Y, -0.02242885211000349, Pos_Z, -0.2158207090230903, BFx, 1.0, 0.0, 0.0,                             BFy, 0.0, -0.9683520042955658, 0.24958845281135017, BFz, 0.0, -0.24958845281134992, -0.968352004295564
Time, 0.248, Pos_X, -0.08150331742812002, Pos_Y, -0.022652558171239876, Pos_Z, -0.2197929894823665, BFx, 1.0, 0.0, 0.0,                             BFy, 0.0, -0.9681561042708855, 0.25034727432713333, BFz, 0.0, -0.2503472743271331, -0.9681561042708837
Time, 0.25, Pos_X, -0.08316968946448001, Pos_Y, -0.02287291721358857, Pos_Z, -0.22380035776785956, BFx, 1.0, 0.0, 0.0,                             BFy, 0.0, -0.9679468311598574, 0.251155195143547, BFz, 0.0, -0.2511551951435468, -0.9679468311598556
Time, 0.252, Pos_X, -0.08484922770604002, Pos_Y, -0.023090022767255698, Pos_Z, -0.2278426878266145, BFx, 1.0, 0.0, 0.0,                             BFy, 0.0, -0.9677258668217148, 0.2520052513027518, BFz, 0.0, -0.25200525130275153, -0.967725866821713
Time, 0.254, Pos_X, -0.08654204038280001, Pos_Y, -0.02330396417662025, Pos_Z, -0.23191985154981332, BFx, 1.0, 0.0, 0.0,                             BFy, 0.0, -0.9674955054579467, 0.2528882103196481, BFz, 0.0, -0.2528882103196478, -0.9674955054579449
Time, 0.256, Pos_X, -0.08824821426516001, Pos_Y, -0.023514826609966216, Pos_Z, -0.23603172039114967, BFx, 1.0, 0.0, 0.0,                             BFy, 0.0, -0.9672585055448577, 0.25379319031670455, BFz, 0.0, -0.2537931903167043, -0.967258505544856
Time, 0.258, Pos_X, -0.08996781356972001, Pos_Y, -0.023722691585297856, Pos_Z, -0.24017816736083442, BFx, 1.0, 0.0, 0.0,                             BFy, 0.0, -0.9670178745746915, 0.25470852018149837, BFz, 0.0, -0.2547085201814981, -0.9670178745746899
Time, 0.26, Pos_X, -0.09170087946848002, Pos_Y, -0.023927637683402007, Pos_Z, -0.2443590689665983, BFx, 1.0, 0.0, 0.0,                             BFy, 0.0, -0.9667766589947042, 0.25562255695270775, BFz, 0.0, -0.25562255695270747, -0.9667766589947026
Time, 0.262, Pos_X, -0.09344742894884002, Pos_Y, -0.024129741201467356, Pos_Z, -0.24857430668079428, BFx, 1.0, 0.0, 0.0,                             BFy, 0.0, -0.9665377586066884, 0.25652438712052694, BFz, 0.0, -0.2565243871205266, -0.9665377586066867
Time, 0.264, Pos_X, -0.09520745419520002, Pos_Y, -0.024329076867445915, Pos_Z, -0.2528237677593401, BFx, 1.0, 0.0, 0.0,                             BFy, 0.0, -0.9663038133994063, 0.2574042350268718, BFz, 0.0, -0.2574042350268715, -0.9663038133994044
Time, 0.266, Pos_X, -0.09698092218116001, Pos_Y, -0.024525718459207754, Pos_Z, -0.25710734549800496, BFx, 1.0, 0.0, 0.0,                             BFy, 0.0, -0.966077080712175, 0.258253894690178, BFz, 0.0, -0.25825389469017773, -0.9660770807121731
Time, 0.268, Pos_X, -0.09876777432192002, Pos_Y, -0.024719739318722424, Pos_Z, -0.2614249393017915, BFx, 1.0, 0.0, 0.0,                             BFy, 0.0, -0.9658593555481937, 0.2590669899852771, BFz, 0.0, -0.25906698998527683, -0.9658593555481917
Time, 0.27, Pos_X, -0.10056792652548002, Pos_Y, -0.024911213249259146, Pos_Z, -0.26577645450710935, BFx, 1.0, 0.0, 0.0,                             BFy, 0.0, -0.9656519461461666, 0.25983902498301675, BFz, 0.0, -0.2598390249830165, -0.9656519461461646
Time, 0.272, Pos_X, -0.10238126940964003, Pos_Y, -0.02510021550440098, Pos_Z, -0.27016180229153497, BFx, 1.0, 0.0, 0.0,                             BFy, 0.0, -0.965455688174812, 0.26056729297995956, BFz, 0.0, -0.26056729297995923, -0.96545568817481
Time, 0.274, Pos_X, -0.10420766855480003, Pos_Y, -0.025286823498235314, Pos_Z, -0.2745808995292814, BFx, 1.0, 0.0, 0.0,                             BFy, 0.0, -0.9652710297275817, 0.26125052950885685, BFz, 0.0, -0.2612505295088565, -0.9652710297275797
Time, 0.276, Pos_X, -0.10604696461296002, Pos_Y, -0.02547111701926986, Pos_Z, -0.2790336685924881, BFx, 1.0, 0.0, 0.0,                             BFy, 0.0, -0.9650980822929829, 0.26188870070014586, BFz, 0.0, -0.26188870070014547, -0.9650980822929809
Time, 0.278, Pos_X, -0.10789897317652003, Pos_Y, -0.025653178041645127, Pos_Z, -0.28352003748573196, BFx, 1.0, 0.0, 0.0,                             BFy, 0.0, -0.9649367002478316, 0.2624826937434741, BFz, 0.0, -0.2624826937434736, -0.9649367002478295
Time, 0.28, Pos_X, -0.10976348538448003, Pos_Y, -0.025833090480566066, Pos_Z, -0.28803994022885226, BFx, 1.0, 0.0, 0.0,                             BFy, 0.0, -0.9647865610720434, 0.2630340122014343, BFz, 0.0, -0.2630340122014338, -0.9647865610720414
Time, 0.282, Pos_X, -0.11164026904623997, Pos_Y, -0.026010939221309058, Pos_Z, -0.2925933180018312, BFx, 1.0, 0.0, 0.0,                             BFy, 0.0, -0.9646472656320967, 0.26354440405465557, BFz, 0.0, -0.26354440405465507, -0.9646472656320946
Time, 0.284, Pos_X, -0.11352906884519998, Pos_Y, -0.026186808939416856, Pos_Z, -0.2971801205119166, BFx, 1.0, 0.0, 0.0,                             BFy, 0.0, -0.9645184172031436, 0.26401557316936336, BFz, 0.0, -0.2640155731693628, -0.9645184172031415
Time, 0.286, Pos_X, -0.11542960658115997, Pos_Y, -0.026360782592807674, Pos_Z, -0.3018003071793464, BFx, 1.0, 0.0, 0.0,                             BFy, 0.0, -0.9643996552967706, 0.2644490591086964, BFz, 0.0, -0.2644490591086959, -0.9643996552967685
Time, 0.288, Pos_X, -0.11734158165211997, Pos_Y, -0.026532939650039694, Pos_Z, -0.3064538481274118, BFx, 1.0, 0.0, 0.0,                             BFy, 0.0, -0.9642906681262547, 0.2648461956770871, BFz, 0.0, -0.2648461956770866, -0.9642906681262526
Time, 0.29, Pos_X, -0.11926467169247996, Pos_Y, -0.026703354235888384, Pos_Z, -0.31114072559680855, BFx, 1.0, 0.0, 0.0,                             BFy, 0.0, -0.9641911601114294, 0.2652082328340896, BFz, 0.0, -0.2652082328340891, -0.9641911601114272
Time, 0.292, Pos_X, -0.12119853375803996, Pos_Y, -0.026872093176015716, Pos_Z, -0.3158609358160727, BFx, 1.0, 0.0, 0.0,                             BFy, 0.0, -0.964100825601319, 0.26553643455251125, BFz, 0.0, -0.2655364345525107, -0.9641008256013168
Time, 0.294, Pos_X, -0.12314280607619996, Pos_Y, -0.027039214414774877, Pos_Z, -0.32061449132593134, BFx, 1.0, 0.0, 0.0,                             BFy, 0.0, -0.9640192631666716, 0.2658323912610956, BFz, 0.0, -0.2658323912610951, -0.9640192631666694
Time, 0.296, Pos_X, -0.12509711002775994, Pos_Y, -0.027204765111188352, Pos_Z, -0.3254014238304674, BFx, 1.0, 0.0, 0.0,                             BFy, 0.0, -0.9639459129467423, 0.26609824673093213, BFz, 0.0, -0.2660982467309316, -0.96394591294674
Time, 0.298, Pos_X, -0.12706105200451995, Pos_Y, -0.027368779753833474, Pos_Z, -0.3302217871718407, BFx, 1.0, 0.0, 0.0,                             BFy, 0.0, -0.9638799613292153, 0.2663370423880135, BFz, 0.0, -0.2663370423880129, -0.9638799613292132
Time, 0.3, Pos_X, -0.12903422604747994, Pos_Y, -0.027531279007144038, Pos_Z, -0.3350756599429815, BFx, 1.0, 0.0, 0.0,                             BFy, 0.0, -0.9638202995903684, 0.26655286548363394, BFz, 0.0, -0.26655286548363344, -0.9638202995903663
Time, 0.302, Pos_X, -0.13101621653543993, Pos_Y, -0.027692269002480896, Pos_Z, -0.3399631476487718, BFx, 1.0, 0.0, 0.0,                             BFy, 0.0, -0.9637654806027515, 0.26675100449398764, BFz, 0.0, -0.26675100449398714, -0.9637654806027495
Time, 0.304, Pos_X, -0.13300660072979995, Pos_Y, -0.02785174093375569, Pos_Z, -0.3448843846981932, BFx, 1.0, 0.0, 0.0,                             BFy, 0.0, -0.9637136649047331, 0.26693814278947003, BFz, 0.0, -0.26693814278946953, -0.9637136649047312
Time, 0.306, Pos_X, -0.13500495204955995, Pos_Y, -0.02800967118507849, Pos_Z, -0.3498395359038089, BFx, 1.0, 0.0, 0.0,                             BFy, 0.0, -0.9636625853787372, 0.2671224841550634, BFz, 0.0, -0.2671224841550629, -0.9636625853787352
Time, 0.308, Pos_X, -0.13701084355371995, Pos_Y, -0.028166021939230727, Pos_Z, -0.35482879754960506, BFx, 1.0, 0.0, 0.0,                             BFy, 0.0, -0.9636095486247075, 0.2673137441271796, BFz, 0.0, -0.2673137441271791, -0.9636095486247056
Time, 0.31, Pos_X, -0.13902385175967996, Pos_Y, -0.02832074190612068, Pos_Z, -0.3598523979269598, BFx, 1.0, 0.0, 0.0,                             BFy, 0.0, -0.9635514411449069, 0.26752312099625564, BFz, 0.0, -0.2675231209962551, -0.9635514411449049
Time, 0.312, Pos_X, -0.14104356155283995, Pos_Y, -0.02847376779157782, Pos_Z, -0.36491059733560854, BFx, 1.0, 0.0, 0.0,                             BFy, 0.0, -0.9634847795101074, 0.26776310360533956, BFz, 0.0, -0.267763103605339, -0.9634847795101054
