Time, 0    , Pos_X, 0.0                    , Pos_Y, 0.0                   , Pos_Z, 0.0                    , BFx, 1.0, 0.0, 0.0, BFy, 0.0, 1.0                  , 0.0                   , BFz, 0.0, 0.0                   , 1.0
Time, 0.0  , Pos_X, 0.0                    , Pos_Y, 0.0                   , Pos_Z, 0.0                    , BFx, 1.0, 0.0, 0.0, BFy, 0.0, 1.0                  , 0.0                   , BFz, 0.0, 0.0                   , 1.0
Time, 0.002, Pos_X, 1.2508548e-07          , Pos_Y, 8.413534187434327e-07 , Pos_Z, -3.875588744245617e-08 , BFx, 1.0, 0.0, 0.0, BFy, 0.0, 0.9999969817312178   , 0.002456934768100512  , BFz, 0.0, -0.002456934768100512 , 0.9999969817312178
Time, 0.004, Pos_X, 3.08896204e-07         , Pos_Y, 3.5375830885882808e-06, Pos_Z, -3.064330120260604e-07 , BFx, 1.0, 0.0, 0.0, BFy, 0.0, 0.9999886150086055   , 0.004771776731038524  , BFz, 0.0, -0.004771776731038525 , 0.9999886150086055
Time, 0.006, Pos_X, 1.66153992e-07         , Pos_Y, 8.43863690328965e-06  , Pos_Z, -1.1218130843773858e-06, BFx, 1.0, 0.0, 0.0, BFy, 0.0, 0.9999760451948428   , 0.00692163539066136   , BFz, 0.0, -0.006921635390661362 , 0.9999760451948428
Time, 0.008, Pos_X, -6.941068e-07          , Pos_Y, 1.5907584592524523e-05, Pos_Z, -2.840034449419465e-06 , BFx, 1.0, 0.0, 0.0, BFy, 0.0, 0.9999605703998685   , 0.00888018274414094   , BFz, 0.0, -0.00888018274414094  , 0.9999605703998685
Time, 0.01 , Pos_X, -2.669788832e-06       , Pos_Y, 2.6321202722155507e-05, Pos_Z, -5.860888664303672e-06 , BFx, 1.0, 0.0, 0.0, BFy, 0.0, 0.9999436389573914   , 0.010616916155348575  , BFz, 0.0, -0.010616916155348575 , 0.9999436389573914
Time, 0.012, Pos_X, -6.166544504000001e-06 , Pos_Y, 4.006682957246384e-05 , Pos_Z, -1.0635112530427304e-05, BFx, 1.0, 0.0, 0.0, BFy, 0.0, 0.9999268253285376   , 0.012097271940063093  , BFz, 0.0, -0.012097271940063093 , 0.9999268253285377
Time, 0.014, Pos_X, -1.1598899056e-05      , Pos_Y, 5.753969823807428e-05 , Pos_Z, -1.766568976037961e-05 , BFx, 1.0, 0.0, 0.0, BFy, 0.0, 0.9999117688810139   , 0.013283615970111151  , BFz, 0.0, -0.013283615970111153 , 0.999911768881014
Time, 0.016, Pos_X, -1.9391473288e-05      , Pos_Y, 7.914282962902804e-05 , Pos_Z, -2.7503579987893477e-05, BFx, 1.0, 0.0, 0.0, BFy, 0.0, 0.9999000633756507   , 0.014137300356481662  , BFz, 0.0, -0.014137300356481664 , 0.9999000633756508
Time, 0.018, Pos_X, -2.998049371999999e-05 , Pos_Y, 0.00010528887495576246, Pos_Z, -4.074072600433087e-05 , BFx, 1.0, 0.0, 0.0, BFy, 0.0, 0.9998931013583492   , 0.014621417714490263  , BFz, 0.0, -0.014621417714490265 , 0.9998931013583493
Time, 0.02 , Pos_X, -4.3815645472e-05      , Pos_Y, 0.00013640200774292705, Pos_Z, -5.800335860828421e-05 , BFx, 1.0, 0.0, 0.0, BFy, 0.0, 0.9998918899275043   , 0.014704028604551788  , BFz, 0.0, -0.014704028604551792 , 0.9998918899275043
Time, 0.022, Pos_X, -6.136135302399999e-05 , Pos_Y, 0.00017291884484730647, Pos_Z, -7.99460262936403e-05  , BFx, 1.0, 0.0, 0.0, BFy, 0.0, 0.9998968604330514   , 0.014362050554403514  , BFz, 0.0, -0.014362050554403517 , 0.9998968604330514
Time, 0.024, Pos_X, -8.309758957600001e-05 , Pos_Y, 0.000215288171657566  , Pos_Z, -0.00010724481007524039, BFx, 1.0, 0.0, 0.0, BFy, 0.0, 0.9999077062962103   , 0.01358598135772273   , BFz, 0.0, -0.013585981357722734 , 0.9999077062962102
Time, 0.026, Pos_X, -0.00010952070612799998, Pos_Y, 0.00026397014688009655, Pos_Z, -0.00014058855473272813, BFx, 1.0, 0.0, 0.0, BFy, 0.0, 0.9999233164864608   , 0.012383906763129454  , BFz, 0.0, -0.012383906763129457 , 0.9999233164864607
Time, 0.028, Pos_X, -0.00014114384008000002, Pos_Y, 0.00031943530003929746, Pos_Z, -0.00018066850017701985, BFx, 1.0, 0.0, 0.0, BFy, 0.0, 0.9999419543034058   , 0.01077441524568013   , BFz, 0.0, -0.010774415245680131 , 0.9999419543034057
Time, 0.03 , Pos_X, -0.000178497284432     , Pos_Y, 0.00038216262582331875, Pos_Z, -0.00022816688282428343, BFx, 1.0, 0.0, 0.0, BFy, 0.0, 0.9999612351908571   , 0.008805005143454489  , BFz, 0.0, -0.00880500514345449  , 0.999961235190857
Time, 0.032, Pos_X, -0.00022212842758400004, Pos_Y, 0.00045263658472158964, Pos_Z, -0.0002837443074812151 , BFx, 1.0, 0.0, 0.0, BFy, 0.0, 0.9999786299606045   , 0.0065375547503343946 , BFz, 0.0, -0.006537554750334397 , 0.9999786299606044
Time, 0.034, Pos_X, -0.00027260101073600006, Pos_Y, 0.0005313430114111134 , Pos_Z, -0.00034802606964986783, BFx, 1.0, 0.0, 0.0, BFy, 0.0, 0.9999918130113002   , 0.004046468877165504  , BFz, 0.0, -0.004046468877165507 , 0.9999918130113001
Time, 0.036, Pos_X, -0.0003304932886879999 , Pos_Y, 0.0006187641722690146 , Pos_Z, -0.0004215877858004538 , BFx, 1.0, 0.0, 0.0, BFy, 0.0, 0.9999989962478613   , 0.0014168638859397545 , BFz, 0.0, -0.0014168638859397573, 0.9999989962478611
Time, 0.038, Pos_X, -0.00039639479183999993, Pos_Y, 0.0007153728543119813 , Pos_Z, -0.0005049414384461108 , BFx, 1.0, 0.0, 0.0, BFy, 0.0, 0.9999992081348896   , -0.001258463187822205 , BFz, 0.0, 0.0012584631878222018 , 0.9999992081348895
Time, 0.04 , Pos_X, -0.00047090227059199996, Pos_Y, 0.0008216255448917301 , Pos_Z, -0.0005985227130705589 , BFx, 1.0, 0.0, 0.0, BFy, 0.0, 0.9999924594663796   , -0.003883427658931628 , BFz, 0.0, 0.0038834276589316246 , 0.9999924594663796
Time, 0.042, Pos_X, -0.000554614475144     , Pos_Y, 0.0009379551419096345 , Pos_Z, -0.0007026807096983838 , BFx, 1.0, 0.0, 0.0, BFy, 0.0, 0.9999797513105027   , -0.006363722887302522 , BFz, 0.0, 0.006363722887302519  , 0.9999797513105025
Time, 0.044, Pos_X, -0.0006481254624959998 , Pos_Y, 0.0010647627217724204 , Pos_Z, -0.000817669804367441  , BFx, 1.0, 0.0, 0.0, BFy, 0.0, 0.9999629150997584   , -0.008612109218683684 , BFz, 0.0, 0.00861210921868368   , 0.9999629150997583
Time, 0.046, Pos_X, -0.0007520165558479999 , Pos_Y, 0.001202408749799428  , Pos_Z, -0.00094364433320305   , BFx, 1.0, 0.0, 0.0, BFy, 0.0, 0.9999443123336255   , -0.010553304299339983 , BFz, 0.0, 0.010553304299339978  , 0.9999443123336252
Time, 0.048, Pos_X, -0.0008668471052       , Pos_Y, 0.0013512046839429465 , Pos_Z, -0.0010806570953377026 , BFx, 1.0, 0.0, 0.0, BFy, 0.0, 0.9999264535610689   , -0.012127962268440816 , BFz, 0.0, 0.012127962268440809  , 0.9999264535610687
Time, 0.05 , Pos_X, -0.000993145272552     , Pos_Y, 0.001511405650975057  , Pos_Z, -0.001228661336406916  , BFx, 1.0, 0.0, 0.0, BFy, 0.0, 0.9999116104897506   , -0.013295533377588367 , BFz, 0.0, 0.013295533377588358  , 0.9999116104897505
Time, 0.052, Pos_X, -0.0011313999805039996 , Pos_Y, 0.0016832051549561457 , Pos_Z, -0.0013875161276891378 , BFx, 1.0, 0.0, 0.0, BFy, 0.0, 0.9999014903501937   , -0.01403601066767306  , BFz, 0.0, 0.01403601066767305   , 0.9999014903501936
Time, 0.054, Pos_X, -0.0012820535036559997 , Pos_Y, 0.0018667318894604486 , Pos_Z, -0.0015569931715767045 , BFx, 1.0, 0.0, 0.0, BFy, 0.0, 0.9998970265295983   , -0.01435048212672817  , BFz, 0.0, 0.01435048212672816   , 0.9998970265295982
Time, 0.056, Pos_X, -0.0014455032396079998 , Pos_Y, 0.0020620546623961304 , Pos_Z, -0.0017367886560051234 , BFx, 1.0, 0.0, 0.0, BFy, 0.0, 0.9998983210542477   , -0.014259998348475859 , BFz, 0.0, 0.014259998348475852  , 0.9998983210542476
Time, 0.058, Pos_X, -0.00162209279036      , Pos_Y, 0.0022691798397683535 , Pos_Z, -0.0019265287301758814 , BFx, 1.0, 0.0, 0.0, BFy, 0.0, 0.9999047430125086   , -0.013802351288499184 , BFz, 0.0, 0.013802351288499179  , 0.9999047430125085
Time, 0.06 , Pos_X, -0.0018120955829119996 , Pos_Y, 0.0024880440528388973 , Pos_Z, -0.002125772619010383  , BFx, 1.0, 0.0, 0.0, BFy, 0.0, 0.9999151423936706   , -0.013027202763744142 , BFz, 0.0, 0.013027202763744136  , 0.9999151423936705
Time, 0.062, Pos_X, -0.002015711858464     , Pos_Y, 0.002718517214538401  , Pos_Z, -0.002334026754928351  , BFx, 1.0, 0.0, 0.0, BFy, 0.0, 0.9999281105571285   , -0.011990567861989548 , BFz, 0.0, 0.011990567861989545  , 0.9999281105571285
Time, 0.064, Pos_X, -0.002233066490216     , Pos_Y, 0.0029604065112147685 , Pos_Z, -0.0025507603662916537 , BFx, 1.0, 0.0, 0.0, BFy, 0.0, 0.9999422213000623   , -0.010749607504432917 , BFz, 0.0, 0.010749607504432912  , 0.9999422213000622
Time, 0.066, Pos_X, -0.002464207454568     , Pos_Y, 0.003213462090094276  , Pos_Z, -0.002775420568140223  , BFx, 1.0, 0.0, 0.0, BFy, 0.0, 0.9999562069257274   , -0.009358644704999312 , BFz, 0.0, 0.009358644704999303  , 0.9999562069257272
Time, 0.068, Pos_X, -0.00270910733052      , Pos_Y, 0.0034773849243727255 , Pos_Z, -0.003007445520541237  , BFx, 1.0, 0.0, 0.0, BFy, 0.0, 0.9999690580758375   , -0.007866567925413083 , BFz, 0.0, 0.007866567925413074  , 0.999969058075837
Time, 0.07 , Pos_X, -0.002967666339872     , Pos_Y, 0.0037518353096418888 , Pos_Z, -0.0032462758279106405 , BFx, 1.0, 0.0, 0.0, BFy, 0.0, 0.9999800569864382   , -0.0063155070582507945, BFz, 0.0, 0.006315507058250786  , 0.9999800569864377
Time, 0.072, Pos_X, -0.0032397152736239987 , Pos_Y, 0.004036439960928134  , Pos_Z, -0.0034913652984320228 , BFx, 1.0, 0.0, 0.0, BFy, 0.0, 0.9999887635740631   , -0.004740540646342258 , BFz, 0.0, 0.004740540646342249  , 0.9999887635740626
Time, 0.074, Pos_X, -0.003525018794175999  , Pos_Y, 0.004330798900685943  , Pos_Z, -0.0037421899077451767 , BFx, 1.0, 0.0, 0.0, BFy, 0.0, 0.9999949759139908   , -0.0031698811934040977, BFz, 0.0, 0.0031698811934040894 , 0.9999949759139903
Time, 0.076, Pos_X, -0.003823281031727999  , Pos_Y, 0.004634493706592138  , Pos_Z, -0.003998254955056688  , BFx, 1.0, 0.0, 0.0, BFy, 0.0, 0.99999867805042     , -0.0016260065855000616, BFz, 0.0, 0.0016260065855000538 , 0.9999986780504194
Time, 0.078, Pos_X, -0.0041341538770799996 , Pos_Y, 0.004947095880252043  , Pos_Z, -0.0042590985861396405 , BFx, 1.0, 0.0, 0.0, BFy, 0.0, 0.9999999918924217   , -0.0001273387616558752, BFz, 0.0, 0.00012733876165586824, 0.9999999918924211
Time, 0.08 , Pos_X, -0.004457247425631999  , Pos_Y, 0.005268174048989194  , Pos_Z, -0.0045242900756554735 , BFx, 1.0, 0.0, 0.0, BFy, 0.0, 0.9999991406661093   , 0.0013109794224768464 , BFz, 0.0, -0.0013109794224768526, 0.9999991406661088
Time, 0.082, Pos_X, -0.0047921415383839995 , Pos_Y, 0.0055972999797364    , Pos_Z, -0.004793424231249991  , BFx, 1.0, 0.0, 0.0, BFy, 0.0, 0.9999964148601976   , 0.0026777353779768435 , BFz, 0.0, -0.0026777353779768496, 0.9999964148601972
Time, 0.084, Pos_X, -0.005138394952536     , Pos_Y, 0.005934054240663053  , Pos_Z, -0.0050661150043328955 , BFx, 1.0, 0.0, 0.0, BFy, 0.0, 0.9999921360145146   , 0.003965842802190551  , BFz, 0.0, -0.003965842802190556 , 0.9999921360145142
Time, 0.086, Pos_X, -0.005495550883887998  , Pos_Y, 0.006278032416517872  , Pos_Z, -0.0053419922216848634 , BFx, 1.0, 0.0, 0.0, BFy, 0.0, 0.9999866302507606   , 0.005171007612851715  , BFz, 0.0, -0.005171007612851719 , 0.9999866302507601
Time, 0.088, Pos_X, -0.0058631409964399975 , Pos_Y, 0.006628851636382246  , Pos_Z, -0.005620703654893758  , BFx, 1.0, 0.0, 0.0, BFy, 0.0, 0.9999802216946906   , 0.006289373533288637  , BFz, 0.0, -0.0062893735332886416, 0.9999802216946901
Time, 0.09 , Pos_X, -0.006240688761591998  , Pos_Y, 0.006986155182223319  , Pos_Z, -0.005901919619036837  , BFx, 1.0, 0.0, 0.0, BFy, 0.0, 0.9999732400310164   , 0.007315683281482256  , BFz, 0.0, -0.007315683281482258 , 0.999973240031016
Time, 0.092, Pos_X, -0.006627712311543998  , Pos_Y, 0.007349614028754503  , Pos_Z, -0.006185334928946457  , BFx, 1.0, 0.0, 0.0, BFy, 0.0, 0.9999660249056934   , 0.008243120423133382  , BFz, 0.0, -0.008243120423133384 , 0.9999660249056929
Time, 0.094, Pos_X, -0.007023728273695998  , Pos_Y, 0.007718926378620271  , Pos_Z, -0.006470666684153659  , BFx, 1.0, 0.0, 0.0, BFy, 0.0, 0.9999589176515183   , 0.009064381347269073  , BFz, 0.0, -0.009064381347269073 , 0.9999589176515176
Time, 0.096, Pos_X, -0.007428255920447998  , Pos_Y, 0.008093815815294763  , Pos_Z, -0.006757649110713976  , BFx, 1.0, 0.0, 0.0, BFy, 0.0, 0.9999522463526714   , 0.009772666690868976  , BFz, 0.0, -0.009772666690868976 , 0.9999522463526707
Time, 0.098, Pos_X, -0.0078408209936       , Pos_Y, 0.008474029752968234  , Pos_Z, -0.007046028831344689  , BFx, 1.0, 0.0, 0.0, BFy, 0.0, 0.9999463126862972   , 0.01036203382943074   , BFz, 0.0, -0.01036203382943074  , 0.9999463126862965
Time, 0.1  , Pos_X, -0.008260958223351999  , Pos_Y, 0.008859337917010707  , Pos_Z, -0.007335561061902858  , BFx, 1.0, 0.0, 0.0, BFy, 0.0, 0.9999413819835024   , 0.010827400284796541  , BFz, 0.0, -0.010827400284796541 , 0.9999413819835018
Time, 0.102, Pos_X, -0.008688211319703995  , Pos_Y, 0.009249529547292811  , Pos_Z, -0.007626003835353592  , BFx, 1.0, 0.0, 0.0, BFy, 0.0, 0.9999376742176014   , 0.011164572553310827  , BFz, 0.0, -0.011164572553310829 , 0.9999376742176008
Time, 0.104, Pos_X, -0.009122133471255995  , Pos_Y, 0.009644410862800677  , Pos_Z, -0.007917115278820726  , BFx, 1.0, 0.0, 0.0, BFy, 0.0, 0.9999353557106491   , 0.011370329802701194  , BFz, 0.0, -0.011370329802701196 , 0.9999353557106485
Time, 0.106, Pos_X, -0.009562290513407996  , Pos_Y, 0.010043805997455047  , Pos_Z, -0.0082086627471329    , BFx, 1.0, 0.0, 0.0, BFy, 0.0, 0.9999345299438115   , 0.011442719346967318  , BFz, 0.0, -0.01144271934696732  , 0.9999345299438108
Time, 0.108, Pos_X, -0.010008267350559997  , Pos_Y, 0.01044756316441011   , Pos_Z, -0.008500437942241904  , BFx, 1.0, 0.0, 0.0, BFy, 0.0, 0.9999352313609695   , 0.011381260171390024  , BFz, 0.0, -0.011381260171390024 , 0.999935231360969
Time, 0.11 , Pos_X, -0.010459672543311998  , Pos_Y, 0.010855560415826894  , Pos_Z, -0.008792266701131066  , BFx, 1.0, 0.0, 0.0, BFy, 0.0, 0.9999374213995541   , 0.011187192892533806  , BFz, 0.0, -0.011187192892533806 , 0.9999374213995537
Time, 0.112, Pos_X, -0.010916136372863998  , Pos_Y, 0.011267705099083753  , Pos_Z, -0.00908401036171936   , BFx, 1.0, 0.0, 0.0, BFy, 0.0, 0.999940986177101    , 0.010863892634343241  , BFz, 0.0, -0.010863892634343243 , 0.9999409861771007
Time, 0.114, Pos_X, -0.011377308634615998  , Pos_Y, 0.011683928647085402  , Pos_Z, -0.00937555993611423   , BFx, 1.0, 0.0, 0.0, BFy, 0.0, 0.9999457370974593   , 0.010417430615236006  , BFz, 0.0, -0.010417430615236006 , 0.9999457370974588
Time, 0.116, Pos_X, -0.011842859251767998  , Pos_Y, 0.012104180018452869  , Pos_Z, -0.009666828668304522  , BFx, 1.0, 0.0, 0.0, BFy, 0.0, 0.9999514162685487   , 0.009857236049128004  , BFz, 0.0, -0.009857236049128006 , 0.9999514162685482
Time, 0.118, Pos_X, -0.012312478788519996  , Pos_Y, 0.012528421026408838  , Pos_Z, -0.00995774730098571   , BFx, 1.0, 0.0, 0.0, BFy, 0.0, 0.9999577095375707   , 0.009196691599693354  , BFz, 0.0, -0.009196691599693357 , 0.9999577095375702
Time, 0.12 , Pos_X, -0.012785879553671995  , Pos_Y, 0.012956626121083753  , Pos_Z, -0.010248260759258235  , BFx, 1.0, 0.0, 0.0, BFy, 0.0, 0.999964267952124    , 0.0084535684167904    , BFz, 0.0, -0.008453568416790408 , 0.9999642679521237
Time, 0.122, Pos_X, -0.013262797358823996  , Pos_Y, 0.013388784357522773  , Pos_Z, -0.010538325765218593  , BFx, 1.0, 0.0, 0.0, BFy, 0.0, 0.9999707373724467   , 0.007650124104215745  , BFz, 0.0, -0.007650124104215753 , 0.9999707373724463
Time, 0.124, Pos_X, -0.013742993031975997  , Pos_Y, 0.013824900080411644  , Pos_Z, -0.010827911074165949  , BFx, 1.0, 0.0, 0.0, BFy, 0.0, 0.9999767926835743   , 0.006812789023327225  , BFz, 0.0, -0.006812789023327233 , 0.9999767926835741
Time, 0.126, Pos_X, -0.014226254332727997  , Pos_Y, 0.014264991657075492  , Pos_Z, -0.01111699971196686   , BFx, 1.0, 0.0, 0.0, BFy, 0.0, 0.9999821693634123   , 0.005971679432798253  , BFz, 0.0, -0.00597167943279826  , 0.9999821693634122
Time, 0.128, Pos_X, -0.014712400030539998  , Pos_Y, 0.01470909060386586   , Pos_Z, -0.01140559044277009   , BFx, 1.0, 0.0, 0.0, BFy, 0.0, 0.9999866883929558   , 0.005159751631016032  , BFz, 0.0, -0.005159751631016039 , 0.9999866883929558
Time, 0.13 , Pos_X, -0.015201280987611998  , Pos_Y, 0.015157240103751145  , Pos_Z, -0.01169369780698837   , BFx, 1.0, 0.0, 0.0, BFy, 0.0, 0.9999902679483169   , 0.004411803333978255  , BFz, 0.0, -0.004411803333978262 , 0.9999902679483169
Time, 0.132, Pos_X, -0.015692781482364     , Pos_Y, 0.015609493807520906  , Pos_Z, -0.011981350703694505  , BFx, 1.0, 0.0, 0.0, BFy, 0.0, 0.9999929184588259   , 0.0037633804224636858 , BFz, 0.0, -0.003763380422463693 , 0.9999929184588258
Time, 0.134, Pos_X, -0.016186824490136     , Pos_Y, 0.016065917711627044  , Pos_Z, -0.01226858902220551   , BFx, 1.0, 0.0, 0.0, BFy, 0.0, 0.999994720308989    , 0.00324951598717446   , BFz, 0.0, -0.0032495159871744673, 0.999994720308989
Time, 0.136, Pos_X, -0.016683374166728     , Pos_Y, 0.016526592061019488  , Pos_Z, -0.012555461584392134  , BFx, 1.0, 0.0, 0.0, BFy, 0.0, 0.9999957836985204   , 0.0029038913867659192 , BFz, 0.0, -0.002903891386765926 , 0.9999957836985204
Time, 0.138, Pos_X, -0.0171824374452       , Pos_Y, 0.016991612696095885  , Pos_Z, -0.012842025920762157  , BFx, 1.0, 0.0, 0.0, BFy, 0.0, 0.999996195881693    , 0.002758300590360739  , BFz, 0.0, -0.002758300590360747 , 0.999996195881693
Time, 0.14 , Pos_X, -0.017684065391472     , Pos_Y, 0.017461092886561502  , Pos_Z, -0.013128348083042305  , BFx, 1.0, 0.0, 0.0, BFy, 0.0, 0.9999959604074338   , 0.0028423878726308274 , BFz, 0.0, -0.0028423878726308353, 0.9999959604074337
Time, 0.142, Pos_X, -0.018188353887623993  , Pos_Y, 0.017935164882151248  , Pos_Z, -0.013414502280989317  , BFx, 1.0, 0.0, 0.0, BFy, 0.0, 0.9999949339396921   , 0.0031830951847383647 , BFz, 0.0, -0.003183095184738373 , 0.999994933939692
Time, 0.144, Pos_X, -0.018695443499055994  , Pos_Y, 0.01841398085203958   , Pos_Z, -0.013700571029478286  , BFx, 1.0, 0.0, 0.0, BFy, 0.0, 0.9999927639799544   , 0.0038042065842017235 , BFz, 0.0, -0.0038042065842017318, 0.9999927639799544
Time, 0.146, Pos_X, -0.019205519094687994  , Pos_Y, 0.01889771351386782   , Pos_Z, -0.013986646704094606  , BFx, 1.0, 0.0, 0.0, BFy, 0.0, 0.999988831719623    , 0.0047261438856213795 , BFz, 0.0, -0.004726143885621388 , 0.9999888317196232
Time, 0.148, Pos_X, -0.019718809089519996  , Pos_Y, 0.019386557061230998  , Pos_Z, -0.014272833618207368  , BFx, 1.0, 0.0, 0.0, BFy, 0.0, 0.9999822050810286   , 0.005965695373392848  , BFz, 0.0, -0.005965695373392857 , 0.9999822050810286
Time, 0.15 , Pos_X, -0.020235583738071997  , Pos_Y, 0.019880728145925966  , Pos_Z, -0.014559250466257754  , BFx, 1.0, 0.0, 0.0, BFy, 0.0, 0.9999716053020704   , 0.007535820433408252  , BFz, 0.0, -0.007535820433408262 , 0.9999716053020705
Time, 0.152, Pos_X, -0.020756153048044     , Pos_Y, 0.020380466505365544  , Pos_Z, -0.014846033241963125  , BFx, 1.0, 0.0, 0.0, BFy, 0.0, 0.9999553853663447   , 0.009446019100599126  , BFz, 0.0, -0.009446019100599137 , 0.9999553853663449
Time, 0.154, Pos_X, -0.021280863670115998  , Pos_Y, 0.02088603591153373   , Pos_Z, -0.015133339761081194  , BFx, 1.0, 0.0, 0.0, BFy, 0.0, 0.9999315225918735   , 0.011702569252146161  , BFz, 0.0, -0.011702569252146171 , 0.9999315225918737
Time, 0.156, Pos_X, -0.021810096719987997  , Pos_Y, 0.021397725566231634  , Pos_Z, -0.015421354158851543  , BFx, 1.0, 0.0, 0.0, BFy, 0.0, 0.9998976249364493   , 0.014308726234417963  , BFz, 0.0, -0.014308726234417972 , 0.9998976249364495
Time, 0.158, Pos_X, -0.02234426744386      , Pos_Y, 0.021915851570272503  , Pos_Z, -0.015710289219355664  , BFx, 1.0, 0.0, 0.0, BFy, 0.0, 0.9998509518957007   , 0.01726481952598377   , BFz, 0.0, -0.017264819525983778 , 0.9998509518957011
Time, 0.16 , Pos_X, -0.022883822670332     , Pos_Y, 0.02244075694475146   , Pos_Z, -0.016000387872653166  , BFx, 1.0, 0.0, 0.0, BFy, 0.0, 0.9997884391973744   , 0.02056883193770839   , BFz, 0.0, -0.0205688319377084   , 0.9997884391973746
Time, 0.162, Pos_X, -0.023429234907404     , Pos_Y, 0.02297280933038275   , Pos_Z, -0.016291924727124363  , BFx, 1.0, 0.0, 0.0, BFy, 0.0, 0.9997067315751543   , 0.02421674716649372   , BFz, 0.0, -0.02421674716649373  , 0.9997067315751546
Time, 0.164, Pos_X, -0.023980996925876     , Pos_Y, 0.023512398083621235  , Pos_Z, -0.016585209727796774  , BFx, 1.0, 0.0, 0.0, BFy, 0.0, 0.9996022474708965   , 0.028201894460051048  , BFz, 0.0, -0.02820189446005106  , 0.9996022474708968
Time, 0.166, Pos_X, -0.024539617593548     , Pos_Y, 0.024059931691086674  , Pos_Z, -0.016880594589007977  , BFx, 1.0, 0.0, 0.0, BFy, 0.0, 0.9994712573858021   , 0.032514699132039845  , BFz, 0.0, -0.03251469913203986  , 0.9994712573858024
Time, 0.168, Pos_X, -0.025105617404219998  , Pos_Y, 0.02461583503556625   , Pos_Z, -0.01717847879084712   , BFx, 1.0, 0.0, 0.0, BFy, 0.0, 0.9993099773210898   , 0.037142552773416194  , BFz, 0.0, -0.037142552773416215 , 0.9993099773210902
Time, 0.17 , Pos_X, -0.025679524089692     , Pos_Y, 0.02518054658603823   , Pos_Z, -0.017479312121156523  , BFx, 1.0, 0.0, 0.0, BFy, 0.0, 0.9991146839729065   , 0.0420695646485897    , BFz, 0.0, -0.04206956464858971  , 0.9991146839729069
Time, 0.172, Pos_X, -0.02626186937716399   , Pos_Y, 0.025754515905580904  , Pos_Z, -0.017783593804463666  , BFx, 1.0, 0.0, 0.0, BFy, 0.0, 0.9988818382959656   , 0.04727655996870924   , BFz, 0.0, -0.047276559968709254 , 0.9988818382959661
Time, 0.174, Pos_X, -0.02685318706003599   , Pos_Y, 0.026338201214123377  , Pos_Z, -0.018091871408194685  , BFx, 1.0, 0.0, 0.0, BFy, 0.0, 0.9986082212845376   , 0.05274106922441329   , BFz, 0.0, -0.0527410692244133   , 0.9986082212845382
Time, 0.176, Pos_X, -0.027454011096907992  , Pos_Y, 0.026932065884947506  , Pos_Z, -0.01840474082310565   , BFx, 1.0, 0.0, 0.0, BFy, 0.0, 0.9982910512802815   , 0.05843780397749857   , BFz, 0.0, -0.058437803977498586 , 0.998291051280282
Time, 0.178, Pos_X, -0.028064872993579994  , Pos_Y, 0.027536573752176784  , Pos_Z, -0.0187228475702105    , BFx, 1.0, 0.0, 0.0, BFy, 0.0, 0.9979280681432239   , 0.06433949651602451   , BFz, 0.0, -0.06433949651602452  , 0.9979280681432243
Time, 0.18 , Pos_X, -0.028686300304251993  , Pos_Y, 0.028152185143095018  , Pos_Z, -0.01904688719704961   , BFx, 1.0, 0.0, 0.0, BFy, 0.0, 0.9975175947401788   , 0.0704176695423144    , BFz, 0.0, -0.0704176695423144   , 0.9975175947401794
Time, 0.182, Pos_X, -0.02931881687512399   , Pos_Y, 0.028779354905380646  , Pos_Z, -0.019377603816541644  , BFx, 1.0, 0.0, 0.0, BFy, 0.0, 0.9970585709824384   , 0.07664336912257746   , BFz, 0.0, -0.07664336912257746  , 0.9970585709824392
Time, 0.184, Pos_X, -0.029962942873995993  , Pos_Y, 0.02941853066801059   , Pos_Z, -0.019715789013088885  , BFx, 1.0, 0.0, 0.0, BFy, 0.0, 0.9965505410925729   , 0.08298806569683426   , BFz, 0.0, -0.08298806569683427  , 0.9965505410925737
Time, 0.186, Pos_X, -0.030619193825667995  , Pos_Y, 0.03007014987211578   , Pos_Z, -0.020062279564906665  , BFx, 1.0, 0.0, 0.0, BFy, 0.0, 0.9959936075842186   , 0.08942445779189978   , BFz, 0.0, -0.0894244577918998   , 0.9959936075842195
Time, 0.188, Pos_X, -0.031288080394739994  , Pos_Y, 0.03073463668164257   , Pos_Z, -0.020417954157510996  , BFx, 1.0, 0.0, 0.0, BFy, 0.0, 0.9953883494440905   , 0.09592723174870975   , BFz, 0.0, -0.09592723174870978  , 0.9953883494440913
Time, 0.19 , Pos_X, -0.031970108402811996  , Pos_Y, 0.03141239908645952   , Pos_Z, -0.02078373030123866   , BFx, 1.0, 0.0, 0.0, BFy, 0.0, 0.9947357585235954   , 0.10247326829221669   , BFz, 0.0, -0.10247326829221672  , 0.9947357585235963
Time, 0.192, Pos_X, -0.032665776990083994  , Pos_Y, 0.03210382577863346   , Pos_Z, -0.021160563757192944  , BFx, 1.0, 0.0, 0.0, BFy, 0.0, 0.9940371669441693   , 0.10904178434715302   , BFz, 0.0, -0.10904178434715305  , 0.9940371669441702
Time, 0.194, Pos_X, -0.033375577671355995  , Pos_Y, 0.03280928400721343   , Pos_Z, -0.021549447533475746  , BFx, 1.0, 0.0, 0.0, BFy, 0.0, 0.9932941788929445   , 0.11561433378864651   , BFz, 0.0, -0.11561433378864654  , 0.9932941788929454
Time, 0.196, Pos_X, -0.03409999849282799   , Pos_Y, 0.03352912029793441   , Pos_Z, -0.021951405171455957  , BFx, 1.0, 0.0, 0.0, BFy, 0.0, 0.9925086056267193   , 0.12217474271266905   , BFz, 0.0, -0.12217474271266907  , 0.9925086056267202
Time, 0.198, Pos_X, -0.034839528014099994  , Pos_Y, 0.03426366062137091   , Pos_Z, -0.02236748199003038   , BFx, 1.0, 0.0, 0.0, BFy, 0.0, 0.9916823688135802   , 0.12870928243249447   , BFz, 0.0, -0.1287092824324945   , 0.991682368813581
Time, 0.2  , Pos_X, -0.03559465398817199   , Pos_Y, 0.035013206637285604  , Pos_Z, -0.0227987389108627    , BFx, 1.0, 0.0, 0.0, BFy, 0.0, 0.9908174295924749   , 0.13520658717593043   , BFz, 0.0, -0.13520658717593045  , 0.9908174295924758
Time, 0.202, Pos_X, -0.036365862422243996  , Pos_Y, 0.035778032002784975  , Pos_Z, -0.023246247987886944  , BFx, 1.0, 0.0, 0.0, BFy, 0.0, 0.989915706586761    , 0.14165766429260046   , BFz, 0.0, -0.1416576642926005   , 0.9899157065867616
Time, 0.204, Pos_X, -0.037153639101715985  , Pos_Y, 0.03655838130214621   , Pos_Z, -0.023711089424724347  , BFx, 1.0, 0.0, 0.0, BFy, 0.0, 0.9889789528517042   , 0.14805617452962777   , BFz, 0.0, -0.14805617452962783  , 0.9889789528517049
Time, 0.206, Pos_X, -0.03795847211758799   , Pos_Y, 0.03735447107588511   , Pos_Z, -0.024194350271585213  , BFx, 1.0, 0.0, 0.0, BFy, 0.0, 0.9880086629533056   , 0.15439845183557588   , BFz, 0.0, -0.15439845183557593  , 0.9880086629533061
Time, 0.208, Pos_X, -0.03878085397845999   , Pos_Y, 0.038166490992060195  , Pos_Z, -0.02469712133965309   , BFx, 1.0, 0.0, 0.0, BFy, 0.0, 0.9870060067263806   , 0.16068336157189675   , BFz, 0.0, -0.16068336157189683  , 0.9870060067263812
Time, 0.21 , Pos_X, -0.03962128228933199   , Pos_Y, 0.03899460427806891   , Pos_Z, -0.025220493510565118  , BFx, 1.0, 0.0, 0.0, BFy, 0.0, 0.9859717588987216   , 0.16691222440001896   , BFz, 0.0, -0.16691222440001904  , 0.9859717588987222
Time, 0.212, Pos_X, -0.04048026113320399   , Pos_Y, 0.03983894786758854   , Pos_Z, -0.02576555493086756   , BFx, 1.0, 0.0, 0.0, BFy, 0.0, 0.9849062481092107   , 0.1730886548432301    , BFz, 0.0, -0.1730886548432302   , 0.9849062481092113
Time, 0.214, Pos_X, -0.041358303620675996  , Pos_Y, 0.04069963258427992   , Pos_Z, -0.02633338920907233   , BFx, 1.0, 0.0, 0.0, BFy, 0.0, 0.9838094166685133   , 0.1792178330255124    , BFz, 0.0, -0.17921783302551247  , 0.983809416668514
Time, 0.216, Pos_X, -0.042255934238147996  , Pos_Y, 0.04157674389290419   , Pos_Z, -0.026925074770931003  , BFx, 1.0, 0.0, 0.0, BFy, 0.0, 0.9826808094774769   , 0.1853063050322116    , BFz, 0.0, -0.18530630503221165  , 0.9826808094774777
Time, 0.218, Pos_X, -0.043173690156019996  , Pos_Y, 0.04247034256716691   , Pos_Z, -0.027541683976161937  , BFx, 1.0, 0.0, 0.0, BFy, 0.0, 0.9815195083541237   , 0.19136210366809714   , BFz, 0.0, -0.19136210366809722  , 0.9815195083541245
Time, 0.22 , Pos_X, -0.044112122891891994  , Pos_Y, 0.043380465773652815  , Pos_Z, -0.028184282993327946  , BFx, 1.0, 0.0, 0.0, BFy, 0.0, 0.9803242080055223   , 0.1973941417528541    , BFz, 0.0, -0.1973941417528542   , 0.9803242080055231
Time, 0.222, Pos_X, -0.04507180033276399   , Pos_Y, 0.04430712897804413   , Pos_Z, -0.02885393274293378   , BFx, 1.0, 0.0, 0.0, BFy, 0.0, 0.9790932955762767   , 0.20341169719951357   , BFz, 0.0, -0.20341169719951366  , 0.9790932955762774
Time, 0.224, Pos_X, -0.046053307647635995  , Pos_Y, 0.04525032773376183   , Pos_Z, -0.02955169072940741   , BFx, 1.0, 0.0, 0.0, BFy, 0.0, 0.9778248174877505   , 0.20942451218768107   , BFz, 0.0, -0.20942451218768113  , 0.9778248174877514
Time, 0.226, Pos_X, -0.04705724862710799   , Pos_Y, 0.04621003967990796   , Pos_Z, -0.030278613164085467  , BFx, 1.0, 0.0, 0.0, BFy, 0.0, 0.9765165171964987   , 0.21544254835668133   , BFz, 0.0, -0.21544254835668142  , 0.9765165171964997
Time, 0.228, Pos_X, -0.04808424674517999   , Pos_Y, 0.047186226928135226  , Pos_Z, -0.031035756862194043  , BFx, 1.0, 0.0, 0.0, BFy, 0.0, 0.9751658737492793   , 0.22147577446484995   , BFz, 0.0, -0.22147577446485003  , 0.9751658737492803
Time, 0.23 , Pos_X, -0.04913494474125199   , Pos_Y, 0.04817883739992534   , Pos_Z, -0.03182418147565975   , BFx, 1.0, 0.0, 0.0, BFy, 0.0, 0.9737701073887868   , 0.22753412481654417   , BFz, 0.0, -0.22753412481654423  , 0.973770107388788
Time, 0.232, Pos_X, -0.05021000428212399   , Pos_Y, 0.04918780557540868   , Pos_Z, -0.03264495127407681   , BFx, 1.0, 0.0, 0.0, BFy, 0.0, 0.9723262712985431   , 0.23362710061692732   , BFz, 0.0, -0.23362710061692743  , 0.9723262712985443
Time, 0.234, Pos_X, -0.051310105235795996  , Pos_Y, 0.05021305333956134   , Pos_Z, -0.03349913579829658   , BFx, 1.0, 0.0, 0.0, BFy, 0.0, 0.9708312658964537   , 0.23976374446085277   , BFz, 0.0, -0.23976374446085288  , 0.970831265896455
Time, 0.236, Pos_X, -0.05243594402486798   , Pos_Y, 0.051254490422822103  , Pos_Z, -0.03438780937631775   , BFx, 1.0, 0.0, 0.0, BFy, 0.0, 0.969281807439833    , 0.24595279580880997   , BFz, 0.0, -0.24595279580881008  , 0.9692818074398344
Time, 0.238, Pos_X, -0.05358822937193998   , Pos_Y, 0.05231201358499631   , Pos_Z, -0.035312049191280365  , BFx, 1.0, 0.0, 0.0, BFy, 0.0, 0.967674436610951    , 0.25220266598447827   , BFz, 0.0, -0.25220266598447844  , 0.9676744366109523
Time, 0.24 , Pos_X, -0.05476768015361198   , Pos_Y, 0.053385507257822123  , Pos_Z, -0.0362729315900897    , BFx, 1.0, 0.0, 0.0, BFy, 0.0, 0.9660055376202682   , 0.25852137491313176   , BFz, 0.0, -0.2585213749131319   , 0.9660055376202695
Time, 0.242, Pos_X, -0.05597502181288398   , Pos_Y, 0.054474844506669055  , Pos_Z, -0.03727152757168746   , BFx, 1.0, 0.0, 0.0, BFy, 0.0, 0.9642713409521761   , 0.2649165548211194    , BFz, 0.0, -0.26491655482111953  , 0.9642713409521776
Time, 0.244, Pos_X, -0.05721097835275598   , Pos_Y, 0.05557988506021775   , Pos_Z, -0.03830889833467269   , BFx, 1.0, 0.0, 0.0, BFy, 0.0, 0.9624679087771141   , 0.2713955131799494    , BFz, 0.0, -0.2713955131799496   , 0.9624679087771154
Time, 0.246, Pos_X, -0.05847626660562798   , Pos_Y, 0.05670047384286453   , Pos_Z, -0.039386089522567266  , BFx, 1.0, 0.0, 0.0, BFy, 0.0, 0.9605911431397933   , 0.27796520595460245   , BFz, 0.0, -0.2779652059546027   , 0.9605911431397945
Time, 0.248, Pos_X, -0.05977159047049998   , Pos_Y, 0.057836440165774425  , Pos_Z, -0.04050412404812454   , BFx, 1.0, 0.0, 0.0, BFy, 0.0, 0.9586368413445338   , 0.28463205444393364   , BFz, 0.0, -0.284632054443934    , 0.958636841344535
Time, 0.25 , Pos_X, -0.06109763406057198   , Pos_Y, 0.058987596543159146  , Pos_Z, -0.041663994865905794  , BFx, 1.0, 0.0, 0.0, BFy, 0.0, 0.9566007478301078   , 0.2914018003562735    , BFz, 0.0, -0.29140180035627394  , 0.9566007478301092
Time, 0.252, Pos_X, -0.06245505463904398   , Pos_Y, 0.060153737854813656  , Pos_Z, -0.04286665806665204   , BFx, 1.0, 0.0, 0.0, BFy, 0.0, 0.9544786849786034   , 0.2982791308850067    , BFz, 0.0, -0.2982791308850072   , 0.9544786849786047
Time, 0.254, Pos_X, -0.06384447605271598   , Pos_Y, 0.06133464147379984   , Pos_Z, -0.04411302500332696   , BFx, 1.0, 0.0, 0.0, BFy, 0.0, 0.9522666360087501   , 0.3052675121013989    , BFz, 0.0, -0.3052675121013995   , 0.9522666360087514
Time, 0.256, Pos_X, -0.06526648192438798   , Pos_Y, 0.0625300680194822    , Pos_Z, -0.04540395329631671   , BFx, 1.0, 0.0, 0.0, BFy, 0.0, 0.9499608148495825   , 0.31236909298187054   , BFz, 0.0, -0.31236909298187115  , 0.9499608148495837
Time, 0.258, Pos_X, -0.06672160909405998   , Pos_Y, 0.06373976233470506   , Pos_Z, -0.04674023712179131   , BFx, 1.0, 0.0, 0.0, BFy, 0.0, 0.9475577694616032   , 0.3195845326872856    , BFz, 0.0, -0.3195845326872862   , 0.9475577694616044
Time, 0.26 , Pos_X, -0.06821034247773199   , Pos_Y, 0.0649634551716048    , Pos_Z, -0.04812259667761812   , BFx, 1.0, 0.0, 0.0, BFy, 0.0, 0.945054453643697    , 0.326912954237382     , BFz, 0.0, -0.3269129542373826   , 0.9450544536436983
Time, 0.262, Pos_X, -0.06973311070740398   , Pos_Y, 0.06620086579405189   , Pos_Z, -0.04955166796926591   , BFx, 1.0, 0.0, 0.0, BFy, 0.0, 0.9424482492651686   , 0.3343520561579038    , BFz, 0.0, -0.3343520561579044   , 0.94244824926517
Time, 0.264, Pos_X, -0.07129028304907599   , Pos_Y, 0.06745170533264261   , Pos_Z, -0.05102799280302439   , BFx, 1.0, 0.0, 0.0, BFy, 0.0, 0.9397369668562651   , 0.34189827891316815   , BFz, 0.0, -0.34189827891316876  , 0.9397369668562664
Time, 0.266, Pos_X, -0.07288216664874798   , Pos_Y, 0.06871568006361352   , Pos_Z, -0.052552009914255356  , BFx, 1.0, 0.0, 0.0, BFy, 0.0, 0.9369188897085595   , 0.34954684107752976   , BFz, 0.0, -0.3495468410775305   , 0.9369188897085609
Time, 0.268, Pos_X, -0.07450900389641998   , Pos_Y, 0.0699924941042061    , Pos_Z, -0.054124048663015484  , BFx, 1.0, 0.0, 0.0, BFy, 0.0, 0.9339927004195094   , 0.3572920871822835    , BFz, 0.0, -0.35729208718228433  , 0.9339927004195108
Time, 0.27 , Pos_X, -0.07617097254009199   , Pos_Y, 0.07128185322077203   , Pos_Z, -0.055744324552600345  , BFx, 1.0, 0.0, 0.0, BFy, 0.0, 0.9309575325659419   , 0.3651274743959064    , BFz, 0.0, -0.3651274743959073   , 0.9309575325659432
Time, 0.272, Pos_X, -0.07786818862776398   , Pos_Y, 0.07258347034515202   , Pos_Z, -0.05741293552210832   , BFx, 1.0, 0.0, 0.0, BFy, 0.0, 0.9278129109270119   , 0.37304584479276115   , BFz, 0.0, -0.37304584479276204  , 0.9278129109270131
Time, 0.274, Pos_X, -0.07960070934743599   , Pos_Y, 0.07389707103703969   , Pos_Z, -0.05912985799451369   , BFx, 1.0, 0.0, 0.0, BFy, 0.0, 0.9245587555075784   , 0.3810395092562953    , BFz, 0.0, -0.3810395092562962   , 0.9245587555075796
Time, 0.276, Pos_X, -0.081368535967108     , Pos_Y, 0.0752223988609448    , Pos_Z, -0.06089494330493704   , BFx, 1.0, 0.0, 0.0, BFy, 0.0, 0.9211954109791372   , 0.38910026315973983   , BFz, 0.0, -0.3891002631597408   , 0.9211954109791384
Time, 0.278, Pos_X, -0.08317161892678      , Pos_Y, 0.07655922052237306   , Pos_Z, -0.06270791624538169   , BFx, 1.0, 0.0, 0.0, BFy, 0.0, 0.9177237640882442   , 0.39721919997364796   , BFz, 0.0, -0.39721919997364885  , 0.9177237640882452
Time, 0.28 , Pos_X, -0.08500986303845201   , Pos_Y, 0.0779073297745312    , Pos_Z, -0.0645683756990396    , BFx, 1.0, 0.0, 0.0, BFy, 0.0, 0.9141452297196548   , 0.4053868510210954    , BFz, 0.0, -0.4053868510210963   , 0.914145229719656
Time, 0.282, Pos_X, -0.08688313164012396   , Pos_Y, 0.07926654992103874   , Pos_Z, -0.06647579733493991   , BFx, 1.0, 0.0, 0.0, BFy, 0.0, 0.9104617542334115   , 0.41359327131642154   , BFz, 0.0, -0.4135932713164224   , 0.9104617542334126
Time, 0.284, Pos_X, -0.08879125139379596   , Pos_Y, 0.08063673560120577   , Pos_Z, -0.06842953804452423   , BFx, 1.0, 0.0, 0.0, BFy, 0.0, 0.906675942569895    , 0.4218278501533442    , BFz, 0.0, -0.421827850153345    , 0.9066759425698963
Time, 0.286, Pos_X, -0.09073401681346796   , Pos_Y, 0.08201777345685278   , Pos_Z, -0.07042884204648384   , BFx, 1.0, 0.0, 0.0, BFy, 0.0, 0.9027910146476162   , 0.4300795087789314    , BFz, 0.0, -0.4300795087789322   , 0.9027910146476176
Time, 0.288, Pos_X, -0.09271119444113997   , Pos_Y, 0.08340958196120853   , Pos_Z, -0.07247284799152703   , BFx, 1.0, 0.0, 0.0, BFy, 0.0, 0.8988108397515573   , 0.43833671343511693   , BFz, 0.0, -0.4383367134351178   , 0.8988108397515585
Time, 0.29 , Pos_X, -0.09472252708281197   , Pos_Y, 0.08481210981791634   , Pos_Z, -0.07456059725891617   , BFx, 1.0, 0.0, 0.0, BFy, 0.0, 0.8947399876574204   , 0.44658745446642206   , BFz, 0.0, -0.44658745446642295  , 0.8947399876574217
Time, 0.292, Pos_X, -0.09676773671648396   , Pos_Y, 0.08622533237946665   , Pos_Z, -0.07669104318279878   , BFx, 1.0, 0.0, 0.0, BFy, 0.0, 0.8905836252131798   , 0.45481953179491946   , BFz, 0.0, -0.4548195317949204   , 0.890583625213181
Time, 0.294, Pos_X, -0.09884652728815596   , Pos_Y, 0.08764924746270597   , Pos_Z, -0.07886306046521312   , BFx, 1.0, 0.0, 0.0, BFy, 0.0, 0.8863473707084593   , 0.46302088337158265   , BFz, 0.0, -0.4630208833715836   , 0.8863473707084604
Time, 0.296, Pos_X, -0.10095858781182797   , Pos_Y, 0.08908387063965678   , Pos_Z, -0.08107545555821825   , BFx, 1.0, 0.0, 0.0, BFy, 0.0, 0.8820371418262525   , 0.47117988119079873   , BFz, 0.0, -0.47117988119079973  , 0.8820371418262535
Time, 0.298, Pos_X, -0.10310359389949997   , Pos_Y, 0.09052922970550377   , Pos_Z, -0.08332697751225215   , BFx, 1.0, 0.0, 0.0, BFy, 0.0, 0.8776589802496059   , 0.4792856292308605    , BFz, 0.0, -0.47928562923086143  , 0.877658980249607
Time, 0.3  , Pos_X, -0.10528120731517197   , Pos_Y, 0.09198535772097673   , Pos_Z, -0.0856163287732392    , BFx, 1.0, 0.0, 0.0, BFy, 0.0, 0.8732189199218867   , 0.4873281419028187    , BFz, 0.0, -0.48732814190281964  , 0.8732189199218877
Time, 0.302, Pos_X, -0.10749107634284398   , Pos_Y, 0.09345228597197282   , Pos_Z, -0.08794217368600403   , BFx, 1.0, 0.0, 0.0, BFy, 0.0, 0.8687228908674298   , 0.4952984341616034    , BFz, 0.0, -0.49529843416160435  , 0.8687228908674307
Time, 0.304, Pos_X, -0.10973283588591598   , Pos_Y, 0.09493003536669044   , Pos_Z, -0.09030314706196943   , BFx, 1.0, 0.0, 0.0, BFy, 0.0, 0.8641767108439024   , 0.5031884462455543    , BFz, 0.0, -0.503188446245555    , 0.8641767108439032
Time, 0.306, Pos_X, -0.11200610185838798   , Pos_Y, 0.09641860366353584   , Pos_Z, -0.0926978661172947    , BFx, 1.0, 0.0, 0.0, BFy, 0.0, 0.8595861853003341   , 0.5109907925205894    , BFz, 0.0, -0.5109907925205903   , 0.859586185300335
Time, 0.308, Pos_X, -0.11431046512685998   , Pos_Y, 0.09791795358700128   , Pos_Z, -0.09512494258622732   , BFx, 1.0, 0.0, 0.0, BFy, 0.0, 0.854957078509652    , 0.518698750631078     , BFz, 0.0, -0.5186987506310788   , 0.8549570785096529
Time, 0.31 , Pos_X, -0.11664549048993199   , Pos_Y, 0.09942800529965698   , Pos_Z, -0.09758299228369087   , BFx, 1.0, 0.0, 0.0, BFy, 0.0, 0.850295161699127    , 0.526306125739627     , BFz, 0.0, -0.5263061257396279   , 0.8502951616991278
Time, 0.312, Pos_X, -0.11901071506560398   , Pos_Y, 0.10094862827225809   , Pos_Z, -0.10007064267464609   , BFx, 1.0, 0.0, 0.0, BFy, 0.0, 0.8456061538204327   , 0.5338072991455017    , BFz, 0.0, -0.5338072991455028   , 0.8456061538204336
Time, 0.314, Pos_X, -0.12140564268727598   , Pos_Y, 0.10247962997201125   , Pos_Z, -0.10258653819628993   , BFx, 1.0, 0.0, 0.0, BFy, 0.0, 0.8408956102458883   , 0.5411973509443624    , BFz, 0.0, -0.5411973509443633   , 0.8408956102458892
Time, 0.316, Pos_X, -0.12382973840494799   , Pos_Y, 0.10402074438517864   , Pos_Z, -0.10512934315377889   , BFx, 1.0, 0.0, 0.0, BFy, 0.0, 0.8361687253969528   , 0.5484722989067317    , BFz, 0.0, -0.5484722989067325   , 0.8361687253969537
Time, 0.318, Pos_X, -0.12628242515662      , Pos_Y, 0.10557162155071191   , Pos_Z, -0.10769774547013455   , BFx, 1.0, 0.0, 0.0, BFy, 0.0, 0.8314302148870143   , 0.5556291908934704    , BFz, 0.0, -0.5556291908934713   , 0.8314302148870153
Time, 0.32 , Pos_X, -0.128763080233292     , Pos_Y, 0.10713181788234062   , Pos_Z, -0.11029046039557933   , BFx, 1.0, 0.0, 0.0, BFy, 0.0, 0.8266840680953798   , 0.5626663767787028    , BFz, 0.0, -0.5626663767787037   , 0.8266840680953806
Time, 0.322, Pos_X, -0.131271031818964     , Pos_Y, 0.10870078826866442   , Pos_Z, -0.11290623245591377   , BFx, 1.0, 0.0, 0.0, BFy, 0.0, 0.8219334236630012   , 0.5695835733811296    , BFz, 0.0, -0.5695835733811305   , 0.821933423663002
Time, 0.324, Pos_X, -0.13380555623583598   , Pos_Y, 0.11027787958469391   , Pos_Z, -0.1155438360152799    , BFx, 1.0, 0.0, 0.0, BFy, 0.0, 0.8171804526487882   , 0.5763819114170057    , BFz, 0.0, -0.5763819114170067   , 0.8171804526487891
Time, 0.326, Pos_X, -0.13636587557990798   , Pos_Y, 0.111862326278829     , Pos_Z, -0.1182020734671298    , BFx, 1.0, 0.0, 0.0, BFy, 0.0, 0.8124263001570602   , 0.5830638959952071    , BFz, 0.0, -0.583063895995208    , 0.8124263001570612
Time, 0.328, Pos_X, -0.13895115976737998   , Pos_Y, 0.11345325246605706   , Pos_Z, -0.1208797706378341    , BFx, 1.0, 0.0, 0.0, BFy, 0.0, 0.8076710673480976   , 0.5896333156876263    , BFz, 0.0, -0.5896333156876273   , 0.8076710673480986
Time, 0.33 , Pos_X, -0.14156052538225197   , Pos_Y, 0.11504966734439741   , Pos_Z, -0.12357577621654475   , BFx, 1.0, 0.0, 0.0, BFy, 0.0, 0.8029139438633549   , 0.5960949578295331    , BFz, 0.0, -0.5960949578295343   , 0.8029139438633558
Time, 0.332, Pos_X, -0.144193032522324     , Pos_Y, 0.11665045207943488   , Pos_Z, -0.12628896290587752   , BFx, 1.0, 0.0, 0.0, BFy, 0.0, 0.7981532564390665   , 0.6024544623751353    , BFz, 0.0, -0.6024544623751363   , 0.7981532564390674
