Time, 0    , Pos_X, 0.0                    , Pos_Y, 0.0                    , Pos_Z, 0.0                    , BFx, 1.0, 0.0, 0.0, BFy, 0.0, 1.0                  , 0.0                   , BFz, 0.0, 0.0                  , 1.0
Time, 0.0  , Pos_X, 0.0                    , Pos_Y, 0.0                    , Pos_Z, 0.0                    , BFx, 1.0, 0.0, 0.0, BFy, 0.0, 1.0                  , 0.0                   , BFz, 0.0, 0.0                  , 1.0
Time, 0.002, Pos_X, -6.0645264e-07         , Pos_Y, -4.373515225002968e-07 , Pos_Z, -2.6444830350878215e-06, BFx, 1.0, 0.0, 0.0, BFy, 0.0, 0.9999920007668066   , 0.003999800294854113  , BFz, 0.0, -0.003999800294854114, 0.9999920007668067
Time, 0.004, Pos_X, -2.3882668399999996e-06, Pos_Y, -1.7436396223513377e-06, Pos_Z, -1.0702599696226976e-05, BFx, 1.0, 0.0, 0.0, BFy, 0.0, 0.999967458916474    , 0.00806728629278194   , BFz, 0.0, -0.008067286292781941, 0.9999674589164742
Time, 0.006, Pos_X, -5.266244759999999e-06 , Pos_Y, -3.909405266717875e-06 , Pos_Z, -2.4430849864049152e-05, BFx, 1.0, 0.0, 0.0, BFy, 0.0, 0.9999255120886492   , 0.012205337940926765  , BFz, 0.0, -0.01220533794092677 , 0.9999255120886494
Time, 0.008, Pos_X, -9.15314584e-06        , Pos_Y, -6.9295046182260976e-06, Pos_Z, -4.410043342510904e-05 , BFx, 1.0, 0.0, 0.0, BFy, 0.0, 0.9998652503304203   , 0.01641588199536333   , BFz, 0.0, -0.016415881995363337, 0.9998652503304205
Time, 0.01 , Pos_X, -1.395435112e-05       , Pos_Y, -1.0803208867517945e-05, Pos_Z, -6.999831458062003e-05 , BFx, 1.0, 0.0, 0.0, BFy, 0.0, 0.9997857395088855   , 0.020699639481645295  , BFz, 0.0, -0.020699639481645302, 0.9997857395088858
Time, 0.012, Pos_X, -1.956885352e-05       , Pos_Y, -1.5534007014262944e-05, Pos_Z, -0.00010242824261311124, BFx, 1.0, 0.0, 0.0, BFy, 0.0, 0.9996860497724944   , 0.02505597514097228   , BFz, 0.0, -0.025055975140972287, 0.9996860497724946
Time, 0.014, Pos_X, -2.588990464e-05       , Pos_Y, -2.1129592203955356e-05, Pos_Z, -0.00014171161414008274, BFx, 1.0, 0.0, 0.0, BFy, 0.0, 0.9995652856814872   , 0.029482870628314454  , BFz, 0.0, -0.02948287062831446 , 0.9995652856814874
Time, 0.016, Pos_X, -3.280562104e-05       , Pos_Y, -2.7601949738992775e-05, Pos_Z, -0.00018818756460180818, BFx, 1.0, 0.0, 0.0, BFy, 0.0, 0.9994226063914412   , 0.0339772546527416    , BFz, 0.0, -0.03397725465274161 , 0.9994226063914414
Time, 0.018, Pos_X, -4.0200261229999995e-05, Pos_Y, -3.496753322268539e-05 , Pos_Z, -0.00024221242650295682, BFx, 1.0, 0.0, 0.0, BFy, 0.0, 0.999257233124668    , 0.038535464808819836  , BFz, 0.0, -0.03853546480881984 , 0.9992572331246681
Time, 0.02 , Pos_X, -4.795573039e-05       , Pos_Y, -4.324753118496653e-05 , Pos_Z, -0.00030415945638813353, BFx, 1.0, 0.0, 0.0, BFy, 0.0, 0.999068438252164    , 0.043153860642825566  , BFz, 0.0, -0.04315386064282557 , 0.9990684382521642
Time, 0.022, Pos_X, -5.595324751999999e-05 , Pos_Y, -5.2467883890843334e-05, Pos_Z, -0.00037441838424021555, BFx, 1.0, 0.0, 0.0, BFy, 0.0, 0.9988555204090958   , 0.04782937746064796   , BFz, 0.0, -0.047829377460647964, 0.998855520409096
Time, 0.024, Pos_X, -6.407563515999999e-05 , Pos_Y, -6.265919190469604e-05 , Pos_Z, -0.00045339457849558746, BFx, 1.0, 0.0, 0.0, BFy, 0.0, 0.9986177617205749   , 0.0525601177337692    , BFz, 0.0, -0.052560117733769215, 0.9986177617205751
Time, 0.026, Pos_X, -7.220972861599999e-05 , Pos_Y, -7.3856541197951e-05   , Pos_Z, -0.0005415076948175503 , BFx, 1.0, 0.0, 0.0, BFy, 0.0, 0.9983543862187152   , 0.057345614634874524  , BFz, 0.0, -0.05734561463487454 , 0.9983543862187153
Time, 0.028, Pos_X, -8.024903360799999e-05 , Pos_Y, -8.609904742108468e-05 , Pos_Z, -0.0006391899415511381 , BFx, 1.0, 0.0, 0.0, BFy, 0.0, 0.9980643585634514   , 0.062189518130674415  , BFz, 0.0, -0.06218951813067444 , 0.9980643585634513
Time, 0.03 , Pos_X, -8.809624486799999e-05 , Pos_Y, -9.942956607852836e-05 , Pos_Z, -0.0007468844933236709 , BFx, 1.0, 0.0, 0.0, BFy, 0.0, 0.997746672477884    , 0.06709379672748246   , BFz, 0.0, -0.0670937967274825  , 0.9977466724778841
Time, 0.032, Pos_X, -9.5664832726e-05      , Pos_Y, -0.00011389495422537576, Pos_Z, -0.0008650436566571627 , BFx, 1.0, 0.0, 0.0, BFy, 0.0, 0.9974001567697097   , 0.07206196830338112   , BFz, 0.0, -0.07206196830338114 , 0.9974001567697097
Time, 0.034, Pos_X, -0.00010288112268200001, Pos_Y, -0.00012954616166463233, Pos_Z, -0.0009941257394427746 , BFx, 1.0, 0.0, 0.0, BFy, 0.0, 0.997023458386627    , 0.07709879004737563   , BFz, 0.0, -0.07709879004737566 , 0.9970234583866269
Time, 0.036, Pos_X, -0.000109687003846     , Pos_Y, -0.00014643778050614352, Pos_Z, -0.001134591535873952  , BFx, 1.0, 0.0, 0.0, BFy, 0.0, 0.9966150457973664   , 0.08220979558612548   , BFz, 0.0, -0.08220979558612554 , 0.9966150457973663
Time, 0.038, Pos_X, -0.000116041474422     , Pos_Y, -0.0001646278213553175 , Pos_Z, -0.0012869012732153408 , BFx, 1.0, 0.0, 0.0, BFy, 0.0, 0.9961732189959133   , 0.0874009024857258    , BFz, 0.0, -0.08740090248572584 , 0.9961732189959133
Time, 0.04 , Pos_X, -0.00012192209791      , Pos_Y, -0.00018417751932846464, Pos_Z, -0.0014515113337355931 , BFx, 1.0, 0.0, 0.0, BFy, 0.0, 0.9956961201756195   , 0.09267813262694309   , BFz, 0.0, -0.09267813262694312 , 0.9956961201756196
Time, 0.042, Pos_X, -0.000127326992118     , Pos_Y, -0.00020515069995163588, Pos_Z, -0.001628870086067585  , BFx, 1.0, 0.0, 0.0, BFy, 0.0, 0.9951817544884771   , 0.0980473127282729    , BFz, 0.0, -0.09804731272827293 , 0.9951817544884772
Time, 0.044, Pos_X, -0.000132276027646     , Pos_Y, -0.0002276132359143009 , Pos_Z, -0.0018194134657677473 , BFx, 1.0, 0.0, 0.0, BFy, 0.0, 0.9946280020690278   , 0.1035139483363149    , BFz, 0.0, -0.10351394833631493 , 0.9946280020690279
Time, 0.046, Pos_X, -0.000136811217514     , Pos_Y, -0.00025163243134791784, Pos_Z, -0.0020235607961397377 , BFx, 1.0, 0.0, 0.0, BFy, 0.0, 0.9940326183830022   , 0.10908324156639225   , BFz, 0.0, -0.10908324156639229 , 0.9940326183830024
Time, 0.048, Pos_X, -0.000140996514142     , Pos_Y, -0.0002772762137906548 , Pos_Z, -0.002241710401589395  , BFx, 1.0, 0.0, 0.0, BFy, 0.0, 0.9933932275187358   , 0.11476016521384155   , BFz, 0.0, -0.1147601652138416  , 0.9933932275187359
Time, 0.05 , Pos_X, -0.000144917269976     , Pos_Y, -0.00030461220753954794, Pos_Z, -0.002474235305364317  , BFx, 1.0, 0.0, 0.0, BFy, 0.0, 0.9927073057663156   , 0.12054959592707973   , BFz, 0.0, -0.12054959592707977 , 0.9927073057663156
Time, 0.052, Pos_X, -0.00014867968423599998, Pos_Y, -0.00033370665467414114, Pos_Z, -0.0027214791479051284 , BFx, 1.0, 0.0, 0.0, BFy, 0.0, 0.9919721504674993   , 0.12645652492807294   , BFz, 0.0, -0.12645652492807297 , 0.9919721504674992
Time, 0.054, Pos_X, -0.00015240994910399998, Pos_Y, -0.00036462334054073505, Pos_Z, -0.0029837523165239855 , BFx, 1.0, 0.0, 0.0, BFy, 0.0, 0.9911848481822442   , 0.13248621337309252   , BFz, 0.0, -0.13248621337309252 , 0.9911848481822442
Time, 0.056, Pos_X, -0.00015625396101999998, Pos_Y, -0.0003974211567083468 , Pos_Z, -0.0032613369403314404 , BFx, 1.0, 0.0, 0.0, BFy, 0.0, 0.9903422414275986   , 0.13864431053656273   , BFz, 0.0, -0.13864431053656273 , 0.9903422414275987
Time, 0.058, Pos_X, -0.00016037398047599998, Pos_Y, -0.00043215390774974864, Pos_Z, -0.0035544814290857135 , BFx, 1.0, 0.0, 0.0, BFy, 0.0, 0.989440956884863    , 0.14493651313166553   , BFz, 0.0, -0.14493651313166553 , 0.9894409568848631
Time, 0.06 , Pos_X, -0.00016494416463199997, Pos_Y, -0.0004688714461192743 , Pos_Z, -0.0038633877922733544 , BFx, 1.0, 0.0, 0.0, BFy, 0.0, 0.9884774529500508   , 0.15136817700355262   , BFz, 0.0, -0.1513681770035526  , 0.9884774529500508
Time, 0.062, Pos_X, -0.00017014948646799997, Pos_Y, -0.0005076182075250491 , Pos_Z, -0.004188211583097962  , BFx, 1.0, 0.0, 0.0, BFy, 0.0, 0.9874480462343065   , 0.157944154649831     , BFz, 0.0, -0.15794415464983097 , 0.9874480462343064
Time, 0.064, Pos_X, -0.00017618389486399996, Pos_Y, -0.0005484313656471285 , Pos_Z, -0.0045290629427007486 , BFx, 1.0, 0.0, 0.0, BFy, 0.0, 0.9863489551694625   , 0.1646685720959166    , BFz, 0.0, -0.16466857209591657 , 0.9863489551694624
Time, 0.066, Pos_X, -0.00018324699051999998, Pos_Y, -0.0005913398891636555 , Pos_Z, -0.004886008075225351  , BFx, 1.0, 0.0, 0.0, BFy, 0.0, 0.9851763929126189   , 0.17154438156838397   , BFz, 0.0, -0.17154438156838392 , 0.9851763929126187
Time, 0.068, Pos_X, -0.000191539882296     , Pos_Y, -0.000636364541606386  , Pos_Z, -0.005259070665458075  , BFx, 1.0, 0.0, 0.0, BFy, 0.0, 0.9839266655949147   , 0.17857300112635055   , BFz, 0.0, -0.1785730011263505  , 0.9839266655949144
Time, 0.07 , Pos_X, -0.00020126136827200002, Pos_Y, -0.0006835181734319238 , Pos_Z, -0.005648233117633092  , BFx, 1.0, 0.0, 0.0, BFy, 0.0, 0.9825962933895043   , 0.18575393459414505   , BFz, 0.0, -0.185753934594145   , 0.982596293389504
Time, 0.072, Pos_X, -0.00021260447450799995, Pos_Y, -0.0007328070916044663 , Pos_Z, -0.006053438142190823  , BFx, 1.0, 0.0, 0.0, BFy, 0.0, 0.9811821061339461   , 0.19308463067409695   , BFz, 0.0, -0.1930846306740969  , 0.9811821061339459
Time, 0.074, Pos_X, -0.00022575224904399996, Pos_Y, -0.0007842329658080231 , Pos_Z, -0.006474591146153861  , BFx, 1.0, 0.0, 0.0, BFy, 0.0, 0.9796813456514496   , 0.20056036742727554   , BFz, 0.0, -0.20056036742727548 , 0.9796813456514494
Time, 0.076, Pos_X, -0.00024087315581999998, Pos_Y, -0.0008377955307261247 , Pos_Z, -0.00691156295452424   , BFx, 1.0, 0.0, 0.0, BFy, 0.0, 0.9780916940603923   , 0.20817453737205838   , BFz, 0.0, -0.20817453737205832 , 0.9780916940603921
Time, 0.078, Pos_X, -0.000258117199476     , Pos_Y, -0.0008934952324724725 , Pos_Z, -0.007364192545527626  , BFx, 1.0, 0.0, 0.0, BFy, 0.0, 0.9764113247794799   , 0.215918792239999     , BFz, 0.0, -0.21591879223999896 , 0.9764113247794797
Time, 0.08 , Pos_X, -0.000277612762012     , Pos_Y, -0.0009513348649570461 , Pos_Z, -0.007832290129916857  , BFx, 1.0, 0.0, 0.0, BFy, 0.0, 0.9746388826403244   , 0.22378348564096176   , BFz, 0.0, -0.2237834856409617  , 0.9746388826403243
Time, 0.082, Pos_X, -0.00029946237954800003, Pos_Y, -0.0010113219977069352 , Pos_Z, -0.008315640732998411  , BFx, 1.0, 0.0, 0.0, BFy, 0.0, 0.9727734841430717   , 0.2317579525024922    , BFz, 0.0, -0.23175795250249215 , 0.9727734841430716
Time, 0.084, Pos_X, -0.00032373784656400005, Pos_Y, -0.0010734726739220987 , Pos_Z, -0.008814008009187788  , BFx, 1.0, 0.0, 0.0, BFy, 0.0, 0.9708146420954875   , 0.23983104614083858   , BFz, 0.0, -0.23983104614083856 , 0.9708146420954874
Time, 0.086, Pos_X, -0.0003504758509799999 , Pos_Y, -0.0011378155091259067 , Pos_Z, -0.00932713859528926   , BFx, 1.0, 0.0, 0.0, BFy, 0.0, 0.9687621679133877   , 0.24799165715755828   , BFz, 0.0, -0.24799165715755825 , 0.9687621679133875
Time, 0.088, Pos_X, -0.00037967359671599993, Pos_Y, -0.0012043956963263484 , Pos_Z, -0.009854767104410887  , BFx, 1.0, 0.0, 0.0, BFy, 0.0, 0.9666160647913634   , 0.2562291616644303    , BFz, 0.0, -0.2562291616644303  , 0.9666160647913634
Time, 0.09 , Pos_X, -0.00041128445045199996, Pos_Y, -0.0012732795868004244 , Pos_Z, -0.01039662130740009   , BFx, 1.0, 0.0, 0.0, BFy, 0.0, 0.9643764225056095   , 0.2645337704628282    , BFz, 0.0, -0.2645337704628283  , 0.9643764225056096
Time, 0.092, Pos_X, -0.000445213976388     , Pos_Y, -0.0013445591428126033 , Pos_Z, -0.010952427097865503  , BFx, 1.0, 0.0, 0.0, BFy, 0.0, 0.9620433690699541   , 0.2728966031824688    , BFz, 0.0, -0.2728966031824688  , 0.9620433690699542
Time, 0.094, Pos_X, -0.00048131700844400004, Pos_Y, -0.001418356146010243  , Pos_Z, -0.011521913316720563  , BFx, 1.0, 0.0, 0.0, BFy, 0.0, 0.9596170020318152   , 0.28130981037189123   , BFz, 0.0, -0.28130981037189123 , 0.9596170020318152
Time, 0.096, Pos_X, -0.0005193954486200001 , Pos_Y, -0.0014948265338180697 , Pos_Z, -0.012104816093883424  , BFx, 1.0, 0.0, 0.0, BFy, 0.0, 0.9570973514455352   , 0.2897665609692393    , BFz, 0.0, -0.2897665609692394  , 0.9570973514455352
Time, 0.098, Pos_X, -0.0005591947823960001 , Pos_Y, -0.0015741648052419424 , Pos_Z, -0.012700882456612916  , BFx, 1.0, 0.0, 0.0, BFy, 0.0, 0.954484358325565    , 0.2982609758446999    , BFz, 0.0, -0.2982609758447     , 0.9544843583255651
Time, 0.1  , Pos_X, -0.0006004011431720002 , Pos_Y, -0.001656607755160822  , Pos_Z, -0.013309872342891976  , BFx, 1.0, 0.0, 0.0, BFy, 0.0, 0.9517778770961003   , 0.30678799303499293   , BFz, 0.0, -0.30678799303499305 , 0.9517778770961003
Time, 0.102, Pos_X, -0.000642640898108     , Pos_Y, -0.0017424362410552812 , Pos_Z, -0.013931559478436224  , BFx, 1.0, 0.0, 0.0, BFy, 0.0, 0.9489776628531719   , 0.31534329770224956   , BFz, 0.0, -0.31534329770224967 , 0.9489776628531719
Time, 0.104, Pos_X, -0.000685479585104     , Pos_Y, -0.0018319771351521762 , Pos_Z, -0.014565733396695677  , BFx, 1.0, 0.0, 0.0, BFy, 0.0, 0.946083327006779    , 0.3239233526002438    , BFz, 0.0, -0.32392335260024385 , 0.946083327006779
Time, 0.106, Pos_X, -0.0007284190783400001 , Pos_Y, -0.0019256061372716182 , Pos_Z, -0.015212202053730637  , BFx, 1.0, 0.0, 0.0, BFy, 0.0, 0.9430942560599657   , 0.332525524113109     , BFz, 0.0, -0.33252552411310904 , 0.9430942560599657
Time, 0.108, Pos_X, -0.0007708953046160001 , Pos_Y, -0.0020237502547589027 , Pos_Z, -0.01587079383960796   , BFx, 1.0, 0.0, 0.0, BFy, 0.0, 0.9400095559454476   , 0.34114811260102323   , BFz, 0.0, -0.34114811260102323 , 0.9400095559454477
Time, 0.11 , Pos_X, -0.0008122768744720001 , Pos_Y, -0.0021268902474472842 , Pos_Z, -0.016541358792968978  , BFx, 1.0, 0.0, 0.0, BFy, 0.0, 0.9368280123251932   , 0.34979033051647623   , BFz, 0.0, -0.34979033051647623 , 0.9368280123251933
Time, 0.112, Pos_X, -0.0008518640058080002 , Pos_Y, -0.0022355630602607854 , Pos_Z, -0.017223769248165776  , BFx, 1.0, 0.0, 0.0, BFy, 0.0, 0.9335479056002282   , 0.35845265789142267   , BFz, 0.0, -0.35845265789142255 , 0.9335479056002283
Time, 0.114, Pos_X, -0.0008888887139440002 , Pos_Y, -0.00235036407943731   , Pos_Z, -0.017917919776474292  , BFx, 1.0, 0.0, 0.0, BFy, 0.0, 0.9301668610899391   , 0.36713704597886615   , BFz, 0.0, -0.367137045978866   , 0.9301668610899391
Time, 0.116, Pos_X, -0.0009225157801400002 , Pos_Y, -0.0024719485544688826 , Pos_Z, -0.018623725919898724  , BFx, 1.0, 0.0, 0.0, BFy, 0.0, 0.926681816343065    , 0.37584679226929224   , BFz, 0.0, -0.3758467922692921  , 0.9266818163430649
Time, 0.118, Pos_X, -0.0009518440145960001 , Pos_Y, -0.0026010323419906885 , Pos_Z, -0.019341122432962807  , BFx, 1.0, 0.0, 0.0, BFy, 0.0, 0.9230889581171946   , 0.38458649924576194   , BFz, 0.0, -0.38458649924576177 , 0.9230889581171945
Time, 0.12 , Pos_X, -0.0009759083218520001 , Pos_Y, -0.002738392468254148  , Pos_Z, -0.020070060552965622  , BFx, 1.0, 0.0, 0.0, BFy, 0.0, 0.9193836577783803   , 0.3933620340221516    , BFz, 0.0, -0.39336203402215136 , 0.9193836577783802
Time, 0.122, Pos_X, -0.000993681303908     , Pos_Y, -0.002884867669560119  , Pos_Z, -0.02081050480227356   , BFx, 1.0, 0.0, 0.0, BFy, 0.0, 0.9155604411174757   , 0.402180405615156     , BFz, 0.0, -0.4021804056151557  , 0.9155604411174757
Time, 0.124, Pos_X, -0.0010040764281640001 , Pos_Y, -0.0030413583637721154 , Pos_Z, -0.021562429594436466  , BFx, 1.0, 0.0, 0.0, BFy, 0.0, 0.9116130043667122   , 0.41104954721966885   , BFz, 0.0, -0.4110495472196685  , 0.9116130043667122
Time, 0.126, Pos_X, -0.0010059527256200001 , Pos_Y, -0.0032088260401938206 , Pos_Z, -0.022325815127407944  , BFx, 1.0, 0.0, 0.0, BFy, 0.0, 0.9075342551829579   , 0.41997806570047413   , BFz, 0.0, -0.4199780657004737  , 0.9075342551829579
Time, 0.128, Pos_X, -0.000998120019076     , Pos_Y, -0.003388291845009342  , Pos_Z, -0.023100642402054575  , BFx, 1.0, 0.0, 0.0, BFy, 0.0, 0.903316224940504    , 0.4289752880519281    , BFz, 0.0, -0.42897528805192764 , 0.903316224940504
Time, 0.13 , Pos_X, -0.000979343235932     , Pos_Y, -0.0035808348041190823 , Pos_Z, -0.02388688798686114   , BFx, 1.0, 0.0, 0.0, BFy, 0.0, 0.8989501187245752   , 0.438051006213968     , BFz, 0.0, -0.4380510062139675  , 0.8989501187245753
Time, 0.132, Pos_X, -0.0009483459895879999 , Pos_Y, -0.003787590519910216  , Pos_Z, -0.02468451870130604   , BFx, 1.0, 0.0, 0.0, BFy, 0.0, 0.8944264005846252   , 0.4472151763270443    , BFz, 0.0, -0.4472151763270438  , 0.8944264005846252
Time, 0.134, Pos_X, -0.0009038167210439999 , Pos_Y, -0.004009748849179557  , Pos_Z, -0.025493484634368197  , BFx, 1.0, 0.0, 0.0, BFy, 0.0, 0.8897348156100625   , 0.45647777371009607   , BFz, 0.0, -0.45647777371009557 , 0.8897348156100625
Time, 0.136, Pos_X, -0.0008444168052999998 , Pos_Y, -0.004248550852574576  , Pos_Z, -0.026313711293496134  , BFx, 1.0, 0.0, 0.0, BFy, 0.0, 0.8848643012811689   , 0.4658488685380555    , BFz, 0.0, -0.4658488685380551  , 0.8848643012811688
Time, 0.138, Pos_X, -0.0007687875243559996 , Pos_Y, -0.004505285983992691  , Pos_Z, -0.02714509194162269   , BFx, 1.0, 0.0, 0.0, BFy, 0.0, 0.8798029335083457   , 0.4753386142426339    , BFz, 0.0, -0.4753386142426336  , 0.8798029335083455
Time, 0.14 , Pos_X, -0.0006755568814119995 , Pos_Y, -0.004781288085983894  , Pos_Z, -0.027987480261225925  , BFx, 1.0, 0.0, 0.0, BFy, 0.0, 0.8745380420605101   , 0.48495691869378227   , BFz, 0.0, -0.4849569186937819  , 0.8745380420605099
Time, 0.142, Pos_X, -0.000563348535868001  , Pos_Y, -0.005077930142965736  , Pos_Z, -0.02884068323012908   , BFx, 1.0, 0.0, 0.0, BFy, 0.0, 0.8690562913799398   , 0.4947132122886382    , BFz, 0.0, -0.49471321228863774 , 0.8690562913799396
Time, 0.144, Pos_X, -0.000430790101724001  , Pos_Y, -0.005396619423867625  , Pos_Z, -0.029704454494902995  , BFx, 1.0, 0.0, 0.0, BFy, 0.0, 0.863343728409487    , 0.5046162964233357    , BFz, 0.0, -0.5046162964233353  , 0.8633437284094868
Time, 0.146, Pos_X, -0.000276520759580001  , Pos_Y, -0.0057387924373679235 , Pos_Z, -0.030578487250018313  , BFx, 1.0, 0.0, 0.0, BFy, 0.0, 0.8573857472436066   , 0.5146743440502158    , BFz, 0.0, -0.5146743440502155  , 0.8573857472436065
Time, 0.148, Pos_X, -9.919996343600094e-05 , Pos_Y, -0.00610590837268997   , Pos_Z, -0.031462406567463276  , BFx, 1.0, 0.0, 0.0, BFy, 0.0, 0.851167221029211    , 0.5248946197527727    , BFz, 0.0, -0.5248946197527724  , 0.8511672210292109
Time, 0.15 , Pos_X, 0.00010248301610799913 , Pos_Y, -0.006499440834460749  , Pos_Z, -0.03235576217669645   , BFx, 1.0, 0.0, 0.0, BFy, 0.0, 0.8446725492247976   , 0.5352833684938093    , BFz, 0.0, -0.5352833684938093  , 0.8446725492247975
Time, 0.152, Pos_X, 0.00032980200585199925 , Pos_Y, -0.006920872362233096  , Pos_Z, -0.03325802470002525   , BFx, 1.0, 0.0, 0.0, BFy, 0.0, 0.8378857813171205   , 0.5458455985593323    , BFz, 0.0, -0.5458455985593322  , 0.8378857813171205
Time, 0.154, Pos_X, 0.0005839868783959995  , Pos_Y, -0.00737169087868129   , Pos_Z, -0.034168585274100244  , BFx, 1.0, 0.0, 0.0, BFy, 0.0, 0.8307908930698077   , 0.5565846674067378    , BFz, 0.0, -0.5565846674067378  , 0.8307908930698075
Time, 0.156, Pos_X, 0.0008662144069399996  , Pos_Y, -0.00785338375772711   , Pos_Z, -0.03508675443015894   , BFx, 1.0, 0.0, 0.0, BFy, 0.0, 0.8233718719702336   , 0.5675022118443508    , BFz, 0.0, -0.5675022118443508  , 0.8233718719702334
Time, 0.158, Pos_X, 0.0011775989094839998  , Pos_Y, -0.00836742995552093   , Pos_Z, -0.03601175934946353   , BFx, 1.0, 0.0, 0.0, BFy, 0.0, 0.815612890605612    , 0.5785979715466992    , BFz, 0.0, -0.5785979715466991  , 0.8156128906056119
Time, 0.16 , Pos_X, 0.001519184476028      , Pos_Y, -0.008915291512698795  , Pos_Z, -0.03694274103256274   , BFx, 1.0, 0.0, 0.0, BFy, 0.0, 0.8074987410956912   , 0.5898692932581513    , BFz, 0.0, -0.5898692932581511  , 0.8074987410956911
Time, 0.162, Pos_X, 0.0018919377899720004  , Pos_Y, -0.009498404329859732  , Pos_Z, -0.03787875263120979   , BFx, 1.0, 0.0, 0.0, BFy, 0.0, 0.7990152033530528   , 0.6013108221300172    , BFz, 0.0, -0.6013108221300172  , 0.7990152033530525
Time, 0.164, Pos_X, 0.0022967423563160006  , Pos_Y, -0.010118170081986047  , Pos_Z, -0.03881875738833684   , BFx, 1.0, 0.0, 0.0, BFy, 0.0, 0.7901494693553149   , 0.6129141996050602    , BFz, 0.0, -0.6129141996050602  , 0.7901494693553146
Time, 0.166, Pos_X, 0.002734391113660001   , Pos_Y, -0.010775947583400489  , Pos_Z, -0.03976162847250549   , BFx, 1.0, 0.0, 0.0, BFy, 0.0, 0.7808907362601278   , 0.6246676380469159    , BFz, 0.0, -0.624667638046916   , 0.7808907362601276
Time, 0.168, Pos_X, 0.0032055774750040017  , Pos_Y, -0.011473042700069278  , Pos_Z, -0.0407061527822349    , BFx, 1.0, 0.0, 0.0, BFy, 0.0, 0.7712306967483838   , 0.6365557417799319    , BFz, 0.0, -0.636555741779932   , 0.7712306967483837
Time, 0.17 , Pos_X, 0.003710889250348002   , Pos_Y, -0.012210701151392991  , Pos_Z, -0.04165103681790591   , BFx, 1.0, 0.0, 0.0, BFy, 0.0, 0.7611639140161031   , 0.6485595547054126    , BFz, 0.0, -0.6485595547054127  , 0.761163914016103
Time, 0.172, Pos_X, 0.004250802695691995   , Pos_Y, -0.012990102858731657  , Pos_Z, -0.042594913416579214  , BFx, 1.0, 0.0, 0.0, BFy, 0.0, 0.7506881716749293   , 0.6606566951960362    , BFz, 0.0, -0.6606566951960365  , 0.7506881716749292
Time, 0.174, Pos_X, 0.004825676776035995   , Pos_Y, -0.013812356349854378  , Pos_Z, -0.043536349192206746  , BFx, 1.0, 0.0, 0.0, BFy, 0.0, 0.7398044936136765   , 0.6728219015675755    , BFz, 0.0, -0.6728219015675758  , 0.7398044936136764
Time, 0.176, Pos_X, 0.005435748149379995   , Pos_Y, -0.014678492464242576  , Pos_Z, -0.04447385281754527   , BFx, 1.0, 0.0, 0.0, BFy, 0.0, 0.728517195231808    , 0.6850275149594918    , BFz, 0.0, -0.6850275149594922  , 0.7285171952318077
Time, 0.178, Pos_X, 0.006081127342723995   , Pos_Y, -0.015589458028837908  , Pos_Z, -0.045405883035393294  , BFx, 1.0, 0.0, 0.0, BFy, 0.0, 0.7168337958964371   , 0.6972440814095893    , BFz, 0.0, -0.6972440814095898  , 0.7168337958964368
Time, 0.18 , Pos_X, 0.006761797048067996   , Pos_Y, -0.01654611074128996   , Pos_Z, -0.04633085633258317   , BFx, 1.0, 0.0, 0.0, BFy, 0.0, 0.7047651012005091   , 0.7094407319359618    , BFz, 0.0, -0.7094407319359622  , 0.7047651012005088
Time, 0.182, Pos_X, 0.007477612127411996   , Pos_Y, -0.017549215085183652  , Pos_Z, -0.0472471552256163    , BFx, 1.0, 0.0, 0.0, BFy, 0.0, 0.6923250637561895   , 0.721585757962964     , BFz, 0.0, -0.7215857579629645  , 0.6923250637561893
Time, 0.184, Pos_X, 0.008228299376755996   , Pos_Y, -0.018599439606652612  , Pos_Z, -0.048153137631118954  , BFx, 1.0, 0.0, 0.0, BFy, 0.0, 0.6795304435521053   , 0.7336473105558805    , BFz, 0.0, -0.7336473105558812  , 0.6795304435521049
Time, 0.186, Pos_X, 0.009013457386099996   , Pos_Y, -0.019697355316394622  , Pos_Z, -0.04904714801809968   , BFx, 1.0, 0.0, 0.0, BFy, 0.0, 0.6664005383241621   , 0.7455939394343711    , BFz, 0.0, -0.7455939394343718  , 0.6664005383241618
Time, 0.188, Pos_X, 0.009832558696443998   , Pos_Y, -0.02084343628472965   , Pos_Z, -0.04992752989377934   , BFx, 1.0, 0.0, 0.0, BFy, 0.0, 0.6529571179406899   , 0.757394878600711     , BFz, 0.0, -0.7573948786007116  , 0.6529571179406894
Time, 0.19 , Pos_X, 0.010684954565787998   , Pos_Y, -0.02203806272207995   , Pos_Z, -0.05079263799145872   , BFx, 1.0, 0.0, 0.0, BFy, 0.0, 0.6392245412109938   , 0.7690201466239958    , BFz, 0.0, -0.7690201466239963  , 0.6392245412109935
Time, 0.192, Pos_X, 0.011569880353131999   , Pos_Y, -0.02328152403179766   , Pos_Z, -0.05164085009941181   , BFx, 1.0, 0.0, 0.0, BFy, 0.0, 0.6252296352770267   , 0.7804408389950858    , BFz, 0.0, -0.7804408389950862  , 0.6252296352770264
Time, 0.194, Pos_X, 0.012486461703676      , Pos_Y, -0.02457402210558642   , Pos_Z, -0.05247057840139511   , BFx, 1.0, 0.0, 0.0, BFy, 0.0, 0.6110010415236338   , 0.791629791794771     , BFz, 0.0, -0.7916297917947714  , 0.6110010415236332
Time, 0.196, Pos_X, 0.01343372334062       , Pos_Y, -0.025915675432258024  , Pos_Z, -0.05328027918332347   , BFx, 1.0, 0.0, 0.0, BFy, 0.0, 0.596568683482331    , 0.8025620261937118    , BFz, 0.0, -0.8025620261937122  , 0.5965686834823305
Time, 0.198, Pos_X, 0.014410599752164      , Pos_Y, -0.027306524319743758  , Pos_Z, -0.05406846092871417   , BFx, 1.0, 0.0, 0.0, BFy, 0.0, 0.5819633321902377   , 0.8132150269061885    , BFz, 0.0, -0.813215026906189   , 0.581963332190237
Time, 0.2  , Pos_X, 0.015415947315108001   , Pos_Y, -0.02874653754405546   , Pos_Z, -0.05483369167834918   , BFx, 1.0, 0.0, 0.0, BFy, 0.0, 0.5672157728443824   , 0.8235692241922036    , BFz, 0.0, -0.823569224192204   , 0.5672157728443815
Time, 0.202, Pos_X, 0.016448557672652003   , Pos_Y, -0.030235619530687322  , Pos_Z, -0.05557460543532932   , BFx, 1.0, 0.0, 0.0, BFy, 0.0, 0.5523556542715352   , 0.8336085599334155    , BFz, 0.0, -0.8336085599334158  , 0.5523556542715343
Time, 0.204, Pos_X, 0.01750717138139599    , Pos_Y, -0.031773616844486145  , Pos_Z, -0.05628990792854336   , BFx, 1.0, 0.0, 0.0, BFy, 0.0, 0.537410626793704    , 0.8433207089886957    , BFz, 0.0, -0.8433207089886962  , 0.5374106267937032
Time, 0.206, Pos_X, 0.018590492951939992   , Pos_Y, -0.03336032381457861   , Pos_Z, -0.05697838107932716   , BFx, 1.0, 0.0, 0.0, BFy, 0.0, 0.5224055909173775   , 0.8526971317990133    , BFz, 0.0, -0.8526971317990136  , 0.5224055909173767
Time, 0.208, Pos_X, 0.019697206685683994   , Pos_Y, -0.03499548756883617   , Pos_Z, -0.057638885179207865  , BFx, 1.0, 0.0, 0.0, BFy, 0.0, 0.5073620008960125   , 0.8617330213278314    , BFz, 0.0, -0.8617330213278317  , 0.5073620008960117
Time, 0.21 , Pos_X, 0.020825992751427994   , Pos_Y, -0.03667881349365031   , Pos_Z, -0.058270359748297626  , BFx, 1.0, 0.0, 0.0, BFy, 0.0, 0.4922979609412132   , 0.8704267445644818    , BFz, 0.0, -0.8704267445644822  , 0.4922979609412125
Time, 0.212, Pos_X, 0.021975544125171994   , Pos_Y, -0.03840997061980167   , Pos_Z, -0.05887182342095884   , BFx, 1.0, 0.0, 0.0, BFy, 0.0, 0.4772286408434303   , 0.8787791670031386    , BFz, 0.0, -0.8787791670031391  , 0.47722864084342953
Time, 0.214, Pos_X, 0.023144582409715994   , Pos_Y, -0.04018859487132184   , Pos_Z, -0.05944237384961522   , BFx, 1.0, 0.0, 0.0, BFy, 0.0, 0.46216705786348655  , 0.8867928792146488    , BFz, 0.0, -0.8867928792146491  , 0.4621670578634857
Time, 0.216, Pos_X, 0.024331871977059993   , Pos_Y, -0.042014291137339926  , Pos_Z, -0.059981187593470736  , BFx, 1.0, 0.0, 0.0, BFy, 0.0, 0.4471257192459072   , 0.8944711237311285    , BFz, 0.0, -0.8944711237311287  , 0.4471257192459064
Time, 0.218, Pos_X, 0.025536232827803994   , Pos_Y, -0.043886634947868076  , Pos_Z, -0.06048752045452059   , BFx, 1.0, 0.0, 0.0, BFy, 0.0, 0.43211864201215927  , 0.9018167658818307    , BFz, 0.0, -0.9018167658818311  , 0.4321186420121584
Time, 0.22 , Pos_X, 0.026756553049147997   , Pos_Y, -0.04580517454654871   , Pos_Z, -0.06096070741265614   , BFx, 1.0, 0.0, 0.0, BFy, 0.0, 0.41716337287930877  , 0.9088315137185528    , BFz, 0.0, -0.9088315137185531  , 0.41716337287930794
Time, 0.222, Pos_X, 0.027991801008692      , Pos_Y, -0.047769432453909536  , Pos_Z, -0.0614001639186688    , BFx, 1.0, 0.0, 0.0, BFy, 0.0, 0.4022830479920927   , 0.9155153462931077    , BFz, 0.0, -0.915515346293108   , 0.4022830479920918
Time, 0.224, Pos_X, 0.029241034572436      , Pos_Y, -0.049778907504346395  , Pos_Z, -0.06180539102206363   , BFx, 1.0, 0.0, 0.0, BFy, 0.0, 0.38750816499885465  , 0.9218662712450314    , BFz, 0.0, -0.9218662712450317  , 0.3875081649988538
Time, 0.226, Pos_X, 0.030503408112580004   , Pos_Y, -0.0518330789981797    , Pos_Z, -0.06217598079270631   , BFx, 1.0, 0.0, 0.0, BFy, 0.0, 0.3728775498312337   , 0.9278805595721108    , BFz, 0.0, -0.927880559572111   , 0.3728775498312329
Time, 0.228, Pos_X, 0.031778178481324006   , Pos_Y, -0.05393141072845809   , Pos_Z, -0.06251162072741834   , BFx, 1.0, 0.0, 0.0, BFy, 0.0, 0.3584387585882394   , 0.9335532423711673    , BFz, 0.0, -0.9335532423711675  , 0.3584387585882386
Time, 0.23 , Pos_X, 0.033064708490668004   , Pos_Y, -0.0560733553588235    , Pos_Z, -0.06281209923647278   , BFx, 1.0, 0.0, 0.0, BFy, 0.0, 0.3442477376780792   , 0.9388788500672076    , BFz, 0.0, -0.9388788500672076  , 0.3442477376780784
Time, 0.232, Pos_X, 0.03436246605041201    , Pos_Y, -0.058258359716211544  , Pos_Z, -0.06307731279036762   , BFx, 1.0, 0.0, 0.0, BFy, 0.0, 0.3303675983538198   , 0.9438523454216378    , BFz, 0.0, -0.943852345421638   , 0.33036759835381896
Time, 0.234, Pos_X, 0.03567102106695601    , Pos_Y, -0.06048587045431134   , Pos_Z, -0.06330727417262576   , BFx, 1.0, 0.0, 0.0, BFy, 0.0, 0.3168665301832556   , 0.9484701376688786    , BFz, 0.0, -0.9484701376688784  , 0.3168665301832547
Time, 0.236, Pos_X, 0.03699004050509999    , Pos_Y, -0.0627553403607838    , Pos_Z, -0.06350212135917814   , BFx, 1.0, 0.0, 0.0, BFy, 0.0, 0.30381521109004395  , 0.9527309785612668    , BFz, 0.0, -0.9527309785612668  , 0.30381521109004306
Time, 0.238, Pos_X, 0.03831928097744399    , Pos_Y, -0.06506623596740921   , Pos_Z, -0.06366212618861179   , BFx, 1.0, 0.0, 0.0, BFy, 0.0, 0.2912838201061216   , 0.9566366792802696    , BFz, 0.0, -0.9566366792802695  , 0.29128382010612075
Time, 0.24 , Pos_X, 0.03965857759998799    , Pos_Y, -0.06741804468354572   , Pos_Z, -0.0637877022307417    , BFx, 1.0, 0.0, 0.0, BFy, 0.0, 0.2793388113830603   , 0.9601925996669082    , BFz, 0.0, -0.9601925996669081  , 0.27933881138305955
Time, 0.242, Pos_X, 0.04100783009393199    , Pos_Y, -0.0698102812845819    , Pos_Z, -0.0638794124188493    , BFx, 1.0, 0.0, 0.0, BFy, 0.0, 0.2680400449495717   , 0.9634077715606345    , BFz, 0.0, -0.9634077715606344  , 0.2680400449495709
Time, 0.244, Pos_X, 0.04236698916827599    , Pos_Y, -0.07224249554705561   , Pos_Z, -0.06393797656084194   , BFx, 1.0, 0.0, 0.0, BFy, 0.0, 0.2574382889145537   , 0.966294741474227     , BFz, 0.0, -0.9662947414742269  , 0.257438288914553
Time, 0.246, Pos_X, 0.04373604175241999    , Pos_Y, -0.07471427931411312   , Pos_Z, -0.06396427786473624   , BFx, 1.0, 0.0, 0.0, BFy, 0.0, 0.24757317155375846  , 0.9688691989772458    , BFz, 0.0, -0.9688691989772457  , 0.24757317155375774
Time, 0.248, Pos_X, 0.045114993163363995   , Pos_Y, -0.07722527190551359   , Pos_Z, -0.06395936803647183   , BFx, 1.0, 0.0, 0.0, BFy, 0.0, 0.2384722659338118   , 0.9711493079750353    , BFz, 0.0, -0.9711493079750353  , 0.23847226593381105
Time, 0.25 , Pos_X, 0.046503847151907994   , Pos_Y, -0.07977516430812175   , Pos_Z, -0.06392447018537165   , BFx, 1.0, 0.0, 0.0, BFy, 0.0, 0.2301507552823642   , 0.9731549875754395    , BFz, 0.0, -0.9731549875754394  , 0.23015075528236348
Time, 0.252, Pos_X, 0.047902586176851995   , Pos_Y, -0.0823637025713741    , Pos_Z, -0.06386098058986028   , BFx, 1.0, 0.0, 0.0, BFy, 0.0, 0.22261220370286766  , 0.9749070759629093    , BFz, 0.0, -0.9749070759629092  , 0.22261220370286694
Time, 0.254, Pos_X, 0.049311151065196      , Pos_Y, -0.0849906901065267    , Pos_Z, -0.0637704697536074    , BFx, 1.0, 0.0, 0.0, BFy, 0.0, 0.21585016244459682  , 0.9764264987046584    , BFz, 0.0, -0.9764264987046583  , 0.21585016244459607
Time, 0.256, Pos_X, 0.05072942080374       , Pos_Y, -0.08765598906932101   , Pos_Z, -0.06365468229778166   , BFx, 1.0, 0.0, 0.0, BFy, 0.0, 0.2098496450504501   , 0.9777336684763379    , BFz, 0.0, -0.9777336684763377  , 0.2098496450504493
Time, 0.258, Pos_X, 0.052157193029884      , Pos_Y, -0.0903595213233866    , Pos_Z, -0.06351553521937832   , BFx, 1.0, 0.0, 0.0, BFy, 0.0, 0.20458897621055208  , 0.9788479712463605    , BFz, 0.0, -0.9788479712463604  , 0.2045889762105513
Time, 0.26 , Pos_X, 0.053594166010628004   , Pos_Y, -0.09310126856745378   , Pos_Z, -0.06335511383855737   , BFx, 1.0, 0.0, 0.0, BFy, 0.0, 0.20004194678433318  , 0.9797873338264441    , BFz, 0.0, -0.979787333826444   , 0.2000419467843324
Time, 0.262, Pos_X, 0.055039920459172005   , Pos_Y, -0.09588126739453959   , Pos_Z, -0.06317566665851922   , BFx, 1.0, 0.0, 0.0, BFy, 0.0, 0.19617948875682548  , 0.9805680028387159    , BFz, 0.0, -0.9805680028387159  , 0.19617948875682464
Time, 0.264, Pos_X, 0.056493902924516004   , Pos_Y, -0.09869960157719344   , Pos_Z, -0.06297959887175113   , BFx, 1.0, 0.0, 0.0, BFy, 0.0, 0.19297101566927147  , 0.9812044573439153    , BFz, 0.0, -0.9812044573439153  , 0.19297101566927063
Time, 0.266, Pos_X, 0.05795541299306001    , Pos_Y, -0.10155639731375131   , Pos_Z, -0.06276946382294513   , BFx, 1.0, 0.0, 0.0, BFy, 0.0, 0.19038531244563495  , 0.9817094441865045    , BFz, 0.0, -0.9817094441865045  , 0.19038531244563411
Time, 0.268, Pos_X, 0.05942359209000401    , Pos_Y, -0.10445182076486553   , Pos_Z, -0.06254795364427457   , BFx, 1.0, 0.0, 0.0, BFy, 0.0, 0.18839086509202693  , 0.9820941309008396    , BFz, 0.0, -0.9820941309008396  , 0.18839086509202607
Time, 0.27 , Pos_X, 0.06089741303034801    , Pos_Y, -0.10738607491764829   , Pos_Z, -0.06231788950366077   , BFx, 1.0, 0.0, 0.0, BFy, 0.0, 0.1869557948367819   , 0.9823683274500176    , BFz, 0.0, -0.9823683274500176  , 0.18695579483678107
Time, 0.272, Pos_X, 0.062375672496092015   , Pos_Y, -0.11035939490589974   , Pos_Z, -0.06208221035408089   , BFx, 1.0, 0.0, 0.0, BFy, 0.0, 0.18604779960437337  , 0.9825406944561478    , BFz, 0.0, -0.9825406944561476  , 0.18604779960437257
Time, 0.274, Pos_X, 0.06385698514893602    , Pos_Y, -0.11337204159296055   , Pos_Z, -0.06184396249467239   , BFx, 1.0, 0.0, 0.0, BFy, 0.0, 0.1856338556414146   , 0.982618985995946     , BFz, 0.0, -0.9826189859959457  , 0.1856338556414138
Time, 0.276, Pos_X, 0.06533978171710002    , Pos_Y, -0.11642429365228697   , Pos_Z, -0.061606287201304295  , BFx, 1.0, 0.0, 0.0, BFy, 0.0, 0.18568001936584153  , 0.9826102637405635    , BFz, 0.0, -0.982610263740563   , 0.18568001936584072
Time, 0.278, Pos_X, 0.06682231133108402    , Pos_Y, -0.11951643832862537   , Pos_Z, -0.061372404932330385  , BFx, 1.0, 0.0, 0.0, BFy, 0.0, 0.1861513893761853   , 0.9825210736840787    , BFz, 0.0, -0.9825210736840782  , 0.1861513893761845
Time, 0.28 , Pos_X, 0.06830264370234802    , Pos_Y, -0.12264875995627346   , Pos_Z, -0.061145600615774245  , BFx, 1.0, 0.0, 0.0, BFy, 0.0, 0.1870123043695472   , 0.9823575713630913    , BFz, 0.0, -0.9823575713630908  , 0.18701230436954638
Time, 0.282, Pos_X, 0.06977867430389198    , Pos_Y, -0.1258215283494371    , Pos_Z, -0.06092920953579935   , BFx, 1.0, 0.0, 0.0, BFy, 0.0, 0.1882268727302037   , 0.9821255746503126    , BFz, 0.0, -0.9821255746503118  , 0.1882268727302029
Time, 0.284, Pos_X, 0.07124813179603598    , Pos_Y, -0.12903498891109966   , Pos_Z, -0.06072660278797812   , BFx, 1.0, 0.0, 0.0, BFy, 0.0, 0.18975930789272347  , 0.981830639707314     , BFz, 0.0, -0.9818306397073131  , 0.18975930789272263
Time, 0.286, Pos_X, 0.07270858786097999    , Pos_Y, -0.13228935455389465   , Pos_Z, -0.06054117201545226   , BFx, 1.0, 0.0, 0.0, BFy, 0.0, 0.19157486305897206  , 0.9814780037494143    , BFz, 0.0, -0.9814780037494133  , 0.19157486305897123
Time, 0.288, Pos_X, 0.07415746974812398    , Pos_Y, -0.13558479846015792   , Pos_Z, -0.0603763144044003    , BFx, 1.0, 0.0, 0.0, BFy, 0.0, 0.19364051490958661  , 0.9810725513363164    , BFz, 0.0, -0.9810725513363153  , 0.1936405149095858
Time, 0.29 , Pos_X, 0.07559207365106799    , Pos_Y, -0.13892144690663394   , Pos_Z, -0.06023541845031995   , BFx, 1.0, 0.0, 0.0, BFy, 0.0, 0.19592594725310647  , 0.9806186940870399    , BFz, 0.0, -0.9806186940870388  , 0.19592594725310566
Time, 0.292, Pos_X, 0.07700958018561199    , Pos_Y, -0.14229937175229507   , Pos_Z, -0.060121849584806736  , BFx, 1.0, 0.0, 0.0, BFy, 0.0, 0.19840418562981552  , 0.9801202880894611    , BFz, 0.0, -0.98012028808946    , 0.1984041856298147
Time, 0.294, Pos_X, 0.078407072837356      , Pos_Y, -0.14571858268350127   , Pos_Z, -0.06003893529446098   , BFx, 1.0, 0.0, 0.0, BFy, 0.0, 0.20105172722363146  , 0.9795806260744405    , BFz, 0.0, -0.9795806260744394  , 0.20105172722363066
Time, 0.296, Pos_X, 0.0797815578563        , Pos_Y, -0.14917901914163215   , Pos_Z, -0.05998995010735878   , BFx, 1.0, 0.0, 0.0, BFy, 0.0, 0.20384828662117102  , 0.9790024903143052    , BFz, 0.0, -0.9790024903143042  , 0.20384828662117022
Time, 0.298, Pos_X, 0.08112998476064401    , Pos_Y, -0.15268054335519474   , Pos_Z, -0.059978101166780824  , BFx, 1.0, 0.0, 0.0, BFy, 0.0, 0.20677632227681617  , 0.9783882422360115    , BFz, 0.0, -0.9783882422360106  , 0.20677632227681536
Time, 0.3  , Pos_X, 0.08244926765238801    , Pos_Y, -0.15622293658859104   , Pos_Z, -0.060006514953669585  , BFx, 1.0, 0.0, 0.0, BFy, 0.0, 0.2098203250777654   , 0.9777399609222582    , BFz, 0.0, -0.9777399609222575  , 0.20982032507776457
Time, 0.302, Pos_X, 0.08373630705213202    , Pos_Y, -0.15980589743817847   , Pos_Z, -0.06007822545867173   , BFx, 1.0, 0.0, 0.0, BFy, 0.0, 0.2129656993213077   , 0.9770596762289316    , BFz, 0.0, -0.9770596762289309  , 0.2129656993213069
Time, 0.304, Pos_X, 0.08498801064587602    , Pos_Y, -0.16342903959003294   , Pos_Z, -0.06019616392015631   , BFx, 1.0, 0.0, 0.0, BFy, 0.0, 0.21619733419270262  , 0.9763496877082346    , BFz, 0.0, -0.9763496877082338  , 0.21619733419270182
Time, 0.306, Pos_X, 0.08620131222362003    , Pos_Y, -0.16709189076804362   , Pos_Z, -0.06036314957740143   , BFx, 1.0, 0.0, 0.0, BFy, 0.0, 0.21949814026512873  , 0.9756129183339817    , BFz, 0.0, -0.9756129183339809  , 0.21949814026512793
Time, 0.308, Pos_X, 0.08737318937536404    , Pos_Y, -0.17079389261699357   , Pos_Z, -0.06058188166662874   , BFx, 1.0, 0.0, 0.0, BFy, 0.0, 0.22284800417136805  , 0.9748532028140627    , BFz, 0.0, -0.974853202814062   , 0.22284800417136724
Time, 0.31 , Pos_X, 0.08850068078510803    , Pos_Y, -0.17453440135722684   , Pos_Z, -0.06085493253100643   , BFx, 1.0, 0.0, 0.0, BFy, 0.0, 0.226223475965368    , 0.9740754277375776    , BFz, 0.0, -0.9740754277375768  , 0.22622347596536718
Time, 0.312, Pos_X, 0.08958090348085203    , Pos_Y, -0.17831269272496728   , Pos_Z, -0.06118474226900976   , BFx, 1.0, 0.0, 0.0, BFy, 0.0, 0.22959745304467485  , 0.973285677257914     , BFz, 0.0, -0.9732856772579134  , 0.22959745304467402
Time, 0.314, Pos_X, 0.09061106947859603    , Pos_Y, -0.18212797111235837   , Pos_Z, -0.06157361477648511   , BFx, 1.0, 0.0, 0.0, BFy, 0.0, 0.23293938868684486  , 0.9724912550754361    , BFz, 0.0, -0.9724912550754353  , 0.23293938868684405
Time, 0.316, Pos_X, 0.09158849948634003    , Pos_Y, -0.1859793803564383    , Pos_Z, -0.06202371594311184   , BFx, 1.0, 0.0, 0.0, BFy, 0.0, 0.2362160667589233   , 0.9717005556265477    , BFz, 0.0, -0.971700555626547   , 0.23621606675892245
Time, 0.318, Pos_X, 0.09251063384408403    , Pos_Y, -0.18986601465627656   , Pos_Z, -0.06253707380376394   , BFx, 1.0, 0.0, 0.0, BFy, 0.0, 0.2393928479586571   , 0.970922790105496     , BFz, 0.0, -0.9709227901054952  , 0.23939284795865626
Time, 0.32 , Pos_X, 0.09337504129382804    , Pos_Y, -0.19378692906987136   , Pos_Z, -0.06311557934991144   , BFx, 1.0, 0.0, 0.0, BFy, 0.0, 0.24243482438492273  , 0.9701676947442895    , BFz, 0.0, -0.9701676947442889  , 0.2424348243849219
Time, 0.322, Pos_X, 0.09417942463357204    , Pos_Y, -0.19774115012064467   , Pos_Z, -0.0637609883142431    , BFx, 1.0, 0.0, 0.0, BFy, 0.0, 0.2453081581386005   , 0.9694451544830396    , BFz, 0.0, -0.969445154483039   , 0.24530815813859966
Time, 0.324, Pos_X, 0.09492162359131603    , Pos_Y, -0.2017276867735424    , Pos_Z, -0.06447492422964897   , BFx, 1.0, 0.0, 0.0, BFy, 0.0, 0.24798131557134068  , 0.96876481517833      , BFz, 0.0, -0.9687648151783294  , 0.2479813155713399
Time, 0.326, Pos_X, 0.09559961573706004    , Pos_Y, -0.20574554201560372   , Pos_Z, -0.06525888378520359   , BFx, 1.0, 0.0, 0.0, BFy, 0.0, 0.25042585772790216  , 0.9681357806533344    , BFz, 0.0, -0.9681357806533336  , 0.2504258577279013
Time, 0.328, Pos_X, 0.09621151723080404    , Pos_Y, -0.20979372582070915   , Pos_Z, -0.06611424351066479   , BFx, 1.0, 0.0, 0.0, BFy, 0.0, 0.2526170036014096   , 0.9675663540509466    , BFz, 0.0, -0.9675663540509458  , 0.25261700360140876
Time, 0.33 , Pos_X, 0.09675558137254804    , Pos_Y, -0.21387126800277093   , Pos_Z, -0.06704226890832081   , BFx, 1.0, 0.0, 0.0, BFy, 0.0, 0.2545338517133338   , 0.9670638646604323    , BFz, 0.0, -0.9670638646604314  , 0.254533851713333
Time, 0.332, Pos_X, 0.09723019368429205    , Pos_Y, -0.2179772307412426    , Pos_Z, -0.06804412374338596   , BFx, 1.0, 0.0, 0.0, BFy, 0.0, 0.2561590483282844   , 0.9666346476097079    , BFz, 0.0, -0.966634647609707   , 0.2561590483282836
