Time, 0, Pos_X, 0.0, Pos_Y, 0.0, Pos_Z, 0.0, BFx, 1.0, 0.0, 0.0,                         BFy, 0.0, 1.0, 0.0, BFz, 0.0, 0.0, 1.0
Time, 0.0, Pos_X, 0.0, Pos_Y, 0.0, Pos_Z, 0.0, BFx, 1.0, 0.0, 0.0,                             BFy, 0.0, 1.0, 0.0, BFz, 0.0, 0.0, 1.0
Time, 0.002, Pos_X, -3.0373947999999997e-06, Pos_Y, -8.386845246252562e-07, Pos_Z, -4.398347283653858e-06, BFx, 1.0, 0.0, 0.0,                             BFy, 0.0, 0.9999875312883404, 0.004993722844799732, BFz, 0.0, -0.004993722844799732, 0.9999875312883404
Time, 0.004, Pos_X, -1.2044730799999998e-05, Pos_Y, -3.2852475666881235e-06, Pos_Z, -1.7682296132454094e-05, BFx, 1.0, 0.0, 0.0,                             BFy, 0.0, 0.9999492370538059, 0.010075877902788742, BFz, 0.0, -0.01007587790278874, 0.9999492370538059
Time, 0.006, Pos_X, -2.6810787999999998e-05, Pos_Y, -7.19906001951428e-06, Pos_Z, -4.003884194878732e-05, BFx, 1.0, 0.0, 0.0,                             BFy, 0.0, 0.9998836199600581, 0.015256032759880312, BFz, 0.0, -0.01525603275988031, 0.999883619960058
Time, 0.008, Pos_X, -4.712203759999999e-05, Pos_Y, -1.2436331129506923e-05, Pos_Z, -7.167428450070542e-05, BFx, 1.0, 0.0, 0.0,                             BFy, 0.0, 0.9997889403593264, 0.02054445752935738, BFz, 0.0, -0.020544457529357376, 0.9997889403593264
Time, 0.01, Pos_X, -7.276404159999998e-05, Pos_Y, -1.885049320686897e-05, Pos_Z, -0.0001128158594033131, BFx, 1.0, 0.0, 0.0,                             BFy, 0.0, 0.9996631893231084, 0.025952030987030774, BFz, 0.0, -0.02595203098703077, 0.9996631893231084
Time, 0.012, Pos_X, -0.00010352315279999998, Pos_Y, -2.6292334187165603e-05, Pos_Z, -0.00016371296878126072, BFx, 1.0, 0.0, 0.0,                             BFy, 0.0, 0.9995040727837368, 0.03148981563494765, BFz, 0.0, -0.03148981563494764, 0.9995040727837368
Time, 0.014, Pos_X, -0.00013918923639999998, Pos_Y, -3.4610253418579316e-05, Pos_Z, -0.00022463803072558434, BFx, 1.0, 0.0, 0.0,                             BFy, 0.0, 0.999308999582936, 0.03716884922286866, BFz, 0.0, -0.037168849222868644, 0.9993089995829358
Time, 0.016, Pos_X, -0.00017955838579999998, Pos_Y, -4.3650663671504584e-05, Pos_Z, -0.0002958866964208702, BFx, 1.0, 0.0, 0.0,                             BFy, 0.0, 0.9990750700959231, 0.04300005014912276, BFz, 0.0, -0.04300005014912274, 0.999075070095923
Time, 0.018, Pos_X, -0.00022443539659999995, Pos_Y, -5.325832069862089e-05, Pos_Z, -0.0003777774682544251, BFx, 1.0, 0.0, 0.0,                             BFy, 0.0, 0.998799068144396, 0.048994096316665355, BFz, 0.0, -0.048994096316665334, 0.998799068144396
Time, 0.02, Pos_X, -0.000273636899, Pos_Y, -6.32772531311766e-05, Pos_Z, -0.00047065113164256023, BFx, 1.0, 0.0, 0.0,                             BFy, 0.0, 0.9984774657892529, 0.05516113043685753, BFz, 0.0, -0.05516113043685751, 0.9984774657892529
Time, 0.022, Pos_X, -0.00032699483019999994, Pos_Y, -7.35514781578955e-05, Pos_Z, -0.0005748696103884546, BFx, 1.0, 0.0, 0.0,                             BFy, 0.0, 0.9981064108955694, 0.06151091390286636, BFz, 0.0, -0.06151091390286633, 0.9981064108955694
Time, 0.024, Pos_X, -0.00038436009892, Pos_Y, -8.39254930127702e-05, Pos_Z, -0.0006908141277579816, BFx, 1.0, 0.0, 0.0,                             BFy, 0.0, 0.9976817063845504, 0.06805301422870841, BFz, 0.0, -0.06805301422870838, 0.9976817063845506
Time, 0.026, Pos_X, -0.0004456061965599999, Pos_Y, -9.424486402598086e-05, Pos_Z, -0.0008188831273311715, BFx, 1.0, 0.0, 0.0,                             BFy, 0.0, 0.9971987878386113, 0.07479690858053877, BFz, 0.0, -0.07479690858053875, 0.9971987878386114
Time, 0.028, Pos_X, -0.0005106324384799999, Pos_Y, -0.00010435677958101811, Pos_Z, -0.0009594897183141033, BFx, 1.0, 0.0, 0.0,                             BFy, 0.0, 0.9966523172981815, 0.08175670262532733, BFz, 0.0, -0.08175670262532733, 0.9966523172981816
Time, 0.03, Pos_X, -0.0005793666392199998, Pos_Y, -0.0001141108405568507, Pos_Z, -0.0011130580971184716, BFx, 1.0, 0.0, 0.0,                             BFy, 0.0, 0.9960369210591888, 0.08894072119637968, BFz, 0.0, -0.08894072119637966, 0.9960369210591891
Time, 0.032, Pos_X, -0.0006517673700999999, Pos_Y, -0.00012335999975213372, Pos_Z, -0.0012800191619877484, BFx, 1.0, 0.0, 0.0,                             BFy, 0.0, 0.9953466936116119, 0.09635849478086003, BFz, 0.0, -0.09635849478086003, 0.9953466936116121
Time, 0.034, Pos_X, -0.00072782550898, Pos_Y, -0.0001319617339670366, Pos_Z, -0.001460805552426001, BFx, 1.0, 0.0, 0.0,                             BFy, 0.0, 0.9945751809093122, 0.10402023610437626, BFz, 0.0, -0.10402023610437627, 0.9945751809093125
Time, 0.036, Pos_X, -0.0008075653614599998, Pos_Y, -0.00013977924980725556, Pos_Z, -0.0016558465276539564, BFx, 1.0, 0.0, 0.0,                             BFy, 0.0, 0.9937153719814202, 0.11193640823176591, BFz, 0.0, -0.11193640823176593, 0.9937153719814207
Time, 0.038, Pos_X, -0.0008910450317399999, Pos_Y, -0.00014668300188478315, Pos_Z, -0.001865562704371442, BFx, 1.0, 0.0, 0.0,                             BFy, 0.0, 0.992759722749016, 0.12011716316704392, BFz, 0.0, -0.12011716316704395, 0.9927597227490164
Time, 0.04, Pos_X, -0.00097835568402, Pos_Y, -0.0001525519485869123, Pos_Z, -0.0020903602311767274, BFx, 1.0, 0.0, 0.0,                             BFy, 0.0, 0.9917001791940502, 0.128571982120873, BFz, 0.0, -0.128571982120873, 0.9917001791940504
Time, 0.042, Pos_X, -0.0010696200667, Pos_Y, -0.00015727435854792486, Pos_Z, -0.0023306249664950696, BFx, 1.0, 0.0, 0.0,                             BFy, 0.0, 0.9905282146840679, 0.1373093438728579, BFz, 0.0, -0.13730934387285795, 0.9905282146840682
Time, 0.044, Pos_X, -0.0011649902771799997, Pos_Y, -0.00016074855257022547, Pos_Z, -0.002586717018401687, BFx, 1.0, 0.0, 0.0,                             BFy, 0.0, 0.9892349023210382, 0.1463362840511124, BFz, 0.0, -0.1463362840511125, 0.9892349023210385
Time, 0.046, Pos_X, -0.0012646448836599999, Pos_Y, -0.00016288343028534084, Pos_Z, -0.0028589653576781633, BFx, 1.0, 0.0, 0.0,                             BFy, 0.0, 0.9878109994025484, 0.15565805298583335, BFz, 0.0, -0.15565805298583343, 0.9878109994025487
Time, 0.048, Pos_X, -0.00136878452194, Pos_Y, -0.00016359948353422972, Pos_Z, -0.0031476630147770383, BFx, 1.0, 0.0, 0.0,                             BFy, 0.0, 0.9862469605583617, 0.1652783494272461, BFz, 0.0, -0.16527834942724615, 0.9862469605583621
Time, 0.05, Pos_X, -0.00147762634942, Pos_Y, -0.00016283000413007637, Pos_Z, -0.0034530627304887197, BFx, 1.0, 0.0, 0.0,                             BFy, 0.0, 0.9845329216864243, 0.17519967498712655, BFz, 0.0, -0.17519967498712657, 0.9845329216864247
Time, 0.052, Pos_X, -0.0015913979894999998, Pos_Y, -0.00016052236791318564, Pos_Z, -0.0037753730291464793, BFx, 1.0, 0.0, 0.0,                             BFy, 0.0, 0.9826586549940286, 0.1854237518909826, BFz, 0.0, -0.18542375189098265, 0.9826586549940289
Time, 0.054, Pos_X, -0.0017103314123799998, Pos_Y, -0.00015663915925025882, Pos_Z, -0.00411475524898397, BFx, 1.0, 0.0, 0.0,                             BFy, 0.0, 0.980613506106768, 0.1959519115522833, BFz, 0.0, -0.19595191155228336, 0.9806135061067682
Time, 0.056, Pos_X, -0.0018346565132599999, Pos_Y, -0.00015115381627806693, Pos_Z, -0.0044713265103039634, BFx, 1.0, 0.0, 0.0,                             BFy, 0.0, 0.9783862163151796, 0.206785907944591, BFz, 0.0, -0.2067859079445911, 0.9783862163151797
Time, 0.058, Pos_X, -0.00196459449794, Pos_Y, -0.00014405329783320967, Pos_Z, -0.004845154923994569, BFx, 1.0, 0.0, 0.0,                             BFy, 0.0, 0.9759648136824948, 0.21792815892788117, BFz, 0.0, -0.21792815892788123, 0.9759648136824949
Time, 0.06, Pos_X, -0.00210035078742, Pos_Y, -0.00013534605382752122, Pos_Z, -0.005236250552034403, BFx, 1.0, 0.0, 0.0,                             BFy, 0.0, 0.9733365144894165, 0.2293818422665498, BFz, 0.0, -0.22938184226654987, 0.9733365144894167
Time, 0.062, Pos_X, -0.0022421094775, Pos_Y, -0.00012506209472280062, Pos_Z, -0.005644567164069396, BFx, 1.0, 0.0, 0.0,                             BFy, 0.0, 0.9704876478646063, 0.24115083525094094, BFz, 0.0, -0.24115083525094103, 0.9704876478646066
Time, 0.064, Pos_X, -0.00239003082758, Pos_Y, -0.00011325241838105015, Pos_Z, -0.006070004158667375, BFx, 1.0, 0.0, 0.0,                             BFy, 0.0, 0.9674035988180323, 0.25323956443242107, BFz, 0.0, -0.2532395644324211, 0.9674035988180327
Time, 0.066, Pos_X, -0.0025442464108600005, Pos_Y, -9.998834775716724e-05, Pos_Z, -0.0065124062305354094, BFx, 1.0, 0.0, 0.0,                             BFy, 0.0, 0.9640687363738629, 0.2656529155618393, BFz, 0.0, -0.2656529155618393, 0.9640687363738634
Time, 0.068, Pos_X, -0.0027048517807400007, Pos_Y, -8.536119216954357e-05, Pos_Z, -0.006971562020270724, BFx, 1.0, 0.0, 0.0,                             BFy, 0.0, 0.9604663928503562, 0.2783959557986204, BFz, 0.0, -0.27839595579862053, 0.9604663928503566
Time, 0.07, Pos_X, -0.0028719029030200008, Pos_Y, -6.948176801145061e-05, Pos_Z, -0.007447203116023363, BFx, 1.0, 0.0, 0.0,                             BFy, 0.0, 0.9565789036631128, 0.29147349976743936, BFz, 0.0, -0.2914734997674394, 0.9565789036631133
Time, 0.072, Pos_X, -0.0030454160729, Pos_Y, -5.247892473039334e-05, Pos_Z, -0.007939003660380006, BFx, 1.0, 0.0, 0.0,                             BFy, 0.0, 0.9523876741315432, 0.30488968195449256, BFz, 0.0, -0.3048896819544926, 0.9523876741315437
Time, 0.074, Pos_X, -0.00322536429158, Pos_Y, -3.44993440912089e-05, Pos_Z, -0.008446580817996893, BFx, 1.0, 0.0, 0.0,                             BFy, 0.0, 0.9478731771751372, 0.31864783067190855, BFz, 0.0, -0.3186478306719086, 0.9478731771751376
Time, 0.076, Pos_X, -0.00341166991846, Pos_Y, -1.570900725114685e-05, Pos_Z, -0.008969496338680332, BFx, 1.0, 0.0, 0.0,                             BFy, 0.0, 0.9430151103103617, 0.3327499086796851, BFz, 0.0, -0.3327499086796852, 0.9430151103103621
Time, 0.078, Pos_X, -0.00360420200594, Pos_Y, 3.7067742364585565e-06, Pos_Z, -0.009507258503338887, BFx, 1.0, 0.0, 0.0,                             BFy, 0.0, 0.9377925135730258, 0.34719620027642617, BFz, 0.0, -0.34719620027642634, 0.9377925135730264
Time, 0.08, Pos_X, -0.0038027781178200004, Pos_Y, 2.3545379049040537e-05, Pos_Z, -0.010059324642999206, BFx, 1.0, 0.0, 0.0,                             BFy, 0.0, 0.9321839204735939, 0.3619849974936562, BFz, 0.0, -0.36198499749365637, 0.9321839204735944
Time, 0.082, Pos_X, -0.0040071643397000005, Pos_Y, 4.358887897696821e-05, Pos_Z, -0.010625103874774762, BFx, 1.0, 0.0, 0.0,                             BFy, 0.0, 0.9261675520818651, 0.37711227170524125, BFz, 0.0, -0.3771122717052415, 0.9261675520818656
Time, 0.084, Pos_X, -0.0042170751419800005, Pos_Y, 6.360614177625099e-05, Pos_Z, -0.011203959364652342, BFx, 1.0, 0.0, 0.0,                             BFy, 0.0, 0.9197214435976293, 0.3925716064448557, BFz, 0.0, -0.3925716064448559, 0.9197214435976298
Time, 0.086, Pos_X, -0.004432173443859999, Pos_Y, 8.335530892669827e-05, Pos_Z, -0.011795208824483509, BFx, 1.0, 0.0, 0.0,                             BFy, 0.0, 0.9128235682262821, 0.40835417628651716, BFz, 0.0, -0.4083541762865175, 0.9128235682262826
Time, 0.088, Pos_X, -0.004652070595339999, Pos_Y, 0.00010258667192596774, Pos_Z, -0.012398123658466166, BFx, 1.0, 0.0, 0.0,                             BFy, 0.0, 0.9054519551121526, 0.4244487683850458, BFz, 0.0, -0.42444876838504614, 0.9054519551121533
Time, 0.09, Pos_X, -0.004876327044819999, Pos_Y, 0.00012104574138154667, Pos_Z, -0.01301192886756777, BFx, 1.0, 0.0, 0.0,                             BFy, 0.0, 0.8975847373633852, 0.4408419663011959, BFz, 0.0, -0.44084196630119615, 0.8975847373633858
Time, 0.092, Pos_X, -0.005104453177099999, Pos_Y, 0.0001384763665873302, Pos_Z, -0.01363580472617288, BFx, 1.0, 0.0, 0.0,                             BFy, 0.0, 0.8892001098321753, 0.45751848560954256, BFz, 0.0, -0.45751848560954284, 0.8892001098321758
Time, 0.094, Pos_X, -0.005335911376379999, Pos_Y, 0.000154624510513229, Pos_Z, -0.014268890273343028, BFx, 1.0, 0.0, 0.0,                             BFy, 0.0, 0.8802762923389351, 0.47446143062004476, BFz, 0.0, -0.4744614306200451, 0.8802762923389356
Time, 0.096, Pos_X, -0.005570118474919999, Pos_Y, 0.00016924149795757463, Pos_Z, -0.014910288733665629, BFx, 1.0, 0.0, 0.0,                             BFy, 0.0, 0.8707914338399222, 0.49165259965855423, BFz, 0.0, -0.49165259965855457, 0.8707914338399225
Time, 0.098, Pos_X, -0.005806446579579999, Pos_Y, 0.00018208509811379583, Pos_Z, -0.015559075176347815, BFx, 1.0, 0.0, 0.0,                             BFy, 0.0, 0.8607236497986657, 0.5090724886273726, BFz, 0.0, -0.5090724886273728, 0.860723649798666
Time, 0.1, Pos_X, -0.006044223931819999, Pos_Y, 0.00019292011679828216, Pos_Z, -0.016214303248201514, BFx, 1.0, 0.0, 0.0,                             BFy, 0.0, 0.8500509935222207, 0.5267003972011869, BFz, 0.0, -0.5267003972011871, 0.850050993522221
Time, 0.102, Pos_X, -0.006282738480569998, Pos_Y, 0.0002015201409795427, Pos_Z, -0.016875010262050138, BFx, 1.0, 0.0, 0.0,                             BFy, 0.0, 0.8387516204196591, 0.5445142048132435, BFz, 0.0, -0.5445142048132438, 0.8387516204196593
Time, 0.104, Pos_X, -0.006521242873829999, Pos_Y, 0.00020766938167043542, Pos_Z, -0.017540221979434428, BFx, 1.0, 0.0, 0.0,                             BFy, 0.0, 0.8268040576232598, 0.5624900446209834, BFz, 0.0, -0.5624900446209836, 0.8268040576232599
Time, 0.106, Pos_X, -0.006758959665069999, Pos_Y, 0.00021116382724554577, Pos_Z, -0.018208957349661964, BFx, 1.0, 0.0, 0.0,                             BFy, 0.0, 0.8141876088262102, 0.5806018753275438, BFz, 0.0, -0.5806018753275441, 0.8141876088262103
Time, 0.108, Pos_X, -0.0069950876006699995, Pos_Y, 0.00021181248994858802, Pos_Z, -0.018880233542968892, BFx, 1.0, 0.0, 0.0,                             BFy, 0.0, 0.8008827704625429, 0.5988211652707716, BFz, 0.0, -0.5988211652707719, 0.800882770462543
Time, 0.11, Pos_X, -0.00722880871397, Pos_Y, 0.00020943810944742795, Pos_Z, -0.019553070638315018, BFx, 1.0, 0.0, 0.0,                             BFy, 0.0, 0.7868717343826113, 0.6171165802583038, BFz, 0.0, -0.6171165802583042, 0.7868717343826116
Time, 0.112, Pos_X, -0.00745929509647, Pos_Y, 0.00020387673794207526, Pos_Z, -0.020226495598915133, BFx, 1.0, 0.0, 0.0,                             BFy, 0.0, 0.772138816647012, 0.6354538911887742, BFz, 0.0, -0.6354538911887744, 0.7721388166470122
Time, 0.114, Pos_X, -0.00768571720117, Pos_Y, 0.00019497745278360674, Pos_Z, -0.020899545608605744, BFx, 1.0, 0.0, 0.0,                             BFy, 0.0, 0.7566707239334617, 0.6537961574848945, BFz, 0.0, -0.6537961574848948, 0.7566707239334619
Time, 0.116, Pos_X, -0.007907253720470001, Pos_Y, 0.000182602697628413, Pos_Z, -0.021571271049694644, BFx, 1.0, 0.0, 0.0,                             BFy, 0.0, 0.7404568335393586, 0.6721039187989223, BFz, 0.0, -0.6721039187989227, 0.7404568335393591
Time, 0.118, Pos_X, -0.00812310136317, Pos_Y, 0.0001666282426218798, Pos_Z, -0.02224073895194396, BFx, 1.0, 0.0, 0.0,                             BFy, 0.0, 0.7234893059525461, 0.6903355880818437, BFz, 0.0, -0.6903355880818441, 0.7234893059525465
Time, 0.12, Pos_X, -0.00833248500547, Pos_Y, 0.00014694201337611467, Pos_Z, -0.022907037124766483, BFx, 1.0, 0.0, 0.0,                             BFy, 0.0, 0.7057631494761091, 0.7084478645896009, BFz, 0.0, -0.7084478645896013, 0.7057631494761094
Time, 0.122, Pos_X, -0.00853466800377, Pos_Y, 0.00012344191274753284, Pos_Z, -0.023569278005043288, BFx, 1.0, 0.0, 0.0,                             BFy, 0.0, 0.6872762972076982, 0.7263960980735498, BFz, 0.0, -0.7263960980735503, 0.6872762972076986
Time, 0.124, Pos_X, -0.008728961954670001, Pos_Y, 9.603344568695736e-05, Pos_Z, -0.02422660197663602, BFx, 1.0, 0.0, 0.0,                             BFy, 0.0, 0.6680295955473292, 0.7441347051931354, BFz, 0.0, -0.7441347051931358, 0.6680295955473295
Time, 0.126, Pos_X, -0.008914736459770001, Pos_Y, 6.462741184409969e-05, Pos_Z, -0.024878179894742572, BFx, 1.0, 0.0, 0.0,                             BFy, 0.0, 0.6480268242012555, 0.7616175123483164, BFz, 0.0, -0.7616175123483171, 0.6480268242012559
Time, 0.128, Pos_X, -0.00909142879027, Pos_Y, 2.9137167641608483e-05, Pos_Z, -0.02552321511623096, BFx, 1.0, 0.0, 0.0,                             BFy, 0.0, 0.6272747915160273, 0.7787980071421134, BFz, 0.0, -0.7787980071421141, 0.6272747915160278
Time, 0.13, Pos_X, -0.009258553083170001, Pos_Y, -1.0523407030825888e-05, Pos_Z, -0.0261609451881733, BFx, 1.0, 0.0, 0.0,                             BFy, 0.0, 0.6057833602162362, 0.7956296377618979, BFz, 0.0, -0.7956296377618985, 0.6057833602162368
Time, 0.132, Pos_X, -0.00941570897487, Pos_Y, -5.444209469105705e-05, Pos_Z, -0.026790642917188044, BFx, 1.0, 0.0, 0.0,                             BFy, 0.0, 0.583565450841673, 0.8120661085059258, BFz, 0.0, -0.8120661085059265, 0.5835654508416737
Time, 0.134, Pos_X, -0.009562588730170001, Pos_Y, -0.00010271089342012691, Pos_Z, -0.02741161679700034, BFx, 1.0, 0.0, 0.0,                             BFy, 0.0, 0.5606366979066253, 0.8280618895712796, BFz, 0.0, -0.8280618895712806, 0.560636697906626
Time, 0.136, Pos_X, -0.009698982461670001, Pos_Y, -0.00015542726435443589, Pos_Z, -0.028023210039623846, BFx, 1.0, 0.0, 0.0,                             BFy, 0.0, 0.5370153096220833, 0.8435724967253856, BFz, 0.0, -0.8435724967253866, 0.5370153096220839
Time, 0.138, Pos_X, -0.00982478155457, Pos_Y, -0.00021269513361331862, Pos_Z, -0.028624798587734288, BFx, 1.0, 0.0, 0.0,                             BFy, 0.0, 0.5127215937724734, 0.8585549296809246, BFz, 0.0, -0.8585549296809257, 0.512721593772474
Time, 0.14, Pos_X, -0.009939980459470001, Pos_Y, -0.00027462695450660205, Pos_Z, -0.029215789407256585, BFx, 1.0, 0.0, 0.0,                             BFy, 0.0, 0.4877772808923587, 0.8729681118146638, BFz, 0.0, -0.8729681118146649, 0.48777728089235933
Time, 0.142, Pos_X, -0.01004467795497, Pos_Y, -0.00034134645365226844, Pos_Z, -0.029795618940677945, BFx, 1.0, 0.0, 0.0,                             BFy, 0.0, 0.46220500172921175, 0.8867731030971235, BFz, 0.0, -0.8867731030971246, 0.46220500172921225
Time, 0.144, Pos_X, -0.010139078677070002, Pos_Y, -0.0004129911052668694, Pos_Z, -0.030363751709739546, BFx, 1.0, 0.0, 0.0,                             BFy, 0.0, 0.4360275946500282, 0.899933295696805, BFz, 0.0, -0.8999332956968064, 0.43602759465002866
Time, 0.146, Pos_X, -0.010223492028570001, Pos_Y, -0.0004897139117316251, Pos_Z, -0.030919678762693147, BFx, 1.0, 0.0, 0.0,                             BFy, 0.0, 0.4092676453438069, 0.912414376516908, BFz, 0.0, -0.9124143765169094, 0.4092676453438072
Time, 0.148, Pos_X, -0.01029832604187, Pos_Y, -0.0005716838705375953, Pos_Z, -0.03146291482982074, BFx, 1.0, 0.0, 0.0,                             BFy, 0.0, 0.3819472516368738, 0.9241841250351795, BFz, 0.0, -0.9241841250351808, 0.3819472516368741
Time, 0.15, Pos_X, -0.010364081150970001, Pos_Y, -0.0006590853417956496, Pos_Z, -0.03199299508202313, BFx, 1.0, 0.0, 0.0,                             BFy, 0.0, 0.3540880310670421, 0.9352120969358056, BFz, 0.0, -0.9352120969358069, 0.35408803106704245
Time, 0.152, Pos_X, -0.01042135002387, Pos_Y, -0.0007521202170316136, Pos_Z, -0.03250947520571377, BFx, 1.0, 0.0, 0.0,                             BFy, 0.0, 0.3257110289175482, 0.9454693679022467, BFz, 0.0, -0.9454693679022478, 0.32571102891754855
Time, 0.154, Pos_X, -0.010470810090970001, Pos_Y, -0.000851012357819829, Pos_Z, -0.03301193063247568, BFx, 1.0, 0.0, 0.0,                             BFy, 0.0, 0.2968370905731548, 0.9549281342907783, BFz, 0.0, -0.9549281342907794, 0.2968370905731551
Time, 0.156, Pos_X, -0.010513203630070002, Pos_Y, -0.0009560083290787675, Pos_Z, -0.03349995011904028, BFx, 1.0, 0.0, 0.0,                             BFy, 0.0, 0.26748724085450687, 0.9635614022884297, BFz, 0.0, -0.9635614022884308, 0.2674872408545071
Time, 0.158, Pos_X, -0.010549320628970002, Pos_Y, -0.001067370266301258, Pos_Z, -0.03397312751704147, BFx, 1.0, 0.0, 0.0,                             BFy, 0.0, 0.23768294395772716, 0.9713427912696885, BFz, 0.0, -0.9713427912696896, 0.23768294395772732
Time, 0.16, Pos_X, -0.010579988410870001, Pos_Y, -0.0011853652087665094, Pos_Z, -0.03443105611168408, BFx, 1.0, 0.0, 0.0,                             BFy, 0.0, 0.20744639062746034, 0.9782463876834101, BFz, 0.0, -0.9782463876834111, 0.20744639062746045
Time, 0.162, Pos_X, -0.01060606241877, Pos_Y, -0.001310256302014051, Pos_Z, -0.03487332558238432, BFx, 1.0, 0.0, 0.0,                             BFy, 0.0, 0.17680075442230625, 0.9842466628014063, BFz, 0.0, -0.9842466628014072, 0.17680075442230633
Time, 0.164, Pos_X, -0.010628413066470001, Pos_Y, -0.0014422975352570491, Pos_Z, -0.03529951978342956, BFx, 1.0, 0.0, 0.0,                             BFy, 0.0, 0.14577057705361487, 0.9893184213717331, BFz, 0.0, -0.989318421371734, 0.14577057705361493
Time, 0.166, Pos_X, -0.010647910430370002, Pos_Y, -0.00158173644021502, Pos_Z, -0.035709215928514865, BFx, 1.0, 0.0, 0.0,                             BFy, 0.0, 0.11438203444804879, 0.9934368375470718, BFz, 0.0, -0.9934368375470727, 0.1143820344480488
Time, 0.168, Pos_X, -0.010665407045610002, Pos_Y, -0.0017288220853927817, Pos_Z, -0.036101982915347414, BFx, 1.0, 0.0, 0.0,                             BFy, 0.0, 0.08266344127397128, 0.9965775210573165, BFz, 0.0, -0.9965775210573176, 0.08266344127397127
Time, 0.17, Pos_X, -0.010681719641510002, Pos_Y, -0.0018838085619211054, Pos_Z, -0.036477378219729226, BFx, 1.0, 0.0, 0.0,                             BFy, 0.0, 0.050645478524393966, 0.9987166943157787, BFz, 0.0, -0.99871669431578, 0.050645478524393925
Time, 0.172, Pos_X, -0.010697614556426002, Pos_Y, -0.0020469484060296915, Pos_Z, -0.03683494468941997, BFx, 1.0, 0.0, 0.0,                             BFy, 0.0, 0.018361717254687396, 0.9998314094583449, BFz, 0.0, -0.9998314094583461, 0.018361717254687313
Time, 0.174, Pos_X, -0.010713797632378001, Pos_Y, -0.002218480456567316, Pos_Z, -0.037174209970741535, BFx, 1.0, 0.0, 0.0,                             BFy, 0.0, -0.014150656105461089, 0.999899874453331, BFz, 0.0, -0.999899874453332, -0.01415065610546121
Time, 0.176, Pos_X, -0.010730906969270001, Pos_Y, -0.0023986201452815066, Pos_Z, -0.037494689313037025, BFx, 1.0, 0.0, 0.0,                             BFy, 0.0, -0.046850034730114704, 0.9989019342486973, BFz, 0.0, -0.9989019342486984, -0.046850034730114856
Time, 0.178, Pos_X, -0.010749506512642, Pos_Y, -0.0025875557728423553, Pos_Z, -0.037795890740042186, BFx, 1.0, 0.0, 0.0,                             BFy, 0.0, -0.07969012009932057, 0.9968196851780955, BFz, 0.0, -0.9968196851780966, -0.07969012009932076
Time, 0.18, Pos_X, -0.010770078723294, Pos_Y, -0.0027854516657400056, Pos_Z, -0.038077321554913515, BFx, 1.0, 0.0, 0.0,                             BFy, 0.0, -0.11261963596785363, 0.9936381723718496, BFz, 0.0, -0.9936381723718507, -0.11261963596785389
Time, 0.182, Pos_X, -0.010793016166226, Pos_Y, -0.0029924549827375995, Pos_Z, -0.03833849489835685, BFx, 1.0, 0.0, 0.0,                             BFy, 0.0, -0.14558244642972282, 0.989346123099261, BFz, 0.0, -0.9893461230992622, -0.14558244642972312
Time, 0.184, Pos_X, -0.010818616632438001, Pos_Y, -0.0032087048293547933, Pos_Z, -0.038578934768542475, BFx, 1.0, 0.0, 0.0,                             BFy, 0.0, -0.17851812330812766, 0.9839366237977654, BFz, 0.0, -0.9839366237977665, -0.17851812330812802
Time, 0.186, Pos_X, -0.010847083682530002, Pos_Y, -0.0034343415008555424, Pos_Z, -0.038798179011265324, BFx, 1.0, 0.0, 0.0,                             BFy, 0.0, -0.2113626935079186, 0.9774076998842801, BFz, 0.0, -0.9774076998842813, -0.211362693507919
Time, 0.188, Pos_X, -0.010878529998102002, Pos_Y, -0.0036695118705263067, Pos_Z, -0.03899578271789653, BFx, 1.0, 0.0, 0.0,                             BFy, 0.0, -0.24404983335475888, 0.9697626920229071, BFz, 0.0, -0.9697626920229083, -0.24404983335475935
Time, 0.19, Pos_X, -0.010912983195474003, Pos_Y, -0.0039143746357695524, Pos_Z, -0.039171321704502236, BFx, 1.0, 0.0, 0.0,                             BFy, 0.0, -0.27651235324873025, 0.9610103633680807, BFz, 0.0, -0.9610103633680819, -0.2765123532487307
Time, 0.192, Pos_X, -0.010950395099046002, Pos_Y, -0.004169107818510764, Pos_Z, -0.03932439601389238, BFx, 1.0, 0.0, 0.0,                             BFy, 0.0, -0.3086838401524488, 0.9511647001590937, BFz, 0.0, -0.9511647001590949, -0.3086838401524494
Time, 0.194, Pos_X, -0.010990653393098002, Pos_Y, -0.0044339172650514885, Pos_Z, -0.03945463322519121, BFx, 1.0, 0.0, 0.0,                             BFy, 0.0, -0.34050014205315327, 0.9402444646270371, BFz, 0.0, -0.9402444646270383, -0.3405001420531539
Time, 0.196, Pos_X, -0.011033593770510003, Pos_Y, -0.004709046772945648, Pos_Z, -0.03956168997965933, BFx, 1.0, 0.0, 0.0,                             BFy, 0.0, -0.37190034003937705, 0.9282726631106816, BFz, 0.0, -0.9282726631106828, -0.3719003400393778
Time, 0.198, Pos_X, -0.011079013598602003, Pos_Y, -0.004994789190739912, Pos_Z, -0.03964525182775891, BFx, 1.0, 0.0, 0.0,                             BFy, 0.0, -0.40282761010889223, 0.9152758690875442, BFz, 0.0, -0.9152758690875453, -0.40282761010889306
Time, 0.2, Pos_X, -0.011126687537954004, Pos_Y, -0.005291496105598999, Pos_Z, -0.03970503170607674, BFx, 1.0, 0.0, 0.0,                             BFy, 0.0, -0.43322953395295427, 0.9012836240112805, BFz, 0.0, -0.9012836240112816, -0.4332295339529552
Time, 0.202, Pos_X, -0.011176385198966004, Pos_Y, -0.005599584864679032, Pos_Z, -0.03974076743321144, BFx, 1.0, 0.0, 0.0,                             BFy, 0.0, -0.4630579207162431, 0.8863280217063831, BFz, 0.0, -0.8863280217063844, -0.463057920716244
Time, 0.204, Pos_X, -0.011227890213918004, Pos_Y, -0.005919543018230167, Pos_Z, -0.039752218903716184, BFx, 1.0, 0.0, 0.0,                             BFy, 0.0, -0.49226889070280244, 0.8704431855361002, BFz, 0.0, -0.8704431855361013, -0.4922688907028034
Time, 0.206, Pos_X, -0.011281020524270003, Pos_Y, -0.006251929962582036, Pos_Z, -0.039739166062135144, BFx, 1.0, 0.0, 0.0,                             BFy, 0.0, -0.5208223023487646, 0.8536651154733532, BFz, 0.0, -0.8536651154733543, -0.5208223023487658
Time, 0.208, Pos_X, -0.011335650268382003, Pos_Y, -0.0065973772640870385, Pos_Z, -0.039701408180733165, BFx, 1.0, 0.0, 0.0,                             BFy, 0.0, -0.5486807547298214, 0.8360319547655553, BFz, 0.0, -0.8360319547655563, -0.5486807547298226
Time, 0.21, Pos_X, -0.011391731071114004, Pos_Y, -0.006956589079847208, Pos_Z, -0.03963876268709255, BFx, 1.0, 0.0, 0.0,                             BFy, 0.0, -0.5758084839912264, 0.8175846070980834, BFz, 0.0, -0.8175846070980846, -0.5758084839912276
Time, 0.212, Pos_X, -0.011449311909366005, Pos_Y, -0.00733034226923834, Pos_Z, -0.03955106394893972, BFx, 1.0, 0.0, 0.0,                             BFy, 0.0, -0.6021699109993419, 0.7983679592061839, BFz, 0.0, -0.798367959206185, -0.6021699109993431
Time, 0.214, Pos_X, -0.011508557959538005, Pos_Y, -0.0077194867889149405, Pos_Z, -0.039438162177952166, BFx, 1.0, 0.0, 0.0,                             BFy, 0.0, -0.6277285687594434, 0.7784322988951726, BFz, 0.0, -0.7784322988951736, -0.6277285687594445
Time, 0.216, Pos_X, -0.011569768600030006, Pos_Y, -0.00812494623321746, Pos_Z, -0.03929992196691259, BFx, 1.0, 0.0, 0.0,                             BFy, 0.0, -0.6524470543733051, 0.7578343098854792, BFz, 0.0, -0.7578343098854801, -0.6524470543733061
Time, 0.218, Pos_X, -0.011633393315722006, Pos_Y, -0.008547717342185944, Pos_Z, -0.03913622116081632, BFx, 1.0, 0.0, 0.0,                             BFy, 0.0, -0.6762874564291724, 0.7366378189290604, BFz, 0.0, -0.7366378189290614, -0.6762874564291733
Time, 0.22, Pos_X, -0.011700045529714006, Pos_Y, -0.008988868984850863, Pos_Z, -0.038946950402936, BFx, 1.0, 0.0, 0.0,                             BFy, 0.0, -0.6992123304732727, 0.7149140626076241, BFz, 0.0, -0.714914062607625, -0.6992123304732736
Time, 0.222, Pos_X, -0.011770515221806006, Pos_Y, -0.009449541851780428, Pos_Z, -0.03873201351141702, BFx, 1.0, 0.0, 0.0,                             BFy, 0.0, -0.7211861974679736, 0.6927412710252564, BFz, 0.0, -0.6927412710252573, -0.7211861974679745
Time, 0.224, Pos_X, -0.011845777778698007, Pos_Y, -0.009930948085407091, Pos_Z, -0.03849132841447523, BFx, 1.0, 0.0, 0.0,                             BFy, 0.0, -0.742177318188595, 0.670203572331861, BFz, 0.0, -0.6702035723318618, -0.7421773181885959
Time, 0.226, Pos_X, -0.011926999546590007, Pos_Y, -0.010434370776104077, Pos_Z, -0.0382248277307288, BFx, 1.0, 0.0, 0.0,                             BFy, 0.0, -0.7621595041212831, 0.6473892880466919, BFz, 0.0, -0.6473892880466928, -0.7621595041212842
Time, 0.228, Pos_X, -0.012015541276482007, Pos_Y, -0.010961163083460825, Pos_Z, -0.03793245849585755, BFx, 1.0, 0.0, 0.0,                             BFy, 0.0, -0.7811139549775235, 0.6243884923181836, BFz, 0.0, -0.6243884923181844, -0.7811139549775247
Time, 0.23, Pos_X, -0.012112958191774006, Pos_Y, -0.011512747581792295, Pos_Z, -0.03761418121702634, BFx, 1.0, 0.0, 0.0,                             BFy, 0.0, -0.7990304202478136, 0.6012906015551925, BFz, 0.0, -0.6012906015551933, -0.7990304202478148
Time, 0.232, Pos_X, -0.012220996448666007, Pos_Y, -0.012090616336962684, Pos_Z, -0.03726996796580197, BFx, 1.0, 0.0, 0.0,                             BFy, 0.0, -0.8159076071262767, 0.5781823039781447, BFz, 0.0, -0.5781823039781455, -0.815907607126278
Time, 0.234, Pos_X, -0.012341586467958007, Pos_Y, -0.012696331363427958, Pos_Z, -0.036899798928699726, BFx, 1.0, 0.0, 0.0,                             BFy, 0.0, -0.8317533810020266, 0.5551453081776881, BFz, 0.0, -0.5551453081776889, -0.8317533810020279
Time, 0.236, Pos_X, -0.012476833737650005, Pos_Y, -0.013331525172225654, Pos_Z, -0.03650365794587964, BFx, 1.0, 0.0, 0.0,                             BFy, 0.0, -0.846584127962421, 0.532254933544171, BFz, 0.0, -0.5322549335441717, -0.8465841279624221
Time, 0.238, Pos_X, -0.012629007030142005, Pos_Y, -0.01399790031434435, Pos_Z, -0.036081527593913476, BFx, 1.0, 0.0, 0.0,                             BFy, 0.0, -0.8604237674025541, 0.509579179803098, BFz, 0.0, -0.5095791798030987, -0.8604237674025552
Time, 0.24, Pos_X, -0.012800523842634005, Pos_Y, -0.01469722730311384, Pos_Z, -0.03563338336190855, BFx, 1.0, 0.0, 0.0,                             BFy, 0.0, -0.8733025185774491, 0.48717831545162893, BFz, 0.0, -0.4871783154516296, -0.8733025185774503
Time, 0.242, Pos_X, -0.012993933525126006, Pos_Y, -0.015431341249983452, Pos_Z, -0.035159187771780565, BFx, 1.0, 0.0, 0.0,                             BFy, 0.0, -0.8852555252761446, 0.4651049934886314, BFz, 0.0, -0.465104993488632, -0.8852555252761458
Time, 0.244, Pos_X, -0.013211899330418006, Pos_Y, -0.01620213751277723, Pos_Z, -0.03465888455937161, BFx, 1.0, 0.0, 0.0,                             BFy, 0.0, -0.8963215615199744, 0.4434046214851589, BFz, 0.0, -0.4434046214851596, -0.8963215615199757
Time, 0.246, Pos_X, -0.013457179506510007, Pos_Y, -0.017011566409221055, Pos_Z, -0.0341323922125051, BFx, 1.0, 0.0, 0.0,                             BFy, 0.0, -0.9065418413605013, 0.42211596731551626, BFz, 0.0, -0.42211596731551687, -0.9065418413605025
Time, 0.248, Pos_X, -0.013732607581802007, Pos_Y, -0.017861626425872926, Pos_Z, -0.03357959815211307, BFx, 1.0, 0.0, 0.0,                             BFy, 0.0, -0.9159589945515274, 0.40127187828224004, BFz, 0.0, -0.40127187828224065, -0.9159589945515287
Time, 0.25, Pos_X, -0.014041072066294007, Pos_Y, -0.01875435498005263, Pos_Z, -0.033000354512942774, BFx, 1.0, 0.0, 0.0,                             BFy, 0.0, -0.9246164075041231, 0.38089959172224236, BFz, 0.0, -0.3808995917222429, -0.9246164075041244
Time, 0.252, Pos_X, -0.014385495562786007, Pos_Y, -0.019691817430143047, Pos_Z, -0.032394476204369714, BFx, 1.0, 0.0, 0.0,                             BFy, 0.0, -0.9325573936972521, 0.36102175483007964, BFz, 0.0, -0.3610217548300802, -0.9325573936972533
Time, 0.254, Pos_X, -0.014768814081278007, Pos_Y, -0.02067609634290005, Pos_Z, -0.0317617407019285, BFx, 1.0, 0.0, 0.0,                             BFy, 0.0, -0.9398247739101502, 0.34165683711106515, BFz, 0.0, -0.34165683711106565, -0.9398247739101513
Time, 0.256, Pos_X, -0.015193956499770008, Pos_Y, -0.021709280027097596, Pos_Z, -0.0311018889537182, BFx, 1.0, 0.0, 0.0,                             BFy, 0.0, -0.9464604546190158, 0.32281977610172474, BFz, 0.0, -0.3228197761017252, -0.9464604546190168
Time, 0.258, Pos_X, -0.01566382784226201, Pos_Y, -0.022793450342558443, Pos_Z, -0.030414626473028113, BFx, 1.0, 0.0, 0.0,                             BFy, 0.0, -0.9525049950893535, 0.3045229619090043, BFz, 0.0, -0.30452296190900474, -0.9525049950893545
Time, 0.26, Pos_X, -0.01618129450675401, Pos_Y, -0.023930670262964814, Pos_Z, -0.029699623823465148, BFx, 1.0, 0.0, 0.0,                             BFy, 0.0, -0.9579974353125142, 0.286776766727445, BFz, 0.0, -0.28677676672744545, -0.9579974353125152
Time, 0.262, Pos_X, -0.01674916444124601, Pos_Y, -0.025122968066676417, Pos_Z, -0.028956522506437907, BFx, 1.0, 0.0, 0.0,                             BFy, 0.0, -0.9629753194082954, 0.26958956621222185, BFz, 0.0, -0.26958956621222224, -0.9629753194082964
Time, 0.264, Pos_X, -0.01737017509773801, Pos_Y, -0.026372323328177818, Pos_Z, -0.028184945258927927, BFx, 1.0, 0.0, 0.0,                             BFy, 0.0, -0.9674747333391225, 0.25296766661056963, BFz, 0.0, -0.2529676666105701, -0.9674747333391235
Time, 0.266, Pos_X, -0.018046992178230012, Pos_Y, -0.027680658914948662, Pos_Z, -0.02738450318529448, BFx, 1.0, 0.0, 0.0,                             BFy, 0.0, -0.9715303856512073, 0.23691498423784552, BFz, 0.0, -0.23691498423784596, -0.9715303856512082
Time, 0.268, Pos_X, -0.018782203990722012, Pos_Y, -0.02904983469040488, Pos_Z, -0.026554798087280528, BFx, 1.0, 0.0, 0.0,                             BFy, 0.0, -0.975175635513852, 0.2214327886744811, BFz, 0.0, -0.22143278867448155, -0.9751756355138529
Time, 0.27, Pos_X, -0.019578309911214013, Pos_Y, -0.030481638971595948, Pos_Z, -0.025695425293692228, BFx, 1.0, 0.0, 0.0,                             BFy, 0.0, -0.9784423951196343, 0.20651992502554287, BFz, 0.0, -0.20651992502554328, -0.9784423951196353
Time, 0.272, Pos_X, -0.020437709895706015, Pos_Y, -0.031977778136248594, Pos_Z, -0.02480598165358784, BFx, 1.0, 0.0, 0.0,                             BFy, 0.0, -0.9813611528078278, 0.1921725468418781, BFz, 0.0, -0.19217254684187846, -0.9813611528078288
Time, 0.274, Pos_X, -0.021362700024198017, Pos_Y, -0.03353986679802791, Pos_Z, -0.023886078119488265, BFx, 1.0, 0.0, 0.0,                             BFy, 0.0, -0.9839609534595857, 0.17838397368291176, BFz, 0.0, -0.1783839736829121, -0.9839609534595867
Time, 0.276, Pos_X, -0.022355471900690017, Pos_Y, -0.03516941923048687, Pos_Z, -0.022935357725122906, BFx, 1.0, 0.0, 0.0,                             BFy, 0.0, -0.9862693800816678, 0.16514451221074541, BFz, 0.0, -0.16514451221074566, -0.9862693800816689
Time, 0.278, Pos_X, -0.02341811483918202, Pos_Y, -0.03686784387178609, Pos_Z, -0.02195351294567673, BFx, 1.0, 0.0, 0.0,                             BFy, 0.0, -0.9883125098233065, 0.1524414081762524, BFz, 0.0, -0.15244140817625265, -0.9883125098233078
Time, 0.28, Pos_X, -0.02455261900567402, Pos_Y, -0.03863644092088895, Pos_Z, -0.020940293446725915, BFx, 1.0, 0.0, 0.0,                             BFy, 0.0, -0.9901148725975544, 0.1402588288170518, BFz, 0.0, -0.140258828817052, -0.9901148725975555
Time, 0.282, Pos_X, -0.02576087590616599, Pos_Y, -0.040476401617817244, Pos_Z, -0.01989550311779725, BFx, 1.0, 0.0, 0.0,                             BFy, 0.0, -0.991699346259539, 0.12857840654015412, BFz, 0.0, -0.12857840654015432, -0.9916993462595401
Time, 0.284, Pos_X, -0.02704467819265799, Pos_Y, -0.04238880750359959, Pos_Z, -0.01881899281511481, BFx, 1.0, 0.0, 0.0,                             BFy, 0.0, -0.9930871489666854, 0.11737936171756451, BFz, 0.0, -0.11737936171756472, -0.9930871489666864
Time, 0.286, Pos_X, -0.02840572052314999, Pos_Y, -0.04437462930820513, Pos_Z, -0.017710657002101445, BFx, 1.0, 0.0, 0.0,                             BFy, 0.0, -0.9942978445253368, 0.10663862514244865, BFz, 0.0, -0.10663862514244883, -0.9942978445253378
Time, 0.288, Pos_X, -0.029845602667641993, Pos_Y, -0.04643472641182338, Pos_Z, -0.01657043579016625, BFx, 1.0, 0.0, 0.0,                             BFy, 0.0, -0.9953493408214217, 0.09633114619043896, BFz, 0.0, -0.09633114619043914, -0.9953493408214227
Time, 0.29, Pos_X, -0.03136583562813399, Pos_Y, -0.04856984814442205, Pos_Z, -0.015398319740434123, BFx, 1.0, 0.0, 0.0,                             BFy, 0.0, -0.996257913146992, 0.08643014805033726, BFz, 0.0, -0.08643014805033743, -0.9962579131469929
Time, 0.292, Pos_X, -0.032967850206625994, Pos_Y, -0.05078063712612682, Pos_Z, -0.01419435339717968, BFx, 1.0, 0.0, 0.0,                             BFy, 0.0, -0.9970382485890336, 0.07690728736936996, BFz, 0.0, -0.07690728736937012, -0.9970382485890348
Time, 0.294, Pos_X, -0.034653003911117995, Pos_Y, -0.05306763507236393, Pos_Z, -0.012958635471937152, BFx, 1.0, 0.0, 0.0,                             BFy, 0.0, -0.9977034978881122, 0.06773278601849957, BFz, 0.0, -0.06773278601849973, -0.9977034978881134
Time, 0.296, Pos_X, -0.036422584621609994, Pos_Y, -0.055431291193980714, Pos_Z, -0.011691313453311755, BFx, 1.0, 0.0, 0.0,                             BFy, 0.0, -0.9982653265138762, 0.058875613628619296, BFz, 0.0, -0.05887561362861945, -0.9982653265138773
Time, 0.298, Pos_X, -0.03827781451810199, Pos_Y, -0.05787197088594552, Pos_Z, -0.010392571871136711, BFx, 1.0, 0.0, 0.0,                             BFy, 0.0, -0.9987339704557003, 0.05030364060179785, BFz, 0.0, -0.050303640601798004, -0.9987339704557013
Time, 0.3, Pos_X, -0.040219854606594, Pos_Y, -0.06038996436194573, Pos_Z, -0.009062619525919826, BFx, 1.0, 0.0, 0.0,                             BFy, 0.0, -0.9991182975474419, 0.041983657605114036, BFz, 0.0, -0.04198365760511419, -0.9991182975474431
Time, 0.302, Pos_X, -0.042249808975086, Pos_Y, -0.06298549493734062, Pos_Z, -0.007701677305888321, BFx, 1.0, 0.0, 0.0,                             BFy, 0.0, -0.99942584919579, 0.033881734891770085, BFz, 0.0, -0.03388173489177023, -0.9994258491957912
Time, 0.304, Pos_X, -0.044368728905578, Pos_Y, -0.06565872688045209, Pos_Z, -0.0063099655586179165, BFx, 1.0, 0.0, 0.0,                             BFy, 0.0, -0.9996628905030647, 0.025963538877817268, BFz, 0.0, -0.025963538877817403, -0.9996628905030659
Time, 0.306, Pos_X, -0.04657761874207, Pos_Y, -0.06840977390778301, Pos_Z, -0.004887692603625488, BFx, 1.0, 0.0, 0.0,                             BFy, 0.0, -0.9998344640591127, 0.018194627768370095, BFz, 0.0, -0.01819462776837022, -0.9998344640591138
Time, 0.308, Pos_X, -0.048877441400562, Pos_Y, -0.0712387081644996, Pos_Z, -0.003435044325225096, BFx, 1.0, 0.0, 0.0,                             BFy, 0.0, -0.999944444467059, 0.010540776985961068, BFz, 0.0, -0.010540776985961186, -0.9999444444670599
Time, 0.31, Pos_X, -0.051269121865054, Pos_Y, -0.07414556922814214, Pos_Z, -0.001952172450565369, BFx, 1.0, 0.0, 0.0,                             BFy, 0.0, -0.9999955950365566, 0.0029681488315898984, BFz, 0.0, -0.0029681488315900103, -0.9999955950365574
Time, 0.312, Pos_X, -0.053753549749546006, Pos_Y, -0.07713037308195671, Pos_Z, -0.0004391815073887561, BFx, 1.0, 0.0, 0.0,                             BFy, 0.0, -0.9999896190232483, -0.00455651684310946, BFz, 0.0, 0.004556516843109355, -0.9999896190232492
Time, 0.314, Pos_X, -0.05633158057603801, Pos_Y, -0.08019312004269359, Pos_Z, 0.0011038852977264839, BFx, 1.0, 0.0, 0.0,                             BFy, 0.0, -0.9999272041639794, -0.01206591781882281, BFz, 0.0, 0.012065917818822712, -0.9999272041639803
