Time, 0, Pos_X, 0.0, Pos_Y, 0.0, Pos_Z, 0.0, BFx, 1.0, 0.0, 0.0,                         BFy, 0.0, 1.0, 0.0, BFz, 0.0, 0.0, 1.0
Time, 0.0, Pos_X, 0.0, Pos_Y, 0.0, Pos_Z, 0.0, BFx, 1.0, 0.0, 0.0,                             BFy, 0.0, 1.0, 0.0, BFz, 0.0, 0.0, 1.0
Time, 0.002, Pos_X, -1.1222012e-06, Pos_Y, -2.794664896854267e-07, Pos_Z, -1.7942829891643375e-06, BFx, 1.0, 0.0, 0.0,                             BFy, 0.0, 0.9999999550337694, -0.00029988741150506444, BFz, 0.0, 0.00029988741150506444, 0.9999999550337694
Time, 0.004, Pos_X, -4.52562152e-06, Pos_Y, -1.0642204657284106e-06, Pos_Z, -7.202295247662554e-06, BFx, 1.0, 0.0, 0.0,                             BFy, 0.0, 0.9999997818450476, -0.0006605375519668164, BFz, 0.0, 0.0006605375519668164, 0.9999997818450475
Time, 0.006, Pos_X, -1.0286358459999999e-05, Pos_Y, -2.2437404443985057e-06, Pos_Z, -1.6274484791057626e-05, BFx, 1.0, 0.0, 0.0,                             BFy, 0.0, 0.9999994074866614, -0.0010885891449987529, BFz, 0.0, 0.0010885891449987529, 0.9999994074866613
Time, 0.008, Pos_X, -1.848591076e-05, Pos_Y, -3.700980435560326e-06, Pos_Z, -2.906055468364694e-05, BFx, 1.0, 0.0, 0.0,                             BFy, 0.0, 0.999998735529327, -0.00159026404971891, BFz, 0.0, 0.00159026404971891, 0.9999987355293267
Time, 0.01, Pos_X, -2.9211582999999997e-05, Pos_Y, -5.312304087520559e-06, Pos_Z, -4.560750812784515e-05, BFx, 1.0, 0.0, 0.0,                             BFy, 0.0, 0.9999976440818666, -0.002170675175354058, BFz, 0.0, 0.002170675175354058, 0.9999976440818663
Time, 0.012, Pos_X, -4.255643792e-05, Pos_Y, -6.947388261124028e-06, Pos_Z, -6.595772060218116e-05, BFx, 1.0, 0.0, 0.0,                             BFy, 0.0, 0.9999959866957224, -0.0028331241499308262, BFz, 0.0, 0.002833124149930826, 0.9999959866957222
Time, 0.014, Pos_X, -5.861870904e-05, Pos_Y, -8.469462912420457e-06, Pos_Z, -9.014761937845219e-05, BFx, 1.0, 0.0, 0.0,                             BFy, 0.0, 0.9999935983243667, -0.003578171360549645, BFz, 0.0, 0.0035781713605496437, 0.9999935983243665
Time, 0.016, Pos_X, -7.750151296e-05, Pos_Y, -9.735986760162285e-06, Pos_Z, -0.00011820752984466413, BFx, 1.0, 0.0, 0.0,                             BFy, 0.0, 0.9999903065743837, -0.004403039549099386, BFz, 0.0, 0.004403039549099384, 0.9999903065743834
Time, 0.018, Pos_X, -9.931278635999998e-05, Pos_Y, -1.0599444477117263e-05, Pos_Z, -0.000150161503314699, BFx, 1.0, 0.0, 0.0,                             BFy, 0.0, 0.9999859491145348, -0.00530109172751622, BFz, 0.0, 0.005301091727516218, 0.9999859491145346
Time, 0.02, Pos_X, -0.00012416422664, Pos_Y, -1.0908858181894567e-05, Pos_Z, -0.00018602659021643104, BFx, 1.0, 0.0, 0.0,                             BFy, 0.0, 0.9999803952036073, -0.006261725675726793, BFz, 0.0, 0.0062617256757267915, 0.999980395203607
Time, 0.022, Pos_X, -0.00015217059811999995, Pos_Y, -1.0511580537151654e-05, Pos_Z, -0.0002258119735812508, BFx, 1.0, 0.0, 0.0,                             BFy, 0.0, 0.9999735689173412, -0.0072705891588084135, BFz, 0.0, 0.007270589158808412, 0.9999735689173409
Time, 0.024, Pos_X, -0.000183449369, Pos_Y, -9.254753626631777e-06, Pos_Z, -0.0002695183302014855, BFx, 1.0, 0.0, 0.0,                             BFy, 0.0, 0.9999654692958819, -0.008310247641777974, BFz, 0.0, 0.00831024764177797, 0.9999654692958816
Time, 0.026, Pos_X, -0.00021811959667999997, Pos_Y, -6.987109891421459e-06, Pos_Z, -0.00031713808843063473, BFx, 1.0, 0.0, 0.0,                             BFy, 0.0, 0.9999561845059655, -0.009361039914074278, BFz, 0.0, 0.009361039914074273, 0.999956184505965
Time, 0.028, Pos_X, -0.00025630038948, Pos_Y, -3.561126525305324e-06, Pos_Z, -0.0003686563795215325, BFx, 1.0, 0.0, 0.0,                             BFy, 0.0, 0.9999458760813621, -0.010404081308719462, BFz, 0.0, 0.010404081308719455, 0.9999458760813617
Time, 0.03, Pos_X, -0.00029810911099999995, Pos_Y, 1.1646880194647482e-06, Pos_Z, -0.00042405233050293406, BFx, 1.0, 0.0, 0.0,                             BFy, 0.0, 0.9999348071541942, -0.011418469315359387, BFz, 0.0, 0.01141846931535938, 0.9999348071541938
Time, 0.032, Pos_X, -0.00034365947558, Pos_Y, 7.323419820748817e-06, Pos_Z, -0.0004832999624051747, BFx, 1.0, 0.0, 0.0,                             BFy, 0.0, 0.9999233020615531, -0.012385071429803477, BFz, 0.0, 0.012385071429803468, 0.9999233020615527
Time, 0.034, Pos_X, -0.00039305931242000005, Pos_Y, 1.503746141385265e-05, Pos_Z, -0.0005463693433638113, BFx, 1.0, 0.0, 0.0,                             BFy, 0.0, 0.9999117133699386, -0.013287793857342998, BFz, 0.0, 0.01328779385734299, 0.9999117133699381
Time, 0.036, Pos_X, -0.0004464082036599999, Pos_Y, 2.4416146987523245e-05, Pos_Z, -0.0006132288103455905, BFx, 1.0, 0.0, 0.0,                             BFy, 0.0, 0.9999003835097429, -0.014114639813697262, BFz, 0.0, 0.014114639813697252, 0.9999003835097423
Time, 0.038, Pos_X, -0.0005037951219, Pos_Y, 3.5553564223025956e-05, Pos_Z, -0.0006838478834031382, BFx, 1.0, 0.0, 0.0,                             BFy, 0.0, 0.9998896090639126, -0.014858320430556406, BFz, 0.0, 0.014858320430556396, 0.999889609063912
Time, 0.04, Pos_X, -0.0005652963177400001, Pos_Y, 4.8526630694949766e-05, Pos_Z, -0.0007582004401505681, BFx, 1.0, 0.0, 0.0,                             BFy, 0.0, 0.9998796146834756, -0.01551631852037671, BFz, 0.0, 0.0155163185203767, 0.999879614683475
Time, 0.042, Pos_X, -0.0006309737175800001, Pos_Y, 6.339349862144946e-05, Pos_Z, -0.000836267386612453, BFx, 1.0, 0.0, 0.0,                             BFy, 0.0, 0.9998705379962859, -0.016090594986484043, BFz, 0.0, 0.016090594986484033, 0.9998705379962852
Time, 0.044, Pos_X, -0.00070087330162, Pos_Y, 8.019243098262431e-05, Pos_Z, -0.000918038802526839, BFx, 1.0, 0.0, 0.0,                             BFy, 0.0, 0.9998624276968092, -0.016586912920869595, BFz, 0.0, 0.01658691292086958, 0.9998624276968086
Time, 0.046, Pos_X, -0.00077502395186, Pos_Y, 9.894106868185163e-05, Pos_Z, -0.00100351586682094, BFx, 1.0, 0.0, 0.0,                             BFy, 0.0, 0.9998552536924024, -0.017013866806335546, BFz, 0.0, 0.017013866806335532, 0.9998552536924016
Time, 0.048, Pos_X, -0.0008534366031000001, Pos_Y, 0.00011963584817588013, Pos_Z, -0.0010927124197487965, BFx, 1.0, 0.0, 0.0,                             BFy, 0.0, 0.9998489294186959, -0.0173815517227307, BFz, 0.0, 0.017381551722730686, 0.999848929418695
Time, 0.05, Pos_X, -0.0009361038171400002, Pos_Y, 0.00014225173708980204, Pos_Z, -0.0011856557845736264, BFx, 1.0, 0.0, 0.0,                             BFy, 0.0, 0.9998433414930771, -0.017700069829239745, BFz, 0.0, 0.01770006982923973, 0.9998433414930762
Time, 0.052, Pos_X, -0.00102300010898, Pos_Y, 0.00016674253189500094, Pos_Z, -0.001282386683090132, BFx, 1.0, 0.0, 0.0,                             BFy, 0.0, 0.9998383759414924, -0.017978375752025915, BFz, 0.0, 0.017978375752025894, 0.9998383759414915
Time, 0.054, Pos_X, -0.00111408274802, Pos_Y, 0.00019304179950135314, Pos_Z, -0.0013829585828180134, BFx, 1.0, 0.0, 0.0,                             BFy, 0.0, 0.9998339513106742, -0.018222782621946286, BFz, 0.0, 0.01822278262194626, 0.9998339513106732
Time, 0.056, Pos_X, -0.00120929382806, Pos_Y, 0.00022106555085581845, Pos_Z, -0.0014874360468213662, BFx, 1.0, 0.0, 0.0,                             BFy, 0.0, 0.9998300449201758, -0.018435869247782954, BFz, 0.0, 0.01843586924778293, 0.9998300449201748
Time, 0.058, Pos_X, -0.0013085610429000001, Pos_Y, 0.00025071336331600023, Pos_Z, -0.0015958926088044337, BFx, 1.0, 0.0, 0.0,                             BFy, 0.0, 0.999826710887171, -0.018615805020013483, BFz, 0.0, 0.01861580502001346, 0.9998267108871701
Time, 0.06, Pos_X, -0.0014117980370399999, Pos_Y, 0.00028186859305859416, Pos_Z, -0.001708408086073154, BFx, 1.0, 0.0, 0.0,                             BFy, 0.0, 0.9998240920379637, -0.018755931874026664, BFz, 0.0, 0.01875593187402664, 0.9998240920379629
Time, 0.062, Pos_X, -0.0015189066516799999, Pos_Y, 0.0003144008708718351, Pos_Z, -0.0018250647119519541, BFx, 1.0, 0.0, 0.0,                             BFy, 0.0, 0.9998224157677267, -0.018845077033241446, BFz, 0.0, 0.01884507703324142, 0.9998224157677258
Time, 0.064, Pos_X, -0.00162977909444, Pos_Y, 0.00034816884048727645, Pos_Z, -0.0019459431466750203, BFx, 1.0, 0.0, 0.0,                             BFy, 0.0, 0.9998219774656059, -0.01886831674440839, BFz, 0.0, 0.01886831674440836, 0.999821977465605
Time, 0.066, Pos_X, -0.0017443004983200001, Pos_Y, 0.0003830229545106013, Pos_Z, -0.0020711191757690527, BFx, 1.0, 0.0, 0.0,                             BFy, 0.0, 0.9998231151678105, -0.018807933861456804, BFz, 0.0, 0.01880793386145678, 0.9998231151678096
Time, 0.068, Pos_X, -0.0018623516394000003, Pos_Y, 0.0004188081493146263, Pos_Z, -0.0022006609237788396, BFx, 1.0, 0.0, 0.0,                             BFy, 0.0, 0.9998261695340459, -0.018644857598780776, BFz, 0.0, 0.01864485759878075, 0.999826169534045
Time, 0.07, Pos_X, -0.0019838109580000004, Pos_Y, 0.00045536620629797053, Pos_Z, -0.002334625599919139, BFx, 1.0, 0.0, 0.0,                             BFy, 0.0, 0.999831439774544, -0.01836006640413, BFz, 0.0, 0.018360066404129977, 0.9998314397745431
Time, 0.072, Pos_X, -0.0021085561384399996, Pos_Y, 0.0004925379572022375, Pos_Z, -0.0024730554620410673, BFx, 1.0, 0.0, 0.0,                             BFy, 0.0, 0.9998391360733813, -0.017936052409504896, BFz, 0.0, 0.017936052409504875, 0.9998391360733803
Time, 0.074, Pos_X, -0.00223646578872, Pos_Y, 0.0005301654989393348, Pos_Z, -0.0026159735584138696, BFx, 1.0, 0.0, 0.0,                             BFy, 0.0, 0.999849335735791, -0.017358163171832468, BFz, 0.0, 0.017358163171832443, 0.9998493357357898
Time, 0.076, Pos_X, -0.00236742050762, Pos_Y, 0.0005680936989455583, Pos_Z, -0.0027633800043694806, BFx, 1.0, 0.0, 0.0,                             BFy, 0.0, 0.9998619477686012, -0.0166158178968623, BFz, 0.0, 0.016615817896862277, 0.9998619477685999
Time, 0.078, Pos_X, -0.00250130240962, Pos_Y, 0.000606170853330829, Pos_Z, -0.0029152523834340633, BFx, 1.0, 0.0, 0.0,                             BFy, 0.0, 0.9998766938260611, -0.015703411841619525, BFz, 0.0, 0.015703411841619504, 0.9998766938260601
Time, 0.08, Pos_X, -0.0026379941978200002, Pos_Y, 0.0006442498477422938, Pos_Z, -0.0030715472959624416, BFx, 1.0, 0.0, 0.0,                             BFy, 0.0, 0.9998931093330741, -0.014620872348793204, BFz, 0.0, 0.014620872348793182, 0.9998931093330731
Time, 0.082, Pos_X, -0.0027773788508200004, Pos_Y, 0.0006821887811935219, Pos_Z, -0.003232197673171618, BFx, 1.0, 0.0, 0.0,                             BFy, 0.0, 0.9999105703550132, -0.013373529538405596, BFz, 0.0, 0.013373529538405572, 0.9999105703550123
Time, 0.084, Pos_X, -0.0029193378354200007, Pos_Y, 0.0007198513995373405, Pos_Z, -0.0033971111754393345, BFx, 1.0, 0.0, 0.0,                             BFy, 0.0, 0.9999283344704655, -0.0119718805174159, BFz, 0.0, 0.011971880517415878, 0.9999283344704646
Time, 0.086, Pos_X, -0.0030637485463, Pos_Y, 0.0007571079729941358, Pos_Z, -0.003566171626238108, BFx, 1.0, 0.0, 0.0,                             BFy, 0.0, 0.9999455975028791, -0.010430821377640419, BFz, 0.0, 0.010430821377640396, 0.9999455975028783
Time, 0.088, Pos_X, -0.00321048241766, Pos_Y, 0.0007938336954091742, Pos_Z, -0.0037392403411755704, BFx, 1.0, 0.0, 0.0,                             BFy, 0.0, 0.9999615562699705, -0.00876846521010234, BFz, 0.0, 0.008768465210102322, 0.9999615562699696
Time, 0.09, Pos_X, -0.0033594023711, Pos_Y, 0.0008299061104613023, Pos_Z, -0.003916157400438832, BFx, 1.0, 0.0, 0.0,                             BFy, 0.0, 0.9999754648127017, -0.00700498198592275, BFz, 0.0, 0.0070049819859227345, 0.999975464812701
Time, 0.092, Pos_X, -0.0035103597737800004, Pos_Y, 0.0008652034071140283, Pos_Z, -0.004096743673341325, BFx, 1.0, 0.0, 0.0,                             BFy, 0.0, 0.999986679463488, -0.0051614819179751185, BFz, 0.0, 0.005161481917975104, 0.9999866794634873
Time, 0.094, Pos_X, -0.0036631915745000006, Pos_Y, 0.0008996022059497719, Pos_Z, -0.004280802360094609, BFx, 1.0, 0.0, 0.0,                             BFy, 0.0, 0.9999946902455619, -0.0032587544682590916, BFz, 0.0, 0.0032587544682590773, 0.9999946902455613
Time, 0.096, Pos_X, -0.003817717316620001, Pos_Y, 0.0009329756837727647, Pos_Z, -0.0044681196279261395, BFx, 1.0, 0.0, 0.0,                             BFy, 0.0, 0.9999991339046224, -0.0013161268960360675, BFz, 0.0, 0.0013161268960360539, 0.9999991339046218
Time, 0.098, Pos_X, -0.003973736154120001, Pos_Y, 0.0009651922609640745, Pos_Z, -0.004658465271498711, BFx, 1.0, 0.0, 0.0,                             BFy, 0.0, 0.9999997890387016, 0.0006495556583229576, BFz, 0.0, -0.0006495556583229703, 0.999999789038701
Time, 0.1, Pos_X, -0.004131024504880001, Pos_Y, 0.0009961140025713008, Pos_Z, -0.00485159388125315, BFx, 1.0, 0.0, 0.0,                             BFy, 0.0, 0.9999965560362226, 0.0026244838911200293, BFz, 0.0, -0.002624483891120041, 0.9999965560362221
Time, 0.102, Pos_X, -0.0042893338789600005, Pos_Y, 0.001025594656604175, Pos_Z, -0.005047246534830349, BFx, 1.0, 0.0, 0.0,                             BFy, 0.0, 0.9999894290276276, 0.004598024902066743, BFz, 0.0, -0.004598024902066754, 0.9999894290276271
Time, 0.104, Pos_X, -0.004448389320140001, Pos_Y, 0.0010534777953109535, Pos_Z, -0.005245152703705209, BFx, 1.0, 0.0, 0.0,                             BFy, 0.0, 0.9999784669417218, 0.006562442600441287, BFz, 0.0, -0.0065624426004412964, 0.9999784669417214
Time, 0.106, Pos_X, -0.004607887907740001, Pos_Y, 0.0010795951467401223, Pos_Z, -0.005445032766404069, BFx, 1.0, 0.0, 0.0,                             BFy, 0.0, 0.9999637689956684, 0.008512384858425865, BFz, 0.0, -0.008512384858425873, 0.9999637689956681
Time, 0.108, Pos_X, -0.004767497580667001, Pos_Y, 0.0011037652413261306, Pos_Z, -0.005646601215543671, BFx, 1.0, 0.0, 0.0,                             BFy, 0.0, 0.9999454586368048, 0.010444125220915085, BFz, 0.0, -0.010444125220915096, 0.9999454586368046
Time, 0.11, Pos_X, -0.004926856589201002, Pos_Y, 0.0011257928129576693, Pos_Z, -0.005849570349276285, BFx, 1.0, 0.0, 0.0,                             BFy, 0.0, 0.9999236787873099, 0.012354618587913396, BFz, 0.0, -0.012354618587913408, 0.9999236787873097
Time, 0.112, Pos_X, -0.005085573504435002, Pos_Y, 0.0011454689505756505, Pos_Z, -0.006053653821099427, BFx, 1.0, 0.0, 0.0,                             BFy, 0.0, 0.9998985974356893, 0.014240605539835624, BFz, 0.0, -0.014240605539835636, 0.9998985974356891
Time, 0.114, Pos_X, -0.005243229330169002, Pos_Y, 0.00116257210034704, Pos_Z, -0.006258570858951991, BFx, 1.0, 0.0, 0.0,                             BFy, 0.0, 0.999870421807268, 0.016097813359438586, BFz, 0.0, -0.016097813359438596, 0.999870421807268
Time, 0.116, Pos_X, -0.0053993807002230025, Pos_Y, 0.0011768692022373695, Pos_Z, -0.006464051190062813, BFx, 1.0, 0.0, 0.0,                             BFy, 0.0, 0.9998394199858814, 0.017920218812720483, BFz, 0.0, -0.017920218812720493, 0.9998394199858814
Time, 0.118, Pos_X, -0.005553562723777002, Pos_Y, 0.001188116942434536, Pos_Z, -0.0066698404592094316, BFx, 1.0, 0.0, 0.0,                             BFy, 0.0, 0.9998059410356304, 0.01969975304051788, BFz, 0.0, -0.01969975304051789, 0.9998059410356303
Time, 0.12, Pos_X, -0.005705292625371002, Pos_Y, 0.001196064009132225, Pos_Z, -0.00687570692028669, BFx, 1.0, 0.0, 0.0,                             BFy, 0.0, 0.99977043149343, 0.021426252855802023, BFz, 0.0, -0.021426252855802033, 0.9997704314934298
Time, 0.122, Pos_X, -0.005854074210705003, Pos_Y, 0.0012004535630035632, Pos_Z, -0.007081448029145018, BFx, 1.0, 0.0, 0.0,                             BFy, 0.0, 0.9997334485734337, 0.023087481531547955, BFz, 0.0, -0.02308748153154796, 0.9997334485734337
Time, 0.124, Pos_X, -0.005999402689439003, Pos_Y, 0.0012010261826888816, Pos_Z, -0.0072868960758616305, BFx, 1.0, 0.0, 0.0,                             BFy, 0.0, 0.9996956657545709, 0.02466933058527637, BFz, 0.0, -0.024669330585276365, 0.9996956657545709
Time, 0.126, Pos_X, -0.006140769851373003, Pos_Y, 0.0011975237350853238, Pos_Z, -0.007491922744694324, BFx, 1.0, 0.0, 0.0,                             BFy, 0.0, 0.9996578639226856, 0.02615635864438735, BFz, 0.0, -0.026156358644387347, 0.9996578639226855
Time, 0.128, Pos_X, -0.006277669450107003, Pos_Y, 0.0011896937570403804, Pos_Z, -0.0076964433441716155, BFx, 1.0, 0.0, 0.0,                             BFy, 0.0, 0.9996209049575513, 0.02753264193365343, BFz, 0.0, -0.027532641933653425, 0.9996209049575512
Time, 0.13, Pos_X, -0.0064096033436410035, Pos_Y, 0.0011772943599178366, Pos_Z, -0.007900421008433772, BFx, 1.0, 0.0, 0.0,                             BFy, 0.0, 0.9995856982914036, 0.02878249070680431, BFz, 0.0, -0.028782490706804307, 0.9995856982914036
Time, 0.132, Pos_X, -0.006536088037975004, Pos_Y, 0.0011600993359254129, Pos_Z, -0.008103869518589248, BFx, 1.0, 0.0, 0.0,                             BFy, 0.0, 0.9995531577526253, 0.02989121654861191, BFz, 0.0, -0.029891216548611908, 0.9995531577526253
Time, 0.134, Pos_X, -0.006656661825909004, Pos_Y, 0.001137902826680525, Pos_Z, -0.008306854740960785, BFx, 1.0, 0.0, 0.0,                             BFy, 0.0, 0.9995241536889755, 0.03084584562527087, BFz, 0.0, -0.030845845625270867, 0.9995241536889755
Time, 0.136, Pos_X, -0.0067708920996430045, Pos_Y, 0.0011105236566096557, Pos_Z, -0.008509494028458324, BFx, 1.0, 0.0, 0.0,                             BFy, 0.0, 0.9994994658212527, 0.031635704876475546, BFz, 0.0, -0.031635704876475546, 0.9994994658212528
Time, 0.138, Pos_X, -0.0068783815717770045, Pos_Y, 0.001077809930254947, Pos_Z, -0.008711953595511817, BFx, 1.0, 0.0, 0.0,                             BFy, 0.0, 0.999479732733055, 0.032253121645229296, BFz, 0.0, -0.032253121645229296, 0.9994797327330551
Time, 0.14, Pos_X, -0.006978772639711005, Pos_Y, 0.0010396429492155585, Pos_Z, -0.008914446167122017, BFx, 1.0, 0.0, 0.0,                             BFy, 0.0, 0.9994654123916783, 0.032693874544530245, BFz, 0.0, -0.032693874544530245, 0.9994654123916784
Time, 0.142, Pos_X, -0.0070717495098450035, Pos_Y, 0.0009959398714871064, Pos_Z, -0.00911722929714492, BFx, 1.0, 0.0, 0.0,                             BFy, 0.0, 0.9994567488149703, 0.032957658415164716, BFz, 0.0, -0.03295765841516471, 0.9994567488149704
Time, 0.144, Pos_X, -0.007157040263579004, Pos_Y, 0.000946655126361662, Pos_Z, -0.009320602316183386, BFx, 1.0, 0.0, 0.0,                             BFy, 0.0, 0.9994537521373947, 0.03304840901593544, BFz, 0.0, -0.033048409015935434, 0.9994537521373948
Time, 0.146, Pos_X, -0.007234419406713004, Pos_Y, 0.0008917805038455749, Pos_Z, -0.00952489947050769, BFx, 1.0, 0.0, 0.0,                             BFy, 0.0, 0.9994561956318285, 0.03297442968655596, BFz, 0.0, -0.03297442968655596, 0.9994561956318286
Time, 0.148, Pos_X, -0.007303710251047004, Pos_Y, 0.0008313443396466212, Pos_Z, -0.009730478943265935, BFx, 1.0, 0.0, 0.0,                             BFy, 0.0, 0.9994636348757068, 0.032748168819666044, BFz, 0.0, -0.03274816881966604, 0.9994636348757069
Time, 0.15, Pos_X, -0.007364786648181004, Pos_Y, 0.0007654101468541882, Pos_Z, -0.00993770934895273, BFx, 1.0, 0.0, 0.0,                             BFy, 0.0, 0.9994754391641316, 0.03238589982798001, BFz, 0.0, -0.03238589982798, 0.9994754391641317
Time, 0.152, Pos_X, -0.007417573419315005, Pos_Y, 0.000694074650399346, Pos_Z, -0.010146956206702104, BFx, 1.0, 0.0, 0.0,                             BFy, 0.0, 0.9994908331272737, 0.03190727964822859, BFz, 0.0, -0.031907279648228586, 0.9994908331272738
Time, 0.154, Pos_X, -0.007462045391049005, Pos_Y, 0.0006174652677719353, Pos_Z, -0.010358569507791248, BFx, 1.0, 0.0, 0.0,                             BFy, 0.0, 0.9995089457546416, 0.031334762747578446, BFz, 0.0, -0.03133476274757843, 0.9995089457546418
Time, 0.156, Pos_X, -0.007498224619983005, Pos_Y, 0.0005357370910602494, Pos_Z, -0.010572871806614606, BFx, 1.0, 0.0, 0.0,                             BFy, 0.0, 0.9995288624119331, 0.030692885258783498, BFz, 0.0, -0.03069288525878348, 0.9995288624119332
Time, 0.158, Pos_X, -0.007526176243517006, Pos_Y, 0.00044906889006495355, Pos_Z, -0.010790146995101602, BFx, 1.0, 0.0, 0.0,                             BFy, 0.0, 0.9995496778041664, 0.03000735912386683, BFz, 0.0, -0.030007359123866817, 0.9995496778041665
Time, 0.16, Pos_X, -0.007546003060651006, Pos_Y, 0.0003576581051889526, Pos_Z, -0.011010629630673653, BFx, 1.0, 0.0, 0.0,                             BFy, 0.0, 0.9995705418920371, 0.029304125676453206, BFz, 0.0, -0.029304125676453192, 0.9995705418920371
Time, 0.162, Pos_X, -0.007557838874785006, Pos_Y, 0.000261714656129815, Pos_Z, -0.011234494851097454, BFx, 1.0, 0.0, 0.0,                             BFy, 0.0, 0.9995906918866926, 0.028608542316677373, BFz, 0.0, -0.02860854231667736, 0.9995906918866926
Time, 0.164, Pos_X, -0.007561841003119006, Pos_Y, 0.00016145356151727277, Pos_Z, -0.011461849292983986, BFx, 1.0, 0.0, 0.0,                             BFy, 0.0, 0.9996094814545471, 0.02794431223296395, BFz, 0.0, -0.027944312232963935, 0.9996094814545471
Time, 0.166, Pos_X, -0.007558182791253006, Pos_Y, 5.708732712141126e-05, Pos_Z, -0.0116927242129317, BFx, 1.0, 0.0, 0.0,                             BFy, 0.0, 0.9996264067103272, 0.027332160679337497, BFz, 0.0, -0.027332160679337483, 0.9996264067103272
Time, 0.168, Pos_X, -0.007547045084587006, Pos_Y, -5.118155253925161e-05, Pos_Z, -0.011927071854977673, BFx, 1.0, 0.0, 0.0,                             BFy, 0.0, 0.9996411225326728, 0.02678854497018142, BFz, 0.0, -0.026788544970181405, 0.9996411225326729
Time, 0.17, Pos_X, -0.007528607139521006, Pos_Y, -0.0001631675574654517, Pos_Z, -0.012164763614110837, BFx, 1.0, 0.0, 0.0,                             BFy, 0.0, 0.9996534491886715, 0.02632454225990995, BFz, 0.0, -0.026324542259909937, 0.9996534491886715
Time, 0.172, Pos_X, -0.007503038284855007, Pos_Y, -0.0002787085533024746, Pos_Z, -0.012405589794626259, BFx, 1.0, 0.0, 0.0,                             BFy, 0.0, 0.9996633716869077, 0.025945005445464398, BFz, 0.0, -0.025945005445464388, 0.9996633716869077
Time, 0.174, Pos_X, -0.007470489330589007, Pos_Y, -0.00039767166111014096, Pos_Z, -0.01264926139773236, BFx, 1.0, 0.0, 0.0,                             BFy, 0.0, 0.9996710412420663, 0.025647793316477218, BFz, 0.0, -0.025647793316477208, 0.9996710412420663
Time, 0.176, Pos_X, -0.007431084430123007, Pos_Y, -0.0005199583459308038, Pos_Z, -0.01289541369839169, BFx, 1.0, 0.0, 0.0,                             BFy, 0.0, 0.9996767724545821, 0.025423426495884947, BFz, 0.0, -0.02542342649588494, 0.999676772454582
Time, 0.178, Pos_X, -0.007384913138457007, Pos_Y, -0.0006455087255412925, Pos_Z, -0.013143612305857604, BFx, 1.0, 0.0, 0.0,                             BFy, 0.0, 0.9996810492103843, 0.02525469955527821, BFz, 0.0, -0.025254699555278204, 0.9996810492103843
Time, 0.18, Pos_X, -0.007332023815391007, Pos_Y, -0.0007743044777798104, Pos_Z, -0.013393362122551267, BFx, 1.0, 0.0, 0.0,                             BFy, 0.0, 0.9996845394938916, 0.025116160074506358, BFz, 0.0, -0.025116160074506354, 0.9996845394938916
Time, 0.182, Pos_X, -0.007272420260525008, Pos_Y, -0.0009063694041259231, Pos_Z, -0.013644120191290554, BFx, 1.0, 0.0, 0.0,                             BFy, 0.0, 0.9996880942727792, 0.024974270144709418, BFz, 0.0, -0.024974270144709414, 0.9996880942727792
Time, 0.184, Pos_X, -0.0072060600972590075, Pos_Y, -0.0010417679106351015, Pos_Z, -0.013895312065297025, BFx, 1.0, 0.0, 0.0,                             BFy, 0.0, 0.9996927177402137, 0.024788507361027366, BFz, 0.0, -0.024788507361027362, 0.9996927177402137
Time, 0.186, Pos_X, -0.007132854291793007, Pos_Y, -0.0011806020525717915, Pos_Z, -0.014146351465549357, BFx, 1.0, 0.0, 0.0,                             BFy, 0.0, 0.9996995102596246, 0.02451304115505349, BFz, 0.0, -0.024513041155053487, 0.9996995102596242
Time, 0.188, Pos_X, -0.007052670185927008, Pos_Y, -0.0013230061963760014, Pos_Z, -0.014396658442360542, BFx, 1.0, 0.0, 0.0,                             BFy, 0.0, 0.999709575472286, 0.024099060334871684, BFz, 0.0, -0.02409906033487168, 0.9997095754722857
Time, 0.19, Pos_X, -0.006965335252061008, Pos_Y, -0.0014691427671437555, Pos_Z, -0.014645670841047904, BFx, 1.0, 0.0, 0.0,                             BFy, 0.0, 0.9997238949165471, 0.02349753035727018, BFz, 0.0, -0.023497530357270178, 0.9997238949165469
Time, 0.192, Pos_X, -0.006870638775995008, Pos_Y, -0.001619200444758247, Pos_Z, -0.014892849712532743, BFx, 1.0, 0.0, 0.0,                             BFy, 0.0, 0.9997431871277176, 0.022661857640445558, BFz, 0.0, -0.022661857640445555, 0.9997431871277173
Time, 0.194, Pos_X, -0.006768338369329008, Pos_Y, -0.0017733897409206727, Pos_Z, -0.01513768627734518, BFx, 1.0, 0.0, 0.0,                             BFy, 0.0, 0.9997677626911775, 0.021550421886349747, BFz, 0.0, -0.021550421886349747, 0.9997677626911772
Time, 0.196, Pos_X, -0.006658171088863008, Pos_Y, -0.0019319351624292216, Pos_Z, -0.015379715439813382, BFx, 1.0, 0.0, 0.0,                             BFy, 0.0, 0.9997974053332706, 0.020128295726714533, BFz, 0.0, -0.020128295726714533, 0.9997974053332702
Time, 0.198, Pos_X, -0.006539864583397008, Pos_Y, -0.0020950648872132367, Pos_Z, -0.01561853122378697, BFx, 1.0, 0.0, 0.0,                             BFy, 0.0, 0.9998312868889281, 0.018368390186198402, BFz, 0.0, -0.018368390186198402, 0.9998312868889278
Time, 0.2, Pos_X, -0.006413149741331008, Pos_Y, -0.0022629995956501585, Pos_Z, -0.015853801088411657, BFx, 1.0, 0.0, 0.0,                             BFy, 0.0, 0.999867932589961, 0.016251688474734825, BFz, 0.0, -0.016251688474734825, 0.9998679325899605
Time, 0.202, Pos_X, -0.006277774485065008, Pos_Y, -0.0024359417495329353, Pos_Z, -0.016085277627492265, BFx, 1.0, 0.0, 0.0,                             BFy, 0.0, 0.999905232954722, 0.013766811895485662, BFz, 0.0, -0.013766811895485663, 0.9999052329547216
Time, 0.204, Pos_X, -0.00613351666859901, Pos_Y, -0.0026140655462351934, Pos_Z, -0.016312808072094134, BFx, 1.0, 0.0, 0.0,                             BFy, 0.0, 0.9999404967187993, 0.010908850616048061, BFz, 0.0, -0.010908850616048063, 0.9999404967187989
Time, 0.206, Pos_X, -0.0059801956283330095, Pos_Y, -0.002797508597561763, Pos_Z, -0.016536340008069736, BFx, 1.0, 0.0, 0.0,                             BFy, 0.0, 0.9999705238022635, 0.007677989751795831, BFz, 0.0, -0.0076779897517958344, 0.9999705238022631
Time, 0.208, Pos_X, -0.00581768273386701, Pos_Y, -0.0029863644395081396, Pos_Z, -0.01675592076769681, BFx, 1.0, 0.0, 0.0,                             BFy, 0.0, 0.999991684759947, 0.004078040088668327, BFz, 0.0, -0.004078040088668332, 0.9999916847599466
Time, 0.21, Pos_X, -0.00564591020800101, Pos_Y, -0.003180675519828078, Pos_Z, -0.016971691528345816, BFx, 1.0, 0.0, 0.0,                             BFy, 0.0, 0.9999999933527032, 0.00011530219174452847, BFz, 0.0, -0.00011530219174453505, 0.9999999933527028
Time, 0.212, Pos_X, -0.0054648785941350106, Pos_Y, -0.0033804270372484128, Pos_Z, -0.017183879206107682, BFx, 1.0, 0.0, 0.0,                             BFy, 0.0, 0.9999911709924139, -0.004202134841062857, BFz, 0.0, 0.004202134841062849, 0.9999911709924135
Time, 0.214, Pos_X, -0.005274661864069011, Pos_Y, -0.003585542978691332, Pos_Z, -0.017392787703940458, BFx, 1.0, 0.0, 0.0,                             BFy, 0.0, 0.9999607081411134, -0.008864658703202261, BFz, 0.0, 0.008864658703202253, 0.999960708141113
Time, 0.216, Pos_X, -0.005075409444803011, Pos_Y, -0.003795884689652311, Pos_Z, -0.017598786912633127, BFx, 1.0, 0.0, 0.0,                             BFy, 0.0, 0.9999039382059123, -0.013860532468406907, BFz, 0.0, 0.013860532468406897, 0.9999039382059121
Time, 0.218, Pos_X, -0.004867345546937011, Pos_Y, -0.004011252050691439, Pos_Z, -0.01780229867166402, BFx, 1.0, 0.0, 0.0,                             BFy, 0.0, 0.999816147443963, -0.019174757112205634, BFz, 0.0, 0.019174757112205627, 0.9998161474439629
Time, 0.22, Pos_X, -0.004650765736871011, Pos_Y, -0.004231387819537038, Pos_Z, -0.01800378112165466, BFx, 1.0, 0.0, 0.0,                             BFy, 0.0, 0.9996927195291471, -0.024788435215203238, BFz, 0.0, 0.024788435215203228, 0.9996927195291468
Time, 0.222, Pos_X, -0.00442603119680501, Pos_Y, -0.004455984692032121, Pos_Z, -0.018203712285861068, BFx, 1.0, 0.0, 0.0,                             BFy, 0.0, 0.9995292947518457, -0.030678802663703424, BFz, 0.0, 0.030678802663703413, 0.9995292947518455
Time, 0.224, Pos_X, -0.00419356008553901, Pos_Y, -0.00468469485220497, Pos_Z, -0.01840257210367322, BFx, 1.0, 0.0, 0.0,                             BFy, 0.0, 0.9993219086456435, -0.03682014259653128, BFz, 0.0, 0.03682014259653127, 0.9993219086456433
Time, 0.226, Pos_X, -0.00395381657027301, Pos_Y, -0.004917141749139597, Pos_Z, -0.01860082381085004, BFx, 1.0, 0.0, 0.0,                             BFy, 0.0, 0.9990671052827215, -0.04318470958573831, BFz, 0.0, 0.04318470958573829, 0.9990671052827211
Time, 0.228, Pos_X, -0.00370729823160701, Pos_Y, -0.005152933711725434, Pos_Z, -0.018798896283977105, BFx, 1.0, 0.0, 0.0,                             BFy, 0.0, 0.9987620566197158, -0.049742881468173857, BFz, 0.0, 0.04974288146817385, 0.9987620566197154
Time, 0.23, Pos_X, -0.00345452205614101, Pos_Y, -0.005391679392278572, Pos_Z, -0.018997167277929362, BFx, 1.0, 0.0, 0.0,                             BFy, 0.0, 0.9984046870685207, -0.05646309272091606, BFz, 0.0, 0.05646309272091606, 0.9984046870685201
Time, 0.232, Pos_X, -0.00319601005907501, Pos_Y, -0.005633003617299016, Pos_Z, -0.01919594932331926, BFx, 1.0, 0.0, 0.0,                             BFy, 0.0, 0.997993766089371, -0.06331226458400395, BFz, 0.0, 0.06331226458400395, 0.9979937660893705
Time, 0.234, Pos_X, -0.00293227483440901, Pos_Y, -0.005876563343685457, Pos_Z, -0.01939547971693714, BFx, 1.0, 0.0, 0.0,                             BFy, 0.0, 0.9975289210752246, -0.07025703963660596, BFz, 0.0, 0.07025703963660596, 0.9975289210752241
Time, 0.236, Pos_X, -0.002663804999343014, Pos_Y, -0.00612206401569346, Pos_Z, -0.019595912511619233, BFx, 1.0, 0.0, 0.0,                             BFy, 0.0, 0.9970105216553239, -0.07726590262580398, BFz, 0.0, 0.07726590262580398, 0.9970105216553233
Time, 0.238, Pos_X, -0.002391051982277014, Pos_Y, -0.006369274943449367, Pos_Z, -0.01979731140055035, BFx, 1.0, 0.0, 0.0,                             BFy, 0.0, 0.996439420358279, -0.08431181148604593, BFz, 0.0, 0.08431181148604593, 0.9964394203582784
Time, 0.24, Pos_X, -0.0021144181840110137, Pos_Y, -0.006618043294323864, Pos_Z, -0.019999644983705007, BFx, 1.0, 0.0, 0.0,                             BFy, 0.0, 0.9958165659077916, -0.09137487107304233, BFz, 0.0, 0.09137487107304233, 0.9958165659077908
Time, 0.242, Pos_X, -0.0018342459350050137, Pos_Y, -0.006868306535638543, Pos_Z, -0.020202786987509484, BFx, 1.0, 0.0, 0.0,                             BFy, 0.0, 0.9951425512772366, -0.09844441394733743, BFz, 0.0, 0.09844441394733743, 0.9951425512772357
Time, 0.244, Pos_X, -0.0015508080273790136, Pos_Y, -0.00712010221442752, Pos_Z, -0.020406521782984677, BFx, 1.0, 0.0, 0.0,                             BFy, 0.0, 0.9944171562783636, -0.10552023170584393, BFz, 0.0, 0.10552023170584393, 0.9944171562783626
Time, 0.246, Pos_X, -0.0012643015922730136, Pos_Y, -0.007373573780090135, Pos_Z, -0.020610555212112126, BFx, 1.0, 0.0, 0.0,                             BFy, 0.0, 0.9936389676080571, -0.11261261941184296, BFz, 0.0, 0.11261261941184295, 0.9936389676080561
Time, 0.248, Pos_X, -0.0009748462351070136, Pos_Y, -0.007628973076696214, Pos_Z, -0.020814528255455482, BFx, 1.0, 0.0, 0.0,                             BFy, 0.0, 0.9928051386693184, -0.11974120690805495, BFz, 0.0, 0.11974120690805494, 0.9928051386693175
Time, 0.25, Pos_X, -0.0006824857586810136, Pos_Y, -0.007886658971786127, Pos_Z, -0.02101802957912792, BFx, 1.0, 0.0, 0.0,                             BFy, 0.0, 0.9919113400953512, -0.1269326332754764, BFz, 0.0, 0.12693263327547638, 0.9919113400953503
Time, 0.252, Pos_X, -0.00038719328685501346, Pos_Y, -0.008147091982686781, Pos_Z, -0.021220608437087854, BFx, 1.0, 0.0, 0.0,                             BFy, 0.0, 0.9909518909084916, -0.1342175469336532, BFz, 0.0, 0.13421754693365315, 0.9909518909084906
Time, 0.254, Pos_X, -8.887754770901341e-05, Pos_Y, -0.008410826164364553, Pos_Z, -0.021421789330775456, BFx, 1.0, 0.0, 0.0,                             BFy, 0.0, 0.9899200336435271, -0.14162742316091478, BFz, 0.0, 0.14162742316091473, 0.9899200336435261
Time, 0.256, Pos_X, 0.0002126109974769867, Pos_Y, -0.008678498471680321, Pos_Z, -0.021621088823531413, BFx, 1.0, 0.0, 0.0,                             BFy, 0.0, 0.9888083059956655, -0.14919160162014827, BFz, 0.0, 0.14919160162014822, 0.9888083059956645
Time, 0.258, Pos_X, 0.0005174740517829867, Pos_Y, -0.008950816159962915, Pos_Z, -0.021818035072660332, BFx, 1.0, 0.0, 0.0,                             BFy, 0.0, 0.9876089377211673, -0.15693497421948202, BFz, 0.0, 0.15693497421948197, 0.9876089377211664
Time, 0.26, Pos_X, 0.0008259577747489869, Pos_Y, -0.009228542695897386, Pos_Z, -0.022012187190581494, BFx, 1.0, 0.0, 0.0,                             BFy, 0.0, 0.9863142244983557, -0.16487647058391666, BFz, 0.0, 0.16487647058391658, 0.9863142244983548
Time, 0.262, Pos_X, 0.001138342496574987, Pos_Y, -0.009512482244768769, Pos_Z, -0.02220315118846946, BFx, 1.0, 0.0, 0.0,                             BFy, 0.0, 0.9849168088948629, -0.17302855127510564, BFz, 0.0, 0.1730285512751055, 0.984916808894862
Time, 0.264, Pos_X, 0.0014549309536009871, Pos_Y, -0.009803463638502647, Pos_Z, -0.022390592920019586, BFx, 1.0, 0.0, 0.0,                             BFy, 0.0, 0.9834098758766397, -0.18139739807476193, BFz, 0.0, 0.1813973980747618, 0.9834098758766388
Time, 0.266, Pos_X, 0.0017760361150269874, Pos_Y, -0.010102324517251486, Pos_Z, -0.022574248413871064, BFx, 1.0, 0.0, 0.0,                             BFy, 0.0, 0.9817873087009349, -0.18998336893996054, BFz, 0.0, 0.1899833689399604, 0.9817873087009339
Time, 0.268, Pos_X, 0.0021019687178529876, Pos_Y, -0.010409894903206582, Pos_Z, -0.02275393130529462, BFx, 1.0, 0.0, 0.0,                             BFy, 0.0, 0.9800437493291335, -0.1987819141695161, BFz, 0.0, 0.19878191416951593, 0.9800437493291324
Time, 0.27, Pos_X, 0.0024330254244789877, Pos_Y, -0.01072698104171866, Pos_Z, -0.022929538121797658, BFx, 1.0, 0.0, 0.0,                             BFy, 0.0, 0.9781746477739596, -0.2077844037753857, BFz, 0.0, 0.20778440377538554, 0.9781746477739584
Time, 0.272, Pos_X, 0.002769479015304988, Pos_Y, -0.011054350220983469, Pos_Z, -0.023101050816183084, BFx, 1.0, 0.0, 0.0,                             BFy, 0.0, 0.976176384363169, -0.21697849343115358, BFz, 0.0, 0.2169784934311534, 0.9761763843631678
Time, 0.274, Pos_X, 0.003111569088130988, Pos_Y, -0.01139271698884788, Pos_Z, -0.023268535805295986, BFx, 1.0, 0.0, 0.0,                             BFy, 0.0, 0.9740465903277751, -0.2263476084937457, BFz, 0.0, 0.22634760849374555, 0.9740465903277739
Time, 0.276, Pos_X, 0.0034594943021569883, Pos_Y, -0.011742731975395573, Pos_Z, -0.02343213990745307, BFx, 1.0, 0.0, 0.0,                             BFy, 0.0, 0.9717846042861981, -0.23587005505642308, BFz, 0.0, 0.23587005505642292, 0.9717846042861968
Time, 0.278, Pos_X, 0.0038134061343829883, Pos_Y, -0.012104973434216288, Pos_Z, -0.023592083574623297, BFx, 1.0, 0.0, 0.0,                             BFy, 0.0, 0.969391873236411, -0.24551862679480144, BFz, 0.0, 0.24551862679480127, 0.9693918732364097
Time, 0.28, Pos_X, 0.0041734029428089885, Pos_Y, -0.01247994094879697, Pos_Z, -0.023748651250997076, BFx, 1.0, 0.0, 0.0,                             BFy, 0.0, 0.966872103155913, -0.25526130952195725, BFz, 0.0, 0.2552613095219571, 0.9668721031559119
Time, 0.282, Pos_X, 0.004539531997434979, Pos_Y, -0.012868054733872949, Pos_Z, -0.023902184383953175, BFx, 1.0, 0.0, 0.0,                             BFy, 0.0, 0.9642310827825458, -0.2650630472095315, BFz, 0.0, 0.2650630472095313, 0.9642310827825445
Time, 0.284, Pos_X, 0.004911788798060979, Pos_Y, -0.013269656305199051, Pos_Z, -0.024053073629939387, BFx, 1.0, 0.0, 0.0,                             BFy, 0.0, 0.9614763905749325, -0.2748875231199164, BFz, 0.0, 0.2748875231199162, 0.9614763905749313
Time, 0.286, Pos_X, 0.005290111980086979, Pos_Y, -0.013685007453021347, Pos_Z, -0.024201746759730462, BFx, 1.0, 0.0, 0.0,                             BFy, 0.0, 0.9586171982926072, -0.2846982036080225, BFz, 0.0, 0.28469820360802234, 0.958617198292606
Time, 0.288, Pos_X, 0.005674384782912979, Pos_Y, -0.014114292262178882, Pos_Z, -0.024348658387383794, BFx, 1.0, 0.0, 0.0,                             BFy, 0.0, 0.9556641555319532, -0.2944588627149845, BFz, 0.0, 0.2944588627149842, 0.9556641555319519
Time, 0.29, Pos_X, 0.006064438589738978, Pos_Y, -0.014557622028543363, Pos_Z, -0.02449428011347718, BFx, 1.0, 0.0, 0.0,                             BFy, 0.0, 0.952629163201551, -0.30413430818951637, BFz, 0.0, 0.3041343081895161, 0.9526291632015499
Time, 0.292, Pos_X, 0.006460057844764978, Pos_Y, -0.015015042968695996, Pos_Z, -0.02463908967455119, BFx, 1.0, 0.0, 0.0,                             BFy, 0.0, 0.949525112286049, -0.31369102814420596, BFz, 0.0, 0.31369102814420574, 0.9495251122860479
Time, 0.294, Pos_X, 0.006860984857590979, Pos_Y, -0.015486545087706723, Pos_Z, -0.02478355990344357, BFx, 1.0, 0.0, 0.0,                             BFy, 0.0, 0.9463655925400548, -0.32309776423911396, BFz, 0.0, 0.32309776423911374, 0.9463655925400536
Time, 0.296, Pos_X, 0.007266924942016979, Pos_Y, -0.015972071787169684, Pos_Z, -0.024928147596452375, BFx, 1.0, 0.0, 0.0,                             BFy, 0.0, 0.9431646207068844, -0.3323258916287478, BFz, 0.0, 0.3323258916287475, 0.9431646207068832
Time, 0.298, Pos_X, 0.0076775527928429795, Pos_Y, -0.016471528949230898, Pos_Z, -0.0250732868019516, BFx, 1.0, 0.0, 0.0,                             BFy, 0.0, 0.9399364393234362, -0.3413495130097359, BFz, 0.0, 0.3413495130097355, 0.939936439323435
Time, 0.3, Pos_X, 0.00809251764786898, Pos_Y, -0.01698478976843661, Pos_Z, -0.02521938850375425, BFx, 1.0, 0.0, 0.0,                             BFy, 0.0, 0.9366953372163609, -0.35014546296808075, BFz, 0.0, 0.3501454629680802, 0.9366953372163596
Time, 0.302, Pos_X, 0.00851144546481498, Pos_Y, -0.017511695103390047, Pos_Z, -0.025366843348876227, BFx, 1.0, 0.0, 0.0,                             BFy, 0.0, 0.9334555082013593, -0.35869320346020805, BFz, 0.0, 0.35869320346020744, 0.9334555082013578
Time, 0.304, Pos_X, 0.00893394360118098, Pos_Y, -0.018052058012374507, Pos_Z, -0.02551602026685438, BFx, 1.0, 0.0, 0.0,                             BFy, 0.0, 0.9302308869079471, -0.36697479074516615, BFz, 0.0, 0.36697479074516554, 0.9302308869079456
Time, 0.306, Pos_X, 0.00935961017096698, Pos_Y, -0.01860567692448137, Pos_Z, -0.025667258454320205, BFx, 1.0, 0.0, 0.0,                             BFy, 0.0, 0.9270349931330683, -0.37497482783085145, BFz, 0.0, 0.37497482783085084, 0.9270349931330668
Time, 0.308, Pos_X, 0.00978804080667298, Pos_Y, -0.019172347890614547, Pos_Z, -0.025820859377406063, BFx, 1.0, 0.0, 0.0,                             BFy, 0.0, 0.9238807098595612, -0.38268058998255705, BFz, 0.0, 0.38268058998255644, 0.9238807098595598
Time, 0.31, Pos_X, 0.01021883228907898, Pos_Y, -0.019751871737219755, Pos_Z, -0.025977081260652075, BFx, 1.0, 0.0, 0.0,                             BFy, 0.0, 0.9207799761482078, -0.39008234454344454, BFz, 0.0, 0.3900823445434439, 0.9207799761482065
Time, 0.312, Pos_X, 0.01065158713638498, Pos_Y, -0.02034405923501879, Pos_Z, -0.02613613656442311, BFx, 1.0, 0.0, 0.0,                             BFy, 0.0, 0.9177442258288938, -0.3971719224186537, BFz, 0.0, 0.39717192241865307, 0.9177442258288926
