Time, 0, Pos_X, 0.0, Pos_Y, 0.0, Pos_Z, 0.0, BFx, 1.0, 0.0, 0.0,                         BFy, 0.0, 1.0, 0.0, BFz, 0.0, 0.0, 1.0
Time, 0.0, Pos_X, 0.0, Pos_Y, 0.0, Pos_Z, 0.0, BFx, 1.0, 0.0, 0.0,                             BFy, 0.0, 1.0, 0.0, BFz, 0.0, 0.0, 1.0
Time, 0.002, Pos_X, 3.089066e-07, Pos_Y, -4.900422641349902e-08, Pos_Z, -6.288429491066848e-07, BFx, 1.0, 0.0, 0.0,                             BFy, 0.0, 0.9999990699184628, 0.0013638776371607062, BFz, 0.0, -0.0013638776371607062, 0.9999990699184628
Time, 0.004, Pos_X, 1.4589603999999998e-06, Pos_Y, -3.9467559771267923e-07, Pos_Z, -2.2795632228934647e-06, BFx, 1.0, 0.0, 0.0,                             BFy, 0.0, 0.9999958197208229, 0.002891459990956599, BFz, 0.0, -0.002891459990956599, 0.999995819720823
Time, 0.006, Pos_X, 3.89332154e-06, Pos_Y, -1.4230361247310836e-06, Pos_Z, -4.4693689673495905e-06, BFx, 1.0, 0.0, 0.0,                             BFy, 0.0, 0.9999894249269132, 0.0045989166486381985, BFz, 0.0, -0.0045989166486381985, 0.9999894249269133
Time, 0.008, Pos_X, 8.04707102e-06, Pos_Y, -3.4953317035726143e-06, Pos_Z, -6.694519323574779e-06, BFx, 1.0, 0.0, 0.0,                             BFy, 0.0, 0.9999788713291977, 0.00650053037709094, BFz, 0.0, -0.006500530377090941, 0.9999788713291978
Time, 0.01, Pos_X, 1.4344618099999999e-05, Pos_Y, -6.943621307616269e-06, Pos_Z, -8.434272631193053e-06, BFx, 1.0, 0.0, 0.0,                             BFy, 0.0, 0.9999629637377387, 0.008606459948056668, BFz, 0.0, -0.008606459948056672, 0.9999629637377389
Time, 0.012, Pos_X, 2.319680308e-05, Pos_Y, -1.2066809175930575e-05, Pos_Z, -9.155709649478925e-06, BFx, 1.0, 0.0, 0.0,                             BFy, 0.0, 0.9999403770596498, 0.010919813451028685, BFz, 0.0, -0.01091981345102869, 0.9999403770596498
Time, 0.014, Pos_X, 3.4998620160000006e-05, Pos_Y, -1.9127889070144066e-05, Pos_Z, -8.318984738596637e-06, BFx, 1.0, 0.0, 0.0,                             BFy, 0.0, 0.9999097641812362, 0.01343367019933846, BFz, 0.0, -0.013433670199338466, 0.999909764181236
Time, 0.016, Pos_X, 5.012744764000001e-05, Pos_Y, -2.8351751176622413e-05, Pos_Z, -5.384040613068458e-06, BFx, 1.0, 0.0, 0.0,                             BFy, 0.0, 0.9998699250372093, 0.016128639312893347, BFz, 0.0, -0.01612863931289335, 0.9998699250372091
Time, 0.018, Pos_X, 6.894069601999999e-05, Pos_Y, -3.9922864457269115e-05, Pos_Z, 1.806674207192053e-07, BFx, 1.0, 0.0, 0.0,                             BFy, 0.0, 0.9998200242255219, 0.018971535459129604, BFz, 0.0, -0.018971535459129607, 0.9998200242255216
Time, 0.02, Pos_X, 9.177313670000001e-05, Pos_Y, -5.3982427082401764e-05, Pos_Z, 8.885241075618012e-06, BFx, 1.0, 0.0, 0.0,                             BFy, 0.0, 0.9997598343803519, 0.021915144530020057, BFz, 0.0, -0.02191514453002006, 0.9997598343803517
Time, 0.022, Pos_X, 0.00011893467997999998, Pos_Y, -7.06248412334679e-05, Pos_Z, 2.1203563132126664e-05, BFx, 1.0, 0.0, 0.0,                             BFy, 0.0, 0.9996899834518005, 0.024898533815054136, BFz, 0.0, -0.02489853381505414, 0.9996899834518003
Time, 0.024, Pos_X, 0.00015071037786000002, Pos_Y, -8.989606237956479e-05, Pos_Z, 3.756290978689249e-05, BFx, 1.0, 0.0, 0.0,                             BFy, 0.0, 0.999612170615733, 0.027847950676898357, BFz, 0.0, -0.02784795067689836, 0.9996121706157328
Time, 0.026, Pos_X, 0.00018736260333999998, Pos_Y, -0.00011179516462471829, Pos_Z, 5.833824841637878e-05, BFx, 1.0, 0.0, 0.0,                             BFy, 0.0, 0.9995292991452855, 0.03067865952311184, BFz, 0.0, -0.030678659523111843, 0.9995292991452853
Time, 0.028, Pos_X, 0.00022913333282, Pos_Y, -0.0001362780038962206, Pos_Z, 8.38481183529139e-05, BFx, 1.0, 0.0, 0.0,                             BFy, 0.0, 0.9994453468102957, 0.033301632681422895, BFz, 0.0, -0.0333016326814229, 0.9994453468102955
Time, 0.03, Pos_X, 0.00027624636969999995, Pos_Y, -0.00016326204799983185, Pos_Z, 0.00011434961601300483, BFx, 1.0, 0.0, 0.0,                             BFy, 0.0, 0.9993654674687239, 0.035618287873219114, BFz, 0.0, -0.035618287873219114, 0.9993654674687237
Time, 0.032, Pos_X, 0.00032890952058, Pos_Y, -0.00019263082885575533, Pos_Z, 0.00015003099842510862, BFx, 1.0, 0.0, 0.0,                             BFy, 0.0, 0.9992954087338182, 0.0375324670586936, BFz, 0.0, -0.03753246705869361, 0.9992954087338181
Time, 0.034, Pos_X, 0.0003873171540600001, Pos_Y, -0.0002242371512164429, Pos_Z, 0.00019100439857509365, BFx, 1.0, 0.0, 0.0,                             BFy, 0.0, 0.999240938928621, 0.0389556923831278, BFz, 0.0, -0.0389556923831278, 0.9992409389286208
Time, 0.036, Pos_X, 0.0004516523755399999, Pos_Y, -0.0002579061024095152, Pos_Z, 0.00023730190856267647, BFx, 1.0, 0.0, 0.0,                             BFy, 0.0, 0.9992071693377023, 0.03981246970657873, BFz, 0.0, -0.03981246970657872, 0.9992071693377022
Time, 0.038, Pos_X, 0.0005220886196199999, Pos_Y, -0.0002934386743494444, Pos_Z, 0.00028887545193663017, BFx, 1.0, 0.0, 0.0,                             BFy, 0.0, 0.9991978825503374, 0.04004486867156646, BFz, 0.0, -0.04004486867156645, 0.9991978825503373
Time, 0.04, Pos_X, 0.0005987915201, Pos_Y, -0.0003306164149173556, Pos_Z, 0.0003456003644576159, BFx, 1.0, 0.0, 0.0,                             BFy, 0.0, 0.9992149787642167, 0.03961598431475919, BFz, 0.0, -0.03961598431475919, 0.9992149787642165
Time, 0.042, Pos_X, 0.00068192097738, Pos_Y, -0.00036920652040405754, Pos_Z, 0.0004072827843765824, BFx, 1.0, 0.0, 0.0,                             BFy, 0.0, 0.999258133952683, 0.03851209848091387, BFz, 0.0, -0.03851209848091387, 0.9992581339526827
Time, 0.044, Pos_X, 0.0007716323870599998, Pos_Y, -0.0004089659951716462, Pos_Z, 0.0004736706912663001, BFx, 1.0, 0.0, 0.0,                             BFy, 0.0, 0.9993247482273564, 0.03674299362235914, BFz, 0.0, -0.036742993622359124, 0.999324748227356
Time, 0.046, Pos_X, 0.0008680766871399998, Pos_Y, -0.0004496443772685799, Pos_Z, 0.0005444682926946736, BFx, 1.0, 0.0, 0.0,                             BFy, 0.0, 0.9994101903949228, 0.03434052030452813, BFz, 0.0, -0.03434052030452811, 0.9994101903949224
Time, 0.048, Pos_X, 0.0009713999124199999, Pos_Y, -0.0004909851894211355, Pos_Z, 0.0006193522794567601, BFx, 1.0, 0.0, 0.0,                             BFy, 0.0, 0.999508302743762, 0.031355266643508774, BFz, 0.0, -0.03135526664350875, 0.9995083027437617
Time, 0.05, Pos_X, 0.0010817421131, Pos_Y, -0.0005327265223854148, Pos_Z, 0.000697988642053503, BFx, 1.0, 0.0, 0.0,                             BFy, 0.0, 0.9996120526613957, 0.02785218436806161, BFz, 0.0, -0.027852184368061587, 0.9996120526613953
Time, 0.052, Pos_X, 0.0011992364519799997, Pos_Y, -0.0005746016101909646, Pos_Z, 0.0007800506082650866, BFx, 1.0, 0.0, 0.0,                             BFy, 0.0, 0.9997142089265719, 0.023906076012584355, BFz, 0.0, -0.023906076012584335, 0.9997142089265716
Time, 0.054, Pos_X, 0.0013240086900599998, Pos_Y, -0.0006163401484232304, Pos_Z, 0.0008652369836708324, BFx, 1.0, 0.0, 0.0,                             BFy, 0.0, 0.9998079565405162, 0.01959719465327187, BFz, 0.0, -0.019597194653271848, 0.9998079565405159
Time, 0.056, Pos_X, 0.0014561852641399998, Pos_Y, -0.0006576773151206772, Pos_Z, 0.0009532882337062262, BFx, 1.0, 0.0, 0.0,                             BFy, 0.0, 0.9998873889489515, 0.015006979071395718, BFz, 0.0, -0.015006979071395697, 0.9998873889489511
Time, 0.058, Pos_X, 0.00159589058242, Pos_Y, -0.0006983517602949181, Pos_Z, 0.001044006600046404, BFx, 1.0, 0.0, 0.0,                             BFy, 0.0, 0.9999478354267682, 0.010214030806774735, BFz, 0.0, -0.010214030806774714, 0.9999478354267679
Time, 0.06, Pos_X, 0.0017432365598999996, Pos_Y, -0.0007380975388172831, Pos_Z, 0.0011372757733930394, BFx, 1.0, 0.0, 0.0,                             BFy, 0.0, 0.9999860018926027, 0.005291126425276453, BFz, 0.0, -0.005291126425276433, 0.9999860018926024
Time, 0.062, Pos_X, 0.0018983239327799997, Pos_Y, -0.0007766483908273523, Pos_Z, 0.0012330726050783704, BFx, 1.0, 0.0, 0.0,                             BFy, 0.0, 0.9999999539430822, 0.00030350260934053916, BFz, 0.0, -0.0003035026093405197, 0.9999999539430819
Time, 0.064, Pos_X, 0.0020612441222599997, Pos_Y, -0.0008137420193516088, Pos_Z, 0.0013314763383288322, BFx, 1.0, 0.0, 0.0,                             BFy, 0.0, 0.9999889960356588, -0.004691247978482437, BFz, 0.0, 0.004691247978482456, 0.9999889960356586
Time, 0.066, Pos_X, 0.00223208132414, Pos_Y, -0.0008491247713569353, Pos_Z, 0.001432675145389089, BFx, 1.0, 0.0, 0.0,                             BFy, 0.0, 0.9999535078701886, -0.00964272254631811, BFz, 0.0, 0.009642722546318127, 0.9999535078701886
Time, 0.068, Pos_X, 0.00241091474542, Pos_Y, -0.0008825563829654848, Pos_Z, 0.001536969165506674, BFx, 1.0, 0.0, 0.0,                             BFy, 0.0, 0.9998947628889874, -0.014507348040778065, BFz, 0.0, 0.014507348040778084, 0.9998947628889873
Time, 0.07, Pos_X, 0.0025978209545, Pos_Y, -0.0009138142041115793, Pos_Z, 0.0016447688632071139, BFx, 1.0, 0.0, 0.0,                             BFy, 0.0, 0.9998147235974408, -0.019248856531594218, BFz, 0.0, 0.01924885653159424, 0.9998147235974407
Time, 0.072, Pos_X, 0.002792876135979999, Pos_Y, -0.0009426972442018133, Pos_Z, 0.0017565903615974362, BFx, 1.0, 0.0, 0.0,                             BFy, 0.0, 0.9997158085387514, -0.023839088860754806, BFz, 0.0, 0.023839088860754826, 0.9997158085387513
Time, 0.074, Pos_X, 0.0029961594004599993, Pos_Y, -0.0009690302423645439, Pos_Z, 0.0018730501746233763, BFx, 1.0, 0.0, 0.0,                             BFy, 0.0, 0.9996006441986264, -0.028258664471120635, BFz, 0.0, 0.028258664471120656, 0.9996006441986263
Time, 0.076, Pos_X, 0.0032077565611399995, Pos_Y, -0.0009926666482731677, Pos_Z, 0.0019948575568236007, BFx, 1.0, 0.0, 0.0,                             BFy, 0.0, 0.9994718392243012, -0.03249680903708896, BFz, 0.0, 0.03249680903708897, 0.9994718392243012
Time, 0.078, Pos_X, 0.0034277647642199996, Pos_Y, -0.0010134902836707533, Pos_Z, 0.002122801994695803, BFx, 1.0, 0.0, 0.0,                             BFy, 0.0, 0.999331797252003, -0.03655077292044318, BFz, 0.0, 0.036550772920443196, 0.9993317972520032
Time, 0.08, Pos_X, 0.0036562982111, Pos_Y, -0.0010314166057563523, Pos_Z, 0.002257737632482086, BFx, 1.0, 0.0, 0.0,                             BFy, 0.0, 0.999182569039653, -0.040425162056813665, BFz, 0.0, 0.04042516205681368, 0.9991825690396531
Time, 0.082, Pos_X, 0.00389349345778, Pos_Y, -0.001046393803101837, Pos_Z, 0.0024005687337914534, BFx, 1.0, 0.0, 0.0,                             BFy, 0.0, 0.9990257305457056, -0.04413150470604225, BFz, 0.0, 0.04413150470604226, 0.9990257305457059
Time, 0.084, Pos_X, 0.00413951377206, Pos_Y, -0.0010584034568425042, Pos_Z, 0.002552235075563514, BFx, 1.0, 0.0, 0.0,                             BFy, 0.0, 0.998862284270901, -0.04768791315541062, BFz, 0.0, 0.04768791315541064, 0.9988622842709013
Time, 0.086, Pos_X, 0.004394553681539999, Pos_Y, -0.0010674616381967832, Pos_Z, 0.0027136959182991168, BFx, 1.0, 0.0, 0.0,                             BFy, 0.0, 0.998692610811547, -0.05111818766755796, BFz, 0.0, 0.051118187667557984, 0.9986926108115475
Time, 0.088, Pos_X, 0.004658843310219999, Pos_Y, -0.0010736195911836164, Pos_Z, 0.0028859132444879693, BFx, 1.0, 0.0, 0.0,                             BFy, 0.0, 0.9985164663989342, -0.05445058613262334, BFz, 0.0, 0.054450586132623366, 0.9985164663989345
Time, 0.09, Pos_X, 0.004932651086899999, Pos_Y, -0.0010769621305443116, Pos_Z, 0.0030698345079634946, BFx, 1.0, 0.0, 0.0,                             BFy, 0.0, 0.9983330375454764, -0.05771608220611029, BFz, 0.0, 0.05771608220611032, 0.9983330375454768
Time, 0.092, Pos_X, 0.005216283571979999, Pos_Y, -0.0010776051319855082, Pos_Z, 0.0032663760111871676, BFx, 1.0, 0.0, 0.0,                             BFy, 0.0, 0.9981410186894567, -0.06094675388873615, BFz, 0.0, 0.060946753888736174, 0.9981410186894568
Time, 0.094, Pos_X, 0.005510082262459999, Pos_Y, -0.0010756934428606832, Pos_Z, 0.0034764091641983253, BFx, 1.0, 0.0, 0.0,                             BFy, 0.0, 0.9979386928427441, -0.06417449125093043, BFz, 0.0, 0.06417449125093046, 0.9979386928427444
Time, 0.096, Pos_X, 0.00581441694214, Pos_Y, -0.0010713996106887218, Pos_Z, 0.0037007517476489913, BFx, 1.0, 0.0, 0.0,                             BFy, 0.0, 0.9977239785526499, -0.06743042800599928, BFz, 0.0, 0.06743042800599933, 0.9977239785526502
Time, 0.098, Pos_X, 0.00612967712542, Pos_Y, -0.0010649229662667765, Pos_Z, 0.003940163929396234, BFx, 1.0, 0.0, 0.0,                             BFy, 0.0, 0.997494478279792, -0.07074436939662732, BFz, 0.0, 0.07074436939662737, 0.9974944782797921
Time, 0.1, Pos_X, 0.0064562661903, Pos_Y, -0.0010564874955198375, Pos_Z, 0.004195345990830093, BFx, 1.0, 0.0, 0.0,                             BFy, 0.0, 0.9972475015099144, -0.07414459341202391, BFz, 0.0, 0.07414459341202395, 0.9972475015099145
Time, 0.102, Pos_X, 0.006794598103379998, Pos_Y, -0.0010463375998975926, Pos_Z, 0.004466933162040511, BFx, 1.0, 0.0, 0.0,                             BFy, 0.0, 0.996980086765577, -0.07765762417756364, BFz, 0.0, 0.07765762417756368, 0.9969800867655771
Time, 0.104, Pos_X, 0.007145094447459998, Pos_Y, -0.0010347324945361076, Pos_Z, 0.004755486469867192, BFx, 1.0, 0.0, 0.0,                             BFy, 0.0, 0.9966890167463776, -0.08130808014668836, BFz, 0.0, 0.0813080801466884, 0.9966890167463779
Time, 0.106, Pos_X, 0.007508181544539998, Pos_Y, -0.0010219420595765508, Pos_Z, 0.005061483697792781, BFx, 1.0, 0.0, 0.0,                             BFy, 0.0, 0.9963708020487606, -0.08511888641606538, BFz, 0.0, 0.08511888641606542, 0.9963708020487609
Time, 0.108, Pos_X, 0.00788428574702, Pos_Y, -0.001008245174536983, Pos_Z, 0.005385315685404171, BFx, 1.0, 0.0, 0.0,                             BFy, 0.0, 0.996021697140953, -0.08911104771270882, BFz, 0.0, 0.08911104771270886, 0.9960216971409535
Time, 0.11, Pos_X, 0.0082738251069, Pos_Y, -0.0009939296938867156, Pos_Z, 0.00572728890501024, BFx, 1.0, 0.0, 0.0,                             BFy, 0.0, 0.995637743161205, -0.09330318533074583, BFz, 0.0, 0.09330318533074586, 0.9956377431612055
Time, 0.112, Pos_X, 0.00867720131178, Pos_Y, -0.000979293862102282, Pos_Z, 0.00608763122819741, BFx, 1.0, 0.0, 0.0,                             BFy, 0.0, 0.9952148749518335, -0.09771055559461118, BFz, 0.0, 0.0977105555946112, 0.995214874951834
Time, 0.114, Pos_X, 0.00909479234086, Pos_Y, -0.0009646481182178539, Pos_Z, 0.006466496410317132, BFx, 1.0, 0.0, 0.0,                             BFy, 0.0, 0.9947489843364111, -0.102344800364648, BFz, 0.0, 0.10234480036464802, 0.9947489843364117
Time, 0.116, Pos_X, 0.00952694276334, Pos_Y, -0.0009503144822879395, Pos_Z, 0.006863967236513245, BFx, 1.0, 0.0, 0.0,                             BFy, 0.0, 0.9942359556162846, -0.10721410616040235, BFz, 0.0, 0.10721410616040238, 0.9942359556162852
Time, 0.118, Pos_X, 0.009973953725219998, Pos_Y, -0.0009366236637652584, Pos_Z, 0.007280058269057615, BFx, 1.0, 0.0, 0.0,                             BFy, 0.0, 0.9936716620286928, -0.11232376454310863, BFz, 0.0, 0.11232376454310868, 0.9936716620286935
Time, 0.12, Pos_X, 0.010436073967299998, Pos_Y, -0.0009239120304219812, Pos_Z, 0.007714718117226177, BFx, 1.0, 0.0, 0.0,                             BFy, 0.0, 0.9930519957627502, -0.1176763940287906, BFz, 0.0, 0.11767639402879065, 0.9930519957627509
Time, 0.122, Pos_X, 0.010913490699979997, Pos_Y, -0.0009125179369192255, Pos_Z, 0.00816783223120931, BFx, 1.0, 0.0, 0.0,                             BFy, 0.0, 0.9923729502836559, -0.12327176296830135, BFz, 0.0, 0.12327176296830142, 0.9923729502836567
Time, 0.124, Pos_X, 0.011406320813659998, Pos_Y, -0.0009027776799434645, Pos_Z, 0.00863922616283205, BFx, 1.0, 0.0, 0.0,                             BFy, 0.0, 0.9916307748173111, -0.1291061827923822, BFz, 0.0, 0.12910618279238228, 0.9916307748173119
Time, 0.126, Pos_X, 0.011914602790139998, Pos_Y, -0.0008950220742013645, Pos_Z, 0.009128669388144545, BFx, 1.0, 0.0, 0.0,                             BFy, 0.0, 0.9908221228913586, -0.13517218940692627, BFz, 0.0, 0.13517218940692632, 0.9908221228913595
Time, 0.128, Pos_X, 0.01243829013402, Pos_Y, -0.0008895737902224357, Pos_Z, 0.009635878979852587, BFx, 1.0, 0.0, 0.0,                             BFy, 0.0, 0.9899441850552732, -0.14145851149807548, BFz, 0.0, 0.14145851149807556, 0.9899441850552742
Time, 0.13, Pos_X, 0.0129772457733, Pos_Y, -0.000886745629122495, Pos_Z, 0.010160524680514624, BFx, 1.0, 0.0, 0.0,                             BFy, 0.0, 0.988994846942039, -0.1479499669553634, BFz, 0.0, 0.14794996695536344, 0.98899484694204
Time, 0.132, Pos_X, 0.01353123691838, Pos_Y, -0.0008868391156855283, Pos_Z, 0.010702233751591156, BFx, 1.0, 0.0, 0.0,                             BFy, 0.0, 0.987972854375361, -0.15462742000499685, BFz, 0.0, 0.15462742000499693, 0.987972854375362
Time, 0.134, Pos_X, 0.014099929651660001, Pos_Y, -0.0008901413220176084, Pos_Z, 0.011260591470587613, BFx, 1.0, 0.0, 0.0,                             BFy, 0.0, 0.9868780037595156, -0.16146766145464958, BFz, 0.0, 0.16146766145464966, 0.9868780037595166
Time, 0.136, Pos_X, 0.014682883900140001, Pos_Y, -0.000896920024629146, Pos_Z, 0.011835139173290985, BFx, 1.0, 0.0, 0.0,                             BFy, 0.0, 0.9857113625190276, -0.16844319458168078, BFz, 0.0, 0.16844319458168086, 0.9857113625190286
Time, 0.138, Pos_X, 0.015279551307620001, Pos_Y, -0.0009074192017669717, Pos_Z, 0.012425374276294629, BFx, 1.0, 0.0, 0.0,                             BFy, 0.0, 0.9844754610887141, -0.17552226785842337, BFz, 0.0, 0.1755222678584235, 0.984475461088715
Time, 0.14, Pos_X, 0.015889276094700002, Pos_Y, -0.0009218562603092127, Pos_Z, 0.013030753949907974, BFx, 1.0, 0.0, 0.0,                             BFy, 0.0, 0.9831743576159906, -0.1826695993491656, BFz, 0.0, 0.18266959934916577, 0.9831743576159915
Time, 0.142, Pos_X, 0.016511298245379995, Pos_Y, -0.0009404223773829017, Pos_Z, 0.013650702754519167, BFx, 1.0, 0.0, 0.0,                             BFy, 0.0, 0.9818136788721514, -0.18984704364180222, BFz, 0.0, 0.1898470436418024, 0.9818136788721523
Time, 0.144, Pos_X, 0.017144758421659995, Pos_Y, -0.0009632854044761544, Pos_Z, 0.014284621439049208, BFx, 1.0, 0.0, 0.0,                             BFy, 0.0, 0.9804006724428425, -0.1970140133940298, BFz, 0.0, 0.19701401339403, 0.9804006724428433
Time, 0.146, Pos_X, 0.017788704701139996, Pos_Y, -0.0009905929842692934, Pos_Z, 0.014931893440516587, BFx, 1.0, 0.0, 0.0,                             BFy, 0.0, 0.9789439796097289, -0.20412908853435682, BFz, 0.0, 0.20412908853435704, 0.9789439796097299
Time, 0.148, Pos_X, 0.018442101289419997, Pos_Y, -0.0010224749793273321, Pos_Z, 0.01559188973593534, BFx, 1.0, 0.0, 0.0,                             BFy, 0.0, 0.9774533147900428, -0.21115164552036572, BFz, 0.0, 0.21115164552036592, 0.9774533147900438
Time, 0.15, Pos_X, 0.019103837443099996, Pos_Y, -0.0010590448279312987, Pos_Z, 0.01626397411332744, BFx, 1.0, 0.0, 0.0,                             BFy, 0.0, 0.9759391649359466, -0.2180429919628874, BFz, 0.0, 0.2180429919628876, 0.9759391649359476
Time, 0.152, Pos_X, 0.019772736164579998, Pos_Y, -0.0011004002133422923, Pos_Z, 0.016947507340542213, BFx, 1.0, 0.0, 0.0,                             BFy, 0.0, 0.974412337369147, -0.2247678731108967, BFz, 0.0, 0.22476787311089688, 0.9744123373691481
Time, 0.154, Pos_X, 0.02044756575646, Pos_Y, -0.0011466249660871202, Pos_Z, 0.017641848983782363, BFx, 1.0, 0.0, 0.0,                             BFy, 0.0, 0.9728834861710239, -0.23129574647129897, BFz, 0.0, 0.2312957464712992, 0.9728834861710252
Time, 0.156, Pos_X, 0.02112705282394, Pos_Y, -0.0011977922336773503, Pos_Z, 0.018346359762740606, BFx, 1.0, 0.0, 0.0,                             BFy, 0.0, 0.9713627592947675, -0.23760132544928214, BFz, 0.0, 0.23760132544928236, 0.9713627592947688
Time, 0.158, Pos_X, 0.02180989484302, Pos_Y, -0.0012539678814803123, Pos_Z, 0.019060404656548294, BFx, 1.0, 0.0, 0.0,                             BFy, 0.0, 0.969859462890089, -0.24366497951603264, BFz, 0.0, 0.24366497951603283, 0.9698594628900901
Time, 0.16, Pos_X, 0.022494773862820002, Pos_Y, -0.0013152144932353335, Pos_Z, 0.01978335790639903, BFx, 1.0, 0.0, 0.0,                             BFy, 0.0, 0.9683818583160747, -0.2494725966600459, BFz, 0.0, 0.2494725966600461, 0.9683818583160758
Time, 0.162, Pos_X, 0.023180366994916, Pos_Y, -0.001381594823473936, Pos_Z, 0.020514609417641883, BFx, 1.0, 0.0, 0.0,                             BFy, 0.0, 0.9669370434818756, -0.25501520335566175, BFz, 0.0, 0.2550152033556619, 0.9669370434818769
Time, 0.164, Pos_X, 0.023865357952748002, Pos_Y, -0.0014531743232426544, Pos_Z, 0.021253568009719143, BFx, 1.0, 0.0, 0.0,                             BFy, 0.0, 0.9655308666567746, -0.26028858125745286, BFz, 0.0, 0.2602885812574531, 0.9655308666567759
Time, 0.166, Pos_X, 0.024548452036340002, Pos_Y, -0.0015300240582963344, Pos_Z, 0.02199966263035519, BFx, 1.0, 0.0, 0.0,                             BFy, 0.0, 0.964167954748245, -0.26529258383261656, BFz, 0.0, 0.2652925838326168, 0.9641679547482463
Time, 0.168, Pos_X, 0.025228387558532003, Pos_Y, -0.0016122232424994408, Pos_Z, 0.02275234513352023, BFx, 1.0, 0.0, 0.0,                             BFy, 0.0, 0.9628518071503904, -0.2700303639726969, BFz, 0.0, 0.2700303639726972, 0.9628518071503918
Time, 0.17, Pos_X, 0.025903945688724003, Pos_Y, -0.0016998597193793822, Pos_Z, 0.023511092618010085, BFx, 1.0, 0.0, 0.0,                             BFy, 0.0, 0.961584879128613, -0.2745077780887289, BFz, 0.0, 0.2745077780887292, 0.9615848791286143
Time, 0.172, Pos_X, 0.026573961314715993, Pos_Y, -0.0017930299130606887, Pos_Z, 0.024275408070440967, BFx, 1.0, 0.0, 0.0,                             BFy, 0.0, 0.9603687482390196, -0.2787326091540393, BFz, 0.0, 0.2787326091540396, 0.9603687482390213
Time, 0.174, Pos_X, 0.027237333347507994, Pos_Y, -0.0018918402841504127, Pos_Z, 0.025044821121492006, BFx, 1.0, 0.0, 0.0,                             BFy, 0.0, 0.9592042600552401, -0.28271396762784745, BFz, 0.0, 0.2827139676278477, 0.9592042600552417
Time, 0.176, Pos_X, 0.027893033432299996, Pos_Y, -0.001996408957155008, Pos_Z, 0.025818888395796307, BFx, 1.0, 0.0, 0.0,                             BFy, 0.0, 0.9580916339910295, -0.28646190126507165, BFz, 0.0, 0.28646190126507187, 0.9580916339910311
Time, 0.178, Pos_X, 0.028540112985091997, Pos_Y, -0.0021068667174488176, Pos_Z, 0.026597193035690764, BFx, 1.0, 0.0, 0.0,                             BFy, 0.0, 0.957030583469107, -0.28998700368254543, BFz, 0.0, 0.28998700368254565, 0.9570305834691087
Time, 0.18, Pos_X, 0.029177709483684, Pos_Y, -0.002223358277689932, Pos_Z, 0.027379343951174924, BFx, 1.0, 0.0, 0.0,                             BFy, 0.0, 0.9560205062789306, -0.2932998322095957, BFz, 0.0, 0.29329983220959593, 0.9560205062789325
Time, 0.182, Pos_X, 0.029805051142876, Pos_Y, -0.0023460424122276314, Pos_Z, 0.02816497399808323, BFx, 1.0, 0.0, 0.0,                             BFy, 0.0, 0.9550606380763569, -0.29641048833869255, BFz, 0.0, 0.29641048833869266, 0.9550606380763588
Time, 0.184, Pos_X, 0.030421458849867997, Pos_Y, -0.002475090583214673, Pos_Z, 0.02895373663833037, BFx, 1.0, 0.0, 0.0,                             BFy, 0.0, 0.9541500931816981, -0.29932858146417757, BFz, 0.0, 0.29932858146417773, 0.9541500931817
Time, 0.186, Pos_X, 0.031026346403459998, Pos_Y, -0.0026106866859340497, Pos_Z, 0.0297453026830963, BFx, 1.0, 0.0, 0.0,                             BFy, 0.0, 0.9532878434273376, -0.3020633833711984, BFz, 0.0, 0.3020633833711986, 0.9532878434273395
Time, 0.188, Pos_X, 0.031619219439852, Pos_Y, -0.0027530275024259315, Pos_Z, 0.030539358721785943, BFx, 1.0, 0.0, 0.0,                             BFy, 0.0, 0.9524725844347456, -0.3046243192855692, BFz, 0.0, 0.3046243192855693, 0.9524725844347475
Time, 0.19, Pos_X, 0.032199672934044, Pos_Y, -0.002902321939409571, Pos_Z, 0.0313356060046104, BFx, 1.0, 0.0, 0.0,                             BFy, 0.0, 0.9517027164806174, -0.30702107328881156, BFz, 0.0, 0.3070210732888118, 0.9517027164806192
Time, 0.192, Pos_X, 0.032767387472236, Pos_Y, -0.003058789271338968, Pos_Z, 0.032133757643278665, BFx, 1.0, 0.0, 0.0,                             BFy, 0.0, 0.9509764086840358, -0.30926343160227365, BFz, 0.0, 0.3092634316022738, 0.9509764086840375
Time, 0.194, Pos_X, 0.033322125019428, Pos_Y, -0.0032226569099662182, Pos_Z, 0.03293353499475699, BFx, 1.0, 0.0, 0.0,                             BFy, 0.0, 0.9502915512491269, -0.3113614742137003, BFz, 0.0, 0.3113614742137005, 0.9502915512491287
Time, 0.196, Pos_X, 0.03386372421262, Pos_Y, -0.003394156036611676, Pos_Z, 0.033734660990403544, BFx, 1.0, 0.0, 0.0,                             BFy, 0.0, 0.9496458966345048, -0.31332518412225924, BFz, 0.0, 0.31332518412225946, 0.9496458966345068
Time, 0.198, Pos_X, 0.034392094207412, Pos_Y, -0.003573514618643554, Pos_Z, 0.034536851113072545, BFx, 1.0, 0.0, 0.0,                             BFy, 0.0, 0.9490370426175009, -0.3151645470858482, BFz, 0.0, 0.3151645470858484, 0.9490370426175029
Time, 0.2, Pos_X, 0.034907201774804004, Pos_Y, -0.003760950047302152, Pos_Z, 0.035339810715934436, BFx, 1.0, 0.0, 0.0,                             BFy, 0.0, 0.9484627757190024, -0.3168885657063144, BFz, 0.0, 0.3168885657063146, 0.9484627757190044
Time, 0.202, Pos_X, 0.035409057004596005, Pos_Y, -0.003956664338830817, Pos_Z, 0.03614323948157251, BFx, 1.0, 0.0, 0.0,                             BFy, 0.0, 0.9479213683256212, -0.3185044418397983, BFz, 0.0, 0.31850444183979854, 0.9479213683256232
Time, 0.204, Pos_X, 0.035897705511787996, Pos_Y, -0.004160842584903372, Pos_Z, 0.036946835848964174, BFx, 1.0, 0.0, 0.0,                             BFy, 0.0, 0.9474116710310473, -0.3200173832687195, BFz, 0.0, 0.32001738326871976, 0.9474116710310493
Time, 0.206, Pos_X, 0.036373223609379994, Pos_Y, -0.004373652249818088, Pos_Z, 0.037750296915798676, BFx, 1.0, 0.0, 0.0,                             BFy, 0.0, 0.9469332812352034, -0.32143018042668425, BFz, 0.0, 0.32143018042668453, 0.9469332812352053
Time, 0.208, Pos_X, 0.036835712087772, Pos_Y, -0.004595239618646789, Pos_Z, 0.038553312851047974, BFx, 1.0, 0.0, 0.0,                             BFy, 0.0, 0.9464866514592742, -0.3227429605884692, BFz, 0.0, 0.3227429605884695, 0.9464866514592761
Time, 0.21, Pos_X, 0.037285287773964, Pos_Y, -0.004825721595589724, Pos_Z, 0.03935555840223165, BFx, 1.0, 0.0, 0.0,                             BFy, 0.0, 0.9460729772874638, -0.32395357946229586, BFz, 0.0, 0.3239535794622962, 0.9460729772874658
Time, 0.212, Pos_X, 0.037722074709956, Pos_Y, -0.005065175786985402, Pos_Z, 0.04015668622414356, BFx, 1.0, 0.0, 0.0,                             BFy, 0.0, 0.945694042823894, -0.3250581138310482, BFz, 0.0, 0.3250581138310486, 0.9456940428238961
Time, 0.214, Pos_X, 0.038146195801547995, Pos_Y, -0.0053136316926837325, Pos_Z, 0.040956323364941274, BFx, 1.0, 0.0, 0.0,                             BFy, 0.0, 0.9453520066473889, -0.3260515044095863, BFz, 0.0, 0.32605150440958675, 0.945352006647391
Time, 0.216, Pos_X, 0.038557764961339995, Pos_Y, -0.005571064336847154, Pos_Z, 0.04175406947870109, BFx, 1.0, 0.0, 0.0,                             BFy, 0.0, 0.9450491024665956, -0.3269284232474776, BFz, 0.0, 0.32692842324747806, 0.9450491024665977
Time, 0.218, Pos_X, 0.038956880426332, Pos_Y, -0.005837389399893263, Pos_Z, 0.042549494883191846, BFx, 1.0, 0.0, 0.0,                             BFy, 0.0, 0.9447874046669905, -0.3276839330553328, BFz, 0.0, 0.3276839330553334, 0.9447874046669927
Time, 0.22, Pos_X, 0.039343619125124, Pos_Y, -0.006112458307211955, Pos_Z, 0.043342138408953367, BFx, 1.0, 0.0, 0.0,                             BFy, 0.0, 0.9445685466347595, -0.3283142712528608, BFz, 0.0, 0.32831427125286144, 0.944568546634762
Time, 0.222, Pos_X, 0.039718029448716, Pos_Y, -0.006396052454029508, Pos_Z, 0.04413150707659017, BFx, 1.0, 0.0, 0.0,                             BFy, 0.0, 0.9443935783114316, -0.32881722771796656, BFz, 0.0, 0.32881722771796723, 0.9443935783114338
Time, 0.224, Pos_X, 0.040080124693507996, Pos_Y, -0.0066878771410181686, Pos_Z, 0.044917077945812144, BFx, 1.0, 0.0, 0.0,                             BFy, 0.0, 0.9442628905158464, -0.32919233526110186, BFz, 0.0, 0.32919233526110264, 0.9442628905158486
Time, 0.226, Pos_X, 0.040429881438299994, Pos_Y, -0.006987558086366431, Pos_Z, 0.04569829909771008, BFx, 1.0, 0.0, 0.0,                             BFy, 0.0, 0.9441760842050787, -0.32944122695127726, BFz, 0.0, 0.3294412269512781, 0.9441760842050808
Time, 0.228, Pos_X, 0.04076724069029199, Pos_Y, -0.007294640199075682, Pos_Z, 0.04647458943758522, BFx, 1.0, 0.0, 0.0,                             BFy, 0.0, 0.9441320865546781, -0.3295672968270807, BFz, 0.0, 0.32956729682708136, 0.9441320865546802
Time, 0.23, Pos_X, 0.04109210914848399, Pos_Y, -0.007608587043314276, Pos_Z, 0.047245339299296724, BFx, 1.0, 0.0, 0.0,                             BFy, 0.0, 0.9441294787004941, -0.32957476761538085, BFz, 0.0, 0.3295747676153815, 0.9441294787004962
Time, 0.232, Pos_X, 0.04140435963247599, Pos_Y, -0.00792878106353447, Pos_Z, 0.048009911850336304, BFx, 1.0, 0.0, 0.0,                             BFy, 0.0, 0.9441667237061132, -0.3294680528458915, BFz, 0.0, 0.3294680528458922, 0.9441667237061153
Time, 0.234, Pos_X, 0.04170383258826799, Pos_Y, -0.008254525244561169, Pos_Z, 0.04876764467340753, BFx, 1.0, 0.0, 0.0,                             BFy, 0.0, 0.9442421848817479, -0.3292517217718711, BFz, 0.0, 0.3292517217718718, 0.9442421848817502
Time, 0.236, Pos_X, 0.04199034053625999, Pos_Y, -0.008585047107722562, Pos_Z, 0.04951785135926789, BFx, 1.0, 0.0, 0.0,                             BFy, 0.0, 0.9443541552442638, -0.32893043257335086, BFz, 0.0, 0.3289304325733516, 0.9443541552442659
Time, 0.238, Pos_X, 0.04226367258845199, Pos_Y, -0.008919504643266003, Pos_Z, 0.0502598241595776, BFx, 1.0, 0.0, 0.0,                             BFy, 0.0, 0.9445009761901435, -0.3285086086784715, BFz, 0.0, 0.3285086086784722, 0.9445009761901455
Time, 0.24, Pos_X, 0.04252359891464399, Pos_Y, -0.009256993029488266, Pos_Z, 0.0509928367283215, BFx, 1.0, 0.0, 0.0,                             BFy, 0.0, 0.9446812197062242, -0.32798992840384544, BFz, 0.0, 0.32798992840384605, 0.9446812197062262
Time, 0.242, Pos_X, 0.04276987621383599, Pos_Y, -0.00959655194109631, Pos_Z, 0.051716146139030555, BFx, 1.0, 0.0, 0.0,                             BFy, 0.0, 0.9448939135338937, -0.3273766823807125, BFz, 0.0, 0.32737668238071305, 0.9448939135338957
Time, 0.244, Pos_X, 0.04300225394002799, Pos_Y, -0.009937173481989752, Pos_Z, 0.05242899517152682, BFx, 1.0, 0.0, 0.0,                             BFy, 0.0, 0.9451385678652495, -0.32666969178915956, BFz, 0.0, 0.3266696917891601, 0.9451385678652516
Time, 0.246, Pos_X, 0.04322048100801999, Pos_Y, -0.01027781084734933, Pos_Z, 0.053130614590902694, BFx, 1.0, 0.0, 0.0,                             BFy, 0.0, 0.9454152262030877, -0.32586814827988897, BFz, 0.0, 0.3258681482798895, 0.9454152262030898
Time, 0.248, Pos_X, 0.04342431145221199, Pos_Y, -0.010617387343746796, Pos_Z, 0.05382022433931585, BFx, 1.0, 0.0, 0.0,                             BFy, 0.0, 0.9457245989302359, -0.3249692031227635, BFz, 0.0, 0.32496920312276406, 0.9457245989302381
Time, 0.25, Pos_X, 0.04361350862840399, Pos_Y, -0.010954805515799712, Pos_Z, 0.05449703437398303, BFx, 1.0, 0.0, 0.0,                             BFy, 0.0, 0.9460678365296336, -0.3239685921260544, BFz, 0.0, 0.323968592126055, 0.9460678365296358
Time, 0.252, Pos_X, 0.04378784851819599, Pos_Y, -0.011288956434047995, Pos_Z, 0.055160245076998765, BFx, 1.0, 0.0, 0.0,                             BFy, 0.0, 0.9464463405637997, -0.3228611534907711, BFz, 0.0, 0.3228611534907717, 0.9464463405638022
Time, 0.254, Pos_X, 0.04394712358818799, Pos_Y, -0.011618728886131658, Pos_Z, 0.05580904664036539, BFx, 1.0, 0.0, 0.0,                             BFy, 0.0, 0.9468616612736057, -0.3216410956488412, BFz, 0.0, 0.3216410956488418, 0.9468616612736082
Time, 0.256, Pos_X, 0.04409114712837999, Pos_Y, -0.011943018612309345, Pos_Z, 0.05644261833511207, BFx, 1.0, 0.0, 0.0,                             BFy, 0.0, 0.9473152796015558, -0.32030260853359505, BFz, 0.0, 0.32030260853359566, 0.9473152796015583
Time, 0.258, Pos_X, 0.04421975505097199, Pos_Y, -0.01226073656707881, Pos_Z, 0.05706012809282782, BFx, 1.0, 0.0, 0.0,                             BFy, 0.0, 0.9478085331078131, -0.31884006110903723, BFz, 0.0, 0.31884006110903784, 0.9478085331078155
Time, 0.26, Pos_X, 0.04433280604616399, Pos_Y, -0.012570815644104373, Pos_Z, 0.057660731549069706, BFx, 1.0, 0.0, 0.0,                             BFy, 0.0, 0.948342658280568, -0.31724785654964566, BFz, 0.0, 0.3172478565496462, 0.9483426582805704
Time, 0.262, Pos_X, 0.04443018112215599, Pos_Y, -0.012872216666616362, Pos_Z, 0.058243571868233736, BFx, 1.0, 0.0, 0.0,                             BFy, 0.0, 0.9489188948403021, -0.3155200960557953, BFz, 0.0, 0.3155200960557959, 0.9489188948403047
Time, 0.264, Pos_X, 0.044511780371747994, Pos_Y, -0.013163933175008241, Pos_Z, 0.05880778131280224, BFx, 1.0, 0.0, 0.0,                             BFy, 0.0, 0.9495387457813413, -0.3136497573090023, BFz, 0.0, 0.31364975730900285, 0.9495387457813439
Time, 0.266, Pos_X, 0.04457751832293999, Pos_Y, -0.013444994778196835, Pos_Z, 0.059352481906399475, BFx, 1.0, 0.0, 0.0,                             BFy, 0.0, 0.9502042409735609, -0.3116278235906707, BFz, 0.0, 0.3116278235906712, 0.9502042409735634
Time, 0.268, Pos_X, 0.04462731839373199, Pos_Y, -0.013714469479204882, Pos_Z, 0.059876786168913315, BFx, 1.0, 0.0, 0.0,                             BFy, 0.0, 0.9509181754059075, -0.30944244001542276, BFz, 0.0, 0.3094424400154232, 0.9509181754059101
Time, 0.27, Pos_X, 0.04466110537452399, Pos_Y, -0.013971464304084956, Pos_Z, 0.06037979741101785, BFx, 1.0, 0.0, 0.0,                             BFy, 0.0, 0.9516842285000993, -0.3070783763539363, BFz, 0.0, 0.3070783763539367, 0.9516842285001018
Time, 0.272, Pos_X, 0.044678799321315986, Pos_Y, -0.014215124615102942, Pos_Z, 0.060860608786444274, BFx, 1.0, 0.0, 0.0,                             BFy, 0.0, 0.9525069558568402, -0.30451682883600106, BFz, 0.0, 0.30451682883600145, 0.9525069558568428
Time, 0.274, Pos_X, 0.04468030736610799, Pos_Y, -0.014444632938379845, Pos_Z, 0.06131830496921933, BFx, 1.0, 0.0, 0.0,                             BFy, 0.0, 0.953391606931246, -0.3017357185237697, BFz, 0.0, 0.3017357185237702, 0.9533916069312485
Time, 0.276, Pos_X, 0.04466551266409999, Pos_Y, -0.014659206702970603, Pos_Z, 0.06175196509458111, BFx, 1.0, 0.0, 0.0,                             BFy, 0.0, 0.9543437481835573, -0.2987105794962048, BFz, 0.0, 0.2987105794962052, 0.9543437481835597
Time, 0.278, Pos_X, 0.04463426673329199, Pos_Y, -0.014858095777063913, Pos_Z, 0.06216066348773335, BFx, 1.0, 0.0, 0.0,                             BFy, 0.0, 0.9553687886200081, -0.29541577095804805, BFz, 0.0, 0.2954157709580484, 0.9553687886200105
Time, 0.28, Pos_X, 0.04458638315848399, Pos_Y, -0.015040581163950809, Pos_Z, 0.06254347044312861, BFx, 1.0, 0.0, 0.0,                             BFy, 0.0, 0.9564715452895597, -0.2918256038311268, BFz, 0.0, 0.2918256038311272, 0.956471545289562
Time, 0.282, Pos_X, 0.04452163041167599, Pos_Y, -0.01520597359702268, Pos_Z, 0.06289945521118173, BFx, 1.0, 0.0, 0.0,                             BFy, 0.0, 0.9576556751375269, -0.28791597363968474, BFz, 0.0, 0.2879159736396851, 0.9576556751375291
Time, 0.284, Pos_X, 0.04443972524346799, Pos_Y, -0.015353611472075677, Pos_Z, 0.0632276899765056, BFx, 1.0, 0.0, 0.0,                             BFy, 0.0, 0.9589231952554614, -0.28366583439155285, BFz, 0.0, 0.28366583439155324, 0.9589231952554638
Time, 0.286, Pos_X, 0.044340327697059985, Pos_Y, -0.015482859455612058, Pos_Z, 0.06352725485267978, BFx, 1.0, 0.0, 0.0,                             BFy, 0.0, 0.9602743651308175, -0.2790575992023964, BFz, 0.0, 0.2790575992023968, 0.9602743651308199
Time, 0.288, Pos_X, 0.044223038543851984, Pos_Y, -0.015593108112596505, Pos_Z, 0.0637972434304512, BFx, 1.0, 0.0, 0.0,                             BFy, 0.0, 0.9617077466096665, -0.2740770149263838, BFz, 0.0, 0.27407701492638414, 0.9617077466096688
Time, 0.29, Pos_X, 0.04408739838164398, Pos_Y, -0.015683774328856363, Pos_Z, 0.06403676811057538, BFx, 1.0, 0.0, 0.0,                             BFy, 0.0, 0.9632202645566463, -0.26871308480873124, BFz, 0.0, 0.26871308480873163, 0.9632202645566484
Time, 0.292, Pos_X, 0.04393288830143598, Pos_Y, -0.015754302344401373, Pos_Z, 0.06424496511297191, BFx, 1.0, 0.0, 0.0,                             BFy, 0.0, 0.9648072963685282, -0.2629579450673646, BFz, 0.0, 0.26295794506736486, 0.9648072963685304
Time, 0.294, Pos_X, 0.043758932928227974, Pos_Y, -0.015804165003602096, Pos_Z, 0.0644209975821019, BFx, 1.0, 0.0, 0.0,                             BFy, 0.0, 0.9664627734708521, -0.2568067512645039, BFz, 0.0, 0.2568067512645042, 0.9664627734708542
Time, 0.296, Pos_X, 0.04356490599841997, Pos_Y, -0.015832864785098273, Pos_Z, 0.06456405749730044, BFx, 1.0, 0.0, 0.0,                             BFy, 0.0, 0.9681793513969672, -0.25025735459432163, BFz, 0.0, 0.2502573545943219, 0.9681793513969692
Time, 0.298, Pos_X, 0.04335013736801197, Pos_Y, -0.015839935840765332, Pos_Z, 0.06467336980344232, BFx, 1.0, 0.0, 0.0,                             BFy, 0.0, 0.9699486928001786, -0.24330954221983292, BFz, 0.0, 0.24330954221983322, 0.9699486928001806
Time, 0.3, Pos_X, 0.043113920149603975, Pos_Y, -0.015824947043008415, Pos_Z, 0.06474819919323198, BFx, 1.0, 0.0, 0.0,                             BFy, 0.0, 0.9717616954908663, -0.23596441930239537, BFz, 0.0, 0.23596441930239567, 0.9717616954908683
Time, 0.302, Pos_X, 0.042855518816595974, Pos_Y, -0.01578750505600423, Pos_Z, 0.0647878573116858, BFx, 1.0, 0.0, 0.0,                             BFy, 0.0, 0.9736087378514877, -0.2282236306328349, BFz, 0.0, 0.22822363063283527, 0.9736087378514897
Time, 0.304, Pos_X, 0.04257417998838797, Pos_Y, -0.01572725842131734, Pos_Z, 0.06479170963963794, BFx, 1.0, 0.0, 0.0,                             BFy, 0.0, 0.9754798968019245, -0.2200885524858271, BFz, 0.0, 0.22008855248582743, 0.9754798968019264
Time, 0.306, Pos_X, 0.042269144889579974, Pos_Y, -0.015643902825648433, Pos_Z, 0.06475918465661447, BFx, 1.0, 0.0, 0.0,                             BFy, 0.0, 0.9773651162816147, -0.2115595175732494, BFz, 0.0, 0.21155951757324973, 0.9773651162816164
Time, 0.308, Pos_X, 0.04193966223757197, Pos_Y, -0.015537186948987359, Pos_Z, 0.06468978292177627, BFx, 1.0, 0.0, 0.0,                             BFy, 0.0, 0.979254203885263, -0.20263564388586652, BFz, 0.0, 0.20263564388586686, 0.9792542038852647
Time, 0.31, Pos_X, 0.04158500459976397, Pos_Y, -0.015406917641066477, Pos_Z, 0.06458307917615466, BFx, 1.0, 0.0, 0.0,                             BFy, 0.0, 0.9811368300537585, -0.19331456414885445, BFz, 0.0, 0.19331456414885476, 0.9811368300537604
Time, 0.312, Pos_X, 0.04120448281855597, Pos_Y, -0.015252962412959068, Pos_Z, 0.06443872059224823, BFx, 1.0, 0.0, 0.0,                             BFy, 0.0, 0.9830024474989426, -0.18359245140007277, BFz, 0.0, 0.18359245140007308, 0.9830024474989444
Time, 0.314, Pos_X, 0.040797452328547965, Pos_Y, -0.0150752490042748, Pos_Z, 0.06425642906750846, BFx, 1.0, 0.0, 0.0,                             BFy, 0.0, 0.9848401639860248, -0.1734642654842183, BFz, 0.0, 0.17346426548421862, 0.9848401639860265
Time, 0.316, Pos_X, 0.04036331654733996, Pos_Y, -0.014873764022081843, Pos_Z, 0.06403600932029539, BFx, 1.0, 0.0, 0.0,                             BFy, 0.0, 0.9866386118112013, -0.16292406109370416, BFz, 0.0, 0.16292406109370447, 0.9866386118112029
Time, 0.318, Pos_X, 0.03990153156573196, Pos_Y, -0.014648554143753038, Pos_Z, 0.06377736118783388, BFx, 1.0, 0.0, 0.0,                             BFy, 0.0, 0.9883858026369478, -0.15196547353170725, BFz, 0.0, 0.15196547353170756, 0.9883858026369494
