Time, 0, Pos_X, 0.0, Pos_Y, 0.0, Pos_Z, 0.0, BFx, 1.0, 0.0, 0.0,                         BFy, 0.0, 1.0, 0.0, BFz, 0.0, 0.0, 1.0
Time, 0.0, Pos_X, 0.0, Pos_Y, 0.0, Pos_Z, 0.0, BFx, 1.0, 0.0, 0.0,                             BFy, 0.0, 1.0, 0.0, BFz, 0.0, 0.0, 1.0
Time, 0.002, Pos_X, -1.0990915999999998e-06, Pos_Y, 1.4724616583322103e-06, Pos_Z, 3.1234168064954637e-06, BFx, 1.0, 0.0, 0.0,                             BFy, 0.0, 0.9999990604333198, -0.0013708145306759525, BFz, 0.0, 0.0013708145306759525, 0.9999990604333197
Time, 0.004, Pos_X, -4.69678566e-06, Pos_Y, 5.951893357201552e-06, Pos_Z, 1.2471838838203361e-05, BFx, 1.0, 0.0, 0.0,                             BFy, 0.0, 0.9999960512048784, -0.0028102623809440302, BFz, 0.0, 0.0028102623809440302, 0.9999960512048783
Time, 0.006, Pos_X, -1.1412058779999999e-05, Pos_Y, 1.3564270098543835e-05, Pos_Z, 2.8000509071652782e-05, BFx, 1.0, 0.0, 0.0,                             BFy, 0.0, 0.999990637614588, -0.004327202695636295, BFz, 0.0, 0.004327202695636295, 0.9999906376145878
Time, 0.008, Pos_X, -2.19003339e-05, Pos_Y, 2.4438985973425716e-05, Pos_Z, 4.966227947560878e-05, BFx, 1.0, 0.0, 0.0,                             BFy, 0.0, 0.9999824112575488, -0.005931034946606635, BFz, 0.0, 0.005931034946606635, 0.9999824112575486
Time, 0.01, Pos_X, -3.685351882e-05, Pos_Y, 3.870831247357762e-05, Pos_Z, 7.74074706958492e-05, BFx, 1.0, 0.0, 0.0,                             BFy, 0.0, 0.9999708817482688, -0.007631228969788559, BFz, 0.0, 0.007631228969788558, 0.9999708817482685
Time, 0.012, Pos_X, -5.7000005939999994e-05, Pos_Y, 5.650673477508176e-05, Pos_Z, 0.00011118283324412583, BFx, 1.0, 0.0, 0.0,                             BFy, 0.0, 0.9999554711774535, -0.009436930765699906, BFz, 0.0, 0.009436930765699906, 0.9999554711774534
Time, 0.014, Pos_X, -8.310378566e-05, Pos_Y, 7.796934873472142e-05, Pos_Z, 0.0001509294534503599, BFx, 1.0, 0.0, 0.0,                             BFy, 0.0, 0.9999355115327153, -0.011356618150069879, BFz, 0.0, 0.011356618150069879, 0.9999355115327151
Time, 0.016, Pos_X, -0.00011596236338, Pos_Y, 0.00010323066095191947, Pos_Z, 0.0001965814965013686, BFx, 1.0, 0.0, 0.0,                             BFy, 0.0, 0.9999102461703362, -0.013397746212598441, BFz, 0.0, 0.013397746212598441, 0.999910246170336
Time, 0.018, Pos_X, -0.00015640410069999995, Pos_Y, 0.00013242371522994098, Pos_Z, 0.0002480658604970275, BFx, 1.0, 0.0, 0.0,                             BFy, 0.0, 0.9998788348315625, -0.015566491444008262, BFz, 0.0, 0.015566491444008262, 0.9998788348315624
Time, 0.02, Pos_X, -0.00020528481301999998, Pos_Y, 0.0001656785007860165, Pos_Z, 0.0003053018763284082, BFx, 1.0, 0.0, 0.0,                             BFy, 0.0, 0.9998403626810947, -0.017867544703640163, BFz, 0.0, 0.01786754470364016, 0.9998403626810944
Time, 0.022, Pos_X, -0.0002634802463399999, Pos_Y, 0.0002031178605694292, Pos_Z, 0.0003681978140978217, BFx, 1.0, 0.0, 0.0,                             BFy, 0.0, 0.99979385012339, -0.02030411917438503, BFz, 0.0, 0.020304119174385023, 0.9997938501233897
Time, 0.024, Pos_X, -0.0003318791636599999, Pos_Y, 0.00024485519419001556, Pos_Z, 0.00043664352872932986, BFx, 1.0, 0.0, 0.0,                             BFy, 0.0, 0.9997382566155263, -0.022878336026624223, BFz, 0.0, 0.022878336026624216, 0.9997382566155262
Time, 0.026, Pos_X, -0.00041138622017999985, Pos_Y, 0.00029099472385563487, Pos_Z, 0.0005105192765203029, BFx, 1.0, 0.0, 0.0,                             BFy, 0.0, 0.9996724809741985, -0.025591615480267733, BFz, 0.0, 0.025591615480267726, 0.9996724809741984
Time, 0.028, Pos_X, -0.0005029187999, Pos_Y, 0.00034163068613937865, Pos_Z, 0.0005897048636379083, BFx, 1.0, 0.0, 0.0,                             BFy, 0.0, 0.9995952666737152, -0.02844824851379875, BFz, 0.0, 0.02844824851379874, 0.9995952666737152
Time, 0.03, Pos_X, -0.0006073885816199998, Pos_Y, 0.0003968469203039362, Pos_Z, 0.0006740709603831974, BFx, 1.0, 0.0, 0.0,                             BFy, 0.0, 0.9995053687088816, -0.03144865533088817, BFz, 0.0, 0.03144865533088816, 0.9995053687088816
Time, 0.032, Pos_X, -0.0007256873285399999, Pos_Y, 0.0004567145808610448, Pos_Z, 0.0007634714815584283, BFx, 1.0, 0.0, 0.0,                             BFy, 0.0, 0.9994014480705369, -0.034594010963065636, BFz, 0.0, 0.034594010963065636, 0.9994014480705369
Time, 0.034, Pos_X, -0.00085868572186, Pos_Y, 0.0005212877898843698, Pos_Z, 0.0008577421620399545, BFx, 1.0, 0.0, 0.0,                             BFy, 0.0, 0.999282051195682, -0.037886437654516235, BFz, 0.0, 0.037886437654516235, 0.999282051195682
Time, 0.036, Pos_X, -0.0010072277399799997, Pos_Y, 0.0005905983039194966, Pos_Z, 0.0009566999201294794, BFx, 1.0, 0.0, 0.0,                             BFy, 0.0, 0.9991455913163971, -0.041329013453097814, BFz, 0.0, 0.041329013453097814, 0.999145591316397
Time, 0.038, Pos_X, -0.0011721125036999998, Pos_Y, 0.0006646522445885282, Pos_Z, 0.0010601416937585427, BFx, 1.0, 0.0, 0.0,                             BFy, 0.0, 0.9989903338838959, -0.04492563640663548, BFz, 0.0, 0.04492563640663548, 0.9989903338838958
Time, 0.04, Pos_X, -0.00135407809742, Pos_Y, 0.0007434303003525838, Pos_Z, 0.0011678469825113934, BFx, 1.0, 0.0, 0.0,                             BFy, 0.0, 0.9988143972644482, -0.04868058973816659, BFz, 0.0, 0.04868058973816658, 0.9988143972644481
Time, 0.042, Pos_X, -0.00155379585514, Pos_Y, 0.0008268872963779754, Pos_Z, 0.0012795815123074305, BFx, 1.0, 0.0, 0.0,                             BFy, 0.0, 0.9986157545609172, -0.05259823896984379, BFz, 0.0, 0.05259823896984377, 0.9986157545609171
Time, 0.044, Pos_X, -0.0017718647734599993, Pos_Y, 0.0009149487956167069, Pos_Z, 0.0013950969997394858, BFx, 1.0, 0.0, 0.0,                             BFy, 0.0, 0.9983922526290834, -0.05668253602498014, BFz, 0.0, 0.056682536024980135, 0.9983922526290834
Time, 0.046, Pos_X, -0.0020087986847799996, Pos_Y, 0.0010075072366956522, Pos_Z, 0.001514128710633178, BFx, 1.0, 0.0, 0.0,                             BFy, 0.0, 0.9981416350591137, -0.060936658601515876, BFz, 0.0, 0.06093665860151587, 0.9981416350591138
Time, 0.048, Pos_X, -0.0022650145851, Pos_Y, 0.0011044204003405774, Pos_Z, 0.001636396556483978, BFx, 1.0, 0.0, 0.0,                             BFy, 0.0, 0.9978615888928889, -0.0653624464976456, BFz, 0.0, 0.06536244649764558, 0.997861588892889
Time, 0.05, Pos_X, -0.00254082750262, Pos_Y, 0.0012055114095353672, Pos_Z, 0.0017616089013656015, BFx, 1.0, 0.0, 0.0,                             BFy, 0.0, 0.9975498052334838, -0.06995988906964244, BFz, 0.0, 0.06995988906964243, 0.9975498052334839
Time, 0.052, Pos_X, -0.0028364480639399992, Pos_Y, 0.0013105685968509923, Pos_Z, 0.0018894655828026908, BFx, 1.0, 0.0, 0.0,                             BFy, 0.0, 0.997204078503432, -0.07472633950702383, BFz, 0.0, 0.07472633950702381, 0.9972040785034323
Time, 0.054, Pos_X, -0.0031519783164599994, Pos_Y, 0.0014193455188673265, Pos_Z, 0.002019659642178063, BFx, 1.0, 0.0, 0.0,                             BFy, 0.0, 0.996822363996124, -0.07965660447933134, BFz, 0.0, 0.07965660447933132, 0.9968223639961243
Time, 0.056, Pos_X, -0.0034874186121799998, Pos_Y, 0.0015315644828345894, Pos_Z, 0.0021518789771085714, BFx, 1.0, 0.0, 0.0,                             BFy, 0.0, 0.9964029033235905, -0.08474228134949509, BFz, 0.0, 0.08474228134949506, 0.9964029033235908
Time, 0.058, Pos_X, -0.0038426654943, Pos_Y, 0.0016469175529829458, Pos_Z, 0.0022858106517991924, BFx, 1.0, 0.0, 0.0,                             BFy, 0.0, 0.9959442181721605, -0.08997285306936408, BFz, 0.0, 0.08997285306936406, 0.9959442181721608
Time, 0.06, Pos_X, -0.004217502157619999, Pos_Y, 0.0017650654313399398, Pos_Z, 0.0024211464975566637, BFx, 1.0, 0.0, 0.0,                             BFy, 0.0, 0.9954450759938, -0.09533677506447946, BFz, 0.0, 0.09533677506447946, 0.9954450759938004
Time, 0.062, Pos_X, -0.004611602425539999, Pos_Y, 0.0018856407661973708, Pos_Z, 0.0025575866492756195, BFx, 1.0, 0.0, 0.0,                             BFy, 0.0, 0.9949045995640775, -0.10082082010299404, BFz, 0.0, 0.10082082010299404, 0.9949045995640778
Time, 0.064, Pos_X, -0.00502453592406, Pos_Y, 0.0020082528996300582, Pos_Z, 0.002694842562716276, BFx, 1.0, 0.0, 0.0,                             BFy, 0.0, 0.9943223555261647, -0.10640983648562281, BFz, 0.0, 0.1064098364856228, 0.9943223555261649
Time, 0.066, Pos_X, -0.00545577489658, Pos_Y, 0.0021324927272627914, Pos_Z, 0.0028326396925133267, BFx, 1.0, 0.0, 0.0,                             BFy, 0.0, 0.993698321676901, -0.11208766879772189, BFz, 0.0, 0.11208766879772186, 0.9936983216769012
Time, 0.068, Pos_X, -0.0059047030421, Pos_Y, 0.002257937092189007, Pos_Z, 0.0029707200053600787, BFx, 1.0, 0.0, 0.0,                             BFy, 0.0, 0.993032789219477, -0.11783836189876022, BFz, 0.0, 0.11783836189876018, 0.9930327892194772
Time, 0.07, Pos_X, -0.006370625343620001, Pos_Y, 0.00238415275469413, Pos_Z, 0.0031088444079045187, BFx, 1.0, 0.0, 0.0,                             BFy, 0.0, 0.992326274857404, -0.12364693375747501, BFz, 0.0, 0.12364693375747497, 0.9923262748574043
Time, 0.072, Pos_X, -0.006852779819139998, Pos_Y, 0.0025107010956319895, Pos_Z, 0.003246795599065683, BFx, 1.0, 0.0, 0.0,                             BFy, 0.0, 0.9915794703051, -0.12949962961126435, BFz, 0.0, 0.1294996296112643, 0.9915794703051004
Time, 0.074, Pos_X, -0.007350346766859998, Pos_Y, 0.0026371424738048503, Pos_Z, 0.0033843788857655776, BFx, 1.0, 0.0, 0.0,                             BFy, 0.0, 0.9907931096278412, -0.13538468862463646, BFz, 0.0, 0.1353846886246364, 0.9907931096278417
Time, 0.076, Pos_X, -0.007862458921579999, Pos_Y, 0.002763039972487192, Pos_Z, 0.00352142329050273, BFx, 1.0, 0.0, 0.0,                             BFy, 0.0, 0.9899678292817067, -0.14129294740808152, BFz, 0.0, 0.14129294740808143, 0.9899678292817073
Time, 0.078, Pos_X, -0.0083882159009, Pos_Y, 0.0028879644593693765, Pos_Z, 0.00365777939574365, BFx, 1.0, 0.0, 0.0,                             BFy, 0.0, 0.9891040691443029, -0.14721800298258175, BFz, 0.0, 0.1472180029825817, 0.9891040691443035
Time, 0.08, Pos_X, -0.008926695136020001, Pos_Y, 0.003011500471476833, Pos_Z, 0.003793314664940788, BFx, 1.0, 0.0, 0.0,                             BFy, 0.0, 0.9882020165803697, -0.15315604600043953, BFz, 0.0, 0.15315604600043947, 0.9882020165803701
Time, 0.082, Pos_X, -0.009476959831740002, Pos_Y, 0.003133249983216657, Pos_Z, 0.00392791367030531, BFx, 1.0, 0.0, 0.0,                             BFy, 0.0, 0.9872615746713413, -0.15910557242743417, BFz, 0.0, 0.15910557242743412, 0.9872615746713419
Time, 0.084, Pos_X, -0.010038071930060002, Pos_Y, 0.003252838686155877, Pos_Z, 0.0040614708908973994, BFx, 1.0, 0.0, 0.0,                             BFy, 0.0, 0.986282353083812, -0.16506701667945878, BFz, 0.0, 0.16506701667945872, 0.9862823530838125
Time, 0.086, Pos_X, -0.010609109484379998, Pos_Y, 0.0033699231020764653, Pos_Z, 0.004193886103945983, BFx, 1.0, 0.0, 0.0,                             BFy, 0.0, 0.9852637106732978, -0.1710421598036046, BFz, 0.0, 0.17104215980360457, 0.9852637106732984
Time, 0.088, Pos_X, -0.011189175198299999, Pos_Y, 0.0034841861354409677, Pos_Z, 0.004325081379775509, BFx, 1.0, 0.0, 0.0,                             BFy, 0.0, 0.9842048667394648, -0.17703327451739218, BFz, 0.0, 0.17703327451739215, 0.9842048667394655
Time, 0.09, Pos_X, -0.011777408416419999, Pos_Y, 0.0035953354612320667, Pos_Z, 0.004455014265571616, BFx, 1.0, 0.0, 0.0,                             BFy, 0.0, 0.983105009921881, -0.18304245263461852, BFz, 0.0, 0.18304245263461844, 0.9831050099218817
Time, 0.092, Pos_X, -0.012373000956139999, Pos_Y, 0.0037031108135819526, Pos_Z, 0.004583672954404536, BFx, 1.0, 0.0, 0.0,                             BFy, 0.0, 0.9819633839935316, -0.18907118367422032, BFz, 0.0, 0.18907118367422024, 0.9819633839935321
Time, 0.094, Pos_X, -0.01297521121046, Pos_Y, 0.003807291300663237, Pos_Z, 0.004711059990120273, BFx, 1.0, 0.0, 0.0,                             BFy, 0.0, 0.9807793791648014, -0.19511998720045487, BFz, 0.0, 0.1951199872004548, 0.980779379164802
Time, 0.096, Pos_X, -0.01358338461298, Pos_Y, 0.003907704227096217, Pos_Z, 0.004837172878467699, BFx, 1.0, 0.0, 0.0,                             BFy, 0.0, 0.9795525809172265, -0.20118832276849258, BFz, 0.0, 0.2011883227684925, 0.9795525809172272
Time, 0.098, Pos_X, -0.014196948862500001, Pos_Y, 0.004004219965592446, Pos_Z, 0.004962002892025983, BFx, 1.0, 0.0, 0.0,                             BFy, 0.0, 0.9782827774065829, -0.20727471488259455, BFz, 0.0, 0.2072747148825944, 0.9782827774065835
Time, 0.1, Pos_X, -0.014815399867820002, Pos_Y, 0.004096738068144, Pos_Z, 0.005085556509126555, BFx, 1.0, 0.0, 0.0,                             BFy, 0.0, 0.9769698880855109, -0.21337721943586951, BFz, 0.0, 0.21337721943586935, 0.9769698880855116
Time, 0.102, Pos_X, -0.015438323225739998, Pos_Y, 0.004185194167453391, Pos_Z, 0.005207860012987334, BFx, 1.0, 0.0, 0.0,                             BFy, 0.0, 0.975613915293887, -0.21949370898713974, BFz, 0.0, 0.21949370898713957, 0.9756139152938875
Time, 0.104, Pos_X, -0.016065413906659998, Pos_Y, 0.004269575504720813, Pos_Z, 0.005328931636492308, BFx, 1.0, 0.0, 0.0,                             BFy, 0.0, 0.9742148579607818, -0.2256222740078045, BFz, 0.0, 0.22562227400780427, 0.9742148579607824
Time, 0.106, Pos_X, -0.016696469915039997, Pos_Y, 0.004349920756419801, Pos_Z, 0.005448768087662917, BFx, 1.0, 0.0, 0.0,                             BFy, 0.0, 0.9727725748842456, -0.2317617689634636, BFz, 0.0, 0.23176176896346337, 0.9727725748842462
Time, 0.108, Pos_X, -0.017331397156159997, Pos_Y, 0.004426314385352241, Pos_Z, 0.005567362458510488, BFx, 1.0, 0.0, 0.0,                             BFy, 0.0, 0.9712867589527481, -0.23791181534985956, BFz, 0.0, 0.2379118153498594, 0.9712867589527485
Time, 0.11, Pos_X, -0.017970224113659998, Pos_Y, 0.00449888329633349, Pos_Z, 0.00568472273991482, BFx, 1.0, 0.0, 0.0,                             BFy, 0.0, 0.9697568148521571, -0.24407318584350574, BFz, 0.0, 0.24407318584350557, 0.9697568148521578
Time, 0.112, Pos_X, -0.018613097201059997, Pos_Y, 0.00456778985627893, Pos_Z, 0.0058008800902231185, BFx, 1.0, 0.0, 0.0,                             BFy, 0.0, 0.968182263187965, -0.25024608937649667, BFz, 0.0, 0.2502460893764965, 0.9681822631879655
Time, 0.114, Pos_X, -0.019260274261059997, Pos_Y, 0.0046332277216595275, Pos_Z, 0.0059158942804651265, BFx, 1.0, 0.0, 0.0,                             BFy, 0.0, 0.9665627120390994, -0.25643034862437813, BFz, 0.0, 0.25643034862437797, 0.9665627120390999
Time, 0.116, Pos_X, -0.01991213038426, Pos_Y, 0.0046954232094198614, Pos_Z, 0.006029849620747897, BFx, 1.0, 0.0, 0.0,                             BFy, 0.0, 0.9648977823903513, -0.2626257213948797, BFz, 0.0, 0.2626257213948795, 0.964897782390352
Time, 0.118, Pos_X, -0.020569159588459996, Pos_Y, 0.004754634674016496, Pos_Z, 0.006142842886961446, BFx, 1.0, 0.0, 0.0,                             BFy, 0.0, 0.9631874371720598, -0.26883072903579747, BFz, 0.0, 0.2688307290357973, 0.9631874371720603
Time, 0.12, Pos_X, -0.021231967342259996, Pos_Y, 0.00481114846561169, Pos_Z, 0.0062549776187714075, BFx, 1.0, 0.0, 0.0,                             BFy, 0.0, 0.9614320929560305, -0.27504241606375074, BFz, 0.0, 0.2750424160637505, 0.9614320929560312
Time, 0.122, Pos_X, -0.021901261615859997, Pos_Y, 0.004865273495895132, Pos_Z, 0.0063663695881947865, BFx, 1.0, 0.0, 0.0,                             BFy, 0.0, 0.9596327965486688, -0.28125592578322717, BFz, 0.0, 0.2812559257832269, 0.9596327965486694
Time, 0.124, Pos_X, -0.022577844444659996, Pos_Y, 0.004917336432464463, Pos_Z, 0.006477154627258421, BFx, 1.0, 0.0, 0.0,                             BFy, 0.0, 0.9577910717604484, -0.2874652376479121, BFz, 0.0, 0.2874652376479118, 0.957791071760449
Time, 0.126, Pos_X, -0.023262601318059996, Pos_Y, 0.004967677233710686, Pos_Z, 0.006587490614762769, BFx, 1.0, 0.0, 0.0,                             BFy, 0.0, 0.9559085943883353, -0.29366436483597363, BFz, 0.0, 0.29366436483597336, 0.9559085943883358
Time, 0.128, Pos_X, -0.023956488573459996, Pos_Y, 0.005016645330346487, Pos_Z, 0.006697553840161016, BFx, 1.0, 0.0, 0.0,                             BFy, 0.0, 0.9539872474712608, -0.299847180514019, BFz, 0.0, 0.2998471805140186, 0.9539872474712612
Time, 0.13, Pos_X, -0.024660520300859995, Pos_Y, 0.005064595986037827, Pos_Z, 0.006807533858209831, BFx, 1.0, 0.0, 0.0,                             BFy, 0.0, 0.9520291830038466, -0.306007246170786, BFz, 0.0, 0.3060072461707856, 0.9520291830038469
Time, 0.132, Pos_X, -0.025375756471259996, Pos_Y, 0.0051118857603576606, Pos_Z, 0.0069176320200753086, BFx, 1.0, 0.0, 0.0,                             BFy, 0.0, 0.950036352310005, -0.31213927867139646, BFz, 0.0, 0.31213927867139607, 0.9500363523100052
Time, 0.134, Pos_X, -0.026103287562659994, Pos_Y, 0.0051588636329022225, Pos_Z, 0.007028062715546584, BFx, 1.0, 0.0, 0.0,                             BFy, 0.0, 0.9480097385978751, -0.31824131649361387, BFz, 0.0, 0.31824131649361354, 0.9480097385978752
Time, 0.136, Pos_X, -0.026844210404859993, Pos_Y, 0.005205865580214523, Pos_Z, 0.007139041764816939, BFx, 1.0, 0.0, 0.0,                             BFy, 0.0, 0.9459488891272929, -0.3243157399184324, BFz, 0.0, 0.32431573991843204, 0.945948889127293
Time, 0.138, Pos_X, -0.027599609990259993, Pos_Y, 0.005253210282753654, Pos_Z, 0.00725077685184926, BFx, 1.0, 0.0, 0.0,                             BFy, 0.0, 0.9438515703353252, -0.33036981274859306, BFz, 0.0, 0.3303698127485927, 0.9438515703353254
Time, 0.14, Pos_X, -0.028370552625459993, Pos_Y, 0.005301189590920269, Pos_Z, 0.007363471466655393, BFx, 1.0, 0.0, 0.0,                             BFy, 0.0, 0.9417134537352104, -0.33641606836490623, BFz, 0.0, 0.3364160683649059, 0.9417134537352108
Time, 0.142, Pos_X, -0.02915807166165998, Pos_Y, 0.005350063194316216, Pos_Z, 0.007477325686270991, BFx, 1.0, 0.0, 0.0,                             BFy, 0.0, 0.9395279312536784, -0.34247228558553916, BFz, 0.0, 0.34247228558553877, 0.9395279312536787
Time, 0.144, Pos_X, -0.02996314235185998, Pos_Y, 0.005400056807752091, Pos_Z, 0.007592532220285768, BFx, 1.0, 0.0, 0.0,                             BFy, 0.0, 0.9372861348907808, -0.34856090047723454, BFz, 0.0, 0.3485609004772342, 0.9372861348907812
Time, 0.146, Pos_X, -0.03078666555465998, Pos_Y, 0.005451360676095538, Pos_Z, 0.007709274389622078, BFx, 1.0, 0.0, 0.0,                             BFy, 0.0, 0.9349774346357145, -0.3547071985765417, BFz, 0.0, 0.35470719857654137, 0.9349774346357147
Time, 0.148, Pos_X, -0.03162946324105998, Pos_Y, 0.005504125971935362, Pos_Z, 0.007827725367852168, BFx, 1.0, 0.0, 0.0,                             BFy, 0.0, 0.932590405847056, -0.36093646937102836, BFz, 0.0, 0.3609364693710282, 0.9325904058470561
Time, 0.15, Pos_X, -0.032492270053059984, Pos_Y, 0.0055584598783292374, Pos_Z, 0.007948044357332259, BFx, 1.0, 0.0, 0.0,                             BFy, 0.0, 0.9301141062771535, -0.36727067580226413, BFz, 0.0, 0.36727067580226397, 0.9301141062771536
Time, 0.152, Pos_X, -0.033375717628259985, Pos_Y, 0.005614422969416761, Pos_Z, 0.008070374589093295, BFx, 1.0, 0.0, 0.0,                             BFy, 0.0, 0.9275394279183415, -0.3737253131069879, BFz, 0.0, 0.37372531310698764, 0.9275394279183415
Time, 0.154, Pos_X, -0.034280323736459985, Pos_Y, 0.005672028281404663, Pos_Z, 0.008194847326724816, BFx, 1.0, 0.0, 0.0,                             BFy, 0.0, 0.9248602354702007, -0.3803071716994116, BFz, 0.0, 0.3803071716994113, 0.9248602354702006
Time, 0.156, Pos_X, -0.035206491590259986, Pos_Y, 0.005731239837794227, Pos_Z, 0.00832158758438528, BFx, 1.0, 0.0, 0.0,                             BFy, 0.0, 0.9220739045966768, -0.3870138427263799, BFz, 0.0, 0.3870138427263796, 0.9220739045966768
Time, 0.158, Pos_X, -0.036154509735259986, Pos_Y, 0.005791970436090863, Pos_Z, 0.008450715902158715, BFx, 1.0, 0.0, 0.0,                             BFy, 0.0, 0.9191812402320835, -0.39383479735215005, BFz, 0.0, 0.39383479735214977, 0.9191812402320836
Time, 0.16, Pos_X, -0.037124547873059986, Pos_Y, 0.00585407973490006, Pos_Z, 0.008582348670504041, BFx, 1.0, 0.0, 0.0,                             BFy, 0.0, 0.9161859170066317, -0.40075349715095165, BFz, 0.0, 0.4007534971509514, 0.9161859170066318
Time, 0.162, Pos_X, -0.03811665462685999, Pos_Y, 0.005917373266456864, Pos_Z, 0.008716601104857467, BFx, 1.0, 0.0, 0.0,                             BFy, 0.0, 0.9130935866426155, -0.4077500484759319, BFz, 0.0, 0.40775004847593166, 0.9130935866426156
Time, 0.164, Pos_X, -0.039130760942859985, Pos_Y, 0.005981601951347052, Pos_Z, 0.008853591584925253, BFx, 1.0, 0.0, 0.0,                             BFy, 0.0, 0.9099107148507081, -0.41480415981505475, BFz, 0.0, 0.4148041598150546, 0.9099107148507084
Time, 0.166, Pos_X, -0.04016668452525998, Pos_Y, 0.0060464620866443435, Pos_Z, 0.00899344392642644, BFx, 1.0, 0.0, 0.0,                             BFy, 0.0, 0.9066431986409585, -0.4218982227482017, BFz, 0.0, 0.42189822274820155, 0.9066431986409589
Time, 0.168, Pos_X, -0.041224133391059986, Pos_Y, 0.006111595481769876, Pos_Z, 0.009136289232840421, BFx, 1.0, 0.0, 0.0,                             BFy, 0.0, 0.9032958274829029, -0.4290182374351678, BFz, 0.0, 0.42901823743516765, 0.903295827482903
Time, 0.17, Pos_X, -0.042302710750859986, Pos_Y, 0.0061765906338828655, Pos_Z, 0.00928226761418457, BFx, 1.0, 0.0, 0.0,                             BFy, 0.0, 0.8998716559922608, -0.43615479218019226, BFz, 0.0, 0.43615479218019215, 0.8998716559922609
Time, 0.172, Pos_X, -0.043401920900659974, Pos_Y, 0.006240984552137567, Pos_Z, 0.009431528812946717, BFx, 1.0, 0.0, 0.0,                             BFy, 0.0, 0.8963719680343124, -0.4433027125140265, BFz, 0.0, 0.44330271251402636, 0.8963719680343127
Time, 0.174, Pos_X, -0.04452117563585997, Pos_Y, 0.006304264440511547, Pos_Z, 0.009584232576536362, BFx, 1.0, 0.0, 0.0,                             BFy, 0.0, 0.8927974891622883, -0.4504582592710607, BFz, 0.0, 0.4504582592710606, 0.8927974891622886
Time, 0.176, Pos_X, -0.04565980122345997, Pos_Y, 0.006365870446517776, Pos_Z, 0.009740547709282843, BFx, 1.0, 0.0, 0.0,                             BFy, 0.0, 0.8891490906734236, -0.4576176291999953, BFz, 0.0, 0.4576176291999952, 0.8891490906734241
Time, 0.178, Pos_X, -0.04681704386305997, Pos_Y, 0.0064251989775480885, Pos_Z, 0.009900649361086788, BFx, 1.0, 0.0, 0.0,                             BFy, 0.0, 0.8854285152813378, -0.4647755849081211, BFz, 0.0, 0.4647755849081211, 0.8854285152813383
Time, 0.18, Pos_X, -0.047992074931659974, Pos_Y, 0.006481606186296921, Pos_Z, 0.010064716014636689, BFx, 1.0, 0.0, 0.0,                             BFy, 0.0, 0.8816387937851768, -0.47192482165385075, BFz, 0.0, 0.47192482165385075, 0.8816387937851773
Time, 0.182, Pos_X, -0.049183997551059976, Pos_Y, 0.006534412140323393, Pos_Z, 0.010232925858289315, BFx, 1.0, 0.0, 0.0,                             BFy, 0.0, 0.8777840483878807, -0.4790565356988496, BFz, 0.0, 0.4790565356988496, 0.8777840483878813
Time, 0.184, Pos_X, -0.05039185219445998, Pos_Y, 0.0065829055484279055, Pos_Z, 0.010405452364292854, BFx, 1.0, 0.0, 0.0,                             BFy, 0.0, 0.8738690804155426, -0.4861613212645513, BFz, 0.0, 0.48616132126455136, 0.8738690804155431
Time, 0.186, Pos_X, -0.05161462146405998, Pos_Y, 0.0066263479689222015, Pos_Z, 0.010582460301865819, BFx, 1.0, 0.0, 0.0,                             BFy, 0.0, 0.8698994550548704, -0.4932290929124514, BFz, 0.0, 0.4932290929124513, 0.869899455054871
Time, 0.188, Pos_X, -0.052851235160459975, Pos_Y, 0.006663977921716763, Pos_Z, 0.010764102439494256, BFx, 1.0, 0.0, 0.0,                             BFy, 0.0, 0.8658813503110188, -0.5002494249707508, BFz, 0.0, 0.5002494249707508, 0.8658813503110193
Time, 0.19, Pos_X, -0.05410057579605997, Pos_Y, 0.006695015832871377, Pos_Z, 0.010950515947638415, BFx, 1.0, 0.0, 0.0,                             BFy, 0.0, 0.8618208674093338, -0.5072127684688382, BFz, 0.0, 0.5072127684688382, 0.8618208674093344
Time, 0.192, Pos_X, -0.055361486414659974, Pos_Y, 0.006718670443435262, Pos_Z, 0.011141819330556363, BFx, 1.0, 0.0, 0.0,                             BFy, 0.0, 0.8577235980930578, -0.5141111059628047, BFz, 0.0, 0.5141111059628047, 0.8577235980930584
Time, 0.194, Pos_X, -0.056632773385659974, Pos_Y, 0.006734141146494072, Pos_Z, 0.011338112310840599, BFx, 1.0, 0.0, 0.0,                             BFy, 0.0, 0.8535946068045929, -0.5209378535239229, BFz, 0.0, 0.5209378535239229, 0.8535946068045936
Time, 0.196, Pos_X, -0.057913206397459976, Pos_Y, 0.006740623573373724, Pos_Z, 0.011539468247357831, BFx, 1.0, 0.0, 0.0,                             BFy, 0.0, 0.8494386960114668, -0.5276873143428205, BFz, 0.0, 0.5276873143428205, 0.8494386960114676
Time, 0.198, Pos_X, -0.05920152797585998, Pos_Y, 0.0067373307402695875, Pos_Z, 0.011745915217771317, BFx, 1.0, 0.0, 0.0,                             BFy, 0.0, 0.8452607974819933, -0.5343539877647631, BFz, 0.0, 0.534353987764763, 0.8452607974819942
Time, 0.2, Pos_X, -0.06049645823225998, Pos_Y, 0.006723504169746013, Pos_Z, 0.011957427479509057, BFx, 1.0, 0.0, 0.0,                             BFy, 0.0, 0.8410661507171103, -0.5409322786799684, BFz, 0.0, 0.5409322786799683, 0.8410661507171111
Time, 0.202, Pos_X, -0.06179669697045998, Pos_Y, 0.006698410155626608, Pos_Z, 0.012173933265929913, BFx, 1.0, 0.0, 0.0,                             BFy, 0.0, 0.8368602025789672, -0.5474166615472074, BFz, 0.0, 0.5474166615472073, 0.8368602025789679
Time, 0.204, Pos_X, -0.06310092989393996, Pos_Y, 0.006661336467756339, Pos_Z, 0.012395328713966914, BFx, 1.0, 0.0, 0.0,                             BFy, 0.0, 0.8326485451738354, -0.5538017697876157, BFz, 0.0, 0.5538017697876156, 0.8326485451738361
Time, 0.206, Pos_X, -0.06440783093039996, Pos_Y, 0.006611591270423247, Pos_Z, 0.012621486981315592, BFx, 1.0, 0.0, 0.0,                             BFy, 0.0, 0.8284368584002447, -0.5600824686096978, BFz, 0.0, 0.5600824686096978, 0.8284368584002455
Time, 0.208, Pos_X, -0.06571608660815996, Pos_Y, 0.006548521579529059, Pos_Z, 0.012852253634474372, BFx, 1.0, 0.0, 0.0,                             BFy, 0.0, 0.8242309362510257, -0.566253797979985, BFz, 0.0, 0.566253797979985, 0.8242309362510265
Time, 0.21, Pos_X, -0.06702442016651997, Pos_Y, 0.006471539569151507, Pos_Z, 0.013087429361185019, BFx, 1.0, 0.0, 0.0,                             BFy, 0.0, 0.820036728441678, -0.5723108980324149, BFz, 0.0, 0.572310898032415, 0.820036728441679
Time, 0.212, Pos_X, -0.06833157938127997, Pos_Y, 0.006380119063629339, Pos_Z, 0.013326766467349217, BFx, 1.0, 0.0, 0.0,                             BFy, 0.0, 0.8158603256739915, -0.57824901987909, BFz, 0.0, 0.5782490198790902, 0.8158603256739924
Time, 0.214, Pos_X, -0.06963633305963997, Pos_Y, 0.006273779202302347, Pos_Z, 0.013569989467063942, BFx, 1.0, 0.0, 0.0,                             BFy, 0.0, 0.8117076616266897, -0.5840639280562799, BFz, 0.0, 0.58406392805628, 0.8117076616266906
Time, 0.216, Pos_X, -0.07093749231459998, Pos_Y, 0.0061520931632747106, Pos_Z, 0.013816801134647045, BFx, 1.0, 0.0, 0.0,                             BFy, 0.0, 0.8075842012111177, -0.5897522852471204, BFz, 0.0, 0.5897522852471205, 0.8075842012111184
Time, 0.218, Pos_X, -0.07223391662435998, Pos_Y, 0.006014709729205019, Pos_Z, 0.01406686357667455, BFx, 1.0, 0.0, 0.0,                             BFy, 0.0, 0.803494833872807, -0.5953117266942677, BFz, 0.0, 0.5953117266942678, 0.8034948338728076
Time, 0.22, Pos_X, -0.07352451184871997, Pos_Y, 0.005861365982908938, Pos_Z, 0.014319787314574967, BFx, 1.0, 0.0, 0.0,                             BFy, 0.0, 0.7994439935867128, -0.6007406271579506, BFz, 0.0, 0.6007406271579507, 0.7994439935867135
Time, 0.222, Pos_X, -0.07480824727947998, Pos_Y, 0.005691894261555388, Pos_Z, 0.014575135278101236, BFx, 1.0, 0.0, 0.0,                             BFy, 0.0, 0.7954354750273448, -0.6060382868004481, BFz, 0.0, 0.6060382868004482, 0.7954354750273455
Time, 0.224, Pos_X, -0.07608416902203997, Pos_Y, 0.00550622318826593, Pos_Z, 0.014832428054628642, BFx, 1.0, 0.0, 0.0,                             BFy, 0.0, 0.7914726071446898, -0.6112046401489337, BFz, 0.0, 0.6112046401489338, 0.7914726071446904
Time, 0.226, Pos_X, -0.07735139985179998, Pos_Y, 0.00530437050124733, Pos_Z, 0.015091154601274803, BFx, 1.0, 0.0, 0.0,                             BFy, 0.0, 0.787558342943769, -0.616240096439419, BFz, 0.0, 0.6162400964394191, 0.7875583429437697
Time, 0.228, Pos_X, -0.07860914442815999, Pos_Y, 0.005086437000971698, Pos_Z, 0.015350786711594306, BFx, 1.0, 0.0, 0.0,                             BFy, 0.0, 0.7836951626628879, -0.6211456286723666, BFz, 0.0, 0.6211456286723667, 0.7836951626628885
Time, 0.23, Pos_X, -0.07985670029471999, Pos_Y, 0.004852607442044751, Pos_Z, 0.015610784367653757, BFx, 1.0, 0.0, 0.0,                             BFy, 0.0, 0.7798851159310346, -0.6259226836832457, BFz, 0.0, 0.6259226836832459, 0.7798851159310352
Time, 0.232, Pos_X, -0.08109346537788, Pos_Y, 0.004603155345019961, Pos_Z, 0.015870590500394553, BFx, 1.0, 0.0, 0.0,                             BFy, 0.0, 0.7761296863562323, -0.6305733184623147, BFz, 0.0, 0.630573318462315, 0.7761296863562329
Time, 0.234, Pos_X, -0.08231894185923999, Pos_Y, 0.0043384460073906325, Pos_Z, 0.01612962580761901, BFx, 1.0, 0.0, 0.0,                             BFy, 0.0, 0.7724295922144043, -0.6351004055041125, BFz, 0.0, 0.6351004055041128, 0.7724295922144049
Time, 0.236, Pos_X, -0.08353273949779998, Pos_Y, 0.004058935449478144, Pos_Z, 0.016387289449223366, BFx, 1.0, 0.0, 0.0,                             BFy, 0.0, 0.7687845702771706, -0.6395078455372891, BFz, 0.0, 0.6395078455372893, 0.768784570277171
Time, 0.238, Pos_X, -0.08473457758795998, Pos_Y, 0.0037651659777443378, Pos_Z, 0.016642963344489354, BFx, 1.0, 0.0, 0.0,                             BFy, 0.0, 0.7651933276928812, -0.6438005679201396, BFz, 0.0, 0.6438005679201398, 0.7651933276928814
Time, 0.24, Pos_X, -0.08592428460971997, Pos_Y, 0.0034577613439175773, Pos_Z, 0.01689601650102241, BFx, 1.0, 0.0, 0.0,                             BFy, 0.0, 0.7616533851005224, -0.6479846610568146, BFz, 0.0, 0.6479846610568147, 0.7616533851005225
Time, 0.242, Pos_X, -0.08710179674747998, Pos_Y, 0.003137423698680125, Pos_Z, 0.017145807983556624, BFx, 1.0, 0.0, 0.0,                             BFy, 0.0, 0.7581611202794376, -0.652067263168937, BFz, 0.0, 0.6520672631689373, 0.7581611202794376
Time, 0.244, Pos_X, -0.08826715584803997, Pos_Y, 0.0028049314338481086, Pos_Z, 0.017391688431485603, BFx, 1.0, 0.0, 0.0,                             BFy, 0.0, 0.7547120109278906, -0.6560562327736693, BFz, 0.0, 0.6560562327736696, 0.7547120109278906
Time, 0.246, Pos_X, -0.08942050680659998, Pos_Y, 0.002461134980624195, Pos_Z, 0.017633000823145138, BFx, 1.0, 0.0, 0.0,                             BFy, 0.0, 0.7513008734268959, -0.6599598454360561, BFz, 0.0, 0.6599598454360563, 0.7513008734268959
Time, 0.248, Pos_X, -0.09056209444195998, Pos_Y, 0.002106950753703829, Pos_Z, 0.01786908303401549, BFx, 1.0, 0.0, 0.0,                             BFy, 0.0, 0.7479222044955114, -0.6637863933695642, BFz, 0.0, 0.6637863933695646, 0.7479222044955114
Time, 0.25, Pos_X, -0.09169225874791997, Pos_Y, 0.001743355243054948, Pos_Z, 0.018099271437413723, BFx, 1.0, 0.0, 0.0,                             BFy, 0.0, 0.7445705496091047, -0.6675437788301194, BFz, 0.0, 0.6675437788301195, 0.7445705496091046
Time, 0.252, Pos_X, -0.09281142884887998, Pos_Y, 0.0013713783960956122, Pos_Z, 0.01832290319997495, BFx, 1.0, 0.0, 0.0,                             BFy, 0.0, 0.7412407781310844, -0.6712392336832111, BFz, 0.0, 0.6712392336832111, 0.7412407781310841
Time, 0.254, Pos_X, -0.09392011629863999, Pos_Y, 0.0009920967397536527, Pos_Z, 0.01853931777918592, BFx, 1.0, 0.0, 0.0,                             BFy, 0.0, 0.737928236233165, -0.6748791878327633, BFz, 0.0, 0.6748791878327636, 0.7379282362331645
Time, 0.256, Pos_X, -0.09501890694919998, Pos_Y, 0.0006066258775075392, Pos_Z, 0.01874785811928617, BFx, 1.0, 0.0, 0.0,                             BFy, 0.0, 0.7346288142131374, -0.678469236832297, BFz, 0.0, 0.6784692368322973, 0.7346288142131369
Time, 0.258, Pos_X, -0.09610845201435998, Pos_Y, 0.0002161121787445551, Pos_Z, 0.018947872913642153, BFx, 1.0, 0.0, 0.0,                             BFy, 0.0, 0.7313388877313228, -0.6820142456664021, BFz, 0.0, 0.6820142456664025, 0.7313388877313224
Time, 0.26, Pos_X, -0.09718945922071999, Pos_Y, -0.0001782753668814885, Pos_Z, 0.01913872022295558, BFx, 1.0, 0.0, 0.0,                             BFy, 0.0, 0.7280550580223508, -0.6855186594747595, BFz, 0.0, 0.6855186594747598, 0.7280550580223503
Time, 0.262, Pos_X, -0.09826268324507999, Pos_Y, -0.0005753530731492679, Pos_Z, 0.019319770460372355, BFx, 1.0, 0.0, 0.0,                             BFy, 0.0, 0.7247739177185232, -0.6889867692452034, BFz, 0.0, 0.6889867692452036, 0.7247739177185226
Time, 0.264, Pos_X, -0.09932891600143999, Pos_Y, -0.0009739300510955033, Pos_Z, 0.019490408555782664, BFx, 1.0, 0.0, 0.0,                             BFy, 0.0, 0.7214918236051373, -0.6924229548989066, BFz, 0.0, 0.6924229548989069, 0.7214918236051369
Time, 0.266, Pos_X, -0.10038897702859999, Pos_Y, -0.0013728153082456212, Pos_Z, 0.019650036234725665, BFx, 1.0, 0.0, 0.0,                             BFy, 0.0, 0.7182046996048758, -0.695831883047529, BFz, 0.0, 0.6958318830475293, 0.7182046996048753
Time, 0.268, Pos_X, -0.10144370356015998, Pos_Y, -0.0017708247814093372, Pos_Z, 0.019798074787548425, BFx, 1.0, 0.0, 0.0,                             BFy, 0.0, 0.7149079339596849, -0.6992185966931191, BFz, 0.0, 0.6992185966931194, 0.7149079339596845
Time, 0.27, Pos_X, -0.10249394116551998, Pos_Y, -0.0021667890226450552, Pos_Z, 0.01993396858556472, BFx, 1.0, 0.0, 0.0,                             BFy, 0.0, 0.7115962257587855, -0.7025886502683144, BFz, 0.0, 0.7025886502683145, 0.7115962257587851
Time, 0.272, Pos_X, -0.10354053432927998, Pos_Y, -0.002559561583904784, Pos_Z, 0.020057188649194754, BFx, 1.0, 0.0, 0.0,                             BFy, 0.0, 0.7082635042495747, -0.705948162791088, BFz, 0.0, 0.705948162791088, 0.7082635042495744
Time, 0.274, Pos_X, -0.10458431742883999, Pos_Y, -0.0029480273576690703, Pos_Z, 0.020167236262715087, BFx, 1.0, 0.0, 0.0,                             BFy, 0.0, 0.7049028776141466, -0.7093038369636069, BFz, 0.0, 0.7093038369636069, 0.7049028776141462
Time, 0.276, Pos_X, -0.10562610716424, Pos_Y, -0.003331110892580432, Pos_Z, 0.020263646358606884, BFx, 1.0, 0.0, 0.0,                             BFy, 0.0, 0.7015066459159114, -0.7126629117161968, BFz, 0.0, 0.7126629117161969, 0.7015066459159109
Time, 0.278, Pos_X, -0.10666669477098, Pos_Y, -0.003707784082555842, Pos_Z, 0.02034599048589462, BFx, 1.0, 0.0, 0.0,                             BFy, 0.0, 0.698066271271183, -0.716033156294837, BFz, 0.0, 0.7160331562948372, 0.6980662712711827
Time, 0.28, Pos_X, -0.107706838200146, Pos_Y, -0.004077074377657566, Pos_Z, 0.020413880359366712, BFx, 1.0, 0.0, 0.0,                             BFy, 0.0, 0.6945725903620098, -0.7194226273323677, BFz, 0.0, 0.7194226273323678, 0.6945725903620096
Time, 0.282, Pos_X, -0.10874725613099796, Pos_Y, -0.0044380733510160615, Pos_Z, 0.020466971837662808, BFx, 1.0, 0.0, 0.0,                             BFy, 0.0, 0.6910161378050587, -0.7228393302062217, BFz, 0.0, 0.7228393302062218, 0.6910161378050586
Time, 0.284, Pos_X, -0.10978862273240997, Pos_Y, -0.004789943847770934, Pos_Z, 0.020504968043774444, BFx, 1.0, 0.0, 0.0,                             BFy, 0.0, 0.6873873629663636, -0.7262909976270859, BFz, 0.0, 0.7262909976270859, 0.6873873629663634
Time, 0.286, Pos_X, -0.11083156272302197, Pos_Y, -0.00513192669777137, Pos_Z, 0.020527621941905702, BFx, 1.0, 0.0, 0.0,                             BFy, 0.0, 0.6836769017057934, -0.7297848272429112, BFz, 0.0, 0.7297848272429112, 0.6836769017057932
Time, 0.288, Pos_X, -0.11187664851617397, Pos_Y, -0.005463347170949505, Pos_Z, 0.02053473895087609, BFx, 1.0, 0.0, 0.0,                             BFy, 0.0, 0.6798759200087139, -0.7333271666809461, BFz, 0.0, 0.7333271666809461, 0.6798759200087136
Time, 0.29, Pos_X, -0.11292439765906598, Pos_Y, -0.005783621287294518, Pos_Z, 0.020526178958800247, BFx, 1.0, 0.0, 0.0,                             BFy, 0.0, 0.6759763045289701, -0.7369233581013405, BFz, 0.0, 0.7369233581013404, 0.6759763045289698
Time, 0.292, Pos_X, -0.11397527046143797, Pos_Y, -0.006092261368775355, Pos_Z, 0.0205018578147398, BFx, 1.0, 0.0, 0.0,                             BFy, 0.0, 0.6719707086816973, -0.7405777249376442, BFz, 0.0, 0.7405777249376441, 0.6719707086816972
Time, 0.294, Pos_X, -0.11502966866768997, Pos_Y, -0.006388880599753211, Pos_Z, 0.02046174806556038, BFx, 1.0, 0.0, 0.0,                             BFy, 0.0, 0.6678526612327697, -0.7442935058727215, BFz, 0.0, 0.7442935058727214, 0.6678526612327694
Time, 0.296, Pos_X, -0.11608793447814197, Pos_Y, -0.006673196847469526, Pos_Z, 0.02040587914821744, BFx, 1.0, 0.0, 0.0,                             BFy, 0.0, 0.6636164491928006, -0.7480729966792936, BFz, 0.0, 0.7480729966792936, 0.6636164491928005
Time, 0.298, Pos_X, -0.11715035025459397, Pos_Y, -0.006945035634115665, Pos_Z, 0.020334336408258956, BFx, 1.0, 0.0, 0.0,                             BFy, 0.0, 0.6592568487590824, -0.7519178195549324, BFz, 0.0, 0.7519178195549324, 0.6592568487590823
Time, 0.3, Pos_X, -0.11821713796064597, Pos_Y, -0.00720433223196261, Pos_Z, 0.020247258939581625, BFx, 1.0, 0.0, 0.0,                             BFy, 0.0, 0.6547687302720887, -0.7558292861869514, BFz, 0.0, 0.7558292861869514, 0.6547687302720886
Time, 0.302, Pos_X, -0.11928845867769797, Pos_Y, -0.007451132639072088, Pos_Z, 0.02014483692117058, BFx, 1.0, 0.0, 0.0,                             BFy, 0.0, 0.6501467270348119, -0.7598086820548456, BFz, 0.0, 0.7598086820548456, 0.6501467270348118
Time, 0.304, Pos_X, -0.12036441298934997, Pos_Y, -0.007685593878286082, Pos_Z, 0.020027308179416475, BFx, 1.0, 0.0, 0.0,                             BFy, 0.0, 0.645384810375571, -0.7638576088097099, BFz, 0.0, 0.7638576088097099, 0.6453848103755709
Time, 0.306, Pos_X, -0.12144504097680196, Pos_Y, -0.007907983316651164, Pos_Z, 0.01989495395293626, BFx, 1.0, 0.0, 0.0,                             BFy, 0.0, 0.6404759897442571, -0.7679781940661558, BFz, 0.0, 0.7679781940661558, 0.6404759897442571
Time, 0.308, Pos_X, -0.12253032146385397, Pos_Y, -0.008118676175930388, Pos_Z, 0.019748093198900613, BFx, 1.0, 0.0, 0.0,                             BFy, 0.0, 0.6354122419265964, -0.7721730912236042, BFz, 0.0, 0.7721730912236041, 0.6354122419265963
Time, 0.31, Pos_X, -0.12362017106390596, Pos_Y, -0.00831815169101128, Pos_Z, 0.01958707584417277, BFx, 1.0, 0.0, 0.0,                             BFy, 0.0, 0.6301846137349206, -0.7764453313735417, BFz, 0.0, 0.7764453313735414, 0.6301846137349203
Time, 0.312, Pos_X, -0.12471444375515797, Pos_Y, -0.008506988183319962, Pos_Z, 0.01941227531103998, BFx, 1.0, 0.0, 0.0,                             BFy, 0.0, 0.6247834051475379, -0.7807981151695026, BFz, 0.0, 0.7807981151695024, 0.6247834051475376
Time, 0.314, Pos_X, -0.12581293040340996, Pos_Y, -0.008685856804656498, Pos_Z, 0.01922408054210917, BFx, 1.0, 0.0, 0.0,                             BFy, 0.0, 0.6191986609392145, -0.7852343715675495, BFz, 0.0, 0.7852343715675492, 0.6191986609392142
Time, 0.316, Pos_X, -0.12691535732206197, Pos_Y, -0.008855514523602451, Pos_Z, 0.019022888060452377, BFx, 1.0, 0.0, 0.0,                             BFy, 0.0, 0.6134206617006704, -0.7897563496412755, BFz, 0.0, 0.7897563496412752, 0.6134206617006701
Time, 0.318, Pos_X, -0.12802138482411396, Pos_Y, -0.009016796841471364, Pos_Z, 0.01880909417911762, BFx, 1.0, 0.0, 0.0,                             BFy, 0.0, 0.607440563932525, -0.7943651309626683, BFz, 0.0, 0.7943651309626678, 0.6074405639325245
