Time, 0, Pos_X, 0.0, Pos_Y, 0.0, Pos_Z, 0.0, BFx, 1.0, 0.0, 0.0,                         BFy, 0.0, 1.0, 0.0, BFz, 0.0, 0.0, 1.0
Time, 0.0, Pos_X, 0.0, Pos_Y, 0.0, Pos_Z, 0.0, BFx, 1.0, 0.0, 0.0,                             BFy, 0.0, 1.0, 0.0, BFz, 0.0, 0.0, 1.0
Time, 0.002, Pos_X, -6.2226254e-07, Pos_Y, -6.434780594410868e-07, Pos_Z, -3.2127362137631963e-06, BFx, 1.0, 0.0, 0.0,                             BFy, 0.0, 0.9998629315960853, 0.016556509900394145, BFz, 0.0, -0.016556509900394145, 0.9998629315960854
Time, 0.004, Pos_X, -2.271008e-06, Pos_Y, -2.844165838017611e-06, Pos_Z, -1.2656948653915976e-05, BFx, 1.0, 0.0, 0.0,                             BFy, 0.0, 0.9994436166892477, 0.03335351644303782, BFz, 0.0, -0.03335351644303782, 0.9994436166892477
Time, 0.006, Pos_X, -4.507182660000001e-06, Pos_Y, -7.144957843082883e-06, Pos_Z, -2.7925338600208806e-05, BFx, 1.0, 0.0, 0.0,                             BFy, 0.0, 0.9987283237906964, 0.0504156251396961, BFz, 0.0, -0.0504156251396961, 0.9987283237906964
Time, 0.008, Pos_X, -6.887349488000001e-06, Pos_Y, -1.4092526438042545e-05, Pos_Z, -4.857162623884402e-05, BFx, 1.0, 0.0, 0.0,                             BFy, 0.0, 0.9977010245830739, 0.06776920794789495, BFz, 0.0, -0.06776920794789495, 0.9977010245830739
Time, 0.01, Pos_X, -8.966001384000001e-06, Pos_Y, -2.4235001152619874e-05, Pos_Z, -7.410948531374193e-05, BFx, 1.0, 0.0, 0.0,                             BFy, 0.0, 0.9963431747549526, 0.0854416650073173, BFz, 0.0, -0.0854416650073173, 0.9963431747549527
Time, 0.012, Pos_X, -1.029748456e-05, Pos_Y, -3.811899557952799e-05, Pos_Z, -0.00010401185905040158, BFx, 1.0, 0.0, 0.0,                             BFy, 0.0, 0.9946335713829594, 0.10346042082835347, BFz, 0.0, -0.10346042082835345, 0.9946335713829593
Time, 0.014, Pos_X, -1.0438946336000001e-05, Pos_Y, -5.62861861433737e-05, Pos_Z, -0.00013771124633594445, BFx, 1.0, 0.0, 0.0,                             BFy, 0.0, 0.9925483002433849, 0.1218518431701702, BFz, 0.0, -0.12185184317017018, 0.9925483002433849
Time, 0.016, Pos_X, -8.954018012000002e-06, Pos_Y, -7.926928344467599e-05, Pos_Z, -0.00017460085466142184, BFx, 1.0, 0.0, 0.0,                             BFy, 0.0, 0.9900607923676997, 0.1406400633398705, BFz, 0.0, -0.14064006333987047, 0.9900607923676996
Time, 0.018, Pos_X, -5.416994028000007e-06, Pos_Y, -0.00010758754374986592, Pos_Z, -0.00021403674832104762, BFx, 1.0, 0.0, 0.0,                             BFy, 0.0, 0.9871419988619891, 0.1598457821863218, BFz, 0.0, -0.15984578218632178, 0.9871419988619887
Time, 0.02, Pos_X, 5.824296759999968e-07, Pos_Y, -0.00014174224338239091, Pos_Z, -0.0002553409382263544, BFx, 1.0, 0.0, 0.0,                             BFy, 0.0, 0.9837606578410985, 0.17948528653917364, BFz, 0.0, -0.17948528653917362, 0.9837606578410981
Time, 0.022, Pos_X, 9.434908579999988e-06, Pos_Y, -0.0001822120335348258, Pos_Z, -0.0002978051235573905, BFx, 1.0, 0.0, 0.0,                             BFy, 0.0, 0.979883633947527, 0.1995696969025835, BFz, 0.0, -0.19956969690258347, 0.9798836339475266
Time, 0.024, Pos_X, 2.1506693563999994e-05, Pos_Y, -0.00022944818989998467, Pos_Z, -0.0003406954205377302, BFx, 1.0, 0.0, 0.0,                             BFy, 0.0, 0.9754763457548997, 0.22010429090017114, BFz, 0.0, -0.22010429090017114, 0.9754763457548994
Time, 0.026, Pos_X, 3.713479222799998e-05, Pos_Y, -0.0002838701096045418, Pos_Z, -0.0003832580865102276, BFx, 1.0, 0.0, 0.0,                             BFy, 0.0, 0.9705032060055023, 0.24108821442169412, BFz, 0.0, -0.2410882144216941, 0.9705032060055022
Time, 0.028, Pos_X, 5.6622741291999994e-05, Pos_Y, -0.00034586123413423976, Pos_Z, -0.00042472614672718905, BFx, 1.0, 0.0, 0.0,                             BFy, 0.0, 0.9649248806203442, 0.2625261410980129, BFz, 0.0, -0.26252614109801287, 0.9649248806203441
Time, 0.03, Pos_X, 8.023578275599997e-05, Pos_Y, -0.00041576554674832675, Pos_Z, -0.00046432720810750844, BFx, 1.0, 0.0, 0.0,                             BFy, 0.0, 0.9587056484588755, 0.2844002102900877, BFz, 0.0, -0.2844002102900877, 0.9587056484588754
Time, 0.032, Pos_X, 0.00010819630881999999, Pos_Y, -0.000493884803355468, Pos_Z, -0.0005012923536269023, BFx, 1.0, 0.0, 0.0,                             BFy, 0.0, 0.9518099908708545, 0.30668834552102414, BFz, 0.0, -0.3066883455210242, 0.9518099908708544
Time, 0.034, Pos_X, 0.00014067955808400002, Pos_Y, -0.0005804763526542744, Pos_Z, -0.0005348657944189342, BFx, 1.0, 0.0, 0.0,                             BFy, 0.0, 0.9442029471266421, 0.3293642279261101, BFz, 0.0, -0.32936422792611014, 0.9442029471266419
Time, 0.036, Pos_X, 0.0001778103473479999, Pos_Y, -0.0006757518407271572, Pos_Z, -0.0005643147281728082, BFx, 1.0, 0.0, 0.0,                             BFy, 0.0, 0.935850385946238, 0.35239758104203317, BFz, 0.0, -0.3523975810420331, 0.9358503859462378
Time, 0.038, Pos_X, 0.00021966064421199993, Pos_Y, -0.0007798775094164964, Pos_Z, -0.0005889400456453233, BFx, 1.0, 0.0, 0.0,                             BFy, 0.0, 0.9267193150079708, 0.37575432291745625, BFz, 0.0, -0.37575432291745625, 0.9267193150079707
Time, 0.04, Pos_X, 0.000266247731276, Pos_Y, -0.0008929760371567832, Pos_Z, -0.0006080867970026872, BFx, 1.0, 0.0, 0.0,                             BFy, 0.0, 0.9167780692578145, 0.3993970101639624, BFz, 0.0, -0.3993970101639624, 0.9167780692578144
Time, 0.042, Pos_X, 0.00031753346554000005, Pos_Y, -0.001015129746736755, Pos_Z, -0.0006211535516257967, BFx, 1.0, 0.0, 0.0,                             BFy, 0.0, 0.9059965385735045, 0.4232850955240766, BFz, 0.0, -0.4232850955240766, 0.9059965385735046
Time, 0.044, Pos_X, 0.0003734240010039999, Pos_Y, -0.0011463851891332717, Pos_Z, -0.0006276013701252949, BFx, 1.0, 0.0, 0.0,                             BFy, 0.0, 0.8943463390430826, 0.44737526288367124, BFz, 0.0, -0.4473752628836712, 0.8943463390430827
Time, 0.046, Pos_X, 0.00043377062166799994, Pos_Y, -0.0012867586953076954, Pos_Z, -0.0006269616214712475, BFx, 1.0, 0.0, 0.0,                             BFy, 0.0, 0.8818009932516354, 0.4716216792095417, BFz, 0.0, -0.47162167920954157, 0.8818009932516355
Time, 0.048, Pos_X, 0.000498372263932, Pos_Y, -0.0014362431837351601, Pos_Z, -0.0006188420869250022, BFx, 1.0, 0.0, 0.0,                             BFy, 0.0, 0.8683361757507445, 0.4959760940635858, BFz, 0.0, -0.49597609406358567, 0.8683361757507447
Time, 0.05, Pos_X, 0.0005669791777160001, Pos_Y, -0.0015948155969856877, Pos_Z, -0.0006029311723515236, BFx, 1.0, 0.0, 0.0,                             BFy, 0.0, 0.8539299768739338, 0.520387927027599, BFz, 0.0, -0.5203879270275988, 0.8539299768739341
Time, 0.052, Pos_X, 0.0006392970232799999, Pos_Y, -0.001762445559569353, Pos_Z, -0.0005790014821713112, BFx, 1.0, 0.0, 0.0,                             BFy, 0.0, 0.8385631113160141, 0.5448044679882911, BFz, 0.0, -0.5448044679882909, 0.8385631113160145
Time, 0.054, Pos_X, 0.000714991722784, Pos_Y, -0.0019391060061365463, Pos_Z, -0.000546913479240404, BFx, 1.0, 0.0, 0.0,                             BFy, 0.0, 0.8222192269408797, 0.5691709258638756, BFz, 0.0, -0.5691709258638754, 0.8222192269408799
Time, 0.056, Pos_X, 0.000793700100488, Pos_Y, -0.0021247863633546975, Pos_Z, -0.0005066091358864582, BFx, 1.0, 0.0, 0.0,                             BFy, 0.0, 0.8048852340749428, 0.5934305013800045, BFz, 0.0, -0.5934305013800044, 0.8048852340749431
Time, 0.058, Pos_X, 0.0008750350561120001, Pos_Y, -0.0023195002779526947, Pos_Z, -0.00045811070931178933, BFx, 1.0, 0.0, 0.0,                             BFy, 0.0, 0.7865513704810877, 0.61752485099332, BFz, 0.0, -0.6175248509933199, 0.7865513704810879
Time, 0.06, Pos_X, 0.0009585862150159998, Pos_Y, -0.002523289601836748, Pos_Z, -0.00040152373469317857, BFx, 1.0, 0.0, 0.0,                             BFy, 0.0, 0.767211326340425, 0.6413944034172464, BFz, 0.0, -0.6413944034172463, 0.7672113263404252
Time, 0.062, Pos_X, 0.0010439269949199998, Pos_Y, -0.002736231900560288, Pos_Z, -0.0003370294787151164, BFx, 1.0, 0.0, 0.0,                             BFy, 0.0, 0.7468622572665646, 0.6649787730978269, BFz, 0.0, -0.6649787730978268, 0.746862257266565
Time, 0.064, Pos_X, 0.001130622547984, Pos_Y, -0.0029584479776190785, Pos_Z, -0.0002648773121618101, BFx, 1.0, 0.0, 0.0,                             BFy, 0.0, 0.7255047554938626, 0.6882171530525741, BFz, 0.0, -0.6882171530525739, 0.7255047554938628
Time, 0.066, Pos_X, 0.001218237594368, Pos_Y, -0.0031901088054066143, Pos_Z, -0.00018537735415482054, BFx, 1.0, 0.0, 0.0,                             BFy, 0.0, 0.7031427918059372, 0.7110486722660776, BFz, 0.0, -0.7110486722660774, 0.7031427918059376
Time, 0.068, Pos_X, 0.001306343943012, Pos_Y, -0.0034314415012231996, Pos_Z, -9.889320618924266e-05, BFx, 1.0, 0.0, 0.0,                             BFy, 0.0, 0.6797836023865252, 0.7334127445895644, BFz, 0.0, -0.7334127445895642, 0.6797836023865257
Time, 0.07, Pos_X, 0.0013945281197120002, Pos_Y, -0.0036827342102665915, Pos_Z, -5.8331921407098875e-06, BFx, 1.0, 0.0, 0.0,                             BFy, 0.0, 0.6554377770182329, 0.7552491777270574, BFz, 0.0, -0.7552491777270571, 0.6554377770182334
Time, 0.072, Pos_X, 0.0014823977674679996, Pos_Y, -0.003944338700732063, Pos_Z, 9.33596512937092e-05, BFx, 1.0, 0.0, 0.0,                             BFy, 0.0, 0.6301193128578193, 0.7764983268260072, BFz, 0.0, -0.7764983268260071, 0.6301193128578197
Time, 0.074, Pos_X, 0.0015695865852239997, Pos_Y, -0.004216670346680454, Pos_Z, 0.00019821785064525027, BFx, 1.0, 0.0, 0.0,                             BFy, 0.0, 0.6038458414716433, 0.797101122654712, BFz, 0.0, -0.7971011226547117, 0.6038458414716439
Time, 0.076, Pos_X, 0.0016557588753399997, Pos_Y, -0.00450020662480548, Pos_Z, 0.00030825982284555983, BFx, 1.0, 0.0, 0.0,                             BFy, 0.0, 0.5766388705839143, 0.8169991511205545, BFz, 0.0, -0.8169991511205542, 0.5766388705839148
Time, 0.078, Pos_X, 0.0017406142860759998, Pos_Y, -0.004795485151950006, Pos_Z, 0.00042299875118848496, BFx, 1.0, 0.0, 0.0,                             BFy, 0.0, 0.5485240372472722, 0.8361347861212042, BFz, 0.0, -0.8361347861212038, 0.5485240372472727
Time, 0.08, Pos_X, 0.001823891937892, Pos_Y, -0.005103102190979425, Pos_Z, 0.0005419495902208842, BFx, 1.0, 0.0, 0.0,                             BFy, 0.0, 0.5195314713334626, 0.8544513153445821, BFz, 0.0, -0.8544513153445817, 0.519531471333463
Time, 0.082, Pos_X, 0.001905372839988, Pos_Y, -0.005423711225190761, Pos_Z, 0.0006646350211708248, BFx, 1.0, 0.0, 0.0,                             BFy, 0.0, 0.489696251238912, 0.8718931021189211, BFz, 0.0, -0.8718931021189209, 0.48969625123891247
Time, 0.084, Pos_X, 0.0019848807596840002, Pos_Y, -0.005758020519236256, Pos_Z, 0.0007905902431273162, BFx, 1.0, 0.0, 0.0,                             BFy, 0.0, 0.45905853834851346, 0.8884060211239709, BFz, 0.0, -0.8884060211239707, 0.45905853834851396
Time, 0.086, Pos_X, 0.0020622819732999996, Pos_Y, -0.006106790291443369, Pos_Z, 0.0009193668452652977, BFx, 1.0, 0.0, 0.0,                             BFy, 0.0, 0.42766387539674144, 0.9039378350753107, BFz, 0.0, -0.9039378350753104, 0.42766387539674194
Time, 0.088, Pos_X, 0.002137483433916, Pos_Y, -0.006470829580377207, Pos_Z, 0.0010505356423587014, BFx, 1.0, 0.0, 0.0,                             BFy, 0.0, 0.39556326715255713, 0.9184387304984442, BFz, 0.0, -0.9184387304984438, 0.3955632671525577
Time, 0.09, Pos_X, 0.002210429845412, Pos_Y, -0.006850993044780928, Pos_Z, 0.0011836887753450096, BFx, 1.0, 0.0, 0.0,                             BFy, 0.0, 0.36281303207241117, 0.9318619553122784, BFz, 0.0, -0.9318619553122781, 0.3628130320724117
Time, 0.092, Pos_X, 0.002281100314788, Pos_Y, -0.007248178449676577, Pos_Z, 0.0013184411087699644, BFx, 1.0, 0.0, 0.0,                             BFy, 0.0, 0.329474207390149, 0.9441645760483879, BFz, 0.0, -0.9441645760483875, 0.32947420739014954
Time, 0.094, Pos_X, 0.0023495039040839997, Pos_Y, -0.007663324466435462, Pos_Z, 0.001454430499832992, BFx, 1.0, 0.0, 0.0,                             BFy, 0.0, 0.29561214113961254, 0.955308045611913, BFz, 0.0, -0.9553080456119124, 0.2956121411396131
Time, 0.096, Pos_X, 0.0024156740124999998, Pos_Y, -0.008097408293626044, Pos_Z, 0.001591317547229416, BFx, 1.0, 0.0, 0.0,                             BFy, 0.0, 0.26129587179390357, 0.9652587566986702, BFz, 0.0, -0.9652587566986696, 0.2612958717939043
Time, 0.098, Pos_X, 0.0024796613681159997, Pos_Y, -0.008551443314630588, Pos_Z, 0.00172878498018156, BFx, 1.0, 0.0, 0.0,                             BFy, 0.0, 0.2265973856213111, 0.9739885137051595, BFz, 0.0, -0.9739885137051588, 0.2265973856213118
Time, 0.1, Pos_X, 0.0025415258883319997, Pos_Y, -0.009026476833617092, Pos_Z, 0.0018665370867118093, BFx, 1.0, 0.0, 0.0,                             BFy, 0.0, 0.19159079284573766, 0.9814748942773526, BFz, 0.0, -0.981474894277352, 0.19159079284573835
Time, 0.102, Pos_X, 0.0026013275921479995, Pos_Y, -0.00952358765886049, Pos_Z, 0.002004298997374128, BFx, 1.0, 0.0, 0.0,                             BFy, 0.0, 0.15635130677263465, 0.9877015079822894, BFz, 0.0, -0.9877015079822888, 0.15635130677263534
Time, 0.104, Pos_X, 0.0026591162109639997, Pos_Y, -0.010043884328288614, Pos_Z, 0.002141815464556516, BFx, 1.0, 0.0, 0.0,                             BFy, 0.0, 0.120954420046278, 0.9926580621096407, BFz, 0.0, -0.9926580621096402, 0.12095442004627874
Time, 0.106, Pos_X, 0.0027149198661, Pos_Y, -0.010588504211483565, Pos_Z, 0.002278849328382114, BFx, 1.0, 0.0, 0.0,                             BFy, 0.0, 0.08547520126728131, 0.9963402982758032, BFz, 0.0, -0.9963402982758028, 0.08547520126728206
Time, 0.108, Pos_X, 0.002768733329156, Pos_Y, -0.011158613227470325, Pos_Z, 0.002415180166171029, BFx, 1.0, 0.0, 0.0,                             BFy, 0.0, 0.04998770598173074, 0.998749833166786, BFz, 0.0, -0.9987498331667857, 0.04998770598173151
Time, 0.11, Pos_X, 0.002820506537892, Pos_Y, -0.01175540595370952, Pos_Z, 0.002550603539150398, BFx, 1.0, 0.0, 0.0,                             BFy, 0.0, 0.014564481432772029, 0.9998939323151198, BFz, 0.0, -0.9998939323151196, 0.014564481432772813
Time, 0.112, Pos_X, 0.002870132817508, Pos_Y, -0.012380105623249262, Pos_Z, 0.0026849300688856037, BFx, 1.0, 0.0, 0.0,                             BFy, 0.0, -0.020723580170168055, 0.9997852435522989, BFz, 0.0, -0.9997852435522988, -0.020723580170167264
Time, 0.114, Pos_X, 0.0029174376601240003, Pos_Y, -0.013033963947878095, Pos_Z, 0.002817985308944986, BFx, 1.0, 0.0, 0.0,                             BFy, 0.0, -0.05580758047452714, 0.9984415425860336, BFz, 0.0, -0.9984415425860331, -0.05580758047452635
Time, 0.116, Pos_X, 0.0029621686057400005, Pos_Y, -0.013718260682448793, Pos_Z, 0.0029496103914044072, BFx, 1.0, 0.0, 0.0,                             BFy, 0.0, -0.09062071233794809, 0.9958854786045239, BFz, 0.0, -0.9958854786045236, -0.09062071233794732
Time, 0.118, Pos_X, 0.0030039856382560004, Pos_Y, -0.014434302990118112, Pos_Z, 0.003079662676282789, BFx, 1.0, 0.0, 0.0,                             BFy, 0.0, -0.12509852911719174, 0.9921443231771848, BFz, 0.0, -0.9921443231771844, -0.12509852911719097
Time, 0.12, Pos_X, 0.0030424517346720006, Pos_Y, -0.015183424976325166, Pos_Z, 0.0032080171894749137, BFx, 1.0, 0.0, 0.0,                             BFy, 0.0, -0.15917921113957925, 0.9872497043509209, BFz, 0.0, -0.9872497043509204, -0.15917921113957847
Time, 0.122, Pos_X, 0.0030770247716880006, Pos_Y, -0.015966986866116695, Pos_Z, 0.0033345688117861956, BFx, 1.0, 0.0, 0.0,                             BFy, 0.0, -0.19280380451176565, 0.9812373275440495, BFz, 0.0, -0.9812373275440491, -0.19280380451176488
Time, 0.124, Pos_X, 0.003107051316904001, Pos_Y, -0.016786373874785345, Pos_Z, 0.003459235135689809, BFx, 1.0, 0.0, 0.0,                             BFy, 0.0, -0.22591661873457894, 0.9741466426465443, BFz, 0.0, -0.9741466426465442, -0.22591661873457813
Time, 0.126, Pos_X, 0.003131761587520001, Pos_Y, -0.017642994704911128, Pos_Z, 0.003581959625616071, BFx, 1.0, 0.0, 0.0,                             BFy, 0.0, -0.2584656142714067, 0.9660204584993549, BFz, 0.0, -0.9660204584993548, -0.25846561427140585
Time, 0.128, Pos_X, 0.003150266830136001, Pos_Y, -0.018538279355287044, Pos_Z, 0.0037027147963993503, BFx, 1.0, 0.0, 0.0,                             BFy, 0.0, -0.29040288964066147, 0.9569044684232346, BFz, 0.0, -0.9569044684232348, -0.2904028896406606
Time, 0.13, Pos_X, 0.003161558443352001, Pos_Y, -0.019473676901173062, Pos_Z, 0.0038215056092137417, BFx, 1.0, 0.0, 0.0,                             BFy, 0.0, -0.32168495035372713, 0.9468467630593238, BFz, 0.0, -0.9468467630593242, -0.3216849503537262
Time, 0.132, Pos_X, 0.003164507668968001, Pos_Y, -0.020450652635431044, Pos_Z, 0.003938373462324256, BFx, 1.0, 0.0, 0.0,                             BFy, 0.0, -0.3522731860111006, 0.9358972178704177, BFz, 0.0, -0.9358972178704181, -0.35227318601109964
Time, 0.134, Pos_X, 0.003157867138184001, Pos_Y, -0.021470684589631736, Pos_Z, 0.004053400583770554, BFx, 1.0, 0.0, 0.0,                             BFy, 0.0, -0.38213402348953435, 0.9241069137776752, BFz, 0.0, -0.9241069137776756, -0.3821340234895334
Time, 0.136, Pos_X, 0.003140274469000001, Pos_Y, -0.022535259626821905, Pos_Z, 0.004166714802584643, BFx, 1.0, 0.0, 0.0,                             BFy, 0.0, -0.411239241689056, 0.9115274467041624, BFz, 0.0, -0.9115274467041627, -0.41123924168905496
Time, 0.138, Pos_X, 0.0031102575216160008, Pos_Y, -0.023645868547747563, Pos_Z, 0.004278494305118176, BFx, 1.0, 0.0, 0.0,                             BFy, 0.0, -0.43956573595340137, 0.8982104228830482, BFz, 0.0, -0.8982104228830485, -0.4395657359534003
Time, 0.14, Pos_X, 0.003066241610432001, Pos_Y, -0.02480400050527651, Pos_Z, 0.004388971721449138, BFx, 1.0, 0.0, 0.0,                             BFy, 0.0, -0.4670954230030816, 0.8842069134594978, BFz, 0.0, -0.8842069134594982, -0.4670954230030805
Time, 0.142, Pos_X, 0.0030065578964480017, Pos_Y, -0.02601113636290478, Pos_Z, 0.004498438138103653, BFx, 1.0, 0.0, 0.0,                             BFy, 0.0, -0.493815103247691, 0.8695669288815392, BFz, 0.0, -0.8695669288815396, -0.4938151032476899
Time, 0.144, Pos_X, 0.0029294520758640016, Pos_Y, -0.027268741218002893, Pos_Z, 0.004607246937648681, BFx, 1.0, 0.0, 0.0,                             BFy, 0.0, -0.5197158330923589, 0.8543391907393191, BFz, 0.0, -0.8543391907393195, -0.5197158330923578
Time, 0.146, Pos_X, 0.0028330939454800017, Pos_Y, -0.02857825617045876, Pos_Z, 0.004715817529035122, BFx, 1.0, 0.0, 0.0,                             BFy, 0.0, -0.5447926316199837, 0.8385708011447643, BFz, 0.0, -0.8385708011447649, -0.5447926316199827
Time, 0.148, Pos_X, 0.0027155898712960015, Pos_Y, -0.029941087639521736, Pos_Z, 0.00482463787190277, BFx, 1.0, 0.0, 0.0,                             BFy, 0.0, -0.5690439380102389, 0.8223071181826157, BFz, 0.0, -0.8223071181826164, -0.5690439380102381
Time, 0.15, Pos_X, 0.0025749952953120015, Pos_Y, -0.03135859630566778, Pos_Z, 0.0049342648836050215, BFx, 1.0, 0.0, 0.0,                             BFy, 0.0, -0.592471132764001, 0.8055916812140878, BFz, 0.0, -0.8055916812140884, -0.5924711327640002
Time, 0.152, Pos_X, 0.0024093248909280015, Pos_Y, -0.03283208737844468, Pos_Z, 0.005045322883897578, BFx, 1.0, 0.0, 0.0,                             BFy, 0.0, -0.6150778280228792, 0.7884664009801914, BFz, 0.0, -0.7884664009801923, -0.6150778280228784
Time, 0.154, Pos_X, 0.0022165642327440014, Pos_Y, -0.03436280081679919, Pos_Z, 0.005158500906359957, BFx, 1.0, 0.0, 0.0,                             BFy, 0.0, -0.6368692131026102, 0.7709718577237828, BFz, 0.0, -0.7709718577237837, -0.6368692131026094
Time, 0.156, Pos_X, 0.0019946827467600013, Pos_Y, -0.035951902324101954, Pos_Z, 0.005274549894904843, BFx, 1.0, 0.0, 0.0,                             BFy, 0.0, -0.6578514497148035, 0.7531477080281996, BFz, 0.0, -0.7531477080282003, -0.6578514497148026
Time, 0.158, Pos_X, 0.001741644757576001, Pos_Y, -0.03760047539822226, Pos_Z, 0.005394278802645559, BFx, 1.0, 0.0, 0.0,                             BFy, 0.0, -0.6780315454331377, 0.7350328043002909, BFz, 0.0, -0.7350328043002917, -0.6780315454331369
Time, 0.16, Pos_X, 0.0014554193543920007, Pos_Y, -0.03930951398084481, Pos_Z, 0.005518549584968455, BFx, 1.0, 0.0, 0.0,                             BFy, 0.0, -0.6974171499098992, 0.7166654163635582, BFz, 0.0, -0.7166654163635591, -0.6974171499098984
Time, 0.162, Pos_X, 0.0011339907552080002, Pos_Y, -0.04107991480017166, Pos_Z, 0.005648269996778232, BFx, 1.0, 0.0, 0.0,                             BFy, 0.0, -0.7160165756123876, 0.6980832783044648, BFz, 0.0, -0.6980832783044658, -0.7160165756123869
Time, 0.164, Pos_X, 0.0007753683440239996, Pos_Y, -0.04291247021276976, Pos_Z, 0.005784384244273123, BFx, 1.0, 0.0, 0.0,                             BFy, 0.0, -0.7338388980878432, 0.6793235397461352, BFz, 0.0, -0.6793235397461362, -0.7338388980878425
Time, 0.166, Pos_X, 0.000377594908839999, Pos_Y, -0.04480786385601314, Pos_Z, 0.005927863885898999, BFx, 1.0, 0.0, 0.0,                             BFy, 0.0, -0.7508940043273148, 0.6604227390583165, BFz, 0.0, -0.6604227390583175, -0.7508940043273141
Time, 0.168, Pos_X, -6.124611034400167e-05, Pos_Y, -0.04676666949014831, Pos_Z, 0.006079699776794586, BFx, 1.0, 0.0, 0.0,                             BFy, 0.0, -0.7671928007606899, 0.641416562353177, BFz, 0.0, -0.6414165623531783, -0.7671928007606894
Time, 0.17, Pos_X, -0.0005430233575280023, Pos_Y, -0.04878935194594965, Pos_Z, 0.00624089428880907, BFx, 1.0, 0.0, 0.0,                             BFy, 0.0, -0.7827473161434093, 0.6223396492834825, BFz, 0.0, -0.6223396492834838, -0.7827473161434089
Time, 0.172, Pos_X, -0.0010695515477119953, Pos_Y, -0.050876268653452225, Pos_Z, 0.006412452516607964, BFx, 1.0, 0.0, 0.0,                             BFy, 0.0, -0.7975708690044666, 0.6032252555351594, BFz, 0.0, -0.6032252555351607, -0.7975708690044663
Time, 0.174, Pos_X, -0.0016425877108959953, Pos_Y, -0.053027671642028505, Pos_Z, 0.00659537237632697, BFx, 1.0, 0.0, 0.0,                             BFy, 0.0, -0.8116782053804535, 0.5841048629401788, BFz, 0.0, -0.58410486294018, -0.8116782053804532
Time, 0.176, Pos_X, -0.0022638280620799955, Pos_Y, -0.05524371114892105, Pos_Z, 0.006790635366085848, BFx, 1.0, 0.0, 0.0,                             BFy, 0.0, -0.8250854170975503, 0.56500801276881, BFz, 0.0, -0.5650080127688113, -0.8250854170975502
Time, 0.178, Pos_X, -0.002934905703263996, Pos_Y, -0.057524441279385254, Pos_Z, 0.0069991989115879725, BFx, 1.0, 0.0, 0.0,                             BFy, 0.0, -0.8378099184996254, 0.5459620320715075, BFz, 0.0, -0.5459620320715087, -0.8378099184996253
Time, 0.18, Pos_X, -0.003657390124447996, Pos_Y, -0.05986982791182507, Pos_Z, 0.007221989779021507, BFx, 1.0, 0.0, 0.0,                             BFy, 0.0, -0.8498704009130865, 0.5269917472331311, BFz, 0.0, -0.5269917472331324, -0.8498704009130864
Time, 0.182, Pos_X, -0.004432787055631997, Pos_Y, -0.062279758591748835, Pos_Z, 0.007459899706452172, BFx, 1.0, 0.0, 0.0,                             BFy, 0.0, -0.8612866582303297, 0.5081193682142321, BFz, 0.0, -0.5081193682142332, -0.8612866582303293
Time, 0.184, Pos_X, -0.005262538834815997, Pos_Y, -0.06475405303963533, Pos_Z, 0.007713783281225119, BFx, 1.0, 0.0, 0.0,                             BFy, 0.0, -0.8720794102157912, 0.4893643859923575, BFz, 0.0, -0.48936438599235865, -0.8720794102157909
Time, 0.186, Pos_X, -0.006148026263999998, Pos_Y, -0.06729247421713563, Pos_Z, 0.007984456423913761, BFx, 1.0, 0.0, 0.0,                             BFy, 0.0, -0.8822700661639192, 0.4707435930005979, BFz, 0.0, -0.4707435930005991, -0.8822700661639191
Time, 0.188, Pos_X, -0.007090572451183999, Pos_Y, -0.06989473942771086, Pos_Z, 0.008272694842969426, BFx, 1.0, 0.0, 0.0,                             BFy, 0.0, -0.8918804753013908, 0.452271177255598, BFz, 0.0, -0.4522711772555992, -0.8918804753013907
Time, 0.19, Pos_X, -0.008091447162367999, Pos_Y, -0.07256053151091237, Pos_Z, 0.008579233122098712, BFx, 1.0, 0.0, 0.0,                             BFy, 0.0, -0.9009327176277677, 0.4339587979380582, BFz, 0.0, -0.4339587979380594, -0.9009327176277676
Time, 0.192, Pos_X, -0.009151870071552, Pos_Y, -0.07528951022677188, Pos_Z, 0.008904765951247631, BFx, 1.0, 0.0, 0.0,                             BFy, 0.0, -0.9094488936033108, 0.4158157163019612, BFz, 0.0, -0.4158157163019624, -0.9094488936033107
Time, 0.194, Pos_X, -0.010273014058736001, Pos_Y, -0.07808132322924627, Pos_Z, 0.009249951910431091, BFx, 1.0, 0.0, 0.0,                             BFy, 0.0, -0.9174509138753464, 0.3978489922436537, BFz, 0.0, -0.3978489922436549, -0.9174509138753464
Time, 0.196, Pos_X, -0.011456008575920003, Pos_Y, -0.08093561712441164, Pos_Z, 0.00961541949236628, BFx, 1.0, 0.0, 0.0,                             BFy, 0.0, -0.9249603230518365, 0.3800636799009363, BFz, 0.0, -0.38006367990093753, -0.9249603230518365
Time, 0.198, Pos_X, -0.012701943695104004, Pos_Y, -0.0838520486195234, Pos_Z, 0.010001775161549162, BFx, 1.0, 0.0, 0.0,                             BFy, 0.0, -0.9319982221782511, 0.36246284479457824, BFz, 0.0, -0.3624628447945794, -0.9319982221782511
Time, 0.2, Pos_X, -0.014011873846288006, Pos_Y, -0.08683029491903768, Pos_Z, 0.010409613169810213, BFx, 1.0, 0.0, 0.0,                             BFy, 0.0, -0.9385851931427566, 0.3450475839839684, BFz, 0.0, -0.34504758398396956, -0.9385851931427566
Time, 0.202, Pos_X, -0.015386820057472009, Pos_Y, -0.08987006225743727, Pos_Z, 0.010839526411563487, BFx, 1.0, 0.0, 0.0,                             BFy, 0.0, -0.9447412716631272, 0.3278169147806998, BFz, 0.0, -0.327816914780701, -0.9447412716631272
Time, 0.204, Pos_X, -0.01682777207465599, Pos_Y, -0.09297109256099373, Pos_Z, 0.011292116870126127, BFx, 1.0, 0.0, 0.0,                             BFy, 0.0, -0.9504858981529036, 0.31076769042560903, BFz, 0.0, -0.3107676904256103, -0.9504858981529036
Time, 0.206, Pos_X, -0.01833569066983999, Pos_Y, -0.09613316924640956, Pos_Z, 0.011768006091895017, BFx, 1.0, 0.0, 0.0,                             BFy, 0.0, -0.9558379460806576, 0.2938942340916358, BFz, 0.0, -0.2938942340916371, -0.9558379460806575
Time, 0.208, Pos_X, -0.01991150843702399, Pos_Y, -0.0993561217951592, Pos_Z, 0.01226784774534739, BFx, 1.0, 0.0, 0.0,                             BFy, 0.0, -0.9608155924874475, 0.2771883786037839, BFz, 0.0, -0.2771883786037852, -0.9608155924874474
Time, 0.21, Pos_X, -0.02155612885820799, Pos_Y, -0.10263982839211407, Pos_Z, 0.012792341206935502, BFx, 1.0, 0.0, 0.0,                             BFy, 0.0, -0.9654362251368881, 0.2606393968559536, BFz, 0.0, -0.26063939685595483, -0.9654362251368881
Time, 0.212, Pos_X, -0.023270424817391992, Pos_Y, -0.10598421722549252, Pos_Z, 0.013342244793195679, BFx, 1.0, 0.0, 0.0,                             BFy, 0.0, -0.9697162402346107, 0.2442343412078862, BFz, 0.0, -0.24423434120788742, -0.9697162402346106
Time, 0.214, Pos_X, -0.025055236050575993, Pos_Y, -0.10938926605404356, Pos_Z, 0.013918388807004684, BFx, 1.0, 0.0, 0.0,                             BFy, 0.0, -0.9736709082703008, 0.22795824702801698, BFz, 0.0, -0.2279582470280182, -0.9736709082703007
Time, 0.216, Pos_X, -0.026911365409759996, Pos_Y, -0.11285499911286495, Pos_Z, 0.01452168686159158, BFx, 1.0, 0.0, 0.0,                             BFy, 0.0, -0.9773141618573195, 0.21179478046714129, BFz, 0.0, -0.2117947804671425, -0.9773141618573192
Time, 0.218, Pos_X, -0.028839574476943998, Pos_Y, -0.11638148224641356, Pos_Z, 0.015153144936198541, BFx, 1.0, 0.0, 0.0,                             BFy, 0.0, -0.9806584628736655, 0.19572679733306614, BFz, 0.0, -0.1957267973330674, -0.9806584628736654
Time, 0.22, Pos_X, -0.030840579324128002, Pos_Y, -0.11996881739269528, Pos_Z, 0.01581387005852111, BFx, 1.0, 0.0, 0.0,                             BFy, 0.0, -0.9837147109850368, 0.17973693941876664, BFz, 0.0, -0.1797369394187679, -0.9837147109850366
Time, 0.222, Pos_X, -0.032915045569312004, Pos_Y, -0.12361713587523318, Pos_Z, 0.016505079736105994, BFx, 1.0, 0.0, 0.0,                             BFy, 0.0, -0.986492164203646, 0.16380845510780756, BFz, 0.0, -0.1638084551078088, -0.9864921642036457
Time, 0.224, Pos_X, -0.035063582222496004, Pos_Y, -0.12732659052759226, Pos_Z, 0.017228110511289335, BFx, 1.0, 0.0, 0.0,                             BFy, 0.0, -0.9889984486974411, 0.1479258884511258, BFz, 0.0, -0.14792588845112703, -0.9889984486974409
Time, 0.226, Pos_X, -0.03728673474368001, Pos_Y, -0.13109734673791698, Pos_Z, 0.01798442392951056, BFx, 1.0, 0.0, 0.0,                             BFy, 0.0, -0.9912396209872988, 0.13207578803458495, BFz, 0.0, -0.13207578803458617, -0.9912396209872986
Time, 0.228, Pos_X, -0.03958497794686401, Pos_Y, -0.13492957257815205, Pos_Z, 0.018775610309718443, BFx, 1.0, 0.0, 0.0,                             BFy, 0.0, -0.9932203166600856, 0.11624716157239938, BFz, 0.0, -0.1162471615724006, -0.9932203166600854
Time, 0.23, Pos_X, -0.04195870919804801, Pos_Y, -0.13882342873360248, Pos_Z, 0.01960338986699903, BFx, 1.0, 0.0, 0.0,                             BFy, 0.0, -0.9949439566762993, 0.10043168361284742, BFz, 0.0, -0.10043168361284864, -0.994943956676299
Time, 0.232, Pos_X, -0.04440824156323202, Pos_Y, -0.14277905787016698, Pos_Z, 0.020469610923926053, BFx, 1.0, 0.0, 0.0,                             BFy, 0.0, -0.9964129627875695, 0.08462391853902076, BFz, 0.0, -0.084623918539022, -0.9964129627875691
Time, 0.234, Pos_X, -0.04693379661841602, Pos_Y, -0.14679657374537902, Pos_Z, 0.021376245870863186, BFx, 1.0, 0.0, 0.0,                             BFy, 0.0, -0.9976289867791153, 0.06882154268887579, BFz, 0.0, -0.06882154268887702, -0.9976289867791149
Time, 0.236, Pos_X, -0.049535497471599986, Pos_Y, -0.15087605023913658, Pos_Z, 0.022325385766474186, BFx, 1.0, 0.0, 0.0,                             BFy, 0.0, -0.9985931745854574, 0.053025198456385994, BFz, 0.0, -0.05302519845638725, -0.9985931745854572
Time, 0.238, Pos_X, -0.05221336234278399, Pos_Y, -0.15501751073683862, Pos_Z, 0.0233192338035642, BFx, 1.0, 0.0, 0.0,                             BFy, 0.0, -0.9993064202139494, 0.037238132595267356, BFz, 0.0, -0.03723813259526861, -0.9993064202139491
Time, 0.24, Pos_X, -0.05496729920996799, Pos_Y, -0.15922091898857613, Pos_Z, 0.024360097813536312, BFx, 1.0, 0.0, 0.0,                             BFy, 0.0, -0.9997695815132631, 0.021465877126178194, BFz, 0.0, -0.021465877126179464, -0.9997695815132628
Time, 0.242, Pos_X, -0.057797100973151994, Pos_Y, -0.16348617118591216, Pos_Z, 0.025450382372364702, BFx, 1.0, 0.0, 0.0,                             BFy, 0.0, -0.999983663382724, 0.005716027262738621, BFz, 0.0, -0.005716027262739896, -0.9999836633827237
Time, 0.244, Pos_X, -0.060702439984336, Pos_Y, -0.16781308844339185, Pos_Z, 0.02659257920813153, BFx, 1.0, 0.0, 0.0,                             BFy, 0.0, -0.999949977600342, -0.010002114630279169, BFz, 0.0, 0.010002114630277888, -0.9999499776003415
Time, 0.246, Pos_X, -0.06368286414752, Pos_Y, -0.17220141061338318, Pos_Z, 0.027789255865325546, BFx, 1.0, 0.0, 0.0,                             BFy, 0.0, -0.9996702663366379, -0.025677978939891637, BFz, 0.0, 0.025677978939890354, -0.9996702663366374
Time, 0.248, Pos_X, -0.066737794620704, Pos_Y, -0.17665079118234636, Pos_Z, 0.029043044152490562, BFx, 1.0, 0.0, 0.0,                             BFy, 0.0, -0.9991467873102731, -0.04130008967983391, BFz, 0.0, 0.041300089679832626, -0.9991467873102725
Time, 0.25, Pos_X, -0.069866523151888, Pos_Y, -0.18116079277888336, Pos_Z, 0.030356627849276605, BFx, 1.0, 0.0, 0.0,                             BFy, 0.0, -0.9983823800548972, -0.05685616233901961, BFz, 0.0, 0.056856162339018315, -0.9983823800548969
Time, 0.252, Pos_X, -0.073068209687072, Pos_Y, -0.18573088330787826, Pos_Z, 0.031732730810446926, BFx, 1.0, 0.0, 0.0,                             BFy, 0.0, -0.9973805159988185, -0.07233330011780525, BFz, 0.0, 0.07233330011780396, -0.9973805159988183
Time, 0.254, Pos_X, -0.07634187978225601, Pos_Y, -0.190360433288321, Pos_Z, 0.03317410508387624, BFx, 1.0, 0.0, 0.0,                             BFy, 0.0, -0.9961453421984192, -0.08771805524746, BFz, 0.0, 0.0877180552474587, -0.9961453421984189
Time, 0.256, Pos_X, -0.07968642384544002, Pos_Y, -0.19504871651336195, Pos_Z, 0.03468351883857937, BFx, 1.0, 0.0, 0.0,                             BFy, 0.0, -0.9946817211358963, -0.10299647391116357, BFz, 0.0, 0.10299647391116226, -0.994681721135896
Time, 0.258, Pos_X, -0.08310059760462402, Pos_Y, -0.1997949114822506, Pos_Z, 0.036263747007580956, BFx, 1.0, 0.0, 0.0,                             BFy, 0.0, -0.9929952708408768, -0.11815410313508089, BFz, 0.0, 0.11815410313507957, -0.9929952708408767
Time, 0.26, Pos_X, -0.08658301946780803, Pos_Y, -0.20459810110167964, Pos_Z, 0.037917563773564374, BFx, 1.0, 0.0, 0.0,                             BFy, 0.0, -0.9910924032803543, -0.1331760044451443, BFz, 0.0, 0.13317600444514296, -0.9910924032803543
Time, 0.262, Pos_X, -0.09013216718499203, Pos_Y, -0.20945727240832504, Pos_Z, 0.03964773444614792, BFx, 1.0, 0.0, 0.0,                             BFy, 0.0, -0.9889803250308364, -0.14804700841929513, BFz, 0.0, 0.1480470084192938, -0.9889803250308364
Time, 0.264, Pos_X, -0.09374637780617603, Pos_Y, -0.2143713180234284, Pos_Z, 0.0414570058928533, BFx, 1.0, 0.0, 0.0,                             BFy, 0.0, -0.9866670638098654, -0.16275166725051016, BFz, 0.0, 0.16275166725050882, -0.9866670638098652
Time, 0.266, Pos_X, -0.09742384860936004, Pos_Y, -0.21933903857034115, Pos_Z, 0.043348096884759324, BFx, 1.0, 0.0, 0.0,                             BFy, 0.0, -0.9841614444585587, -0.17727450815400744, BFz, 0.0, 0.1772745081540061, -0.9841614444585586
Time, 0.268, Pos_X, -0.10116263665654404, Pos_Y, -0.22435914560932518, Pos_Z, 0.04532368949253311, BFx, 1.0, 0.0, 0.0,                             BFy, 0.0, -0.9814730603607084, -0.1916001873333827, BFz, 0.0, 0.19160018733338136, -0.9814730603607084
Time, 0.27, Pos_X, -0.10496065854572804, Pos_Y, -0.22943026488421872, Pos_Z, 0.047386421848801284, BFx, 1.0, 0.0, 0.0,                             BFy, 0.0, -0.978612254435185, -0.20571352767693002, BFz, 0.0, 0.2057135276769287, -0.978612254435185
Time, 0.272, Pos_X, -0.10881569087491205, Pos_Y, -0.23455093942810493, Pos_Z, 0.049538882618711144, BFx, 1.0, 0.0, 0.0,                             BFy, 0.0, -0.9755901055275399, -0.2195995127425514, BFz, 0.0, 0.21959951274255007, -0.9755901055275399
Time, 0.274, Pos_X, -0.11272537075009606, Pos_Y, -0.2397196330172326, Pos_Z, 0.051783605859095846, BFx, 1.0, 0.0, 0.0,                             BFy, 0.0, -0.9724184170958454, -0.23324326805464926, BFz, 0.0, 0.2332432680546479, -0.9724184170958454
Time, 0.276, Pos_X, -0.11668719622728006, Pos_Y, -0.2449347337311033, Pos_Z, 0.05412306647447938, BFx, 1.0, 0.0, 0.0,                             BFy, 0.0, -0.9691096848846157, -0.24663012521353467, BFz, 0.0, 0.24663012521353325, -0.9691096848846156
Time, 0.278, Pos_X, -0.12069852787846407, Pos_Y, -0.25019455797171497, Pos_Z, 0.05655967607870234, BFx, 1.0, 0.0, 0.0,                             BFy, 0.0, -0.9656770985308598, -0.2597455319596912, BFz, 0.0, 0.2597455319596898, -0.9656770985308597
Time, 0.28, Pos_X, -0.12475659123564807, Pos_Y, -0.2554973553949984, Pos_Z, 0.05909577817556756, BFx, 1.0, 0.0, 0.0,                             BFy, 0.0, -0.9621345443209857, -0.272574977986337, BFz, 0.0, 0.2725749779863356, -0.9621345443209856
Time, 0.282, Pos_X, -0.12885847981483195, Pos_Y, -0.260841314253903, Pos_Z, 0.06173364334093376, BFx, 1.0, 0.0, 0.0,                             BFy, 0.0, -0.9584965614923637, -0.2851040890750572, BFz, 0.0, 0.2851040890750557, -0.9584965614923636
Time, 0.284, Pos_X, -0.13300115862601594, Pos_Y, -0.2662245671445175, Pos_Z, 0.06447546442923009, BFx, 1.0, 0.0, 0.0,                             BFy, 0.0, -0.9547782729652704, -0.29731876744238317, BFz, 0.0, 0.29731876744238167, -0.9547782729652704
Time, 0.286, Pos_X, -0.13718146814319995, Pos_Y, -0.2716451971155692, Pos_Z, 0.06732335112764275, BFx, 1.0, 0.0, 0.0,                             BFy, 0.0, -0.9509953593332534, -0.3092051528138208, BFz, 0.0, 0.30920515281381933, -0.9509953593332534
Time, 0.288, Pos_X, -0.14139612871238397, Pos_Y, -0.277101244031705, Pos_Z, 0.07027932424496519, BFx, 1.0, 0.0, 0.0,                             BFy, 0.0, -0.9471639347615681, -0.32074987246604747, BFz, 0.0, 0.3207498724660461, -0.9471639347615682
Time, 0.29, Pos_X, -0.14564174550616799, Pos_Y, -0.2825907114720548, Pos_Z, 0.07334531000216223, BFx, 1.0, 0.0, 0.0,                             BFy, 0.0, -0.9433004195281721, -0.331940233352295, BFz, 0.0, 0.33194023335229356, -0.9433004195281722
Time, 0.292, Pos_X, -0.14991481544595198, Pos_Y, -0.28811157475883803, Pos_Z, 0.07652313446059057, BFx, 1.0, 0.0, 0.0,                             BFy, 0.0, -0.9394214205003957, -0.3427643428144484, BFz, 0.0, 0.3427643428144469, -0.9394214205003958
Time, 0.294, Pos_X, -0.154211735402336, Pos_Y, -0.2936617898438592, Pos_Z, 0.07981451864139301, BFx, 1.0, 0.0, 0.0,                             BFy, 0.0, -0.9355435370418181, -0.3532113960495701, BFz, 0.0, 0.3532113960495686, -0.9355435370418181
Time, 0.296, Pos_X, -0.15852881057112, Pos_Y, -0.29923930181005176, Pos_Z, 0.08322107396805911, BFx, 1.0, 0.0, 0.0,                             BFy, 0.0, -0.9316831730831038, -0.36327188852676295, BFz, 0.0, 0.36327188852676146, -0.9316831730831039
Time, 0.298, Pos_X, -0.16286226302870402, Pos_Y, -0.3048420532081109, Pos_Z, 0.086744298538127, BFx, 1.0, 0.0, 0.0,                             BFy, 0.0, -0.9278564281133144, -0.37293759371884655, BFz, 0.0, 0.3729375937188451, -0.9278564281133146
Time, 0.3, Pos_X, -0.16720824206908802, Pos_Y, -0.3104679933111834, Pos_Z, 0.090385574038375, BFx, 1.0, 0.0, 0.0,                             BFy, 0.0, -0.9240791204822449, -0.38220122852858895, BFz, 0.0, 0.38220122852858746, -0.924079120482245
Time, 0.302, Pos_X, -0.17156283622947202, Pos_Y, -0.3161150890485509, Pos_Z, 0.09414616231578046, BFx, 1.0, 0.0, 0.0,                             BFy, 0.0, -0.9203668617383141, -0.3910560571247673, BFz, 0.0, 0.3910560571247657, -0.9203668617383142
Time, 0.304, Pos_X, -0.175922084833656, Pos_Y, -0.321781337121535, Pos_Z, 0.09802720210547625, BFx, 1.0, 0.0, 0.0,                             BFy, 0.0, -0.916735265085802, -0.3994952487177616, BFz, 0.0, 0.39949524871775993, -0.9167352650858022
Time, 0.306, Pos_X, -0.18028198963638, Pos_Y, -0.32746477589644557, Pos_Z, 0.1020297062443223, BFx, 1.0, 0.0, 0.0,                             BFy, 0.0, -0.9132001862525868, -0.40751125116767406, BFz, 0.0, 0.4075112511676724, -0.9132001862525869
Time, 0.308, Pos_X, -0.18463852687864402, Pos_Y, -0.33316349770960396, Pos_Z, 0.10615455904596621, BFx, 1.0, 0.0, 0.0,                             BFy, 0.0, -0.9097779809491463, -0.41509520038190895, BFz, 0.0, 0.4150952003819073, -0.9097779809491466
Time, 0.31, Pos_X, -0.18898765971710801, Pos_Y, -0.3388756626583982, Pos_Z, 0.11040251408962509, BFx, 1.0, 0.0, 0.0,                             BFy, 0.0, -0.9064857055065003, -0.4222365044763234, BFz, 0.0, 0.4222365044763217, -0.9064857055065008
Time, 0.312, Pos_X, -0.193325351411772, Pos_Y, -0.34459951298852104, Pos_Z, 0.11477419334438861, BFx, 1.0, 0.0, 0.0,                             BFy, 0.0, -0.9033412900586881, -0.42892250311111857, BFz, 0.0, 0.42892250311111696, -0.9033412900586885
Time, 0.314, Pos_X, -0.19764757878243602, Pos_Y, -0.35033338763947586, Pos_Z, 0.11927008852339636, BFx, 1.0, 0.0, 0.0,                             BFy, 0.0, -0.9003635757632383, -0.4351384049228908, BFz, 0.0, 0.4351384049228892, -0.9003635757632387
Time, 0.316, Pos_X, -0.20195034486250002, Pos_Y, -0.3560757370006739, Pos_Z, 0.12389056412887489, BFx, 1.0, 0.0, 0.0,                             BFy, 0.0, -0.8975723351493387, -0.44086721716925814, BFz, 0.0, 0.44086721716925653, -0.897572335149339
