Time, 0, Pos_X, 0.0, Pos_Y, 0.0, Pos_Z, 0.0, BFx, 1.0, 0.0, 0.0,                         BFy, 0.0, 1.0, 0.0, BFz, 0.0, 0.0, 1.0
Time, 0.0, Pos_X, 0.0, Pos_Y, 0.0, Pos_Z, 0.0, BFx, 1.0, 0.0, 0.0,                             BFy, 0.0, 1.0, 0.0, BFz, 0.0, 0.0, 1.0
Time, 0.002, Pos_X, 6.628026e-07, Pos_Y, -1.2862723939303673e-07, Pos_Z, -2.0486098608311442e-06, BFx, 1.0, 0.0, 0.0,                             BFy, 0.0, 0.9999991969127807, -0.0012673491207359309, BFz, 0.0, 0.0012673491207359309, 0.9999991969127807
Time, 0.004, Pos_X, 2.5732200000000003e-06, Pos_Y, -4.48940176079019e-07, Pos_Z, -8.233358969550391e-06, BFx, 1.0, 0.0, 0.0,                             BFy, 0.0, 0.9999968523519588, -0.0025090408874708075, BFz, 0.0, 0.0025090408874708075, 0.9999968523519588
Time, 0.006, Pos_X, 5.56300644e-06, Pos_Y, -8.196853610435713e-07, Pos_Z, -1.8646930481733564e-05, BFx, 1.0, 0.0, 0.0,                             BFy, 0.0, 0.9999930566302381, -0.0037264851151880235, BFz, 0.0, 0.0037264851151880235, 0.999993056630238
Time, 0.008, Pos_X, 9.43811472e-06, Pos_Y, -1.0787089048659153e-06, Pos_Z, -3.3414599177890425e-05, BFx, 1.0, 0.0, 0.0,                             BFy, 0.0, 0.9999878819359147, -0.004923005314138979, BFz, 0.0, 0.004923005314138979, 0.9999878819359146
Time, 0.01, Pos_X, 1.39764894e-05, Pos_Y, -1.0413268164503932e-06, Pos_Z, -5.2698278293648335e-05, BFx, 1.0, 0.0, 0.0,                             BFy, 0.0, 0.9999813679444682, -0.006104405287178008, BFz, 0.0, 0.006104405287178009, 0.999981367944468
Time, 0.012, Pos_X, 1.89270782e-05, Pos_Y, -4.995784512211215e-07, Pos_Z, -7.669843748767024e-05, BFx, 1.0, 0.0, 0.0,                             BFy, 0.0, 0.9999735065795028, -0.007279157856055442, BFz, 0.0, 0.007279157856055443, 0.9999735065795025
Time, 0.014, Pos_X, 2.400840642e-05, Pos_Y, 7.784427844540332e-07, Pos_Z, -0.00010565407426449519, BFx, 1.0, 0.0, 0.0,                             BFy, 0.0, 0.9999642292087784, -0.008458150086983333, BFz, 0.0, 0.008458150086983331, 0.9999642292087779
Time, 0.016, Pos_X, 2.8906719e-05, Pos_Y, 3.0504147379668212e-06, Pos_Z, -0.00013983994934538022, BFx, 1.0, 0.0, 0.0,                             BFy, 0.0, 0.9999533994833129, -0.009653955757429205, BFz, 0.0, 0.009653955757429203, 0.9999533994833124
Time, 0.018, Pos_X, 3.327485494e-05, Pos_Y, 6.6008859614567074e-06, Pos_Z, -0.00017956319230608278, BFx, 1.0, 0.0, 0.0,                             BFy, 0.0, 0.9999408150362621, -0.010879633478014265, BFz, 0.0, 0.010879633478014265, 0.9999408150362618
Time, 0.02, Pos_X, 3.673199868e-05, Pos_Y, 1.1741476900667609e-05, Pos_Z, -0.00022516049740403703, BFx, 1.0, 0.0, 0.0,                             BFy, 0.0, 0.9999262213806317, -0.012147089999340546, BFz, 0.0, 0.012147089999340544, 0.9999262213806313
Time, 0.022, Pos_X, 3.886468212e-05, Pos_Y, 1.8811017133444027e-05, Pos_Z, -0.0002769948027992124, BFx, 1.0, 0.0, 0.0,                             BFy, 0.0, 0.9999093383399429, -0.01346532957553141, BFz, 0.0, 0.013465329575531409, 0.9999093383399424
Time, 0.024, Pos_X, 3.922867046e-05, Pos_Y, 2.8175482203448785e-05, Pos_Z, -0.00033544948633574883, BFx, 1.0, 0.0, 0.0,                             BFy, 0.0, 0.9998899001669903, -0.014838717735900661, BFz, 0.0, 0.014838717735900658, 0.9998899001669901
Time, 0.026, Pos_X, 3.7352430100000005e-05, Pos_Y, 4.022701828549096e-05, Pos_Z, -0.00040092167834389445, BFx, 1.0, 0.0, 0.0,                             BFy, 0.0, 0.9998677122756251, -0.01626523743163012, BFz, 0.0, 0.016265237431630115, 0.9998677122756249
Time, 0.028, Pos_X, 3.274190334e-05, Pos_Y, 5.538221141196285e-05, Pos_Z, -0.0004738172792668956, BFx, 1.0, 0.0, 0.0,                             BFy, 0.0, 0.9998427215069134, -0.01773505708048476, BFz, 0.0, 0.017735057080484756, 0.9998427215069132
Time, 0.03, Pos_X, 2.4885782180000006e-05, Pos_Y, 7.407978290823251e-05, Pos_Z, -0.0005545454424551152, BFx, 1.0, 0.0, 0.0,                             BFy, 0.0, 0.9998151042370339, -0.019229075367489495, BFz, 0.0, 0.01922907536748949, 0.9998151042370337
Time, 0.032, Pos_X, 1.3261611819999994e-05, Pos_Y, 9.677754615131567e-05, Pos_Z, -0.0006435115716041151, BFx, 1.0, 0.0, 0.0,                             BFy, 0.0, 0.9997853298765065, -0.020719415139543618, BFz, 0.0, 0.02071941513954361, 0.9997853298765063
Time, 0.034, Pos_X, -2.6577841400000244e-06, Pos_Y, 0.0001239491644100624, Pos_Z, -0.0007411100389059903, BFx, 1.0, 0.0, 0.0,                             BFy, 0.0, 0.9997542036822226, -0.022170525923509363, BFz, 0.0, 0.022170525923509356, 0.9997542036822223
Time, 0.036, Pos_X, -2.339832049999997e-05, Pos_Y, 0.00015608002314594562, Pos_Z, -0.0008477161875790121, BFx, 1.0, 0.0, 0.0,                             BFy, 0.0, 0.999722863350738, -0.02354137833265612, BFz, 0.0, 0.02354137833265611, 0.9997228633507379
Time, 0.038, Pos_X, -4.947829945999999e-05, Pos_Y, 0.00019366138994223925, Pos_Z, -0.0009636783050821522, BFx, 1.0, 0.0, 0.0,                             BFy, 0.0, 0.9996927105186827, -0.02478879859550759, BFz, 0.0, 0.024788798595507578, 0.9996927105186826
Time, 0.04, Pos_X, -8.140232562000002e-05, Pos_Y, 0.00023718411790948067, Pos_Z, -0.0010893101959988391, BFx, 1.0, 0.0, 0.0,                             BFy, 0.0, 0.9996652775934315, -0.025871466406963417, BFz, 0.0, 0.025871466406963403, 0.9996652775934315
Time, 0.042, Pos_X, -0.00011965674478000006, Pos_Y, 0.00028713266572343563, Pos_Z, -0.0012248828551931624, BFx, 1.0, 0.0, 0.0,                             BFy, 0.0, 0.9996420402965619, -0.026754275765301906, BFz, 0.0, 0.02675427576530189, 0.9996420402965619
Time, 0.044, Pos_X, -0.00016470535093999995, Pos_Y, 0.00034397943099740574, Pos_Z, -0.0013706166432638403, BFx, 1.0, 0.0, 0.0,                             BFy, 0.0, 0.9996242048687919, -0.027412570846863136, BFz, 0.0, 0.027412570846863115, 0.9996242048687919
Time, 0.046, Pos_X, -0.0002169839269, Pos_Y, 0.00040817966733023913, Pos_Z, -0.001526676603384249, BFx, 1.0, 0.0, 0.0,                             BFy, 0.0, 0.9996125237303359, -0.027835272613491238, BFz, 0.0, 0.027835272613491217, 0.999612523730336
Time, 0.048, Pos_X, -0.00027689558186000005, Pos_Y, 0.00048016762764689365, Pos_Z, -0.0016931692632071536, BFx, 1.0, 0.0, 0.0,                             BFy, 0.0, 0.9996071802145234, -0.02802651001405946, BFz, 0.0, 0.02802651001405944, 0.9996071802145235
Time, 0.05, Pos_X, -0.00034480699982000014, Pos_Y, 0.0005603530380952294, Pos_Z, -0.0018701422412392256, BFx, 1.0, 0.0, 0.0,                             BFy, 0.0, 0.9996077631348255, -0.028005711570842643, BFz, 0.0, 0.028005711570842622, 0.9996077631348256
Time, 0.052, Pos_X, -0.0004210447611799999, Pos_Y, 0.0006491177025963824, Pos_Z, -0.0020575874892937024, BFx, 1.0, 0.0, 0.0,                             BFy, 0.0, 0.9996133426972906, -0.027805846535356945, BFz, 0.0, 0.027805846535356928, 0.9996133426972907
Time, 0.054, Pos_X, -0.00050589282634, Pos_Y, 0.00074681361639949, Pos_Z, -0.002255445280578475, BFx, 1.0, 0.0, 0.0,                             BFy, 0.0, 0.9996226208362047, -0.02747027325230858, BFz, 0.0, 0.027470273252308563, 0.9996226208362048
Time, 0.056, Pos_X, -0.0005995934197000001, Pos_Y, 0.0008537650332980111, Pos_Z, -0.0024636120522611863, BFx, 1.0, 0.0, 0.0,                             BFy, 0.0, 0.9996341153188726, -0.02704876135157549, BFz, 0.0, 0.02704876135157547, 0.9996341153188726
Time, 0.058, Pos_X, -0.0007023470960600001, Pos_Y, 0.0009702702043562885, Pos_Z, -0.0026819450707392042, BFx, 1.0, 0.0, 0.0,                             BFy, 0.0, 0.9996463404294077, -0.026593120653504165, BFz, 0.0, 0.026593120653504155, 0.9996463404294078
Time, 0.06, Pos_X, -0.0008143114434199998, Pos_Y, 0.0010966020137161182, Pos_Z, -0.0029102653272201516, BFx, 1.0, 0.0, 0.0,                             BFy, 0.0, 0.9996579439610757, -0.026153299514861627, BFz, 0.0, 0.026153299514861613, 0.9996579439610758
Time, 0.062, Pos_X, -0.0009356027341799999, Pos_Y, 0.0012330116435264487, Pos_Z, -0.003148365960072921, BFx, 1.0, 0.0, 0.0,                             BFy, 0.0, 0.9996677811915566, -0.025774546505207337, BFz, 0.0, 0.025774546505207323, 0.9996677811915567
Time, 0.064, Pos_X, -0.00106629854374, Pos_Y, 0.0013797330534935498, Pos_Z, -0.003396020794505059, BFx, 1.0, 0.0, 0.0,                             BFy, 0.0, 0.9996749348080831, -0.025495582292892748, BFz, 0.0, 0.02549558229289274, 0.9996749348080832
Time, 0.066, Pos_X, -0.0012064402197000002, Pos_Y, 0.0015369870674657189, Pos_Z, -0.0036529925244528413, BFx, 1.0, 0.0, 0.0,                             BFy, 0.0, 0.9996786785515075, -0.025348365815391072, BFz, 0.0, 0.02534836581539106, 0.9996786785515076
Time, 0.068, Pos_X, -0.0013560356290600003, Pos_Y, 0.0017049851870625352, Pos_Z, -0.00391904040136103, BFx, 1.0, 0.0, 0.0,                             BFy, 0.0, 0.9996784135867164, -0.02535881323614679, BFz, 0.0, 0.025358813236146777, 0.9996784135867162
Time, 0.07, Pos_X, -0.0015150625770200005, Pos_Y, 0.0018839335571188857, Pos_Z, -0.004193926935666586, BFx, 1.0, 0.0, 0.0,                             BFy, 0.0, 0.999673595847288, -0.025548028607954996, BFz, 0.0, 0.025548028607954985, 0.9996735958472875
Time, 0.072, Pos_X, -0.0016834724405799994, Pos_Y, 0.0020740365846758234, Pos_Z, -0.004477423050359484, BFx, 1.0, 0.0, 0.0,                             BFy, 0.0, 0.9996636660905541, -0.02593365956422397, BFz, 0.0, 0.025933659564223967, 0.9996636660905535
Time, 0.074, Pos_X, -0.0018611943481399995, Pos_Y, 0.002275500276595455, Pos_Z, -0.0047693117900232465, BFx, 1.0, 0.0, 0.0,                             BFy, 0.0, 0.9996479947960965, -0.026530859393226795, BFz, 0.0, 0.026530859393226792, 0.9996479947960959
Time, 0.076, Pos_X, -0.0020481392446999994, Pos_Y, 0.0024885348460569256, Pos_Z, -0.005069390787998482, BFx, 1.0, 0.0, 0.0,                             BFy, 0.0, 0.9996258574563701, -0.027352241308827154, BFz, 0.0, 0.027352241308827147, 0.9996258574563696
Time, 0.078, Pos_X, -0.0022442038932599996, Pos_Y, 0.0027133568471054753, Pos_Z, -0.00537747335273765, BFx, 1.0, 0.0, 0.0,                             BFy, 0.0, 0.999596433370993, -0.028407224292234697, BFz, 0.0, 0.02840722429223469, 0.9995964333709925
Time, 0.08, Pos_X, -0.00244927442222, Pos_Y, 0.0029501904686146537, Pos_Z, -0.005693388507123056, BFx, 1.0, 0.0, 0.0,                             BFy, 0.0, 0.9995588203644636, -0.02970125639769181, BFz, 0.0, 0.0297012563976918, 0.9995588203644632
Time, 0.082, Pos_X, -0.00266322951698, Pos_Y, 0.003199267282961877, Pos_Z, -0.0060169805994269784, BFx, 1.0, 0.0, 0.0,                             BFy, 0.0, 0.9995120754873233, -0.031234771569884034, BFz, 0.0, 0.031234771569884023, 0.9995120754873229
Time, 0.084, Pos_X, -0.00288594323374, Pos_Y, 0.003460824661637218, Pos_Z, -0.00634810809567431, BFx, 1.0, 0.0, 0.0,                             BFy, 0.0, 0.9994552688395276, -0.033002508827464166, BFz, 0.0, 0.033002508827464166, 0.9994552688395272
Time, 0.086, Pos_X, -0.003117287305699999, Pos_Y, 0.0037351032492433573, Pos_Z, -0.006686641737142114, BFx, 1.0, 0.0, 0.0,                             BFy, 0.0, 0.9993875639990731, -0.03499281246196152, BFz, 0.0, 0.034992812461961516, 0.9993875639990727
Time, 0.088, Pos_X, -0.003357132502459999, Pos_Y, 0.004022343845432127, Pos_Z, -0.007032461774406458, BFx, 1.0, 0.0, 0.0,                             BFy, 0.0, 0.9993083015240365, -0.03718761225388382, BFz, 0.0, 0.03718761225388381, 0.9993083015240362
Time, 0.09, Pos_X, -0.0036053492440199994, Pos_Y, 0.004322783792847815, Pos_Z, -0.007385453779222327, BFx, 1.0, 0.0, 0.0,                             BFy, 0.0, 0.9992170590621822, -0.03956347910793258, BFz, 0.0, 0.03956347910793258, 0.9992170590621817
Time, 0.092, Pos_X, -0.0038618082741799994, Pos_Y, 0.004636653348781812, Pos_Z, -0.0077455049626567905, BFx, 1.0, 0.0, 0.0,                             BFy, 0.0, 0.9991136782269872, -0.042093443429361735, BFz, 0.0, 0.042093443429361735, 0.9991136782269867
Time, 0.094, Pos_X, -0.0041263802961399995, Pos_Y, 0.004964171599304574, Pos_Z, -0.00811250018870493, BFx, 1.0, 0.0, 0.0,                             BFy, 0.0, 0.9989982603841452, -0.04474903070963629, BFz, 0.0, 0.04474903070963629, 0.9989982603841449
Time, 0.096, Pos_X, -0.0043989344495, Pos_Y, 0.005305542097472047, Pos_Z, -0.008486317416142258, BFx, 1.0, 0.0, 0.0,                             BFy, 0.0, 0.9988711194033993, -0.047502492795648193, BFz, 0.0, 0.0475024927956482, 0.998871119403399
Time, 0.098, Pos_X, -0.00467933791406, Pos_Y, 0.005660949731331004, Pos_Z, -0.008866825560212645, BFx, 1.0, 0.0, 0.0,                             BFy, 0.0, 0.9987327135006698, -0.050328590121216515, BFz, 0.0, 0.05032859012121652, 0.9987327135006696
Time, 0.1, Pos_X, -0.0049674565572200005, Pos_Y, 0.006030558528722646, Pos_Z, -0.00925388674805107, BFx, 1.0, 0.0, 0.0,                             BFy, 0.0, 0.9985835484753904, -0.05320617176886065, BFz, 0.0, 0.053206171768860645, 0.9985835484753904
Time, 0.102, Pos_X, -0.005263154156979998, Pos_Y, 0.006414509114633718, Pos_Z, -0.00964736206198985, BFx, 1.0, 0.0, 0.0,                             BFy, 0.0, 0.9984240768078512, -0.056119184334681396, BFz, 0.0, 0.05611918433468139, 0.9984240768078512
Time, 0.104, Pos_X, -0.005566290804139998, Pos_Y, 0.006812916697527855, Pos_Z, -0.010047118304013187, BFx, 1.0, 0.0, 0.0,                             BFy, 0.0, 0.9982546223414313, -0.05905682834326865, BFz, 0.0, 0.05905682834326864, 0.9982546223414311
Time, 0.106, Pos_X, -0.0058767214906999985, Pos_Y, 0.007225870908049627, Pos_Z, -0.010453033942114902, BFx, 1.0, 0.0, 0.0,                             BFy, 0.0, 0.998075329602088, -0.06201319568997716, BFz, 0.0, 0.06201319568997715, 0.9980753296020879
Time, 0.108, Pos_X, -0.006194294646059998, Pos_Y, 0.0076534368279203326, Pos_Z, -0.010865000941552917, BFx, 1.0, 0.0, 0.0,                             BFy, 0.0, 0.9978861545848974, -0.06498632539054705, BFz, 0.0, 0.06498632539054704, 0.9978861545848975
Time, 0.11, Pos_X, -0.006518849894819999, Pos_Y, 0.008095656376689188, Pos_Z, -0.011282922342015944, BFx, 1.0, 0.0, 0.0,                             BFy, 0.0, 0.9976868930492081, -0.06797693313042164, BFz, 0.0, 0.06797693313042162, 0.9976868930492082
Time, 0.112, Pos_X, -0.006850216393979999, Pos_Y, 0.00855255039609909, Pos_Z, -0.011706708344679292, BFx, 1.0, 0.0, 0.0,                             BFy, 0.0, 0.9974772156006416, -0.07098735350462788, BFz, 0.0, 0.07098735350462786, 0.9974772156006416
Time, 0.114, Pos_X, -0.007188212790339999, Pos_Y, 0.009024121297099378, Pos_Z, -0.012136272895077786, BFx, 1.0, 0.0, 0.0,                             BFy, 0.0, 0.9972567221740668, -0.07402047067288782, BFz, 0.0, 0.07402047067288779, 0.9972567221740669
Time, 0.116, Pos_X, -0.007532647794099999, Pos_Y, 0.009510355959052239, Pos_Z, -0.012571532292163252, BFx, 1.0, 0.0, 0.0,                             BFy, 0.0, 0.9970249946370994, -0.07707892104130626, BFz, 0.0, 0.07707892104130624, 0.9970249946370995
Time, 0.118, Pos_X, -0.007883320998659998, Pos_Y, 0.010011229061849338, Pos_Z, -0.013012405446921295, BFx, 1.0, 0.0, 0.0,                             BFy, 0.0, 0.9967816409854449, -0.08016458191972274, BFz, 0.0, 0.08016458191972273, 0.996781640985445
Time, 0.12, Pos_X, -0.008240024229019998, Pos_Y, 0.010526706935974128, Pos_Z, -0.013458815129671477, BFx, 1.0, 0.0, 0.0,                             BFy, 0.0, 0.9965263548350687, -0.0832779930061429, BFz, 0.0, 0.08327799300614289, 0.9965263548350688
Time, 0.122, Pos_X, -0.008602545259379998, Pos_Y, 0.011056752646452294, Pos_Z, -0.013910689660724873, BFx, 1.0, 0.0, 0.0,                             BFy, 0.0, 0.9962589565903264, -0.08641811970619764, BFz, 0.0, 0.08641811970619763, 0.9962589565903264
Time, 0.124, Pos_X, -0.008970673104739998, Pos_Y, 0.011601331352708563, Pos_Z, -0.014367965983477633, BFx, 1.0, 0.0, 0.0,                             BFy, 0.0, 0.9959794318486506, -0.08958220434014516, BFz, 0.0, 0.08958220434014515, 0.9959794318486506
Time, 0.126, Pos_X, -0.009344198755299998, Pos_Y, 0.012160411780689332, Pos_Z, -0.014830591855670813, BFx, 1.0, 0.0, 0.0,                             BFy, 0.0, 0.995687964112968, -0.0927657162995752, BFz, 0.0, 0.09276571629957518, 0.995687964112968
Time, 0.128, Pos_X, -0.009722913940059998, Pos_Y, 0.012733964325423133, Pos_Z, -0.015298524286143228, BFx, 1.0, 0.0, 0.0,                             BFy, 0.0, 0.9953849579565223, -0.09596241698650995, BFz, 0.0, 0.09596241698650992, 0.9953849579565224
Time, 0.13, Pos_X, -0.010106616973219998, Pos_Y, 0.01332196160950355, Pos_Z, -0.01577172680791916, BFx, 1.0, 0.0, 0.0,                             BFy, 0.0, 0.9950710171646702, -0.09916486675667784, BFz, 0.0, 0.0991648667566778, 0.99507101716467
Time, 0.132, Pos_X, -0.010495122325179998, Pos_Y, 0.013924383418161967, Pos_Z, -0.016250170578646916, BFx, 1.0, 0.0, 0.0,                             BFy, 0.0, 0.994746911481777, -0.10236494564775007, BFz, 0.0, 0.10236494564775003, 0.9947469114817767
Time, 0.134, Pos_X, -0.010888264536339998, Pos_Y, 0.014541220644211202, Pos_Z, -0.016733839229506577, BFx, 1.0, 0.0, 0.0,                             BFy, 0.0, 0.9944135399970114, -0.10555430578907275, BFz, 0.0, 0.10555430578907271, 0.994413539997011
Time, 0.136, Pos_X, -0.011285898922499999, Pos_Y, 0.01517247520219024, Pos_Z, -0.017222730505074616, BFx, 1.0, 0.0, 0.0,                             BFy, 0.0, 0.9940718577371964, -0.10872507371770493, BFz, 0.0, 0.1087250737177049, 0.994071857737196
Time, 0.138, Pos_X, -0.01168790758626, Pos_Y, 0.015818159307656024, Pos_Z, -0.01771685070074137, BFx, 1.0, 0.0, 0.0,                             BFy, 0.0, 0.9937228098443929, -0.1118703588756469, BFz, 0.0, 0.11187035887564688, 0.9937228098443925
Time, 0.14, Pos_X, -0.01209420573062, Pos_Y, 0.01647829524999057, Pos_Z, -0.01821620566881914, BFx, 1.0, 0.0, 0.0,                             BFy, 0.0, 0.99336724929185, -0.11498481653829287, BFz, 0.0, 0.11498481653829283, 0.9933672492918496
Time, 0.142, Pos_X, -0.012504742684379995, Pos_Y, 0.017152914062844558, Pos_Z, -0.018720794644864324, BFx, 1.0, 0.0, 0.0,                             BFy, 0.0, 0.9930058654790166, -0.11806502921809686, BFz, 0.0, 0.11806502921809679, 0.9930058654790165
Time, 0.144, Pos_X, -0.012919501761339994, Pos_Y, 0.017842053649251337, Pos_Z, -0.0192306109415955, BFx, 1.0, 0.0, 0.0,                             BFy, 0.0, 0.9926391215947752, -0.12110976128931034, BFz, 0.0, 0.12110976128931027, 0.9926391215947752
Time, 0.146, Pos_X, -0.013338498758499994, Pos_Y, 0.01854575702744623, Pos_Z, -0.019745646637760923, BFx, 1.0, 0.0, 0.0,                             BFy, 0.0, 0.9922671987234222, -0.12412012865596624, BFz, 0.0, 0.12412012865596617, 0.9922671987234222
Time, 0.148, Pos_X, -0.013761779583659995, Pos_Y, 0.019264071692456617, Pos_Z, -0.020265894410559114, BFx, 1.0, 0.0, 0.0,                             BFy, 0.0, 0.9918899557987321, -0.12709962858163776, BFz, 0.0, 0.1270996285816377, 0.991889955798732
Time, 0.15, Pos_X, -0.014189418193019996, Pos_Y, 0.01999705025104786, Pos_Z, -0.020791346651222387, BFx, 1.0, 0.0, 0.0,                             BFy, 0.0, 0.9915069414398852, -0.1300537776326593, BFz, 0.0, 0.13005377763265924, 0.991506941439885
Time, 0.152, Pos_X, -0.014621512886579997, Pos_Y, 0.020744751073618135, Pos_Z, -0.021321997131294897, BFx, 1.0, 0.0, 0.0,                             BFy, 0.0, 0.9911174414648115, -0.13298953802554306, BFz, 0.0, 0.132989538025543, 0.9911174414648114
Time, 0.154, Pos_X, -0.015058181752139996, Pos_Y, 0.021507237854601187, Pos_Z, -0.021857843522432918, BFx, 1.0, 0.0, 0.0,                             BFy, 0.0, 0.9907205904190766, -0.13591435435478438, BFz, 0.0, 0.1359143543547843, 0.9907205904190766
Time, 0.156, Pos_X, -0.015499559172699996, Pos_Y, 0.022284577769303326, Pos_Z, -0.022398886551704144, BFx, 1.0, 0.0, 0.0,                             BFy, 0.0, 0.9903154743702576, -0.13883537453694336, BFz, 0.0, 0.13883537453694325, 0.9903154743702577
Time, 0.158, Pos_X, -0.015945791858059995, Pos_Y, 0.02307683948449512, Pos_Z, -0.022945129063092703, BFx, 1.0, 0.0, 0.0,                             BFy, 0.0, 0.9899011353742515, -0.14175945183574012, BFz, 0.0, 0.14175945183574, 0.9899011353742515
Time, 0.16, Pos_X, -0.016397034376619997, Pos_Y, 0.023884091887963702, Pos_Z, -0.023496573785128448, BFx, 1.0, 0.0, 0.0,                             BFy, 0.0, 0.9894766544311423, -0.14469260636174755, BFz, 0.0, 0.1446926063617474, 0.9894766544311423
Time, 0.162, Pos_X, -0.016853445430379997, Pos_Y, 0.024706403375939632, Pos_Z, -0.02405321904340764, BFx, 1.0, 0.0, 0.0,                             BFy, 0.0, 0.9890413238384173, -0.14763895061924737, BFz, 0.0, 0.14763895061924726, 0.9890413238384173
Time, 0.164, Pos_X, -0.017315183430139998, Pos_Y, 0.025543840470906604, Pos_Z, -0.024615056013392325, BFx, 1.0, 0.0, 0.0,                             BFy, 0.0, 0.9885947564612544, -0.15060015769352522, BFz, 0.0, 0.1506001576935251, 0.9885947564612544
Time, 0.166, Pos_X, -0.0177824015293, Pos_Y, 0.02639646581853486, Pos_Z, -0.02518206643538845, BFx, 1.0, 0.0, 0.0,                             BFy, 0.0, 0.988136930979053, -0.15357540700027472, BFz, 0.0, 0.15357540700027464, 0.988136930979053
Time, 0.168, Pos_X, -0.01825524264726, Pos_Y, 0.027264336171712693, Pos_Z, -0.025754221224256576, BFx, 1.0, 0.0, 0.0,                             BFy, 0.0, 0.9876682326046224, -0.15656136912937105, BFz, 0.0, 0.15656136912937096, 0.9876682326046223
Time, 0.17, Pos_X, -0.01873383379942, Pos_Y, 0.028147500476121003, Pos_Z, -0.0263314803867224, BFx, 1.0, 0.0, 0.0,                             BFy, 0.0, 0.9871894829151303, -0.1595522636058774, BFz, 0.0, 0.15955226360587735, 0.9871894829151302
Time, 0.172, Pos_X, -0.019218282879179996, Pos_Y, 0.029045998929231556, Pos_Z, -0.02691379423048706, BFx, 1.0, 0.0, 0.0,                             BFy, 0.0, 0.9867018039616184, -0.1625409181064546, BFz, 0.0, 0.16254091810645452, 0.9867018039616184
Time, 0.174, Pos_X, -0.019708677111139997, Pos_Y, 0.029959860690181757, Pos_Z, -0.027501103904935802, BFx, 1.0, 0.0, 0.0,                             BFy, 0.0, 0.986206531521754, -0.1655194163348612, BFz, 0.0, 0.16551941633486109, 0.9862065315217539
Time, 0.176, Pos_X, -0.020205079907099997, Pos_Y, 0.030889099619904964, Pos_Z, -0.02809333642264654, BFx, 1.0, 0.0, 0.0,                             BFy, 0.0, 0.9857051462998347, -0.16847956718256163, BFz, 0.0, 0.1684795671825615, 0.9857051462998346
Time, 0.178, Pos_X, -0.02070752889966, Pos_Y, 0.03183371280051577, Pos_Z, -0.0286903971702022, BFx, 1.0, 0.0, 0.0,                             BFy, 0.0, 0.9851991498008381, -0.17141363782297864, BFz, 0.0, 0.1714136378229785, 0.9851991498008382
Time, 0.18, Pos_X, -0.02121603607922, Pos_Y, 0.0327936815695913, Pos_Z, -0.02929216592171918, BFx, 1.0, 0.0, 0.0,                             BFy, 0.0, 0.9846899926594629, -0.1743147106709833, BFz, 0.0, 0.17431471067098314, 0.9846899926594632
Time, 0.182, Pos_X, -0.02173058816718, Pos_Y, 0.03376897183813336, Pos_Z, -0.029898496459200386, BFx, 1.0, 0.0, 0.0,                             BFy, 0.0, 0.9841790536343341, -0.17717672078303098, BFz, 0.0, 0.17717672078303082, 0.9841790536343344
Time, 0.184, Pos_X, -0.02225114681214, Pos_Y, 0.034759532942022754, Pos_Z, -0.030509216749933562, BFx, 1.0, 0.0, 0.0,                             BFy, 0.0, 0.9836676348505516, -0.1799944003226851, BFz, 0.0, 0.17999440032268496, 0.983667634850552
Time, 0.186, Pos_X, -0.0227776497897, Pos_Y, 0.03576529605357923, Pos_Z, -0.03112412804060806, BFx, 1.0, 0.0, 0.0,                             BFy, 0.0, 0.9831569407130524, -0.1827633166906122, BFz, 0.0, 0.18276331669061202, 0.9831569407130527
Time, 0.188, Pos_X, -0.02331001342286, Pos_Y, 0.03678617251582315, Pos_Z, -0.031743003007360895, BFx, 1.0, 0.0, 0.0,                             BFy, 0.0, 0.9826480555145409, -0.18547991533719455, BFz, 0.0, 0.18547991533719438, 0.9826480555145413
Time, 0.19, Pos_X, -0.023848135788620002, Pos_Y, 0.03782205294404665, Pos_Z, -0.03236558373953659, BFx, 1.0, 0.0, 0.0,                             BFy, 0.0, 0.9821419079313504, -0.18814162932474054, BFz, 0.0, 0.18814162932474035, 0.9821419079313507
Time, 0.192, Pos_X, -0.024391899138780003, Pos_Y, 0.03887280743812693, Pos_Z, -0.03299158053060394, BFx, 1.0, 0.0, 0.0,                             BFy, 0.0, 0.9816392540114308, -0.19074688721937902, BFz, 0.0, 0.19074688721937885, 0.9816392540114312
Time, 0.194, Pos_X, -0.024941172239740003, Pos_Y, 0.039938285844381874, Pos_Z, -0.033620672554234766, BFx, 1.0, 0.0, 0.0,                             BFy, 0.0, 0.9811406875929222, -0.19329498480221544, BFz, 0.0, 0.1932949848022153, 0.9811406875929226
Time, 0.196, Pos_X, -0.025495813417100003, Pos_Y, 0.04101831845427825, Pos_Z, -0.034252509514980746, BFx, 1.0, 0.0, 0.0,                             BFy, 0.0, 0.9806466282375653, -0.19578608358689575, BFz, 0.0, 0.19578608358689556, 0.9806466282375659
Time, 0.198, Pos_X, -0.026055674149860004, Pos_Y, 0.04211271747266912, Pos_Z, -0.034886713628217304, BFx, 1.0, 0.0, 0.0,                             BFy, 0.0, 0.9801573532622401, -0.19822099496763965, BFz, 0.0, 0.19822099496763945, 0.9801573532622406
Time, 0.2, Pos_X, -0.026620602603020002, Pos_Y, 0.043221278475425104, Pos_Z, -0.035522881886015246, BFx, 1.0, 0.0, 0.0,                             BFy, 0.0, 0.9796730853814056, -0.20060071230999593, BFz, 0.0, 0.2006007123099957, 0.9796730853814063
Time, 0.202, Pos_X, -0.027190446620580004, Pos_Y, 0.04434378228064484, Pos_Z, -0.036160587828176195, BFx, 1.0, 0.0, 0.0,                             BFy, 0.0, 0.9791940461984687, -0.20292614392796207, BFz, 0.0, 0.20292614392796188, 0.9791940461984693
Time, 0.204, Pos_X, -0.027765056530539997, Pos_Y, 0.04547999734404423, Pos_Z, -0.03679938404136587, BFx, 1.0, 0.0, 0.0,                             BFy, 0.0, 0.9787204906137688, -0.20519795625869452, BFz, 0.0, 0.2051979562586944, 0.9787204906137693
Time, 0.206, Pos_X, -0.028344288040499998, Pos_Y, 0.046629682637560996, Pos_Z, -0.03743880519705903, BFx, 1.0, 0.0, 0.0,                             BFy, 0.0, 0.978252789710773, -0.20741619855520288, BFz, 0.0, 0.20741619855520274, 0.9782527897107736
Time, 0.208, Pos_X, -0.028928004669659998, Pos_Y, 0.047792591143737455, Pos_Z, -0.03807837144068916, BFx, 1.0, 0.0, 0.0,                             BFy, 0.0, 0.9777914741554512, -0.2095801351963277, BFz, 0.0, 0.20958013519632757, 0.9777914741554518
Time, 0.21, Pos_X, -0.02951607928182, Pos_Y, 0.04896847320065333, Pos_Z, -0.03871759249172561, BFx, 1.0, 0.0, 0.0,                             BFy, 0.0, 0.977337292787935, -0.21168801601874285, BFz, 0.0, 0.21168801601874276, 0.9773372927879355
Time, 0.212, Pos_X, -0.030108395955179997, Pos_Y, 0.050157080328742956, Pos_Z, -0.0393559718406772, BFx, 1.0, 0.0, 0.0,                             BFy, 0.0, 0.9768912203234509, -0.21373709003109376, BFz, 0.0, 0.21373709003109367, 0.9768912203234514
Time, 0.214, Pos_X, -0.030704851188539998, Pos_Y, 0.05135816864140466, Pos_Z, -0.039993011492618066, BFx, 1.0, 0.0, 0.0,                             BFy, 0.0, 0.9764542498551906, -0.2157245881668057, BFz, 0.0, 0.21572458816680565, 0.9764542498551911
Time, 0.216, Pos_X, -0.0313053548111, Pos_Y, 0.052571501795728795, Pos_Z, -0.04062821684694338, BFx, 1.0, 0.0, 0.0,                             BFy, 0.0, 0.9760271381743109, -0.2176488583642597, BFz, 0.0, 0.21764885836425968, 0.9760271381743114
Time, 0.218, Pos_X, -0.03190983135146, Pos_Y, 0.05379685392783527, Pos_Z, -0.041261101508726715, BFx, 1.0, 0.0, 0.0,                             BFy, 0.0, 0.9756103397629886, -0.21950960103728157, BFz, 0.0, 0.21950960103728157, 0.9756103397629893
Time, 0.22, Pos_X, -0.0325182214065, Pos_Y, 0.05503401208269792, Pos_Z, -0.041891191877007364, BFx, 1.0, 0.0, 0.0,                             BFy, 0.0, 0.9752040079021882, -0.2213078014248693, BFz, 0.0, 0.22130780142486928, 0.975204007902189
Time, 0.222, Pos_X, -0.03313048266382, Pos_Y, 0.05628277879032178, Pos_Z, -0.042518031005509174, BFx, 1.0, 0.0, 0.0,                             BFy, 0.0, 0.9748079250646595, -0.2230459800828829, BFz, 0.0, 0.2230459800828829, 0.9748079250646603
Time, 0.224, Pos_X, -0.033746590553680005, Pos_Y, 0.057542974394912905, Pos_Z, -0.043141182455141265, BFx, 1.0, 0.0, 0.0,                             BFy, 0.0, 0.974421498236247, -0.224728155278835, BFz, 0.0, 0.22472815527883497, 0.9744214982362479
Time, 0.226, Pos_X, -0.03436653930438, Pos_Y, 0.05881443864893637, Pos_Z, -0.043760234481576905, BFx, 1.0, 0.0, 0.0,                             BFy, 0.0, 0.9740439241108617, -0.226359081776532, BFz, 0.0, 0.226359081776532, 0.9740439241108625
Time, 0.228, Pos_X, -0.0349903426989, Pos_Y, 0.060097032519334966, Pos_Z, -0.044374804372395577, BFx, 1.0, 0.0, 0.0,                             BFy, 0.0, 0.9736742682777494, -0.22794389505707424, BFz, 0.0, 0.22794389505707432, 0.9736742682777502
Time, 0.23, Pos_X, -0.03561803462954, Pos_Y, 0.06139064009141797, Pos_Z, -0.044984543905167595, BFx, 1.0, 0.0, 0.0,                             BFy, 0.0, 0.973311575292772, -0.22948764106396696, BFz, 0.0, 0.22948764106396705, 0.9733115752927726
Time, 0.232, Pos_X, -0.0362496695101, Pos_Y, 0.06269517013608158, Pos_Z, -0.04558914638535618, BFx, 1.0, 0.0, 0.0,                             BFy, 0.0, 0.9729549959090212, -0.23099475304793723, BFz, 0.0, 0.23099475304793732, 0.9729549959090219
Time, 0.234, Pos_X, -0.036885321511780006, Pos_Y, 0.06401055715404541, Pos_Z, -0.04618835297993912, BFx, 1.0, 0.0, 0.0,                             BFy, 0.0, 0.9726038030767589, -0.23246901350637258, BFz, 0.0, 0.2324690135063727, 0.9726038030767598
Time, 0.236, Pos_X, -0.03752508660846, Pos_Y, 0.06533676377695456, Pos_Z, -0.04678195819931527, BFx, 1.0, 0.0, 0.0,                             BFy, 0.0, 0.9722573057984901, -0.23391393998960855, BFz, 0.0, 0.23391393998960863, 0.972257305798491
Time, 0.238, Pos_X, -0.03816908464794, Pos_Y, 0.06667378432146852, Pos_Z, -0.04736981381986687, BFx, 1.0, 0.0, 0.0,                             BFy, 0.0, 0.9719147854725413, -0.23533306138293641, BFz, 0.0, 0.23533306138293653, 0.9719147854725421
Time, 0.24, Pos_X, -0.03881745428542, Pos_Y, 0.06802164446389859, Pos_Z, -0.0479518294616532, BFx, 1.0, 0.0, 0.0,                             BFy, 0.0, 0.9715754077223376, -0.23673028346448227, BFz, 0.0, 0.2367302834644824, 0.9715754077223384
Time, 0.242, Pos_X, -0.039470346465100004, Pos_Y, 0.06938039565098965, Pos_Z, -0.048527969474978096, BFx, 1.0, 0.0, 0.0,                             BFy, 0.0, 0.9712380762022774, -0.2381104771632268, BFz, 0.0, 0.23811047716322697, 0.9712380762022782
Time, 0.244, Pos_X, -0.04012792443278, Pos_Y, 0.07075011088931955, Pos_Z, -0.049098249374642994, BFx, 1.0, 0.0, 0.0,                             BFy, 0.0, 0.9709013128791874, -0.23947993788514071, BFz, 0.0, 0.2394799378851409, 0.9709013128791881
Time, 0.246, Pos_X, -0.040790365174260004, Pos_Y, 0.07213088521427306, Pos_Z, -0.04966273700610804, BFx, 1.0, 0.0, 0.0,                             BFy, 0.0, 0.9705631063133765, -0.24084695693184532, BFz, 0.0, 0.2408469569318455, 0.9705631063133773
Time, 0.248, Pos_X, -0.04145785370194, Pos_Y, 0.07352283639097683, Pos_Z, -0.05022155913413961, BFx, 1.0, 0.0, 0.0,                             BFy, 0.0, 0.9702208518934391, -0.24222200261572097, BFz, 0.0, 0.2422220026157212, 0.9702208518934399
Time, 0.25, Pos_X, -0.042130577858020005, Pos_Y, 0.07492610511330951, Pos_Z, -0.0507749096189254, BFx, 1.0, 0.0, 0.0,                             BFy, 0.0, 0.9698714229269605, -0.2436173700490866, BFz, 0.0, 0.24361737004908685, 0.9698714229269614
Time, 0.252, Pos_X, -0.0428087271049, Pos_Y, 0.07634085453738616, Pos_Z, -0.05132305250096354, BFx, 1.0, 0.0, 0.0,                             BFy, 0.0, 0.9695113006269618, -0.2450466036422816, BFz, 0.0, 0.24504660364228187, 0.9695113006269628
Time, 0.254, Pos_X, -0.043492490254380005, Pos_Y, 0.07776726802922322, Pos_Z, -0.05186631680132794, BFx, 1.0, 0.0, 0.0,                             BFy, 0.0, 0.9691367707991447, -0.24652366921861005, BFz, 0.0, 0.24652366921861033, 0.9691367707991457
Time, 0.256, Pos_X, -0.04418205515166, Pos_Y, 0.07920554741114941, Pos_Z, -0.05240508908252722, BFx, 1.0, 0.0, 0.0,                             BFy, 0.0, 0.9687442119562639, -0.24806179028870662, BFz, 0.0, 0.24806179028870687, 0.9687442119562648
Time, 0.258, Pos_X, -0.04487760600074, Pos_Y, 0.08065590995658282, Pos_Z, -0.05293980852634737, BFx, 1.0, 0.0, 0.0,                             BFy, 0.0, 0.9683304544873467, -0.24967204671794835, BFz, 0.0, 0.24967204671794863, 0.9683304544873477
Time, 0.26, Pos_X, -0.04557931854882, Pos_Y, 0.08211858453940542, Pos_Z, -0.05347096285680799, BFx, 1.0, 0.0, 0.0,                             BFy, 0.0, 0.9678931386986731, -0.25136203384766004, BFz, 0.0, 0.2513620338476603, 0.9678931386986742
Time, 0.262, Pos_X, -0.0462873595025, Pos_Y, 0.0835938097565446, Pos_Z, -0.05399908170050192, BFx, 1.0, 0.0, 0.0,                             BFy, 0.0, 0.9674310723827655, -0.2531345890792752, BFz, 0.0, 0.2531345890792755, 0.9674310723827666
Time, 0.264, Pos_X, -0.04700188762838, Pos_Y, 0.085081832723427, Pos_Z, -0.05452472816082055, BFx, 1.0, 0.0, 0.0,                             BFy, 0.0, 0.9669445623669467, -0.2549866924154966, BFz, 0.0, 0.2549866924154968, 0.9669445623669478
Time, 0.266, Pos_X, -0.04772305736146, Pos_Y, 0.08658290989083182, Pos_Z, -0.055048489833726996, BFx, 1.0, 0.0, 0.0,                             BFy, 0.0, 0.9664356821162082, -0.25690868481345747, BFz, 0.0, 0.25690868481345763, 0.9664356821162092
Time, 0.268, Pos_X, -0.04845102307894, Pos_Y, 0.0880973046474573, Pos_Z, -0.05557096573099425, BFx, 1.0, 0.0, 0.0,                             BFy, 0.0, 0.9659083964794063, -0.25888408527868845, BFz, 0.0, 0.25888408527868867, 0.9659083964794072
Time, 0.27, Pos_X, -0.04918594030402, Pos_Y, 0.08962527886650892, Pos_Z, -0.056092753052743895, BFx, 1.0, 0.0, 0.0,                             BFy, 0.0, 0.9653685504981013, -0.2608899417555141, BFz, 0.0, 0.26088994175551444, 0.9653685504981023
Time, 0.272, Pos_X, -0.049927965061300005, Pos_Y, 0.0911670837941801, Pos_Z, -0.056614434331963094, BFx, 1.0, 0.0, 0.0,                             BFy, 0.0, 0.9648237893427608, -0.26289742394758653, BFz, 0.0, 0.26289742394758686, 0.9648237893427618
Time, 0.274, Pos_X, -0.05067725429178001, Pos_Y, 0.09272295407369051, Pos_Z, -0.05713656420985684, BFx, 1.0, 0.0, 0.0,                             BFy, 0.0, 0.9642834313720102, -0.2648725428983204, BFz, 0.0, 0.2648725428983208, 0.9642834313720112
Time, 0.276, Pos_X, -0.05143396525806001, Pos_Y, 0.09429310599041602, Pos_Z, -0.0576596594867962, BFx, 1.0, 0.0, 0.0,                             BFy, 0.0, 0.963758224769268, -0.26677721827320605, BFz, 0.0, 0.2667772182732064, 0.9637582247692691
Time, 0.278, Pos_X, -0.05219825577414001, Pos_Y, 0.09587774117498118, Pos_Z, -0.05818419124913339, BFx, 1.0, 0.0, 0.0,                             BFy, 0.0, 0.9632599336415999, -0.26857084771207246, BFz, 0.0, 0.26857084771207285, 0.963259933641601
Time, 0.28, Pos_X, -0.05297028869842001, Pos_Y, 0.09747705327867878, Pos_Z, -0.05871057939357974, BFx, 1.0, 0.0, 0.0,                             BFy, 0.0, 0.9628008646652367, -0.27021194459141334, BFz, 0.0, 0.2702119445914137, 0.9628008646652378
Time, 0.282, Pos_X, -0.053750234711499985, Pos_Y, 0.09909123101309195, Pos_Z, -0.059239187505243686, BFx, 1.0, 0.0, 0.0,                             BFy, 0.0, 0.9623932149483692, -0.2716602654444388, BFz, 0.0, 0.2716602654444391, 0.9623932149483703
Time, 0.284, Pos_X, -0.05453827550697998, Pos_Y, 0.10072045848567465, Pos_Z, -0.05977031637103735, BFx, 1.0, 0.0, 0.0,                             BFy, 0.0, 0.9620483246776695, -0.27287913255668717, BFz, 0.0, 0.2728791325566874, 0.9620483246776705
Time, 0.286, Pos_X, -0.055334609697459985, Pos_Y, 0.10236491433376675, Pos_Z, -0.06030419864334313, BFx, 1.0, 0.0, 0.0,                             BFy, 0.0, 0.9617759122150296, -0.2738377159613865, BFz, 0.0, 0.2738377159613868, 0.9617759122150304
Time, 0.288, Pos_X, -0.05613945677073998, Pos_Y, 0.10402476673439667, Pos_Z, -0.06084099261559633, BFx, 1.0, 0.0, 0.0,                             BFy, 0.0, 0.9615833391012935, -0.27451317265808534, BFz, 0.0, 0.27451317265808556, 0.9615833391012945
Time, 0.29, Pos_X, -0.05695305836501998, Pos_Y, 0.10570016632575673, Pos_Z, -0.06138077255851827, BFx, 1.0, 0.0, 0.0,                             BFy, 0.0, 0.9614749423101296, -0.2748925886773484, BFz, 0.0, 0.2748925886773486, 0.9614749423101306
Time, 0.292, Pos_X, -0.05777567895749998, Pos_Y, 0.1073912417785808, Pos_Z, -0.06192352045038711, BFx, 1.0, 0.0, 0.0,                             BFy, 0.0, 0.9614516161591953, -0.27497416203140324, BFz, 0.0, 0.27497416203140357, 0.961451616159196
Time, 0.294, Pos_X, -0.05860760595277998, Pos_Y, 0.10909809947871028, Pos_Z, -0.06246912414318956, BFx, 1.0, 0.0, 0.0,                             BFy, 0.0, 0.961510679250407, -0.27476756301904, BFz, 0.0, 0.27476756301904026, 0.9615106792504078
Time, 0.296, Pos_X, -0.05944914778345998, Pos_Y, 0.1108208259516834, Pos_Z, -0.06301738276738879, BFx, 1.0, 0.0, 0.0,                             BFy, 0.0, 0.9616460623101266, -0.27429336638611834, BFz, 0.0, 0.2742933663861186, 0.9616460623101275
Time, 0.298, Pos_X, -0.06030062938873998, Pos_Y, 0.11255949152634616, Pos_Z, -0.06356801794331299, BFx, 1.0, 0.0, 0.0,                             BFy, 0.0, 0.9618488762914783, -0.2735813209574475, BFz, 0.0, 0.27358132095744775, 0.9618488762914792
Time, 0.3, Pos_X, -0.06116238671501998, Pos_Y, 0.11431415415181971, Pos_Z, -0.06412068737315887, BFx, 1.0, 0.0, 0.0,                             BFy, 0.0, 0.9621080555813276, -0.272668460562491, BFz, 0.0, 0.2726684605624912, 0.9621080555813286
Time, 0.302, Pos_X, -0.06203476112929998, Pos_Y, 0.11608486309658635, Pos_Z, -0.06467499841551189, BFx, 1.0, 0.0, 0.0,                             BFy, 0.0, 0.9624110746603901, -0.2715969870433671, BFz, 0.0, 0.27159698704336727, 0.9624110746603911
Time, 0.304, Pos_X, -0.06291809328357999, Pos_Y, 0.11787166323150466, Pos_Z, -0.065230521134851, BFx, 1.0, 0.0, 0.0,                             BFy, 0.0, 0.9627445754709029, -0.27041243019016864, BFz, 0.0, 0.27041243019016886, 0.9627445754709039
Time, 0.306, Pos_X, -0.06381271607585999, Pos_Y, 0.11967459894814872, Pos_Z, -0.06578680114720342, BFx, 1.0, 0.0, 0.0,                             BFy, 0.0, 0.9630949859896617, -0.2691617505545224, BFz, 0.0, 0.2691617505545226, 0.9630949859896627
Time, 0.308, Pos_X, -0.06471894744974, Pos_Y, 0.12149371794316333, Pos_Z, -0.06634337244236138, BFx, 1.0, 0.0, 0.0,                             BFy, 0.0, 0.9634490676859538, -0.2678915713027716, BFz, 0.0, 0.2678915713027717, 0.9634490676859551
Time, 0.31, Pos_X, -0.06563708379762, Pos_Y, 0.123329076093683, Pos_Z, -0.06689977043117262, BFx, 1.0, 0.0, 0.0,                             BFy, 0.0, 0.9637942711052199, -0.2666469632018323, BFz, 0.0, 0.2666469632018324, 0.9637942711052212
Time, 0.312, Pos_X, -0.06656739403669999, Pos_Y, 0.12518074242825725, Pos_Z, -0.06745554420437433, BFx, 1.0, 0.0, 0.0,                             BFy, 0.0, 0.9641188108936534, -0.26547112551275637, BFz, 0.0, 0.2654711255127564, 0.9641188108936546
Time, 0.314, Pos_X, -0.06751011481698, Pos_Y, 0.12704880294754547, Pos_Z, -0.06801026693090037, BFx, 1.0, 0.0, 0.0,                             BFy, 0.0, 0.9644115764407447, -0.264405580930281, BFz, 0.0, 0.264405580930281, 0.9644115764407459
Time, 0.316, Pos_X, -0.06846544611666, Pos_Y, 0.12893336302300243, Pos_Z, -0.06856354511340491, BFx, 1.0, 0.0, 0.0,                             BFy, 0.0, 0.9646620427145716, -0.26349030977580906, BFz, 0.0, 0.263490309775809, 0.9646620427145728
Time, 0.318, Pos_X, -0.06943354913934, Pos_Y, 0.13083454905490685, Pos_Z, -0.06911502691530245, BFx, 1.0, 0.0, 0.0,                             BFy, 0.0, 0.9648602573300167, -0.2627635511730185, BFz, 0.0, 0.2627635511730184, 0.9648602573300179
