Time, 0, Pos_X, 0.0, Pos_Y, 0.0, Pos_Z, 0.0, BFx, 1.0, 0.0, 0.0,                         BFy, 0.0, 1.0, 0.0, BFz, 0.0, 0.0, 1.0
Time, 0.0, Pos_X, 0.0, Pos_Y, 0.0, Pos_Z, 0.0, BFx, 1.0, 0.0, 0.0,                             BFy, 0.0, 1.0, 0.0, BFz, 0.0, 0.0, 1.0
Time, 0.002, Pos_X, -1.7999198e-06, Pos_Y, -2.846340464835645e-06, Pos_Z, -5.113007272163575e-06, BFx, 1.0, 0.0, 0.0,                             BFy, 0.0, 0.9999741936930119, -0.0071841456006064685, BFz, 0.0, 0.007184145600606468, 0.9999741936930119
Time, 0.004, Pos_X, -7.37965214e-06, Pos_Y, -1.1294333373316046e-05, Pos_Z, -2.0345018252326848e-05, BFx, 1.0, 0.0, 0.0,                             BFy, 0.0, 0.9998973162185212, -0.014330283283960304, BFz, 0.0, 0.014330283283960304, 0.9998973162185212
Time, 0.006, Pos_X, -1.709796062e-05, Pos_Y, -2.5170880654126355e-05, Pos_Z, -4.545923363277999e-05, BFx, 1.0, 0.0, 0.0,                             BFy, 0.0, 0.999770498047204, -0.021423147164831187, BFz, 0.0, 0.021423147164831183, 0.9997704980472039
Time, 0.008, Pos_X, -3.13094793e-05, Pos_Y, -4.432197147675808e-05, Pos_Z, -8.017336541750771e-05, BFx, 1.0, 0.0, 0.0,                             BFy, 0.0, 0.9995953214324664, -0.028446324372825328, BFz, 0.0, 0.028446324372825325, 0.9995953214324664
Time, 0.01, Pos_X, -5.036146538e-05, Pos_Y, -6.861500750188508e-05, Pos_Z, -0.00012416162398021385, BFx, 1.0, 0.0, 0.0,                             BFy, 0.0, 0.999373789253871, -0.03538402679683103, BFz, 0.0, 0.035384026796831024, 0.999373789253871
Time, 0.012, Pos_X, -7.458978405999999e-05, Pos_Y, -9.794091578279525e-05, Pos_Z, -0.00017705771744359108, BFx, 1.0, 0.0, 0.0,                             BFy, 0.0, 0.9991082001682083, -0.04222326795314089, BFz, 0.0, 0.04222326795314089, 0.9991082001682083
Time, 0.014, Pos_X, -0.00010431458813999999, Pos_Y, -0.0001322156749074799, Pos_Z, -0.00023845727518577838, BFx, 1.0, 0.0, 0.0,                             BFy, 0.0, 0.9988009228444067, -0.04895627156107144, BFz, 0.0, 0.04895627156107144, 0.9988009228444066
Time, 0.016, Pos_X, -0.00013983677762, Pos_Y, -0.00017138081347579178, Pos_Z, -0.00030792118002987806, BFx, 1.0, 0.0, 0.0,                             BFy, 0.0, 0.9984540939285084, -0.05558257206536249, BFz, 0.0, 0.055582572065362476, 0.9984540939285084
Time, 0.018, Pos_X, -0.00018143436789999997, Pos_Y, -0.0002154033831258125, Pos_Z, -0.000384979408690706, BFx, 1.0, 0.0, 0.0,                             BFy, 0.0, 0.9980692782940188, -0.062110512199275866, BFz, 0.0, 0.062110512199275845, 0.9980692782940188
Time, 0.02, Pos_X, -0.00022935902198, Pos_Y, -0.000264275749807893, Pos_Z, -0.00046913557967497314, BFx, 1.0, 0.0, 0.0,                             BFy, 0.0, 0.9976471672177684, -0.06855749224090599, BFz, 0.0, 0.06855749224090596, 0.9976471672177685
Time, 0.022, Pos_X, -0.00028383239005999995, Pos_Y, -0.0003180154166509476, Pos_Z, -0.0005598732218635653, BFx, 1.0, 0.0, 0.0,                             BFy, 0.0, 0.997187389396112, -0.07494871866394098, BFz, 0.0, 0.07494871866394094, 0.9971873893961121
Time, 0.024, Pos_X, -0.00034504333774, Pos_Y, -0.0003766644213097768, Pos_Z, -0.0006566631460245906, BFx, 1.0, 0.0, 0.0,                             BFy, 0.0, 0.9966884887859854, -0.08131455172051504, BFz, 0.0, 0.081314551720515, 0.9966884887859855
Time, 0.026, Pos_X, -0.00041314718361999995, Pos_Y, -0.00044028690261944904, Pos_Z, -0.0007589712933032425, BFx, 1.0, 0.0, 0.0,                             BFy, 0.0, 0.9961481089275755, -0.08768662999576649, BFz, 0.0, 0.08768662999576644, 0.9961481089275759
Time, 0.028, Pos_X, -0.0004882645905, Pos_Y, -0.0005089656684011954, Pos_Z, -0.0008662670661695261, BFx, 1.0, 0.0, 0.0,                             BFy, 0.0, 0.995563395857272, -0.09409317100160061, BFz, 0.0, 0.09409317100160057, 0.9955633958572723
Time, 0.03, Pos_X, -0.0005704798175799999, Pos_Y, -0.0005827985402657561, Pos_Z, -0.0009780317637625687, BFx, 1.0, 0.0, 0.0,                             BFy, 0.0, 0.9949314728523833, -0.10055527995976697, BFz, 0.0, 0.10055527995976694, 0.9949314728523836
Time, 0.032, Pos_X, -0.0006598417246600001, Pos_Y, -0.00066189351580336, Pos_Z, -0.0010937658548845898, BFx, 1.0, 0.0, 0.0,                             BFy, 0.0, 0.9942499603405099, -0.10708415551749091, BFz, 0.0, 0.10708415551749088, 0.9942499603405103
Time, 0.034, Pos_X, -0.0007563670291400002, Pos_Y, -0.0007463628191343981, Pos_Z, -0.0012129954595196924, BFx, 1.0, 0.0, 0.0,                             BFy, 0.0, 0.9935174541936193, -0.11367967370039911, BFz, 0.0, 0.11367967370039908, 0.9935174541936195
Time, 0.036, Pos_X, -0.0008600428678199999, Pos_Y, -0.0008363170865794188, Pos_Z, -0.0013352783681751881, BFx, 1.0, 0.0, 0.0,                             BFy, 0.0, 0.9927338635916866, -0.12033069466400494, BFz, 0.0, 0.12033069466400492, 0.9927338635916868
Time, 0.038, Pos_X, -0.0009708294165, Pos_Y, -0.000931859228476094, Pos_Z, -0.0014602099480150676, BFx, 1.0, 0.0, 0.0,                             BFy, 0.0, 0.991900535086285, -0.1270170401778473, BFz, 0.0, 0.1270170401778473, 0.9919005350862852
Time, 0.04, Pos_X, -0.0010886637125800001, Pos_Y, -0.001033078677661049, Pos_Z, -0.001587428021698147, BFx, 1.0, 0.0, 0.0,                             BFy, 0.0, 0.9910202114472226, -0.13371215540519044, BFz, 0.0, 0.13371215540519044, 0.9910202114472229
Time, 0.042, Pos_X, -0.0012134635170600002, Pos_Y, -0.0011400456834753984, Pos_Z, -0.0017166163258496554, BFx, 1.0, 0.0, 0.0,                             BFy, 0.0, 0.9900968660666256, -0.14038588178675981, BFz, 0.0, 0.14038588178675981, 0.9900968660666258
Time, 0.044, Pos_X, -0.0013451314923399998, Pos_Y, -0.0012528055093058367, Pos_Z, -0.0018475074471046705, BFx, 1.0, 0.0, 0.0,                             BFy, 0.0, 0.989135438849772, -0.14700708694300738, BFz, 0.0, 0.14700708694300735, 0.9891354388497722
Time, 0.046, Pos_X, -0.00148355910742, Pos_Y, -0.0013713739537100503, Pos_Z, -0.0019798848408463503, BFx, 1.0, 0.0, 0.0,                             BFy, 0.0, 0.9881414962703885, -0.15354603006433523, BFz, 0.0, 0.15354603006433526, 0.9881414962703888
Time, 0.048, Pos_X, -0.0016286302071000002, Pos_Y, -0.001495733418233494, Pos_Z, -0.00211358347340603, BFx, 1.0, 0.0, 0.0,                             BFy, 0.0, 0.9871208781406832, -0.1599761605326457, BFz, 0.0, 0.15997616053264577, 0.9871208781406834
Time, 0.05, Pos_X, -0.0017802251915800004, Pos_Y, -0.0016258296505199327, Pos_Z, -0.0022484889487821777, BFx, 1.0, 0.0, 0.0,                             BFy, 0.0, 0.9860794167105544, -0.16627502500307514, BFz, 0.0, 0.1662750250030752, 0.9860794167105547
Time, 0.052, Pos_X, -0.00193822454786, Pos_Y, -0.00176156958132149, Pos_Z, -0.0023845361305350884, BFx, 1.0, 0.0, 0.0,                             BFy, 0.0, 0.9850227376404588, -0.172424494580372, BFz, 0.0, 0.1724244945803721, 0.985022737640459
Time, 0.054, Pos_X, -0.00210251152614, Pos_Y, -0.0019028202524281786, Pos_Z, -0.0025217074830741295, BFx, 1.0, 0.0, 0.0,                             BFy, 0.0, 0.9839561190691727, -0.17841063798533055, BFz, 0.0, 0.17841063798533066, 0.983956119069173
Time, 0.056, Pos_X, -0.0022729780302200003, Pos_Y, -0.0020494049543060265, Pos_Z, -0.0026600311402748193, BFx, 1.0, 0.0, 0.0,                             BFy, 0.0, 0.9828843169970827, -0.1842238296235831, BFz, 0.0, 0.18422382962358325, 0.9828843169970829
Time, 0.058, Pos_X, -0.0024495233831000004, Pos_Y, -0.0022011075787517955, Pos_Z, -0.0027995765517347913, BFx, 1.0, 0.0, 0.0,                             BFy, 0.0, 0.9818114148774855, -0.18985875175053293, BFz, 0.0, 0.18985875175053313, 0.9818114148774858
Time, 0.06, Pos_X, -0.00263205133838, Pos_Y, -0.002357681592387357, Pos_Z, -0.002940449427352766, BFx, 1.0, 0.0, 0.0,                             BFy, 0.0, 0.9807408172611524, -0.19531372035248187, BFz, 0.0, 0.19531372035248207, 0.9807408172611525
Time, 0.062, Pos_X, -0.0028204725972600002, Pos_Y, -0.002518853243790818, Pos_Z, -0.0030827857742820514, BFx, 1.0, 0.0, 0.0,                             BFy, 0.0, 0.9796753284477134, -0.20058975754226646, BFz, 0.0, 0.2005897575422666, 0.9796753284477135
Time, 0.064, Pos_X, -0.0030147025065400002, Pos_Y, -0.002684326718360948, Pos_Z, -0.003226745724288029, BFx, 1.0, 0.0, 0.0,                             BFy, 0.0, 0.9786172499264117, -0.205689761890248, BFz, 0.0, 0.20568976189024815, 0.978617249926412
Time, 0.066, Pos_X, -0.0032146586812200006, Pos_Y, -0.002853788993230145, Pos_Z, -0.0033725104782398926, BFx, 1.0, 0.0, 0.0,                             BFy, 0.0, 0.9775685304109176, -0.21061758794136518, BFz, 0.0, 0.21061758794136534, 0.9775685304109177
Time, 0.068, Pos_X, -0.0034202589079000006, Pos_Y, -0.0030269146521165625, Pos_Z, -0.0035202788002386917, BFx, 1.0, 0.0, 0.0,                             BFy, 0.0, 0.976530967492966, -0.21537704039022298, BFz, 0.0, 0.21537704039022315, 0.9765309674929661
Time, 0.07, Pos_X, -0.0036314179455800006, Pos_Y, -0.003203371642713005, Pos_Z, -0.003670262510884975, BFx, 1.0, 0.0, 0.0,                             BFy, 0.0, 0.9755063757027367, -0.21997115938984055, BFz, 0.0, 0.21997115938984071, 0.9755063757027369
Time, 0.072, Pos_X, -0.0038480438588599994, Pos_Y, -0.0033828278953125165, Pos_Z, -0.0038226834734924895, BFx, 1.0, 0.0, 0.0,                             BFy, 0.0, 0.9744967204236246, -0.22440174215812014, BFz, 0.0, 0.22440174215812034, 0.9744967204236249
Time, 0.074, Pos_X, -0.00407003512694, Pos_Y, -0.003564958588571743, Pos_Z, -0.0039777701365704896, BFx, 1.0, 0.0, 0.0,                             BFy, 0.0, 0.9735042006461581, -0.2286691306763642, BFz, 0.0, 0.2286691306763645, 0.9735042006461583
Time, 0.076, Pos_X, -0.00429728116742, Pos_Y, -0.003749451992401475, Pos_Z, -0.004135752635093699, BFx, 1.0, 0.0, 0.0,                             BFy, 0.0, 0.9725313111957901, -0.2327720961451275, BFz, 0.0, 0.2327720961451278, 0.9725313111957904
Time, 0.078, Pos_X, -0.0045296659195, Pos_Y, -0.003936013719258199, Pos_Z, -0.004296856814870948, BFx, 1.0, 0.0, 0.0,                             BFy, 0.0, 0.9715808960934927, -0.23670775725811158, BFz, 0.0, 0.23670775725811188, 0.9715808960934931
Time, 0.08, Pos_X, -0.00476707035858, Pos_Y, -0.00412437111945838, Pos_Z, -0.00446129637204675, BFx, 1.0, 0.0, 0.0,                             BFy, 0.0, 0.9706561359256495, -0.24047175674055032, BFz, 0.0, 0.24047175674055063, 0.9706561359256497
Time, 0.082, Pos_X, -0.00500937456866, Pos_Y, -0.004314278402340849, Pos_Z, -0.004629264119372666, BFx, 1.0, 0.0, 0.0,                             BFy, 0.0, 0.9697604971910933, -0.2440585546291775, BFz, 0.0, 0.2440585546291778, 0.9697604971910936
Time, 0.084, Pos_X, -0.00525646035394, Pos_Y, -0.004505521803476069, Pos_Z, -0.00480092334994833, BFx, 1.0, 0.0, 0.0,                             BFy, 0.0, 0.9688976176392221, -0.24746192946196624, BFz, 0.0, 0.24746192946196657, 0.9688976176392224
Time, 0.086, Pos_X, -0.005508212248419998, Pos_Y, -0.004697923935776571, Pos_Z, -0.00497640105922936, BFx, 1.0, 0.0, 0.0,                             BFy, 0.0, 0.9680711908679452, -0.25067542642133356, BFz, 0.0, 0.2506754264213339, 0.9680711908679456
Time, 0.088, Pos_X, -0.005764518738499999, Pos_Y, -0.004891346219041398, Pos_Z, -0.005155782562198446, BFx, 1.0, 0.0, 0.0,                             BFy, 0.0, 0.9672849424545485, -0.2536924123829875, BFz, 0.0, 0.25369241238298795, 0.967284942454549
Time, 0.09, Pos_X, -0.006025274471379999, Pos_Y, -0.005085688772136492, Pos_Z, -0.0053391059089605555, BFx, 1.0, 0.0, 0.0,                             BFy, 0.0, 0.9665426659007489, -0.2565058966056572, BFz, 0.0, 0.25650589660565765, 0.9665426659007493
Time, 0.092, Pos_X, -0.006290382356459999, Pos_Y, -0.005280888840247118, Pos_Z, -0.0055263573926389266, BFx, 1.0, 0.0, 0.0,                             BFy, 0.0, 0.9658479643565782, -0.25910945515023726, BFz, 0.0, 0.25910945515023776, 0.9658479643565786
Time, 0.094, Pos_X, -0.006559755542739999, Pos_Y, -0.005476919146018015, Pos_Z, -0.0057174685107735535, BFx, 1.0, 0.0, 0.0,                             BFy, 0.0, 0.9652041750072368, -0.2614974197742654, BFz, 0.0, 0.2614974197742659, 0.9652041750072373
Time, 0.096, Pos_X, -0.00683331877802, Pos_Y, -0.0056737858803791764, Pos_Z, -0.005912314763384402, BFx, 1.0, 0.0, 0.0,                             BFy, 0.0, 0.9646143938730849, -0.26366469451342933, BFz, 0.0, 0.2636646945134299, 0.9646143938730853
Time, 0.098, Pos_X, -0.0071110097647, Pos_Y, -0.005871526569977781, Pos_Z, -0.006110715803597689, BFx, 1.0, 0.0, 0.0,                             BFy, 0.0, 0.9640814831290613, -0.265606652566664, BFz, 0.0, 0.26560665256666455, 0.964081483129062
Time, 0.1, Pos_X, -0.00739278187638, Pos_Y, -0.006070206708047553, Pos_Z, -0.006312436065710756, BFx, 1.0, 0.0, 0.0,                             BFy, 0.0, 0.9636080935023373, -0.26731898948033955, BFz, 0.0, 0.2673189894803401, 0.9636080935023379
Time, 0.102, Pos_X, -0.007678607593059998, Pos_Y, -0.006269915015238407, Pos_Z, -0.006517186379598069, BFx, 1.0, 0.0, 0.0,                             BFy, 0.0, 0.9631967645615181, -0.2687973079073202, BFz, 0.0, 0.2687973079073208, 0.9631967645615187
Time, 0.104, Pos_X, -0.007968481869139999, Pos_Y, -0.006470758078460148, Pos_Z, -0.006724625285592632, BFx, 1.0, 0.0, 0.0,                             BFy, 0.0, 0.9628500120984912, -0.2700367645375981, BFz, 0.0, 0.27003676453759873, 0.9628500120984919
Time, 0.106, Pos_X, -0.00826242470102, Pos_Y, -0.006672854679284103, Pos_Z, -0.006934360293071407, BFx, 1.0, 0.0, 0.0,                             BFy, 0.0, 0.9625703279625996, -0.2710320345014082, BFz, 0.0, 0.27103203450140884, 0.9625703279626
Time, 0.108, Pos_X, -0.0085604829593, Pos_Y, -0.0068763301493569, Pos_Z, -0.007145950066862506, BFx, 1.0, 0.0, 0.0,                             BFy, 0.0, 0.9623601215385857, -0.27177747602080204, BFz, 0.0, 0.27177747602080266, 0.9623601215385861
Time, 0.11, Pos_X, -0.00886273229118, Pos_Y, -0.007081310022079073, Pos_Z, -0.007358907609129295, BFx, 1.0, 0.0, 0.0,                             BFy, 0.0, 0.9622216940380387, -0.272267169380677, BFz, 0.0, 0.27226716938067763, 0.9622216940380391
Time, 0.112, Pos_X, -0.00916927708966, Pos_Y, -0.007287914359535787, Pos_Z, -0.007572704774662088, BFx, 1.0, 0.0, 0.0,                             BFy, 0.0, 0.9621571184299106, -0.2724952833622086, BFz, 0.0, 0.2724952833622092, 0.9621571184299109
Time, 0.114, Pos_X, -0.00948024939354, Pos_Y, -0.0074962522724396, Pos_Z, -0.007786778537723124, BFx, 1.0, 0.0, 0.0,                             BFy, 0.0, 0.9621680517105549, -0.27245667594594525, BFz, 0.0, 0.2724566759459458, 0.9621680517105553
Time, 0.116, Pos_X, -0.00979581110582, Pos_Y, -0.007706414126716541, Pos_Z, -0.008000538148572716, BFx, 1.0, 0.0, 0.0,                             BFy, 0.0, 0.9622556929006844, -0.27214698506546464, BFz, 0.0, 0.2721469850654652, 0.9622556929006849
Time, 0.118, Pos_X, -0.010116158380099998, Pos_Y, -0.007918464054241235, Pos_Z, -0.008213370667302685, BFx, 1.0, 0.0, 0.0,                             BFy, 0.0, 0.9624207433143019, -0.27156272358028993, BFz, 0.0, 0.2715627235802905, 0.9624207433143025
Time, 0.12, Pos_X, -0.010441521492579998, Pos_Y, -0.008132436073143613, Pos_Z, -0.008424643769808175, BFx, 1.0, 0.0, 0.0,                             BFy, 0.0, 0.9626632834295433, -0.27070168587699855, BFz, 0.0, 0.27070168587699917, 0.9626632834295439
Time, 0.122, Pos_X, -0.010772162082859998, Pos_Y, -0.008348332179044602, Pos_Z, -0.008633708255136206, BFx, 1.0, 0.0, 0.0,                             BFy, 0.0, 0.9629826447528171, -0.26956339867435225, BFz, 0.0, 0.26956339867435286, 0.9629826447528177
Time, 0.124, Pos_X, -0.011108372037739999, Pos_Y, -0.008566120088388359, Pos_Z, -0.008839903626822177, BFx, 1.0, 0.0, 0.0,                             BFy, 0.0, 0.9633773821945192, -0.2681492485091722, BFz, 0.0, 0.2681492485091728, 0.9633773821945196
Time, 0.126, Pos_X, -0.01145047047262, Pos_Y, -0.00878573008988519, Pos_Z, -0.009042568109959421, BFx, 1.0, 0.0, 0.0,                             BFy, 0.0, 0.9638453238066654, -0.26646236465216283, BFz, 0.0, 0.2664623646521634, 0.963845323806666
Time, 0.128, Pos_X, -0.011798800928499999, Pos_Y, -0.009007050333047327, Pos_Z, -0.009241050418583278, BFx, 1.0, 0.0, 0.0,                             BFy, 0.0, 0.9643836642534483, -0.2645073687462971, BFz, 0.0, 0.2645073687462976, 0.9643836642534491
Time, 0.13, Pos_X, -0.01215373776578, Pos_Y, -0.009229918568480568, Pos_Z, -0.009434717701765181, BFx, 1.0, 0.0, 0.0,                             BFy, 0.0, 0.9649890122618912, -0.262290309035269, BFz, 0.0, 0.26229030903526945, 0.964989012261892
Time, 0.132, Pos_X, -0.01251569436946, Pos_Y, -0.009454114470740571, Pos_Z, -0.009622959691796315, BFx, 1.0, 0.0, 0.0,                             BFy, 0.0, 0.9656574545895521, -0.2598185528318255, BFz, 0.0, 0.2598185528318259, 0.965657454589553
Time, 0.134, Pos_X, -0.01288512037734, Pos_Y, -0.00967935839024008, Pos_Z, -0.009805193794885468, BFx, 1.0, 0.0, 0.0,                             BFy, 0.0, 0.9663846195483248, -0.2571006944767681, BFz, 0.0, 0.25710069447676853, 0.9663846195483254
Time, 0.136, Pos_X, -0.01326249549382, Pos_Y, -0.009905314499305509, Pos_Z, -0.009980870008724392, BFx, 1.0, 0.0, 0.0,                             BFy, 0.0, 0.9671657842058758, -0.2541463079830792, BFz, 0.0, 0.2541463079830797, 0.9671657842058765
Time, 0.138, Pos_X, -0.0136483285405, Pos_Y, -0.010131593452192694, Pos_Z, -0.010149475172792672, BFx, 1.0, 0.0, 0.0,                             BFy, 0.0, 0.967995936913009, -0.25096586644383145, BFz, 0.0, 0.2509658664438319, 0.9679959369130097
Time, 0.14, Pos_X, -0.01404315920838, Pos_Y, -0.01035775246955471, Pos_Z, -0.010310539262470376, BFx, 1.0, 0.0, 0.0,                             BFy, 0.0, 0.968869873114087, -0.2475705333271506, BFz, 0.0, 0.24757053332715104, 0.9688698731140878
Time, 0.142, Pos_X, -0.014447557095059994, Pos_Y, -0.010583294460252246, Pos_Z, -0.010463642780876959, BFx, 1.0, 0.0, 0.0,                             BFy, 0.0, 0.9697821458638968, -0.2439725180499077, BFz, 0.0, 0.24397251804990816, 0.9697821458638974
Time, 0.144, Pos_X, -0.014862118471739995, Pos_Y, -0.010807667616751117, Pos_Z, -0.01060842329904333, BFx, 1.0, 0.0, 0.0,                             BFy, 0.0, 0.9707270708112201, -0.24018524932698357, BFz, 0.0, 0.24018524932698398, 0.9707270708112208
Time, 0.146, Pos_X, -0.015287461608419995, Pos_Y, -0.011030266124545158, Pos_Z, -0.01074458308183959, BFx, 1.0, 0.0, 0.0,                             BFy, 0.0, 0.9716990179250394, -0.23622239217210345, BFz, 0.0, 0.23622239217210383, 0.9716990179250401
Time, 0.148, Pos_X, -0.015724220297699997, Pos_Y, -0.011250432815687212, Pos_Z, -0.010871896843022179, BFx, 1.0, 0.0, 0.0,                             BFy, 0.0, 0.9726924535603966, -0.23209780435551886, BFz, 0.0, 0.23209780435551924, 0.9726924535603974
Time, 0.15, Pos_X, -0.01617304143778, Pos_Y, -0.0114674603078418, Pos_Z, -0.010990217461607924, BFx, 1.0, 0.0, 0.0,                             BFy, 0.0, 0.9737019598672912, -0.22782557659444874, BFz, 0.0, 0.2278255765944491, 0.973701959867292
Time, 0.152, Pos_X, -0.01663458799966, Pos_Y, -0.01168058996707434, Pos_Z, -0.011099481794691442, BFx, 1.0, 0.0, 0.0,                             BFy, 0.0, 0.9747222647728927, -0.2234200227284915, BFz, 0.0, 0.22342002272849185, 0.9747222647728934
Time, 0.154, Pos_X, -0.01710953873194, Pos_Y, -0.011889012675283032, Pos_Z, -0.011199716996565282, BFx, 1.0, 0.0, 0.0,                             BFy, 0.0, 0.9757482443746279, -0.21889578250808917, BFz, 0.0, 0.21889578250808953, 0.9757482443746284
Time, 0.156, Pos_X, -0.017598582966219998, Pos_Y, -0.01209187277240449, Pos_Z, -0.01129104505960146, BFx, 1.0, 0.0, 0.0,                             BFy, 0.0, 0.9767749568391338, -0.21426778500723234, BFz, 0.0, 0.2142677850072327, 0.9767749568391342
Time, 0.158, Pos_X, -0.0181024150227, Pos_Y, -0.012288274288124314, Pos_Z, -0.011373685390711475, BFx, 1.0, 0.0, 0.0,                             BFy, 0.0, 0.9777978338653353, -0.2095504619137257, BFz, 0.0, 0.20955046191372606, 0.9777978338653354
Time, 0.16, Pos_X, -0.01862172881298, Pos_Y, -0.012477287327883816, Pos_Z, -0.011447957042767106, BFx, 1.0, 0.0, 0.0,                             BFy, 0.0, 0.9788128394427535, -0.20475699094783462, BFz, 0.0, 0.204756990947835, 0.9788128394427537
Time, 0.162, Pos_X, -0.01915721347266, Pos_Y, -0.012657953404976646, Pos_Z, -0.011514280171591245, BFx, 1.0, 0.0, 0.0,                             BFy, 0.0, 0.9798164659150509, -0.1998992074064766, BFz, 0.0, 0.199899207406477, 0.979816465915051
Time, 0.164, Pos_X, -0.019709548909940002, Pos_Y, -0.012829290192804566, Pos_Z, -0.011573176001261756, BFx, 1.0, 0.0, 0.0,                             BFy, 0.0, 0.9808057399990714, -0.19498743647956365, BFz, 0.0, 0.19498743647956399, 0.9808057399990715
Time, 0.166, Pos_X, -0.020279398268220002, Pos_Y, -0.012990297895904078, Pos_Z, -0.011625266094033596, BFx, 1.0, 0.0, 0.0,                             BFy, 0.0, 0.9817782459488854, -0.19003019702544097, BFz, 0.0, 0.19003019702544133, 0.9817782459488855
Time, 0.168, Pos_X, -0.020867404858500003, Pos_Y, -0.013139964539128494, Pos_Z, -0.011671269880754162, BFx, 1.0, 0.0, 0.0,                             BFy, 0.0, 0.9827320639391544, -0.1850342954856957, BFz, 0.0, 0.18503429548569603, 0.9827320639391545
Time, 0.17, Pos_X, -0.021474188190780005, Pos_Y, -0.0132772720502011, Pos_Z, -0.011712001398129395, BFx, 1.0, 0.0, 0.0,                             BFy, 0.0, 0.983665782794985, -0.18000452149412108, BFz, 0.0, 0.1800045214941214, 0.9836657827949851
Time, 0.172, Pos_X, -0.022100334771059996, Pos_Y, -0.01340120564146144, Pos_Z, -0.011748367563700573, BFx, 1.0, 0.0, 0.0,                             BFy, 0.0, 0.9845785045634151, -0.17494332897160453, BFz, 0.0, 0.1749433289716049, 0.9845785045634153
Time, 0.174, Pos_X, -0.022746394534139996, Pos_Y, -0.013510761542738867, Pos_Z, -0.011781364870077377, BFx, 1.0, 0.0, 0.0,                             BFy, 0.0, 0.9854698002058644, -0.16985073706702425, BFz, 0.0, 0.1698507370670246, 0.9854698002058646
Time, 0.176, Pos_X, -0.023412879389019998, Pos_Y, -0.01360495324609925, Pos_Z, -0.011812073698421261, BFx, 1.0, 0.0, 0.0,                             BFy, 0.0, 0.9863396474092108, -0.16472431498923196, BFz, 0.0, 0.1647243149892323, 0.986339647409211
Time, 0.178, Pos_X, -0.024100260412899997, Pos_Y, -0.01368281767862397, Pos_Z, -0.01184165227114639, BFx, 1.0, 0.0, 0.0,                             BFy, 0.0, 0.9871883472181057, -0.15955929028666027, BFz, 0.0, 0.1595592902866606, 0.9871883472181059
Time, 0.18, Pos_X, -0.02480896548278, Pos_Y, -0.013743421778880592, Pos_Z, -0.011871329679539739, BFx, 1.0, 0.0, 0.0,                             BFy, 0.0, 0.9880163609333732, -0.15434918376192433, BFz, 0.0, 0.15434918376192464, 0.9880163609333733
Time, 0.182, Pos_X, -0.02553937812066, Pos_Y, -0.013785868388385986, Pos_Z, -0.011902397565000946, BFx, 1.0, 0.0, 0.0,                             BFy, 0.0, 0.9888241089221489, -0.14908682575706006, BFz, 0.0, 0.14908682575706036, 0.988824108922149
Time, 0.184, Pos_X, -0.026291838201140002, Pos_Y, -0.013809299482996721, Pos_Z, -0.011936203323450774, BFx, 1.0, 0.0, 0.0,                             BFy, 0.0, 0.9896118555125575, -0.14376500070945766, BFz, 0.0, 0.14376500070945797, 0.9896118555125577
Time, 0.186, Pos_X, -0.027066643632820003, Pos_Y, -0.013812899045478293, Pos_Z, -0.011974142545918562, BFx, 1.0, 0.0, 0.0,                             BFy, 0.0, 0.9903796342975787, -0.13837694883394366, BFz, 0.0, 0.13837694883394402, 0.9903796342975788
Time, 0.188, Pos_X, -0.0278640513051, Pos_Y, -0.013795897215781535, Pos_Z, -0.0120176483391889, BFx, 1.0, 0.0, 0.0,                             BFy, 0.0, 0.991127201842191, -0.13291677760337847, BFz, 0.0, 0.1329167776033788, 0.9911272018421913
Time, 0.19, Pos_X, -0.02868427967618, Pos_Y, -0.013757573812559225, Pos_Z, -0.012068180682273074, BFx, 1.0, 0.0, 0.0,                             BFy, 0.0, 0.9918540386327603, -0.12737961394147804, BFz, 0.0, 0.12737961394147837, 0.9918540386327606
Time, 0.192, Pos_X, -0.029527512724060002, Pos_Y, -0.013697260266610474, Pos_Z, -0.012127216180065955, BFx, 1.0, 0.0, 0.0,                             BFy, 0.0, 0.9925594259041722, -0.12176118449151678, BFz, 0.0, 0.12176118449151711, 0.9925594259041726
Time, 0.194, Pos_X, -0.030393904507140003, Pos_Y, -0.013614340109825394, Pos_Z, -0.012196237461223686, BFx, 1.0, 0.0, 0.0,                             BFy, 0.0, 0.9932425114776987, -0.11605737112941493, BFz, 0.0, 0.11605737112941526, 0.993242511477699
Time, 0.196, Pos_X, -0.03128358455262, Pos_Y, -0.013508248677587636, Pos_Z, -0.012276723057110925, BFx, 1.0, 0.0, 0.0,                             BFy, 0.0, 0.993902387597598, -0.11026352038544372, BFz, 0.0, 0.11026352038544407, 0.9939023875975983
Time, 0.198, Pos_X, -0.0321966628093, Pos_Y, -0.013378472708210958, Pos_Z, -0.012370136872998067, BFx, 1.0, 0.0, 0.0,                             BFy, 0.0, 0.9945381452585662, -0.10437374011526386, BFz, 0.0, 0.10437374011526421, 0.9945381452585663
Time, 0.2, Pos_X, -0.033133235101380006, Pos_Y, -0.01322454965765248, Pos_Z, -0.01247791670777783, BFx, 1.0, 0.0, 0.0,                             BFy, 0.0, 0.9951488658109606, -0.09838056147001865, BFz, 0.0, 0.09838056147001902, 0.9951488658109606
Time, 0.202, Pos_X, -0.03409338888286001, Pos_Y, -0.013046066679101107, Pos_Z, -0.01260146226720808, BFx, 1.0, 0.0, 0.0,                             BFy, 0.0, 0.9957336104266536, -0.09227446595184656, BFz, 0.0, 0.0922744659518469, 0.9957336104266536
Time, 0.204, Pos_X, -0.035077206880339995, Pos_Y, -0.01284265961804509, Pos_Z, -0.0127421238604811, BFx, 1.0, 0.0, 0.0,                             BFy, 0.0, 0.9962913682700668, -0.086043648868207, BFz, 0.0, 0.08604364886820735, 0.9962913682700668
Time, 0.206, Pos_X, -0.03608477070382, Pos_Y, -0.012614011488029183, Pos_Z, -0.012901190385916724, BFx, 1.0, 0.0, 0.0,                             BFy, 0.0, 0.9968209742604579, -0.07967399371456595, BFz, 0.0, 0.0796739937145663, 0.9968209742604581
Time, 0.208, Pos_X, -0.0371161657737, Pos_Y, -0.012359850368120704, Pos_Z, -0.013079877329560943, BFx, 1.0, 0.0, 0.0,                             BFy, 0.0, 0.9973210181299772, -0.0731490724218893, BFz, 0.0, 0.07314907242188966, 0.9973210181299774
Time, 0.21, Pos_X, -0.03817148366398, Pos_Y, -0.012079947970005243, Pos_Z, -0.013279317140118948, BFx, 1.0, 0.0, 0.0,                             BFy, 0.0, 0.9977897000267291, -0.06645084288831328, BFz, 0.0, 0.06645084288831364, 0.9977897000267291
Time, 0.212, Pos_X, -0.03925082198626, Pos_Y, -0.011774118717642163, Pos_Z, -0.01350054847733437, BFx, 1.0, 0.0, 0.0,                             BFy, 0.0, 0.9982246856366287, -0.059560700009747204, BFz, 0.0, 0.05956070000974756, 0.9982246856366287
Time, 0.214, Pos_X, -0.040354284970940006, Pos_Y, -0.011442218643377482, Pos_Z, -0.013744503375540848, BFx, 1.0, 0.0, 0.0,                             BFy, 0.0, 0.9986230390647194, -0.052459754566155634, BFz, 0.0, 0.05245975456615598, 0.9986230390647194
Time, 0.216, Pos_X, -0.04148198406522001, Pos_Y, -0.011084144374897, Pos_Z, -0.01401199566465006, BFx, 1.0, 0.0, 0.0,                             BFy, 0.0, 0.9989811790496833, -0.04512874809366946, BFz, 0.0, 0.04512874809366981, 0.9989811790496833
Time, 0.218, Pos_X, -0.04263403632670001, Pos_Y, -0.01069983219855635, Pos_Z, -0.014303712173208815, BFx, 1.0, 0.0, 0.0,                             BFy, 0.0, 0.9992948090168766, -0.037548431018102735, BFz, 0.0, 0.03754843101810308, 0.9992948090168767
Time, 0.22, Pos_X, -0.04381056128418001, Pos_Y, -0.01028925676461912, Pos_Z, -0.01462020595457011, BFx, 1.0, 0.0, 0.0,                             BFy, 0.0, 0.9995588620299342, -0.029699854164971902, BFz, 0.0, 0.02969985416497225, 0.9995588620299343
Time, 0.222, Pos_X, -0.04501167816566001, Pos_Y, -0.00985242971084744, Pos_Z, -0.01496189088824168, BFx, 1.0, 0.0, 0.0,                             BFy, 0.0, 0.9997674632794651, -0.021564307726910606, BFz, 0.0, 0.021564307726910953, 0.9997674632794652
Time, 0.224, Pos_X, -0.046237503752340016, Pos_Y, -0.009389398156200131, Pos_Z, -0.015329036949498344, BFx, 1.0, 0.0, 0.0,                             BFy, 0.0, 0.999913875653119, -0.013124072399831786, BFz, 0.0, 0.013124072399832128, 0.9999138756531192
Time, 0.226, Pos_X, -0.04748814755342002, Pos_Y, -0.008900244000357696, Pos_Z, -0.01572176742388096, BFx, 1.0, 0.0, 0.0,                             BFy, 0.0, 0.9999904826114784, -0.004362875939085269, BFz, 0.0, 0.004362875939085609, 0.9999904826114785
Time, 0.228, Pos_X, -0.04876370585770002, Pos_Y, -0.008385082892576211, Pos_Z, -0.016140060167876193, BFx, 1.0, 0.0, 0.0,                             BFy, 0.0, 0.9999887927908215, 0.004734373533349453, BFz, 0.0, -0.004734373533349113, 0.9999887927908215
Time, 0.23, Pos_X, -0.05006426103998002, Pos_Y, -0.007844061195895662, Pos_Z, -0.01658375256983223, BFx, 1.0, 0.0, 0.0,                             BFy, 0.0, 0.9998994399878931, 0.014181322642686407, BFz, 0.0, -0.014181322642686067, 0.9998994399878931
Time, 0.232, Pos_X, -0.05138988343226002, Pos_Y, -0.00727735239664157, Pos_Z, -0.01705254780809092, BFx, 1.0, 0.0, 0.0,                             BFy, 0.0, 0.9997122060271274, 0.023989687792321024, BFz, 0.0, -0.02398968779232068, 0.9997122060271273
Time, 0.234, Pos_X, -0.052740630713540015, Pos_Y, -0.0066851539677657, Pos_Z, -0.01754602000256991, BFx, 1.0, 0.0, 0.0,                             BFy, 0.0, 0.9994160558345567, 0.03416939186021381, BFz, 0.0, -0.03416939186021346, 0.9994160558345566
Time, 0.236, Pos_X, -0.054116547916819996, Pos_Y, -0.006067685024609114, Pos_Z, -0.018063617682815673, BFx, 1.0, 0.0, 0.0,                             BFy, 0.0, 0.998999178413732, 0.044728531483685316, BFz, 0.0, -0.044728531483684955, 0.9989991784137318
Time, 0.238, Pos_X, -0.0555176670721, Pos_Y, -0.005425184665038419, Pos_Z, -0.01860466899675779, BFx, 1.0, 0.0, 0.0,                             BFy, 0.0, 0.9984490797025747, 0.055672571712467145, BFz, 0.0, -0.055672571712466784, 0.9984490797025745
Time, 0.24, Pos_X, -0.05694400028538, Pos_Y, -0.004757913349953322, Pos_Z, -0.019168392290341965, BFx, 1.0, 0.0, 0.0,                             BFy, 0.0, 0.9977527262388145, 0.06700371096448149, BFz, 0.0, -0.06700371096448113, 0.9977527262388142
Time, 0.242, Pos_X, -0.05839553580446, Pos_Y, -0.004066153019316477, Pos_Z, -0.01975391087637935, BFx, 1.0, 0.0, 0.0,                             BFy, 0.0, 0.996896730695501, 0.07872044415918909, BFz, 0.0, -0.07872044415918873, 0.9968967306955008
Time, 0.244, Pos_X, -0.059872244958339996, Pos_Y, -0.0033502014441830364, Pos_Z, -0.020360268416306077, BFx, 1.0, 0.0, 0.0,                             BFy, 0.0, 0.9958675947561868, 0.09081703427510264, BFz, 0.0, -0.09081703427510228, 0.9958675947561866
Time, 0.246, Pos_X, -0.06137408901422, Pos_Y, -0.002610366710199906, Pos_Z, -0.02098644487767032, BFx, 1.0, 0.0, 0.0,                             BFy, 0.0, 0.9946519793456451, 0.10328329963642785, BFz, 0.0, -0.10328329963642748, 0.9946519793456449
Time, 0.248, Pos_X, -0.0629010208307, Pos_Y, -0.0018469648026849257, Pos_Z, -0.021631371592859685, BFx, 1.0, 0.0, 0.0,                             BFy, 0.0, 0.9932369512784575, 0.11610494655729799, BFz, 0.0, -0.11610494655729758, 0.9932369512784572
Time, 0.25, Pos_X, -0.06445298470118, Pos_Y, -0.0010603198687185384, Pos_Z, -0.022293943474108218, BFx, 1.0, 0.0, 0.0,                             BFy, 0.0, 0.9916102397726294, 0.12926380923547773, BFz, 0.0, -0.12926380923547734, 0.9916102397726292
Time, 0.252, Pos_X, -0.06602991654446, Pos_Y, -0.0002507663567796745, Pos_Z, -0.022973030996016705, BFx, 1.0, 0.0, 0.0,                             BFy, 0.0, 0.989760437710648, 0.14273848795200206, BFz, 0.0, -0.14273848795200164, 0.9897604377106479
Time, 0.254, Pos_X, -0.06763174503434, Pos_Y, 0.0005813487240634287, Pos_Z, -0.02366749284023121, BFx, 1.0, 0.0, 0.0,                             BFy, 0.0, 0.9876771214954383, 0.15650528321587862, BFz, 0.0, -0.15650528321587814, 0.9876771214954382
Time, 0.256, Pos_X, -0.06925839426142, Pos_Y, 0.001435664950658842, Pos_Z, -0.024376187218462863, BFx, 1.0, 0.0, 0.0,                             BFy, 0.0, 0.9853508760934109, 0.17053929453924915, BFz, 0.0, -0.17053929453924865, 0.9853508760934107
Time, 0.258, Pos_X, -0.0709097859905, Pos_Y, 0.0023118080153701264, Pos_Z, -0.02509798248122646, BFx, 1.0, 0.0, 0.0,                             BFy, 0.0, 0.9827732512719919, 0.1848154121935588, BFz, 0.0, -0.1848154121935583, 0.9827732512719918
Time, 0.26, Pos_X, -0.07258583557598, Pos_Y, 0.0032093862182434353, Pos_Z, -0.025831767500310004, BFx, 1.0, 0.0, 0.0,                             BFy, 0.0, 0.9799366436387372, 0.19930924327296812, BFz, 0.0, -0.19930924327296762, 0.9799366436387372
Time, 0.262, Pos_X, -0.07428644234086, Pos_Y, 0.004127984581690915, Pos_Z, -0.0265764602877268, BFx, 1.0, 0.0, 0.0,                             BFy, 0.0, 0.9768341629248746, 0.21399770592895653, BFz, 0.0, -0.213997705928956, 0.9768341629248746
Time, 0.264, Pos_X, -0.07601148341774, Pos_Y, 0.0050671601213068615, Pos_Z, -0.027331015877832664, BFx, 1.0, 0.0, 0.0,                             BFy, 0.0, 0.9734594004544084, 0.2288597729329915, BFz, 0.0, -0.22885977293299095, 0.9734594004544085
Time, 0.266, Pos_X, -0.07776081344282, Pos_Y, 0.006026438345578229, Pos_Z, -0.028094434505082384, BFx, 1.0, 0.0, 0.0,                             BFy, 0.0, 0.9698061837146874, 0.24387694853911654, BFz, 0.0, -0.24387694853911598, 0.9698061837146875
Time, 0.268, Pos_X, -0.0795342635831, Pos_Y, 0.007005309397907985, Pos_Z, -0.028865768694782055, BFx, 1.0, 0.0, 0.0,                             BFy, 0.0, 0.9658683901919025, 0.2590333044766634, BFz, 0.0, -0.2590333044766628, 0.9658683901919026
Time, 0.27, Pos_X, -0.08133163621938001, Pos_Y, 0.008003222695702979, Pos_Z, -0.029644128766888277, BFx, 1.0, 0.0, 0.0,                             BFy, 0.0, 0.9616397213653954, 0.2743155961520994, BFz, 0.0, -0.27431559615209883, 0.9616397213653956
Time, 0.272, Pos_X, -0.08315269830566001, Pos_Y, 0.009019579747830235, Pos_Z, -0.03042868683849697, BFx, 1.0, 0.0, 0.0,                             BFy, 0.0, 0.9571135468580018, 0.2897130622200062, BFz, 0.0, -0.2897130622200056, 0.9571135468580019
Time, 0.274, Pos_X, -0.08499717684594, Pos_Y, 0.010053726950805312, Pos_Z, -0.031218678807877386, BFx, 1.0, 0.0, 0.0,                             BFy, 0.0, 0.9522828211258595, 0.3052170188383532, BFz, 0.0, -0.30521701883835267, 0.9522828211258596
Time, 0.276, Pos_X, -0.08686475620502, Pos_Y, 0.01110494954284648, Pos_Z, -0.03201340545463684, BFx, 1.0, 0.0, 0.0,                             BFy, 0.0, 0.947140084900881, 0.3208202917116524, BFz, 0.0, -0.32082029171165183, 0.9471400849008811
Time, 0.278, Pos_X, -0.0887550740689, Pos_Y, 0.012172465707313434, Pos_Z, -0.03281223330273492, BFx, 1.0, 0.0, 0.0,                             BFy, 0.0, 0.9416774380549222, 0.3365168683117025, BFz, 0.0, -0.33651686831170197, 0.9416774380549223
Time, 0.28, Pos_X, -0.09066771713078, Pos_Y, 0.013255420990953434, Pos_Z, -0.033614593811735524, BFx, 1.0, 0.0, 0.0,                             BFy, 0.0, 0.9358865300297059, 0.35230157948688523, BFz, 0.0, -0.3523015794868847, 0.9358865300297061
Time, 0.282, Pos_X, -0.09260221875165996, Pos_Y, 0.014352883450096958, Pos_Z, -0.03441998050032981, BFx, 1.0, 0.0, 0.0,                             BFy, 0.0, 0.9297587164678279, 0.36816942995324137, BFz, 0.0, -0.3681694299532408, 0.9297587164678283
Time, 0.284, Pos_X, -0.09455805613153996, Pos_Y, 0.015463838464565791, Pos_Z, -0.03522794488643885, BFx, 1.0, 0.0, 0.0,                             BFy, 0.0, 0.923285054997484, 0.38411548682432783, BFz, 0.0, -0.3841154868243273, 0.9232850549974845
Time, 0.286, Pos_X, -0.09653464815841996, Pos_Y, 0.01658718344876944, Pos_Z, -0.036038091680404435, BFx, 1.0, 0.0, 0.0,                             BFy, 0.0, 0.9164563358302356, 0.4001347079629756, BFz, 0.0, -0.400134707962975, 0.9164563358302361
Time, 0.288, Pos_X, -0.09853135581629996, Pos_Y, 0.017721723707988607, Pos_Z, -0.036850073486433856, BFx, 1.0, 0.0, 0.0,                             BFy, 0.0, 0.9092631423901936, 0.41622174125183303, BFz, 0.0, -0.4162217412518325, 0.9092631423901942
Time, 0.29, Pos_X, -0.10054748265617997, Pos_Y, 0.018866169209655805, Pos_Z, -0.037663584496993564, BFx, 1.0, 0.0, 0.0,                             BFy, 0.0, 0.9016957614193237, 0.4323710834901228, BFz, 0.0, -0.4323710834901224, 0.9016957614193246
Time, 0.292, Pos_X, -0.10258227534805997, Pos_Y, 0.02001913155241953, Pos_Z, -0.038478352874074445, BFx, 1.0, 0.0, 0.0,                             BFy, 0.0, 0.8937440518744236, 0.44857727287401056, BFz, 0.0, -0.44857727287401006, 0.8937440518744245
Time, 0.294, Pos_X, -0.10463492574993997, Pos_Y, 0.02117912208418277, Pos_Z, -0.03929413168844366, BFx, 1.0, 0.0, 0.0,                             BFy, 0.0, 0.8853973161924057, 0.4648350164082758, BFz, 0.0, -0.46483501640827535, 0.8853973161924066
Time, 0.296, Pos_X, -0.10670457459581997, Pos_Y, 0.022344551705772268, Pos_Z, -0.04011068942423597, BFx, 1.0, 0.0, 0.0,                             BFy, 0.0, 0.8766440266860247, 0.4811395332704529, BFz, 0.0, -0.4811395332704525, 0.8766440266860257
Time, 0.298, Pos_X, -0.10879031680969997, Pos_Y, 0.02351373246628863, Pos_Z, -0.040927801229409914, BFx, 1.0, 0.0, 0.0,                             BFy, 0.0, 0.8674715767334982, 0.4974867471194541, BFz, 0.0, -0.49748674711945373, 0.8674715767334992
Time, 0.3, Pos_X, -0.11089120733317998, Pos_Y, 0.024684880785341295, Pos_Z, -0.041745240287812214, BFx, 1.0, 0.0, 0.0,                             BFy, 0.0, 0.8578659782164257, 0.5138734897022537, BFz, 0.0, -0.5138734897022533, 0.8578659782164267
Time, 0.302, Pos_X, -0.11300626738645998, Pos_Y, 0.02585612168290413, Pos_Z, -0.042562768828080584, BFx, 1.0, 0.0, 0.0,                             BFy, 0.0, 0.8478115793833708, 0.530297582366233, BFz, 0.0, -0.5302975823662327, 0.8478115793833718
Time, 0.304, Pos_X, -0.11513449096673999, Pos_Y, 0.02702549301663825, Pos_Z, -0.043380130764618906, BFx, 1.0, 0.0, 0.0,                             BFy, 0.0, 0.8372906765650434, 0.5467580113151052, BFz, 0.0, -0.5467580113151049, 0.8372906765650444
Time, 0.306, Pos_X, -0.11727485108221998, Pos_Y, 0.02819095108894236, Pos_Z, -0.04419704488930843, BFx, 1.0, 0.0, 0.0,                             BFy, 0.0, 0.8262833809640308, 0.563254626561245, BFz, 0.0, -0.5632546265612448, 0.8262833809640316
Time, 0.308, Pos_X, -0.11942630650129998, Pos_Y, 0.02935037900473569, Pos_Z, -0.04501319651052712, BFx, 1.0, 0.0, 0.0,                             BFy, 0.0, 0.814767529491903, 0.5797877826288325, BFz, 0.0, -0.5797877826288322, 0.814767529491904
Time, 0.31, Pos_X, -0.12158780771397998, Pos_Y, 0.030501596777983118, Pos_Z, -0.04582822776676788, BFx, 1.0, 0.0, 0.0,                             BFy, 0.0, 0.8027188136753187, 0.5963576998510931, BFz, 0.0, -0.5963576998510929, 0.8027188136753198
Time, 0.312, Pos_X, -0.12375830126485998, Pos_Y, 0.031642373190257214, Pos_Z, -0.04664172674992572, BFx, 1.0, 0.0, 0.0,                             BFy, 0.0, 0.7901109327748118, 0.6129638765128937, BFz, 0.0, -0.6129638765128935, 0.790110932774813
Time, 0.314, Pos_X, -0.12593673380253997, Pos_Y, 0.032770438992455166, Pos_Z, -0.047453216342522565, BFx, 1.0, 0.0, 0.0,                             BFy, 0.0, 0.7769158696907477, 0.6296044245577267, BFz, 0.0, -0.6296044245577265, 0.7769158696907489
Time, 0.316, Pos_X, -0.12812205398201998, Pos_Y, 0.03388349871010026, Pos_Z, -0.04826214470482481, BFx, 1.0, 0.0, 0.0,                             BFy, 0.0, 0.7631041596545568, 0.6462755151774742, BFz, 0.0, -0.6462755151774738, 0.7631041596545579
Time, 0.318, Pos_X, -0.1303132136411, Pos_Y, 0.03497924205776845, Pos_Z, -0.04906787743262117, BFx, 1.0, 0.0, 0.0,                             BFy, 0.0, 0.7486452783872324, 0.6629707739776317, BFz, 0.0, -0.6629707739776314, 0.7486452783872335
