Time, 0, Pos_X, 0.0, Pos_Y, 0.0, Pos_Z, 0.0, BFx, 1.0, 0.0, 0.0,                         BFy, 0.0, 1.0, 0.0, BFz, 0.0, 0.0, 1.0
Time, 0.0, Pos_X, 0.0, Pos_Y, 0.0, Pos_Z, 0.0, BFx, 1.0, 0.0, 0.0,                             BFy, 0.0, 1.0, 0.0, BFz, 0.0, 0.0, 1.0
Time, 0.002, Pos_X, -1.24233306e-07, Pos_Y, 4.6844100331695413e-07, Pos_Z, 9.724111079108007e-07, BFx, 1.0, 0.0, 0.0,                             BFy, 0.0, 0.9999999974983783, 7.07336069410171e-05, BFz, 0.0, -7.07336069410171e-05, 0.9999999974983783
Time, 0.004, Pos_X, -4.62898998e-07, Pos_Y, 1.909453261405079e-06, Pos_Z, 3.901938522425619e-06, BFx, 1.0, 0.0, 0.0,                             BFy, 0.0, 0.9999999918281265, 0.00012784266265176197, BFz, 0.0, -0.00012784266265176197, 0.9999999918281265
Time, 0.006, Pos_X, -9.4857567e-07, Pos_Y, 4.396146832658467e-06, Pos_Z, 8.816488491625546e-06, BFx, 1.0, 0.0, 0.0,                             BFy, 0.0, 0.9999999854887711, 0.00017035978777595666, BFz, 0.0, -0.0001703597877759567, 0.9999999854887711
Time, 0.008, Pos_X, -1.515585116e-06, Pos_Y, 8.00505681631719e-06, Pos_Z, 1.575120020077017e-05, BFx, 1.0, 0.0, 0.0,                             BFy, 0.0, 0.9999999805123422, 0.0001974216671175713, BFz, 0.0, -0.00019742166711757134, 0.9999999805123422
Time, 0.01, Pos_X, -2.1004688922e-06, Pos_Y, 1.2816032601821793e-05, Pos_Z, 2.474964658158259e-05, BFx, 1.0, 0.0, 0.0,                             BFy, 0.0, 0.9999999783064873, 0.0002082955208937794, BFz, 0.0, -0.00020829552089377944, 0.9999999783064873
Time, 0.012, Pos_X, -2.6425209786e-06, Pos_Y, 1.8912350101543985e-05, Pos_Z, 3.5865435924021106e-05, BFx, 1.0, 0.0, 0.0,                             BFy, 0.0, 0.9999999795090787, 0.00020243972231727444, BFz, 0.0, -0.0002024397223172745, 0.9999999795090787
Time, 0.014, Pos_X, -3.0843470790000005e-06, Pos_Y, 2.6380543252419756e-05, Pos_Z, 4.9163362902480036e-05, BFx, 1.0, 0.0, 0.0,                             BFy, 0.0, 0.9999999838691898, 0.00017961519713422035, BFz, 0.0, -0.0001796151971342204, 0.9999999838691898
Time, 0.016, Pos_X, -3.3721124594000006e-06, Pos_Y, 3.5310122939907304e-05, Pos_Z, 6.471972269126768e-05, BFx, 1.0, 0.0, 0.0,                             BFy, 0.0, 0.9999999902223358, 0.00013984036364422922, BFz, 0.0, -0.00013984036364422927, 0.9999999902223358
Time, 0.018, Pos_X, -3.4557806898000008e-06, Pos_Y, 4.5793312179520787e-05, Pos_Z, 8.262256066342856e-05, BFx, 1.0, 0.0, 0.0,                             BFy, 0.0, 0.9999999965143048, 8.349484400298746e-05, BFz, 0.0, -8.34948440029875e-05, 0.9999999965143048
Time, 0.02, Pos_X, -3.289375190200001e-06, Pos_Y, 5.792480199986355e-05, Pos_Z, 0.00010297205531947284, BFx, 1.0, 0.0, 0.0,                             BFy, 0.0, 0.9999999999371187, 1.12143200997649e-05, BFz, 0.0, -1.1214320099764931e-05, 0.9999999999371187
Time, 0.022, Pos_X, -2.8313732186000015e-06, Pos_Y, 7.180155795228694e-05, Pos_Z, 0.00012588104471930077, BFx, 1.0, 0.0, 0.0,                             BFy, 0.0, 0.9999999971026801, -7.612251982648283e-05, BFz, 0.0, 7.61225198264828e-05, 0.9999999971026801
Time, 0.024, Pos_X, -2.045153915000001e-06, Pos_Y, 8.75225942093127e-05, Pos_Z, 0.00015147531110931494, BFx, 1.0, 0.0, 0.0,                             BFy, 0.0, 0.9999999842369369, -0.00017755597496705794, BFz, 0.0, 0.0001775559749670579, 0.9999999842369369
Time, 0.026, Pos_X, -8.99226471400002e-07, Pos_Y, 0.00010518888510460637, Pos_Z, 0.00017989350298997888, BFx, 1.0, 0.0, 0.0,                             BFy, 0.0, 0.9999999573126024, -0.0002921896497423945, BFz, 0.0, 0.0002921896497423944, 0.9999999573126025
Time, 0.028, Pos_X, 6.331985921999992e-07, Pos_Y, 0.0001249032645513829, Pos_Z, 0.00021128653519243695, BFx, 1.0, 0.0, 0.0,                             BFy, 0.0, 0.9999999118418458, -0.00041990034356078633, BFz, 0.0, 0.00041990034356078633, 0.999999911841846
Time, 0.03, Pos_X, 2.5745010257999975e-06, Pos_Y, 0.0001467704519602431, Pos_Z, 0.0002458165337698778, BFx, 1.0, 0.0, 0.0,                             BFy, 0.0, 0.9999998432411558, -0.0005599264786421886, BFz, 0.0, 0.0005599264786421885, 0.999999843241156
Time, 0.032, Pos_X, 4.9428377774e-06, Pos_Y, 0.0001708971036504273, Pos_Z, 0.00028365545154474735, BFx, 1.0, 0.0, 0.0,                             BFy, 0.0, 0.9999997464756323, -0.000712073499723999, BFz, 0.0, 0.0007120734997239989, 0.9999997464756325
Time, 0.034, Pos_X, 7.752789997000003e-06, Pos_Y, 0.00019739169426073684, Pos_Z, 0.00032498327489428544, BFx, 1.0, 0.0, 0.0,                             BFy, 0.0, 0.9999996156270575, -0.0008767814635629586, BFz, 0.0, 0.0008767814635629585, 0.9999996156270576
Time, 0.036, Pos_X, 1.1016100516599995e-05, Pos_Y, 0.0002263642800417694, Pos_Z, 0.00036998592061266594, BFx, 1.0, 0.0, 0.0,                             BFy, 0.0, 0.9999994434693747, -0.0010550170321835257, BFz, 0.0, 0.001055017032183526, 0.9999994434693749
Time, 0.038, Pos_X, 1.4742433568199997e-05, Pos_Y, 0.00025792636168267747, Pos_Z, 0.0004188527250687719, BFx, 1.0, 0.0, 0.0,                             BFy, 0.0, 0.9999992208816041, -0.0012482933077104714, BFz, 0.0, 0.0012482933077104714, 0.9999992208816042
Time, 0.04, Pos_X, 1.8940190311800002e-05, Pos_Y, 0.00029219085809628766, Pos_Z, 0.0004717735711689596, BFx, 1.0, 0.0, 0.0,                             BFy, 0.0, 0.9999989362162026, -0.0014586179966817152, BFz, 0.0, 0.0014586179966817152, 0.9999989362162027
Time, 0.042, Pos_X, 2.3617452655400007e-05, Pos_Y, 0.00032927211458821064, Pos_Z, 0.0005289361049210285, BFx, 1.0, 0.0, 0.0,                             BFy, 0.0, 0.9999985744750031, -0.0016885046515643454, BFz, 0.0, 0.0016885046515643454, 0.9999985744750033
Time, 0.044, Pos_X, 2.8782749778999995e-05, Pos_Y, 0.000369286117827529, Pos_Z, 0.0005905229260138223, BFx, 1.0, 0.0, 0.0,                             BFy, 0.0, 0.9999981162465146, -0.0019410057751069482, BFz, 0.0, 0.0019410057751069482, 0.9999981162465148
Time, 0.046, Pos_X, 3.44458379626e-05, Pos_Y, 0.00041235057480249566, Pos_Z, 0.0006567089486364332, BFx, 1.0, 0.0, 0.0,                             BFy, 0.0, 0.999997536699646, -0.002219593349389841, BFz, 0.0, 0.0022195933493898415, 0.9999975366996463
Time, 0.048, Pos_X, 4.0618766526200006e-05, Pos_Y, 0.0004585847481637944, Pos_Z, 0.0007276586819406411, BFx, 1.0, 0.0, 0.0,                             BFy, 0.0, 0.9999968042041207, -0.002528157736737863, BFz, 0.0, 0.002528157736737863, 0.9999968042041212
Time, 0.05, Pos_X, 4.7316995409800016e-05, Pos_Y, 0.000508109841626017, Pos_Z, 0.0008035233312599485, BFx, 1.0, 0.0, 0.0,                             BFy, 0.0, 0.9999958793275607, -0.0028707713067240978, BFz, 0.0, 0.0028707713067240978, 0.9999958793275611
Time, 0.052, Pos_X, 5.4560409913399996e-05, Pos_Y, 0.0005610491702336349, Pos_Z, 0.0008844382081470945, BFx, 1.0, 0.0, 0.0,                             BFy, 0.0, 0.9999947132796864, -0.0032516784396497255, BFz, 0.0, 0.003251678439649726, 0.9999947132796867
Time, 0.054, Pos_X, 6.237389921700001e-05, Pos_Y, 0.0006175280812134583, Pos_Z, 0.0009705207134785761, BFx, 1.0, 0.0, 0.0,                             BFy, 0.0, 0.9999932464673944, -0.0036751897363730746, BFz, 0.0, 0.003675189736373075, 0.9999932464673947
Time, 0.056, Pos_X, 7.078924464060002e-05, Pos_Y, 0.0006776757483001562, Pos_Z, 0.0010618696282074281, BFx, 1.0, 0.0, 0.0,                             BFy, 0.0, 0.999991407526049, -0.004145464276594585, BFz, 0.0, 0.004145464276594585, 0.9999914075260494
Time, 0.058, Pos_X, 7.984460614420002e-05, Pos_Y, 0.000741624390406577, Pos_Z, 0.0011585641370152591, BFx, 1.0, 0.0, 0.0,                             BFy, 0.0, 0.9999891116295748, -0.004666542862810465, BFz, 0.0, 0.0046665428628104655, 0.9999891116295753
Time, 0.06, Pos_X, 8.95828099078e-05, Pos_Y, 0.0008095064954646986, Pos_Z, 0.0012606622869031677, BFx, 1.0, 0.0, 0.0,                             BFy, 0.0, 0.9999862585258499, -0.005242400162999231, BFz, 0.0, 0.005242400162999232, 0.9999862585258504
Time, 0.062, Pos_X, 0.00010005171167140001, Pos_Y, 0.0008814546052915265, Pos_Z, 0.0013682005566765464, BFx, 1.0, 0.0, 0.0,                             BFy, 0.0, 0.9999827305569045, -0.005876953969092251, BFz, 0.0, 0.005876953969092252, 0.9999827305569049
Time, 0.064, Pos_X, 0.00011130399679500003, Pos_Y, 0.0009576010774402188, Pos_Z, 0.0014811940178059658, BFx, 1.0, 0.0, 0.0,                             BFy, 0.0, 0.9999783907881984, -0.00657403655624124, BFz, 0.0, 0.006574036556241241, 0.9999783907881987
Time, 0.066, Pos_X, 0.00012339689241860005, Pos_Y, 0.0010380776708938987, Pos_Z, 0.0015996375143310772, BFx, 1.0, 0.0, 0.0,                             BFy, 0.0, 0.999973080286176, -0.00733748614818192, BFz, 0.0, 0.007337486148181922, 0.9999730802861764
Time, 0.068, Pos_X, 0.00013639220558220007, Pos_Y, 0.0011230150766714335, Pos_Z, 0.0017235075966326844, BFx, 1.0, 0.0, 0.0,                             BFy, 0.0, 0.9999666143040613, -0.008171308173748905, BFz, 0.0, 0.00817130817374891, 0.9999666143040616
Time, 0.07, Pos_X, 0.0001503556569858001, Pos_Y, 0.0012125417770064081, Pos_Z, 0.0018527647120769922, BFx, 1.0, 0.0, 0.0,                             BFy, 0.0, 0.9999587784463749, -0.009079725107717694, BFz, 0.0, 0.009079725107717698, 0.9999587784463752
Time, 0.072, Pos_X, 0.0001653553229894, Pos_Y, 0.0013067827997646172, Pos_Z, 0.0019873555157836724, BFx, 1.0, 0.0, 0.0,                             BFy, 0.0, 0.999949323788675, -0.010067266489478083, BFz, 0.0, 0.010067266489478087, 0.9999493237886751
Time, 0.074, Pos_X, 0.000181461187053, Pos_Y, 0.0014058587153452395, Pos_Z, 0.0021272150913864574, BFx, 1.0, 0.0, 0.0,                             BFy, 0.0, 0.9999379616466887, -0.011138799659920847, BFz, 0.0, 0.01113879965992085, 0.9999379616466888
Time, 0.076, Pos_X, 0.0001987441713366, Pos_Y, 0.0015098845637848287, Pos_Z, 0.0022722698308268226, BFx, 1.0, 0.0, 0.0,                             BFy, 0.0, 0.9999243594456545, -0.012299405969221683, BFz, 0.0, 0.012299405969221685, 0.9999243594456548
Time, 0.078, Pos_X, 0.00021727460610020002, Pos_Y, 0.0016189692247602693, Pos_Z, 0.002422440178058492, BFx, 1.0, 0.0, 0.0,                             BFy, 0.0, 0.9999081374392271, -0.013554212733085042, BFz, 0.0, 0.013554212733085045, 0.9999081374392276
Time, 0.08, Pos_X, 0.00023712104238380005, Pos_Y, 0.001733215283314148, Pos_Z, 0.0025776439367082168, BFx, 1.0, 0.0, 0.0,                             BFy, 0.0, 0.9998888656438315, -0.014908264871875498, BFz, 0.0, 0.014908264871875502, 0.9998888656438321
Time, 0.082, Pos_X, 0.0002583488288074001, Pos_Y, 0.0018527187788960244, Pos_Z, 0.0027377993749136413, BFx, 1.0, 0.0, 0.0,                             BFy, 0.0, 0.9998660628217165, -0.016366319604529094, BFz, 0.0, 0.016366319604529094, 0.9998660628217169
Time, 0.084, Pos_X, 0.0002810191550510001, Pos_Y, 0.0019775685133965096, Pos_Z, 0.0029028272586601694, BFx, 1.0, 0.0, 0.0,                             BFy, 0.0, 0.9998391977046499, -0.01793261646610722, BFz, 0.0, 0.01793261646610722, 0.9998391977046502
Time, 0.086, Pos_X, 0.0003051878987346, Pos_Y, 0.0021078454719310334, Pos_Z, 0.0030726530229427005, BFx, 1.0, 0.0, 0.0,                             BFy, 0.0, 0.9998076910597881, -0.01961073424668431, BFz, 0.0, 0.01961073424668431, 0.9998076910597884
Time, 0.088, Pos_X, 0.0003309047676182, Pos_Y, 0.00224362271442937, Pos_Z, 0.003247208774297258, BFx, 1.0, 0.0, 0.0,                             BFy, 0.0, 0.9997709162131463, -0.02140362339241906, BFz, 0.0, 0.02140362339241906, 0.9997709162131467
Time, 0.09, Pos_X, 0.0003582127958418, Pos_Y, 0.0023849652083289073, Pos_Z, 0.00342643543202738, BFx, 1.0, 0.0, 0.0,                             BFy, 0.0, 0.9997282026261737, -0.023313534134454503, BFz, 0.0, 0.023313534134454503, 0.9997282026261741
Time, 0.092, Pos_X, 0.0003871482268454, Pos_Y, 0.0025319296345217403, Pos_Z, 0.00361028449568462, BFx, 1.0, 0.0, 0.0,                             BFy, 0.0, 0.9996788388438502, -0.025342043481338516, BFz, 0.0, 0.025342043481338516, 0.9996788388438506
Time, 0.094, Pos_X, 0.00041774074100900003, Pos_Y, 0.0026845646675832217, Pos_Z, 0.003798719209869901, BFx, 1.0, 0.0, 0.0,                             BFy, 0.0, 0.9996220753827602, -0.027490114722609576, BFz, 0.0, 0.02749011472260958, 0.9996220753827604
Time, 0.096, Pos_X, 0.00045001335949260005, Pos_Y, 0.0028429112581174606, Pos_Z, 0.003991715480331682, BFx, 1.0, 0.0, 0.0,                             BFy, 0.0, 0.9995571290210964, -0.029758121968670007, BFz, 0.0, 0.029758121968670007, 0.9995571290210966
Time, 0.098, Pos_X, 0.0004839832647562001, Pos_Y, 0.00300700245425597, Pos_Z, 0.004189262709178059, BFx, 1.0, 0.0, 0.0,                             BFy, 0.0, 0.9994831861286505, -0.032145927364447636, BFz, 0.0, 0.032145927364447636, 0.9994831861286506
Time, 0.1, Pos_X, 0.0005196629592998001, Pos_Y, 0.003176863154142748, Pos_Z, 0.004391364275407436, BFx, 1.0, 0.0, 0.0,                             BFy, 0.0, 0.9993994103434141, -0.034652829685837244, BFz, 0.0, 0.03465282968583724, 0.9993994103434141
Time, 0.102, Pos_X, 0.0005570615200833999, Pos_Y, 0.003352510205733399, Pos_Z, 0.004598036940826635, BFx, 1.0, 0.0, 0.0,                             BFy, 0.0, 0.9993049497247342, -0.03727757309222421, BFz, 0.0, 0.037277573092224195, 0.9993049497247343
Time, 0.104, Pos_X, 0.0005961861564069999, Pos_Y, 0.0035339527393741616, Pos_Z, 0.004809309476980982, BFx, 1.0, 0.0, 0.0,                             BFy, 0.0, 0.9991989441366206, -0.04001837123449622, BFz, 0.0, 0.04001837123449621, 0.9991989441366207
Time, 0.106, Pos_X, 0.0006370440689306, Pos_Y, 0.0037211924618954337, Pos_Z, 0.00502522126606946, BFx, 1.0, 0.0, 0.0,                             BFy, 0.0, 0.999080536828483, -0.04287284607428826, BFz, 0.0, 0.04287284607428825, 0.9990805368284832
Time, 0.108, Pos_X, 0.0006796443218142, Pos_Y, 0.0039142240686128, Pos_Z, 0.005245821373028029, BFx, 1.0, 0.0, 0.0,                             BFy, 0.0, 0.9989488813921301, -0.04583811040402476, BFz, 0.0, 0.04583811040402474, 0.9989488813921302
Time, 0.11, Pos_X, 0.0007239996110978001, Pos_Y, 0.004113035472982068, Pos_Z, 0.005471167525393313, BFx, 1.0, 0.0, 0.0,                             BFy, 0.0, 0.9988031408030474, -0.048911000009889675, BFz, 0.0, 0.04891100000988966, 0.9988031408030476
Time, 0.112, Pos_X, 0.0007701287012414001, Pos_Y, 0.004317607536142887, Pos_Z, 0.005701324822303414, BFx, 1.0, 0.0, 0.0,                             BFy, 0.0, 0.9986424914359244, -0.05208813971192611, BFz, 0.0, 0.05208813971192609, 0.9986424914359245
Time, 0.114, Pos_X, 0.0008180582837850003, Pos_Y, 0.0045279141595421955, Pos_Z, 0.005936364343816728, BFx, 1.0, 0.0, 0.0,                             BFy, 0.0, 0.9984661204446839, -0.05536611169426081, BFz, 0.0, 0.0553661116942608, 0.998466120444684
Time, 0.116, Pos_X, 0.0008678248174086003, Pos_Y, 0.004743922335786595, Pos_Z, 0.006176361448979368, BFx, 1.0, 0.0, 0.0,                             BFy, 0.0, 0.9982732179623394, -0.05874165727246005, BFz, 0.0, 0.05874165727246003, 0.9982732179623396
Time, 0.118, Pos_X, 0.0009194765636322001, Pos_Y, 0.004965592146231008, Pos_Z, 0.006421393824738295, BFx, 1.0, 0.0, 0.0,                             BFy, 0.0, 0.9980629633983903, -0.06221190474839457, BFz, 0.0, 0.06221190474839455, 0.9980629633983904
Time, 0.12, Pos_X, 0.0009730752739158001, Pos_Y, 0.005192877112347592, Pos_Z, 0.006671539248176948, BFx, 1.0, 0.0, 0.0,                             BFy, 0.0, 0.9978345133758209, -0.06577449289837449, BFz, 0.0, 0.06577449289837448, 0.997834513375821
Time, 0.122, Pos_X, 0.0010286981437994, Pos_Y, 0.005425724089702065, Pos_Z, 0.006926873314712306, BFx, 1.0, 0.0, 0.0,                             BFy, 0.0, 0.9975869811346832, -0.06942776872828675, BFz, 0.0, 0.06942776872828674, 0.9975869811346834
Time, 0.124, Pos_X, 0.0010864387804830002, Pos_Y, 0.005664073386955059, Pos_Z, 0.007187467547822347, BFx, 1.0, 0.0, 0.0,                             BFy, 0.0, 0.997319416657129, -0.07317090377112316, BFz, 0.0, 0.07317090377112315, 0.9973194166571291
Time, 0.126, Pos_X, 0.0011464074351666001, Pos_Y, 0.0059078590079285846, Pos_Z, 0.007453387798738189, BFx, 1.0, 0.0, 0.0,                             BFy, 0.0, 0.9970307892941922, -0.0770039297659473, BFz, 0.0, 0.0770039297659473, 0.9970307892941923
Time, 0.128, Pos_X, 0.0012087317314502, Pos_Y, 0.0061570085273419325, Pos_Z, 0.0077246926769507646, BFx, 1.0, 0.0, 0.0,                             BFy, 0.0, 0.9967199746666121, -0.08092769674584217, BFz, 0.0, 0.08092769674584216, 0.9967199746666121
Time, 0.13, Pos_X, 0.0012735572301338003, Pos_Y, 0.006411442923287174, Pos_Z, 0.008001431700247575, BFx, 1.0, 0.0, 0.0,                             BFy, 0.0, 0.9963857380447197, -0.08494386982636346, BFz, 0.0, 0.08494386982636346, 0.9963857380447197
Time, 0.132, Pos_X, 0.0013410469766174003, Pos_Y, 0.006671077035526511, Pos_Z, 0.008283643828343875, BFx, 1.0, 0.0, 0.0,                             BFy, 0.0, 0.9960267259132481, -0.08905482169166648, BFz, 0.0, 0.08905482169166648, 0.9960267259132481
Time, 0.134, Pos_X, 0.0014113802547010004, Pos_Y, 0.0069358204082017715, Pos_Z, 0.008571357028053953, BFx, 1.0, 0.0, 0.0,                             BFy, 0.0, 0.9956414614441889, -0.09326349904051176, BFz, 0.0, 0.09326349904051179, 0.9956414614441886
Time, 0.136, Pos_X, 0.0014847507909846005, Pos_Y, 0.0072055779257446185, Pos_Z, 0.00886458795816873, BFx, 1.0, 0.0, 0.0,                             BFy, 0.0, 0.9952283466688471, -0.0975732442157849, BFz, 0.0, 0.09757324421578492, 0.9952283466688469
Time, 0.138, Pos_X, 0.0015613647934682006, Pos_Y, 0.007480250059439496, Pos_Z, 0.009163341450400002, BFx, 1.0, 0.0, 0.0,                             BFy, 0.0, 0.9947856558461767, -0.10198773908020406, BFz, 0.0, 0.10198773908020406, 0.9947856558461765
Time, 0.14, Pos_X, 0.0016414391219518006, Pos_Y, 0.007759732684034653, Pos_Z, 0.00946761022913814, BFx, 1.0, 0.0, 0.0,                             BFy, 0.0, 0.9943115492595127, -0.10651076475712397, BFz, 0.0, 0.10651076475712397, 0.9943115492595125
Time, 0.142, Pos_X, 0.0017251991449553994, Pos_Y, 0.008043917440269553, Pos_Z, 0.00977737524080841, BFx, 1.0, 0.0, 0.0,                             BFy, 0.0, 0.9938040877217563, -0.11114600859917387, BFz, 0.0, 0.11114600859917388, 0.9938040877217561
Time, 0.144, Pos_X, 0.0018128760452789995, Pos_Y, 0.008332692870467779, Pos_Z, 0.010092606699741255, BFx, 1.0, 0.0, 0.0,                             BFy, 0.0, 0.9932612259411722, -0.11589709677916595, BFz, 0.0, 0.11589709677916596, 0.9932612259411722
Time, 0.146, Pos_X, 0.0019047040424025996, Pos_Y, 0.008625945499555813, Pos_Z, 0.01041326521407627, BFx, 1.0, 0.0, 0.0,                             BFy, 0.0, 0.9926808186229131, -0.12076751358764883, BFz, 0.0, 0.12076751358764885, 0.9926808186229131
Time, 0.148, Pos_X, 0.0020009175923261994, Pos_Y, 0.008923560780616907, Pos_Z, 0.010739302912098174, BFx, 1.0, 0.0, 0.0,                             BFy, 0.0, 0.9920606310158796, -0.12576050408763134, BFz, 0.0, 0.12576050408763137, 0.9920606310158795
Time, 0.15, Pos_X, 0.0021017485362497994, Pos_Y, 0.009225423993032677, Pos_Z, 0.011070664620775557, BFx, 1.0, 0.0, 0.0,                             BFy, 0.0, 0.9913983257759426, -0.13087917958429654, BFz, 0.0, 0.13087917958429662, 0.9913983257759424
Time, 0.152, Pos_X, 0.0022074230941733996, Pos_Y, 0.009531421084217633, Pos_Z, 0.011407288928579421, BFx, 1.0, 0.0, 0.0,                             BFy, 0.0, 0.9906914707827705, -0.13612644753416217, BFz, 0.0, 0.13612644753416223, 0.9906914707827705
Time, 0.154, Pos_X, 0.002318159327097, Pos_Y, 0.009841439157819626, Pos_Z, 0.011749109433139525, BFx, 1.0, 0.0, 0.0,                             BFy, 0.0, 0.9899375185948244, -0.14150515636655145, BFz, 0.0, 0.14150515636655156, 0.9899375185948244
Time, 0.156, Pos_X, 0.0024341647120206, Pos_Y, 0.010155367140096993, Pos_Z, 0.012096056176897846, BFx, 1.0, 0.0, 0.0,                             BFy, 0.0, 0.9891338131217265, -0.14701802521893065, BFz, 0.0, 0.14701802521893076, 0.9891338131217265
Time, 0.158, Pos_X, 0.0025556334233442003, Pos_Y, 0.010473096639351968, Pos_Z, 0.012448057743427983, BFx, 1.0, 0.0, 0.0,                             BFy, 0.0, 0.9882775911625155, -0.15266762199633802, BFz, 0.0, 0.15266762199633815, 0.9882775911625155
Time, 0.16, Pos_X, 0.0026827438972678004, Pos_Y, 0.01079452225335768, Pos_Z, 0.01280504339387006, BFx, 1.0, 0.0, 0.0,                             BFy, 0.0, 0.9873659983583216, -0.158456256695265, BFz, 0.0, 0.15845625669526514, 0.9873659983583216
Time, 0.162, Pos_X, 0.0028156569799914007, Pos_Y, 0.011119542189023767, Pos_Z, 0.013166944725116037, BFx, 1.0, 0.0, 0.0,                             BFy, 0.0, 0.9863960753070405, -0.1643860779350494, BFz, 0.0, 0.16438607793504953, 0.9863960753070407
Time, 0.164, Pos_X, 0.002954514621515001, Pos_Y, 0.011448059042724952, Pos_Z, 0.013533696887133566, BFx, 1.0, 0.0, 0.0,                             BFy, 0.0, 0.985364771710342, -0.17045898824123765, BFz, 0.0, 0.17045898824123776, 0.9853647717103421
Time, 0.166, Pos_X, 0.0030994388554386014, Pos_Y, 0.01177997998472297, Pos_Z, 0.01390523946108878, BFx, 1.0, 0.0, 0.0,                             BFy, 0.0, 0.9842689374673214, -0.17667670683186046, BFz, 0.0, 0.17667670683186057, 0.9842689374673214
Time, 0.168, Pos_X, 0.0032505309063622016, Pos_Y, 0.012115217135364835, Pos_Z, 0.01428151714833855, BFx, 1.0, 0.0, 0.0,                             BFy, 0.0, 0.9831053629192729, -0.18304055670633732, BFz, 0.0, 0.18304055670633743, 0.9831053629192728
Time, 0.17, Pos_X, 0.0034078705648858017, Pos_Y, 0.012453688012654899, Pos_Z, 0.014662480178418117, BFx, 1.0, 0.0, 0.0,                             BFy, 0.0, 0.9818707955653085, -0.18955141997872027, BFz, 0.0, 0.18955141997872035, 0.9818707955653084
Time, 0.172, Pos_X, 0.0035715158494093995, Pos_Y, 0.012795315594746767, Pos_Z, 0.015048084668716731, BFx, 1.0, 0.0, 0.0,                             BFy, 0.0, 0.9805619690994564, -0.19620964491022855, BFz, 0.0, 0.19620964491022866, 0.9805619690994561
Time, 0.174, Pos_X, 0.0037415031415329995, Pos_Y, 0.013140028334307172, Pos_Z, 0.015438292838772693, BFx, 1.0, 0.0, 0.0,                             BFy, 0.0, 0.9791756107515559, -0.2030150814824327, BFz, 0.0, 0.2030150814824328, 0.9791756107515557
Time, 0.176, Pos_X, 0.003917847761656599, Pos_Y, 0.013487760001557617, Pos_Z, 0.01583307291601387, BFx, 1.0, 0.0, 0.0,                             BFy, 0.0, 0.9777084603271696, -0.20996706076115046, BFz, 0.0, 0.20996706076115054, 0.9777084603271693
Time, 0.178, Pos_X, 0.004100543956780199, Pos_Y, 0.01383844950560195, Pos_Z, 0.01623239867397268, BFx, 1.0, 0.0, 0.0,                             BFy, 0.0, 0.9761572863757542, -0.21706439656361273, BFz, 0.0, 0.21706439656361282, 0.9761572863757537
Time, 0.18, Pos_X, 0.0042895660287038, Pos_Y, 0.014192040705113372, Pos_Z, 0.01663624870515727, BFx, 1.0, 0.0, 0.0,                             BFy, 0.0, 0.9745188700214474, -0.2243055326382367, BFz, 0.0, 0.2243055326382368, 0.974518870021447
Time, 0.182, Pos_X, 0.0044848703624274, Pos_Y, 0.014548481959717008, Pos_Z, 0.017044605778496518, BFx, 1.0, 0.0, 0.0,                             BFy, 0.0, 0.9727899933692088, -0.23168864624909205, BFz, 0.0, 0.23168864624909216, 0.9727899933692084
Time, 0.184, Pos_X, 0.0046863968881510005, Pos_Y, 0.014907725174885969, Pos_Z, 0.017457456089698252, BFx, 1.0, 0.0, 0.0,                             BFy, 0.0, 0.9709674110760219, -0.23921180286166882, BFz, 0.0, 0.23921180286166893, 0.9709674110760214
Time, 0.186, Pos_X, 0.0048940710614746, Pos_Y, 0.01526972492766074, Pos_Z, 0.017874787827404617, BFx, 1.0, 0.0, 0.0,                             BFy, 0.0, 0.9690478255964913, -0.24687306800604006, BFz, 0.0, 0.2468730680060402, 0.9690478255964907
Time, 0.188, Pos_X, 0.0051078061025982, Pos_Y, 0.015634437504779424, Pos_Z, 0.01829658983945261, BFx, 1.0, 0.0, 0.0,                             BFy, 0.0, 0.9670278836974165, -0.25467051684813874, BFz, 0.0, 0.2546705168481389, 0.9670278836974161
Time, 0.19, Pos_X, 0.0053275054855218005, Pos_Y, 0.01600182000677027, Pos_Z, 0.018722850321364035, BFx, 1.0, 0.0, 0.0,                             BFy, 0.0, 0.964904100284594, -0.26260250808775687, BFz, 0.0, 0.26260250808775704, 0.9649041002845935
Time, 0.192, Pos_X, 0.0055530657400454, Pos_Y, 0.016371829563954957, Pos_Z, 0.019153555632075634, BFx, 1.0, 0.0, 0.0,                             BFy, 0.0, 0.9626728746225094, -0.2706675755720226, BFz, 0.0, 0.2706675755720228, 0.962672874622509
Time, 0.194, Pos_X, 0.0057843792525690005, Pos_Y, 0.01674442222286164, Pos_Z, 0.01958868959939641, BFx, 1.0, 0.0, 0.0,                             BFy, 0.0, 0.9603304574083312, -0.2788645057620412, BFz, 0.0, 0.27886450576204136, 0.9603304574083306
Time, 0.196, Pos_X, 0.0060213373268926005, Pos_Y, 0.017119551753460034, Pos_Z, 0.020028232729311188, BFx, 1.0, 0.0, 0.0,                             BFy, 0.0, 0.957872946872487, -0.28719230081919034, BFz, 0.0, 0.2871923008191905, 0.9578729468724863
Time, 0.198, Pos_X, 0.006263833386016201, Pos_Y, 0.017497168304569415, Pos_Z, 0.02047216137413518, BFx, 1.0, 0.0, 0.0,                             BFy, 0.0, 0.9552963018447042, -0.29565008994051517, BFz, 0.0, 0.2956500899405153, 0.9552963018447033
Time, 0.2, Pos_X, 0.006511766264139801, Pos_Y, 0.017877217095996167, Pos_Z, 0.020920447074643217, BFx, 1.0, 0.0, 0.0,                             BFy, 0.0, 0.9525963404502253, -0.30423709859391074, BFz, 0.0, 0.30423709859391085, 0.9525963404502243
Time, 0.202, Pos_X, 0.006765043296463401, Pos_Y, 0.018259637148437126, Pos_Z, 0.02137305594749047, BFx, 1.0, 0.0, 0.0,                             BFy, 0.0, 0.9497687456190946, -0.3129525999974032, BFz, 0.0, 0.31295259999740327, 0.9497687456190934
Time, 0.204, Pos_X, 0.0070235835029869974, Pos_Y, 0.018644360005777204, Pos_Z, 0.0218299482639702, BFx, 1.0, 0.0, 0.0,                             BFy, 0.0, 0.9468090938938363, -0.32179580438522765, BFz, 0.0, 0.3217958043852277, 0.9468090938938349
Time, 0.206, Pos_X, 0.007287321054510598, Pos_Y, 0.019031308564580324, Pos_Z, 0.022291078245529804, BFx, 1.0, 0.0, 0.0,                             BFy, 0.0, 0.9437128512794523, -0.33076586028489924, BFz, 0.0, 0.3307658602848993, 0.9437128512794509
Time, 0.208, Pos_X, 0.007556208132234198, Pos_Y, 0.01942039616204145, Pos_Z, 0.02275639366750733, BFx, 1.0, 0.0, 0.0,                             BFy, 0.0, 0.9404754142268053, -0.339861729582667, BFz, 0.0, 0.33986172958266714, 0.9404754142268039
Time, 0.21, Pos_X, 0.007830217664757798, Pos_Y, 0.019811525857186433, Pos_Z, 0.023225835827097, BFx, 1.0, 0.0, 0.0,                             BFy, 0.0, 0.9370921480349869, -0.3490820907625843, BFz, 0.0, 0.34908209076258434, 0.9370921480349855
Time, 0.212, Pos_X, 0.008109345825081398, Pos_Y, 0.020204589320536207, Pos_Z, 0.02369933990802511, BFx, 1.0, 0.0, 0.0,                             BFy, 0.0, 0.9335584009914071, -0.35842532268015, BFz, 0.0, 0.35842532268015, 0.933558400991406
Time, 0.214, Pos_X, 0.008393613687004997, Pos_Y, 0.020599465892087204, Pos_Z, 0.024176835096527165, BFx, 1.0, 0.0, 0.0,                             BFy, 0.0, 0.9298695463331246, -0.36788942197653796, BFz, 0.0, 0.36788942197653796, 0.9298695463331235
Time, 0.216, Pos_X, 0.008683068706928598, Pos_Y, 0.020996022294541863, Pos_Z, 0.02465824408025871, BFx, 1.0, 0.0, 0.0,                             BFy, 0.0, 0.9260210682190331, -0.3774718283719765, BFz, 0.0, 0.37747182837197646, 0.9260210682190321
Time, 0.218, Pos_X, 0.008977785800852197, Pos_Y, 0.021394112904282742, Pos_Z, 0.025143482177597546, BFx, 1.0, 0.0, 0.0,                             BFy, 0.0, 0.9220086426264235, -0.3871692949113891, BFz, 0.0, 0.387169294911389, 0.9220086426264225
Time, 0.22, Pos_X, 0.009277867750775798, Pos_Y, 0.02179358059468021, Pos_Z, 0.025632457084555693, BFx, 1.0, 0.0, 0.0,                             BFy, 0.0, 0.9178281844317706, -0.3969778631897268, BFz, 0.0, 0.3969778631897267, 0.9178281844317697
Time, 0.222, Pos_X, 0.009583444523299399, Pos_Y, 0.02219425724038684, Pos_Z, 0.026125069266698164, BFx, 1.0, 0.0, 0.0,                             BFy, 0.0, 0.9134758877993909, -0.40689286355147175, BFz, 0.0, 0.4068928635514717, 0.9134758877993899
Time, 0.224, Pos_X, 0.009894671990222998, Pos_Y, 0.022595964162577753, Pos_Z, 0.02662121254160037, BFx, 1.0, 0.0, 0.0,                             BFy, 0.0, 0.9089483001718123, -0.4169088480888541, BFz, 0.0, 0.416908848088854, 0.9089483001718114
Time, 0.226, Pos_X, 0.0102117300567466, Pos_Y, 0.022998513115358832, Pos_Z, 0.027120774674164457, BFx, 1.0, 0.0, 0.0,                             BFy, 0.0, 0.9042423718868149, -0.4270195930920608, BFz, 0.0, 0.4270195930920607, 0.9042423718868141
Time, 0.228, Pos_X, 0.0105348206014702, Pos_Y, 0.02340170748937825, Pos_Z, 0.027623637649036525, BFx, 1.0, 0.0, 0.0,                             BFy, 0.0, 0.899355540324231, -0.4372180372401307, BFz, 0.0, 0.4372180372401306, 0.8993555403242302
Time, 0.23, Pos_X, 0.0108641643741938, Pos_Y, 0.023805343619097353, Pos_Z, 0.028129677828102634, BFx, 1.0, 0.0, 0.0,                             BFy, 0.0, 0.8942857541806141, -0.4474963573813892, BFz, 0.0, 0.4474963573813891, 0.8942857541806133
Time, 0.232, Pos_X, 0.0111999972745174, Pos_Y, 0.02420921260728936, Pos_Z, 0.02863876617650912, BFx, 1.0, 0.0, 0.0,                             BFy, 0.0, 0.8890314517993346, -0.45784612885943327, BFz, 0.0, 0.4578461288594331, 0.8890314517993341
Time, 0.234, Pos_X, 0.011542567125041, Pos_Y, 0.02461310235620666, Pos_Z, 0.029150768938095168, BFx, 1.0, 0.0, 0.0,                             BFy, 0.0, 0.8835916290953912, -0.4682582973024123, BFz, 0.0, 0.4682582973024121, 0.8835916290953907
Time, 0.236, Pos_X, 0.011892129660164596, Pos_Y, 0.02501679932799809, Pos_Z, 0.029665548754509975, BFx, 1.0, 0.0, 0.0,                             BFy, 0.0, 0.8779658515225988, -0.47872326406829163, BFz, 0.0, 0.4787232640682914, 0.8779658515225983
Time, 0.238, Pos_X, 0.012248943531888197, Pos_Y, 0.02542009035559387, Pos_Z, 0.0301829658234957, BFx, 1.0, 0.0, 0.0,                             BFy, 0.0, 0.8721542391980052, -0.48923101194522595, BFz, 0.0, 0.4892310119452256, 0.8721542391980047
Time, 0.24, Pos_X, 0.012613265688011797, Pos_Y, 0.025822764295628256, Pos_Z, 0.030702879388214598, BFx, 1.0, 0.0, 0.0,                             BFy, 0.0, 0.8661574427761974, -0.4997712319885968, BFz, 0.0, 0.4997712319885964, 0.8661574427761967
Time, 0.242, Pos_X, 0.012985347809935398, Pos_Y, 0.026224613260751952, Pos_Z, 0.031225148518598533, BFx, 1.0, 0.0, 0.0,                             BFy, 0.0, 0.8599766128951782, -0.510333445183968, BFz, 0.0, 0.5103334451839675, 0.8599766128951775
Time, 0.244, Pos_X, 0.013365432810058997, Pos_Y, 0.02662543394505506, Pos_Z, 0.031749632181135926, BFx, 1.0, 0.0, 0.0,                             BFy, 0.0, 0.8536133569460963, -0.5209071288082142, BFz, 0.0, 0.5209071288082139, 0.8536133569460955
Time, 0.246, Pos_X, 0.013753751406982598, Pos_Y, 0.027025028925728254, Pos_Z, 0.03227619010346471, BFx, 1.0, 0.0, 0.0,                             BFy, 0.0, 0.8470695254570004, -0.5314820966336057, BFz, 0.0, 0.5314820966336053, 0.8470695254569997
Time, 0.248, Pos_X, 0.0141505183109062, Pos_Y, 0.027423207650570432, Pos_Z, 0.032804684591589486, BFx, 1.0, 0.0, 0.0,                             BFy, 0.0, 0.8403471200083299, -0.5420486305616008, BFz, 0.0, 0.5420486305616004, 0.8403471200083291
Time, 0.25, Pos_X, 0.0145559288058298, Pos_Y, 0.027819787188468992, Pos_Z, 0.03333498287921554, BFx, 1.0, 0.0, 0.0,                             BFy, 0.0, 0.8334481349523952, -0.5525976894128085, BFz, 0.0, 0.5525976894128081, 0.8334481349523946
Time, 0.252, Pos_X, 0.0149701564341534, Pos_Y, 0.028214592466356467, Pos_Z, 0.03386695845656333, BFx, 1.0, 0.0, 0.0,                             BFy, 0.0, 0.8263743740066127, -0.5631211183974365, BFz, 0.0, 0.5631211183974358, 0.8263743740066121
Time, 0.254, Pos_X, 0.015393351430477, Pos_Y, 0.028607456406778475, Pos_Z, 0.034400491377691834, BFx, 1.0, 0.0, 0.0,                             BFy, 0.0, 0.8191273077039548, -0.5736117622344153, BFz, 0.0, 0.5736117622344147, 0.819127307703954
Time, 0.256, Pos_X, 0.0158256395726006, Pos_Y, 0.028998220078318218, Pos_Z, 0.034935468603967935, BFx, 1.0, 0.0, 0.0,                             BFy, 0.0, 0.8117079266223097, -0.584063559776256, BFz, 0.0, 0.5840635597762553, 0.811707926622309
Time, 0.258, Pos_X, 0.0162671216729242, Pos_Y, 0.029386732833853214, Pos_Z, 0.03547178444305932, BFx, 1.0, 0.0, 0.0,                             BFy, 0.0, 0.8041167114166494, -0.594471458036863, BFz, 0.0, 0.5944714580368623, 0.8041167114166488
Time, 0.26, Pos_X, 0.0167178740310478, Pos_Y, 0.02977285230514698, Pos_Z, 0.036009341285997906, BFx, 1.0, 0.0, 0.0,                             BFy, 0.0, 0.7963536294821173, -0.6048312961567543, BFz, 0.0, 0.6048312961567537, 0.7963536294821167
Time, 0.262, Pos_X, 0.0171779496603714, Pos_Y, 0.030156444003678493, Pos_Z, 0.036548050164880205, BFx, 1.0, 0.0, 0.0,                             BFy, 0.0, 0.7884181271304975, -0.6151397051174957, BFz, 0.0, 0.6151397051174949, 0.788418127130497
Time, 0.264, Pos_X, 0.017647380068495002, Pos_Y, 0.03053738127974082, Pos_Z, 0.03708783084205465, BFx, 1.0, 0.0, 0.0,                             BFy, 0.0, 0.7803091787124379, -0.6253939443399826, BFz, 0.0, 0.6253939443399819, 0.7803091787124374
Time, 0.266, Pos_X, 0.0181261776798186, Pos_Y, 0.030915545054964865, Pos_Z, 0.03762861126485191, BFx, 1.0, 0.0, 0.0,                             BFy, 0.0, 0.7720253547317707, -0.6355917334667628, BFz, 0.0, 0.635591733466762, 0.7720253547317704
Time, 0.268, Pos_X, 0.018614339178342203, Pos_Y, 0.03129082374534054, Pos_Z, 0.0381703263411027, BFx, 1.0, 0.0, 0.0,                             BFy, 0.0, 0.7635648485730792, -0.6457311530533212, BFz, 0.0, 0.6457311530533204, 0.7635648485730789
Time, 0.27, Pos_X, 0.0191118494254658, Pos_Y, 0.03166311324780776, Pos_Z, 0.03871291683344155, BFx, 1.0, 0.0, 0.0,                             BFy, 0.0, 0.7549255137777526, -0.6558105432572714, BFz, 0.0, 0.6558105432572706, 0.7549255137777524
Time, 0.272, Pos_X, 0.0196186857761894, Pos_Y, 0.032032316537228295, Pos_Z, 0.03925632832676252, BFx, 1.0, 0.0, 0.0,                             BFy, 0.0, 0.7461048882923632, -0.6658284281000937, BFz, 0.0, 0.6658284281000929, 0.7461048882923631
Time, 0.274, Pos_X, 0.020134822661713, Pos_Y, 0.032398343462239444, Pos_Z, 0.03980051019264766, BFx, 1.0, 0.0, 0.0,                             BFy, 0.0, 0.7371001881429723, -0.6757834805909335, BFz, 0.0, 0.6757834805909327, 0.7371001881429723
Time, 0.276, Pos_X, 0.0206602367452366, Pos_Y, 0.03276111058877879, Pos_Z, 0.040345414785620065, BFx, 1.0, 0.0, 0.0,                             BFy, 0.0, 0.7279083388577797, -0.685674449153029, BFz, 0.0, 0.6856744491530282, 0.7279083388577796
Time, 0.278, Pos_X, 0.0211949121813602, Pos_Y, 0.03312054081768568, Pos_Z, 0.04089099663020147, BFx, 1.0, 0.0, 0.0,                             BFy, 0.0, 0.7185259639826485, -0.69550013593299, BFz, 0.0, 0.6955001359329893, 0.7185259639826485
Time, 0.28, Pos_X, 0.021738845756683802, Pos_Y, 0.03347656323793799, Pos_Z, 0.04143721127034823, BFx, 1.0, 0.0, 0.0,                             BFy, 0.0, 0.7089494859035319, -0.7052592618584456, BFz, 0.0, 0.7052592618584449, 0.708949485903532
Time, 0.282, Pos_X, 0.02229205236480739, Pos_Y, 0.0338291134385251, Pos_Z, 0.04198401364980861, BFx, 1.0, 0.0, 0.0,                             BFy, 0.0, 0.6991752292094021, -0.7149503471290723, BFz, 0.0, 0.7149503471290716, 0.6991752292094024
Time, 0.284, Pos_X, 0.02285457037453099, Pos_Y, 0.03417813418366201, Pos_Z, 0.042531356403807015, BFx, 1.0, 0.0, 0.0,                             BFy, 0.0, 0.6891995757047013, -0.7245715595084178, BFz, 0.0, 0.724571559508417, 0.6891995757047016
Time, 0.286, Pos_X, 0.02342646689105459, Pos_Y, 0.03452357616074198, Pos_Z, 0.0430791882177775, BFx, 1.0, 0.0, 0.0,                             BFy, 0.0, 0.6790191228298459, -0.7341205833045328, BFz, 0.0, 0.7341205833045321, 0.6790191228298461
Time, 0.288, Pos_X, 0.02400784265997819, Pos_Y, 0.03486539827769822, Pos_Z, 0.04362745288575673, BFx, 1.0, 0.0, 0.0,                             BFy, 0.0, 0.668630782819782, -0.7435945644407348, BFz, 0.0, 0.7435945644407341, 0.6686307828197822
Time, 0.29, Pos_X, 0.02459883581770179, Pos_Y, 0.03520356777954143, Pos_Z, 0.044176088994909365, BFx, 1.0, 0.0, 0.0,                             BFy, 0.0, 0.6580320021860656, -0.752989962814245, BFz, 0.0, 0.7529899628142444, 0.6580320021860657
Time, 0.292, Pos_X, 0.02519962512122539, Pos_Y, 0.0355380604767253, Pos_Z, 0.04472502935605625, BFx, 1.0, 0.0, 0.0,                             BFy, 0.0, 0.6472208025255812, -0.7623025861022266, BFz, 0.0, 0.7623025861022259, 0.6472208025255815
Time, 0.294, Pos_X, 0.025810433074748992, Pos_Y, 0.03586886155652725, Pos_Z, 0.04527420056817471, BFx, 1.0, 0.0, 0.0,                             BFy, 0.0, 0.6361958355324587, -0.7715276137969118, BFz, 0.0, 0.7715276137969113, 0.636195835532459
Time, 0.296, Pos_X, 0.026431528492472593, Pos_Y, 0.03619596657386416, Pos_Z, 0.045823522654800726, BFx, 1.0, 0.0, 0.0,                             BFy, 0.0, 0.6249563338931824, -0.7806597086610743, BFz, 0.0, 0.7806597086610736, 0.6249563338931826
Time, 0.298, Pos_X, 0.027063228034196193, Pos_Y, 0.036519382837800055, Pos_Z, 0.04637290866062666, BFx, 1.0, 0.0, 0.0,                             BFy, 0.0, 0.6135020569945832, -0.7896931214487153, BFz, 0.0, 0.7896931214487146, 0.6135020569945834
Time, 0.3, Pos_X, 0.027705896670119794, Pos_Y, 0.03683913111689291, Pos_Z, 0.04692226438322101, BFx, 1.0, 0.0, 0.0,                             BFy, 0.0, 0.6018332340951141, -0.7986217867918552, BFz, 0.0, 0.7986217867918547, 0.6018332340951145
Time, 0.302, Pos_X, 0.028359947764243394, Pos_Y, 0.03715524680691868, Pos_Z, 0.047471488356526155, BFx, 1.0, 0.0, 0.0,                             BFy, 0.0, 0.5899503552336114, -0.8074395199392554, BFz, 0.0, 0.8074395199392549, 0.5899503552336117
Time, 0.304, Pos_X, 0.029025842476166994, Pos_Y, 0.03746778112867554, Pos_Z, 0.048020472473106285, BFx, 1.0, 0.0, 0.0,                             BFy, 0.0, 0.5778540017478994, -0.8161401550370735, BFz, 0.0, 0.8161401550370729, 0.5778540017478997
Time, 0.306, Pos_X, 0.029704088792890597, Pos_Y, 0.0377768026970592, Pos_Z, 0.04856910263159168, BFx, 1.0, 0.0, 0.0,                             BFy, 0.0, 0.5655447710959635, -0.8247175952324611, BFz, 0.0, 0.8247175952324607, 0.5655447710959637
Time, 0.308, Pos_X, 0.0303952400968142, Pos_Y, 0.0380823996247703, Pos_Z, 0.04911725939926954, BFx, 1.0, 0.0, 0.0,                             BFy, 0.0, 0.5530232041510855, -0.8331658512387954, BFz, 0.0, 0.8331658512387949, 0.5530232041510857
Time, 0.31, Pos_X, 0.031099892979537802, Pos_Y, 0.038384682155938064, Pos_Z, 0.04966481871739269, BFx, 1.0, 0.0, 0.0,                             BFy, 0.0, 0.5402896097009211, -0.8414791367878506, BFz, 0.0, 0.8414791367878501, 0.5402896097009213
Time, 0.312, Pos_X, 0.031818684418061405, Pos_Y, 0.03868378477060418, Pos_Z, 0.050211652730016466, BFx, 1.0, 0.0, 0.0,                             BFy, 0.0, 0.5273440498844483, -0.849651842257444, BFz, 0.0, 0.8496518422574436, 0.5273440498844485
Time, 0.314, Pos_X, 0.032552289051985005, Pos_Y, 0.038979868539559585, Pos_Z, 0.05075763057233243, BFx, 1.0, 0.0, 0.0,                             BFy, 0.0, 0.5141861814875508, -0.8576785940941113, BFz, 0.0, 0.8576785940941111, 0.514186181487551
Time, 0.316, Pos_X, 0.03330141678130861, Pos_Y, 0.03927312395822441, Pos_Z, 0.05130261915604203, BFx, 1.0, 0.0, 0.0,                             BFy, 0.0, 0.500815174954071, -0.865554250486775, BFz, 0.0, 0.8655542504867749, 0.5008151749540712
Time, 0.318, Pos_X, 0.03406680974663221, Pos_Y, 0.039563773514813654, Pos_Z, 0.0518464843185828, BFx, 1.0, 0.0, 0.0,                             BFy, 0.0, 0.48722951530627867, -0.8732739543891187, BFz, 0.0, 0.8732739543891186, 0.48722951530627895
