Time, 0, Pos_X, 0.0, Pos_Y, 0.0, Pos_Z, 0.0, BFx, 1.0, 0.0, 0.0,                         BFy, 0.0, 1.0, 0.0, BFz, 0.0, 0.0, 1.0
Time, 0.0, Pos_X, 0.0, Pos_Y, 0.0, Pos_Z, 0.0, BFx, 1.0, 0.0, 0.0,                             BFy, 0.0, 1.0, 0.0, BFz, 0.0, 0.0, 1.0
Time, 0.002, Pos_X, -5.921967e-07, Pos_Y, 5.902215654884279e-07, Pos_Z, 3.021446529843533e-06, BFx, 1.0, 0.0, 0.0,                             BFy, 0.0, 0.9999993515165815, -0.0011388443338260473, BFz, 0.0, 0.0011388443338260473, 0.9999993515165815
Time, 0.004, Pos_X, -2.3505922400000002e-06, Pos_Y, 2.325977961638753e-06, Pos_Z, 1.2249061606658605e-05, BFx, 1.0, 0.0, 0.0,                             BFy, 0.0, 0.9999974946781576, -0.00223844531065615, BFz, 0.0, 0.0022384453106561505, 0.9999974946781576
Time, 0.006, Pos_X, -5.24404522e-06, Pos_Y, 5.14785526124773e-06, Pos_Z, 2.8008748938551594e-05, BFx, 1.0, 0.0, 0.0,                             BFy, 0.0, 0.9999945857203506, -0.0032906731811121926, BFz, 0.0, 0.0032906731811121934, 0.9999945857203507
Time, 0.008, Pos_X, -9.252419180000002e-06, Pos_Y, 9.018850593134275e-06, Pos_Z, 5.062424744039015e-05, BFx, 1.0, 0.0, 0.0,                             BFy, 0.0, 0.9999908132223285, -0.004286428693795961, BFz, 0.0, 0.004286428693795961, 0.9999908132223284
Time, 0.01, Pos_X, -1.4367657660000002e-05, Pos_Y, 1.3927708337373346e-05, Pos_Z, 8.041525033462944e-05, BFx, 1.0, 0.0, 0.0,                             BFy, 0.0, 0.9999863966497433, -0.005215986528240744, BFz, 0.0, 0.005215986528240745, 0.9999863966497433
Time, 0.012, Pos_X, -2.059549238e-05, Pos_Y, 1.989230466272479e-05, Pos_Z, 0.00011769543154987848, BFx, 1.0, 0.0, 0.0,                             BFy, 0.0, 0.9999815796109331, -0.006069632511394614, BFz, 0.0, 0.006069632511394615, 0.9999815796109329
Time, 0.014, Pos_X, -2.795768518e-05, Pos_Y, 2.6963500422239558e-05, Pos_Z, 0.00016276994705559513, BFx, 1.0, 0.0, 0.0,                             BFy, 0.0, 0.9999766197003676, -0.006838132246974643, BFz, 0.0, 0.006838132246974644, 0.9999766197003673
Time, 0.016, Pos_X, -3.649428076e-05, Pos_Y, 3.522941185508053e-05, Pos_Z, 0.00021593230596176374, BFx, 1.0, 0.0, 0.0,                             BFy, 0.0, 0.9999717721105831, -0.007513653041012672, BFz, 0.0, 0.007513653041012673, 0.9999717721105827
Time, 0.018, Pos_X, -4.626504915999999e-05, Pos_Y, 4.481870817909896e-05, Pos_Z, 0.0002774607059328459, BFx, 1.0, 0.0, 0.0,                             BFy, 0.0, 0.9999672706963617, -0.008090583172460003, BFz, 0.0, 0.008090583172460003, 0.9999672706963613
Time, 0.02, Pos_X, -5.734994984e-05, Pos_Y, 5.590291007568206e-05, Pos_Z, 0.0003476142962022923, BFx, 1.0, 0.0, 0.0,                             BFy, 0.0, 0.999963308332756, -0.008566328747500985, BFz, 0.0, 0.008566328747500983, 0.9999633083327557
Time, 0.022, Pos_X, -6.984979803999998e-05, Pos_Y, 6.869791796646914e-05, Pos_Z, 0.0004266299521333376, BFx, 1.0, 0.0, 0.0,                             BFy, 0.0, 0.9999600206363478, -0.00894187502460322, BFz, 0.0, 0.008941875024603219, 0.9999600206363475
Time, 0.024, Pos_X, -8.38876284e-05, Pos_Y, 8.34648652238096e-05, Pos_Z, 0.0005147191837771899, BFx, 1.0, 0.0, 0.0,                             BFy, 0.0, 0.9999574750003789, -0.009222157603693475, BFz, 0.0, 0.009222157603693472, 0.9999574750003786
Time, 0.026, Pos_X, -9.961017545999998e-05, Pos_Y, 0.00010051056835035013, Pos_Z, 0.0006120649307824487, BFx, 1.0, 0.0, 0.0,                             BFy, 0.0, 0.9999556684217361, -0.009416007181379499, BFz, 0.0, 0.009416007181379495, 0.9999556684217357
Time, 0.028, Pos_X, -0.00011718872781999999, Pos_Y, 0.00012018653487067338, Pos_Z, 0.0007188179343829319, BFx, 1.0, 0.0, 0.0,                             BFy, 0.0, 0.9999545510920629, -0.009533926277861614, BFz, 0.0, 0.009533926277861609, 0.9999545510920624
Time, 0.03, Pos_X, -0.00013681960157999997, Pos_Y, 0.00014288679396844172, Pos_Z, 0.0008350934245248259, BFx, 1.0, 0.0, 0.0,                             BFy, 0.0, 0.9999540021897744, -0.009591324447320259, BFz, 0.0, 0.009591324447320252, 0.9999540021897738
Time, 0.032, Pos_X, -0.00015872465983999997, Pos_Y, 0.00016904525699708392, Pos_Z, 0.000960968969225452, BFx, 1.0, 0.0, 0.0,                             BFy, 0.0, 0.9999538689205028, -0.009605208530728424, BFz, 0.0, 0.009605208530728417, 0.9999538689205022
Time, 0.034, Pos_X, -0.0001831518362, Pos_Y, 0.0001991324333967669, Pos_Z, 0.0010964835603342383, BFx, 1.0, 0.0, 0.0,                             BFy, 0.0, 0.9999539821856889, -0.009593409768374786, BFz, 0.0, 0.009593409768374778, 0.9999539821856884
Time, 0.036, Pos_X, -0.00021037505315999993, Pos_Y, 0.00023365119977671666, Pos_Z, 0.0012416377025839065, BFx, 1.0, 0.0, 0.0,                             BFy, 0.0, 0.9999541717840469, -0.00957362688230564, BFz, 0.0, 0.00957362688230563, 0.9999541717840464
Time, 0.038, Pos_X, -0.00024069339203999996, Pos_Y, 0.0002731313572798198, Pos_Z, 0.0013963935211760313, BFx, 1.0, 0.0, 0.0,                             BFy, 0.0, 0.999954276719741, -0.009562660189537076, BFz, 0.0, 0.009562660189537064, 0.9999542767197404
Time, 0.04, Pos_X, -0.00027443020204, Pos_Y, 0.0003181237198056889, Pos_Z, 0.0015606742275289397, BFx, 1.0, 0.0, 0.0,                             BFy, 0.0, 0.9999541553432175, -0.009575343953797593, BFz, 0.0, 0.009575343953797581, 0.9999541553432165
Time, 0.042, Pos_X, -0.00031193188914000006, Pos_Y, 0.00036919340234956694, Pos_Z, 0.0017343638755340732, BFx, 1.0, 0.0, 0.0,                             BFy, 0.0, 0.9999536891222071, -0.009623908295967567, BFz, 0.0, 0.009623908295967556, 0.9999536891222062
Time, 0.044, Pos_X, -0.00035356649593999993, Pos_Y, 0.000426912151842201, Pos_Z, 0.0019173084437374265, BFx, 1.0, 0.0, 0.0,                             BFy, 0.0, 0.9999527832180395, -0.009717578633447486, BFz, 0.0, 0.009717578633447474, 0.9999527832180385
Time, 0.046, Pos_X, -0.00039972204894, Pos_Y, 0.0004918508125408644, Pos_Z, 0.0021093188061931632, BFx, 1.0, 0.0, 0.0,                             BFy, 0.0, 0.9999513679438706, -0.009862137049489123, BFz, 0.0, 0.00986213704948911, 0.9999513679438694
Time, 0.048, Pos_X, -0.00045080419354, Pos_Y, 0.0005645721379765376, Pos_Z, 0.0023101748596409534, BFx, 1.0, 0.0, 0.0,                             BFy, 0.0, 0.9999493984014096, -0.010059852715622463, BFz, 0.0, 0.01005985271562245, 0.9999493984014085
Time, 0.05, Pos_X, -0.00050723298394, Pos_Y, 0.0006456238639612459, Pos_Z, 0.0025196300152131035, BFx, 1.0, 0.0, 0.0,                             BFy, 0.0, 0.999946855731869, -0.010309496202507451, BFz, 0.0, 0.010309496202507437, 0.9999468557318679
Time, 0.052, Pos_X, -0.0005694391285399999, Pos_Y, 0.0007355321916317205, Pos_Z, 0.0027374162764012664, BFx, 1.0, 0.0, 0.0,                             BFy, 0.0, 0.9999437493517351, -0.010606513677701766, BFz, 0.0, 0.010606513677701754, 0.999943749351734
Time, 0.054, Pos_X, -0.00063785982394, Pos_Y, 0.0008347956748407086, Pos_Z, 0.00296324943246752, BFx, 1.0, 0.0, 0.0,                             BFy, 0.0, 0.9999401178556625, -0.010943523326819785, BFz, 0.0, 0.010943523326819773, 0.9999401178556614
Time, 0.056, Pos_X, -0.00071293435974, Pos_Y, 0.0009438807028708787, Pos_Z, 0.0031968383598152544, BFx, 1.0, 0.0, 0.0,                             BFy, 0.0, 0.9999360270496757, -0.01131113646417062, BFz, 0.0, 0.011311136464170606, 0.9999360270496745
Time, 0.058, Pos_X, -0.0007950981095400001, Pos_Y, 0.0010632159857944295, Pos_Z, 0.003437888842096542, BFx, 1.0, 0.0, 0.0,                             BFy, 0.0, 0.9999315647004555, -0.011698970711106016, BFz, 0.0, 0.011698970711106, 0.9999315647004543
Time, 0.06, Pos_X, -0.0008847749417399998, Pos_Y, 0.0011931865282502748, Pos_Z, 0.0036861023157408173, BFx, 1.0, 0.0, 0.0,                             BFy, 0.0, 0.9999268335950648, -0.012096588632664726, BFz, 0.0, 0.01209658863266471, 0.9999268335950636
Time, 0.062, Pos_X, -0.00098237044194, Pos_Y, 0.0013341303430864085, Pos_Z, 0.0039411787045563465, BFx, 1.0, 0.0, 0.0,                             BFy, 0.0, 0.9999219432929733, -0.01249429154469801, BFz, 0.0, 0.012494291544697998, 0.9999219432929721
Time, 0.064, Pos_X, -0.0010882652319400001, Pos_Y, 0.0014863364537641777, Pos_Z, 0.004202819094943719, BFx, 1.0, 0.0, 0.0,                             BFy, 0.0, 0.9999170025527931, -0.012883633254542634, BFz, 0.0, 0.012883633254542623, 0.9999170025527919
Time, 0.066, Pos_X, -0.0012028074825400003, Pos_Y, 0.0016500427793516748, Pos_Z, 0.004470729217915362, BFx, 1.0, 0.0, 0.0,                             BFy, 0.0, 0.9999121138137743, -0.013257626049548629, BFz, 0.0, 0.013257626049548618, 0.9999121138137731
Time, 0.068, Pos_X, -0.0013263056347400004, Pos_Y, 0.001825434659940419, Pos_Z, 0.004744623373599575, BFx, 1.0, 0.0, 0.0,                             BFy, 0.0, 0.9999073654131395, -0.013611046710463306, BFz, 0.0, 0.013611046710463294, 0.9999073654131384
Time, 0.07, Pos_X, -0.0014590215487400005, Pos_Y, 0.0020126449072723823, Pos_Z, 0.005024227676228696, BFx, 1.0, 0.0, 0.0,                             BFy, 0.0, 0.9999028320901714, -0.013940099642935315, BFz, 0.0, 0.013940099642935301, 0.9999028320901703
Time, 0.072, Pos_X, -0.0016011641737399996, Pos_Y, 0.0022117548713637895, Pos_Z, 0.00530928127902868, BFx, 1.0, 0.0, 0.0,                             BFy, 0.0, 0.9998985780047828, -0.014241969808068041, BFz, 0.0, 0.014241969808068026, 0.9998985780047817
Time, 0.074, Pos_X, -0.0017528847849399996, Pos_Y, 0.0024227969172735107, Pos_Z, 0.005599534814790488, BFx, 1.0, 0.0, 0.0,                             BFy, 0.0, 0.9998946606455872, -0.014514393285518604, BFz, 0.0, 0.014514393285518587, 0.9998946606455861
Time, 0.076, Pos_X, -0.0019142713223399997, Pos_Y, 0.002645756883878473, Pos_Z, 0.005894745368115722, BFx, 1.0, 0.0, 0.0,                             BFy, 0.0, 0.9998911342559949, -0.014755325691445574, BFz, 0.0, 0.014755325691445558, 0.9998911342559937
Time, 0.078, Pos_X, -0.00208534427094, Pos_Y, 0.0028805769510726197, Pos_Z, 0.0061946715985002005, BFx, 1.0, 0.0, 0.0,                             BFy, 0.0, 0.9998880512947421, -0.014962783096864383, BFz, 0.0, 0.014962783096864366, 0.9998880512947411
Time, 0.08, Pos_X, -0.00226605620374, Pos_Y, 0.003127160068107952, Pos_Z, 0.006499071539842849, BFx, 1.0, 0.0, 0.0,                             BFy, 0.0, 0.9998854618981645, -0.015134830183884616, BFz, 0.0, 0.0151348301838846, 0.9998854618981635
Time, 0.082, Pos_X, -0.00245629141154, Pos_Y, 0.003385375586044052, Pos_Z, 0.006807700575903859, BFx, 1.0, 0.0, 0.0,                             BFy, 0.0, 0.9998834113559008, -0.015269698598438864, BFz, 0.0, 0.015269698598438847, 0.9998834113558999
Time, 0.084, Pos_X, -0.0026558667317400004, Pos_Y, 0.003655065747628457, Pos_Z, 0.007120308632429821, BFx, 1.0, 0.0, 0.0,                             BFy, 0.0, 0.9998819340731729, -0.015366128793293033, BFz, 0.0, 0.015366128793293014, 0.9998819340731719
Time, 0.086, Pos_X, -0.002864534654339999, Pos_Y, 0.003936052300259708, Pos_Z, 0.007436636237150202, BFx, 1.0, 0.0, 0.0,                             BFy, 0.0, 0.9998810482978111, -0.01542365893267222, BFz, 0.0, 0.015423658932672201, 0.9998810482978101
Time, 0.088, Pos_X, -0.003081988482339999, Pos_Y, 0.004228143553104697, Pos_Z, 0.0077564098130826565, BFx, 1.0, 0.0, 0.0,                             BFy, 0.0, 0.9998807506929547, -0.015442939930422726, BFz, 0.0, 0.01544293993042271, 0.9998807506929538
Time, 0.09, Pos_X, -0.0033078688655399993, Pos_Y, 0.00453114165107137, Pos_Z, 0.008079337142751468, BFx, 1.0, 0.0, 0.0,                             BFy, 0.0, 0.9998810089163409, -0.015426211733325835, BFz, 0.0, 0.015426211733325819, 0.9998810089163398
Time, 0.092, Pos_X, -0.0035417704599399994, Pos_Y, 0.004844849858639867, Pos_Z, 0.008405103406304584, BFx, 1.0, 0.0, 0.0,                             BFy, 0.0, 0.9998817569189551, -0.015377651988014912, BFz, 0.0, 0.015377651988014896, 0.999881756918954
Time, 0.094, Pos_X, -0.0037832484135399995, Pos_Y, 0.005169079388444989, Pos_Z, 0.008733367232333486, BFx, 1.0, 0.0, 0.0,                             BFy, 0.0, 0.9998828908577766, -0.015303743656249933, BFz, 0.0, 0.015303743656249919, 0.9998828908577756
Time, 0.096, Pos_X, -0.00403182853754, Pos_Y, 0.0055036577137178916, Pos_Z, 0.009063759557591125, BFx, 1.0, 0.0, 0.0,                             BFy, 0.0, 0.9998842712930373, -0.01521328435258925, BFz, 0.0, 0.015213284352589236, 0.9998842712930363
Time, 0.098, Pos_X, -0.00428702079854, Pos_Y, 0.005848437746407527, Pos_Z, 0.009395885557825029, BFx, 1.0, 0.0, 0.0,                             BFy, 0.0, 0.9998857232116803, -0.015117556596737273, BFz, 0.0, 0.01511755659673726, 0.9998857232116793
Time, 0.1, Pos_X, -0.00454832961874, Pos_Y, 0.00620330444628963, Pos_Z, 0.009729324764866296, BFx, 1.0, 0.0, 0.0,                             BFy, 0.0, 0.9998870376725513, -0.01503036574439382, BFz, 0.0, 0.015030365744393806, 0.9998870376725503
Time, 0.102, Pos_X, -0.004815262390739998, Pos_Y, 0.006568180100610777, Pos_Z, 0.010063629056322715, BFx, 1.0, 0.0, 0.0,                             BFy, 0.0, 0.9998879759061314, -0.014967820093126137, BFz, 0.0, 0.014967820093126121, 0.9998879759061303
Time, 0.104, Pos_X, -0.005087340088139999, Pos_Y, 0.0069430289606945495, Pos_Z, 0.010398321581527436, BFx, 1.0, 0.0, 0.0,                             BFy, 0.0, 0.999888272325228, -0.014948005434555971, BFz, 0.0, 0.014948005434555956, 0.9998882723252269
Time, 0.106, Pos_X, -0.005364107953539999, Pos_Y, 0.0073278604768374275, Pos_Z, 0.010732898986239865, BFx, 1.0, 0.0, 0.0,                             BFy, 0.0, 0.9998876364354709, -0.014990480428892, BFz, 0.0, 0.014990480428891985, 0.9998876364354697
Time, 0.108, Pos_X, -0.005645144222739999, Pos_Y, 0.007722731464169318, Pos_Z, 0.01106683672326171, BFx, 1.0, 0.0, 0.0,                             BFy, 0.0, 0.9998857530262683, -0.01511558451049731, BFz, 0.0, 0.015115584510497297, 0.9998857530262673
Time, 0.11, Pos_X, -0.005930066644039999, Pos_Y, 0.008127747225484752, Pos_Z, 0.011399595900799763, BFx, 1.0, 0.0, 0.0,                             BFy, 0.0, 0.9998822792529932, -0.015343651320348822, BFz, 0.0, 0.015343651320348806, 0.9998822792529923
Time, 0.112, Pos_X, -0.006218537076839999, Pos_Y, 0.008543061949399132, Pos_Z, 0.011730630534963595, BFx, 1.0, 0.0, 0.0,                             BFy, 0.0, 0.9998768373767375, -0.01569426893787855, BFz, 0.0, 0.015694268937878536, 0.9998768373767366
Time, 0.114, Pos_X, -0.006510265520839999, Pos_Y, 0.008968877549011869, Pos_Z, 0.01205939351096612, BFx, 1.0, 0.0, 0.0,                             BFy, 0.0, 0.9998690092778721, -0.016185310799852505, BFz, 0.0, 0.01618531079985249, 0.9998690092778713
Time, 0.116, Pos_X, -0.006805012316639999, Pos_Y, 0.009405439434785588, Pos_Z, 0.01238534179730362, BFx, 1.0, 0.0, 0.0,                             BFy, 0.0, 0.9998583273059076, -0.016832270109333497, BFz, 0.0, 0.016832270109333483, 0.9998583273059067
Time, 0.118, Pos_X, -0.007102589279359997, Pos_Y, 0.00985303177159646, Pos_Z, 0.012707942306892837, BFx, 1.0, 0.0, 0.0,                             BFy, 0.0, 0.9998442677546158, -0.017647669484597887, BFz, 0.0, 0.017647669484597873, 0.9998442677546149
Time, 0.12, Pos_X, -0.007402858993719998, Pos_Y, 0.010311971711761639, Pos_Z, 0.013026680520452224, BFx, 1.0, 0.0, 0.0,                             BFy, 0.0, 0.9998262498094699, -0.01864055235052131, BFz, 0.0, 0.018640552350521294, 0.999826249809469
Time, 0.122, Pos_X, -0.007705734465199998, Pos_Y, 0.010782604068934021, Pos_Z, 0.013341067518396465, BFx, 1.0, 0.0, 0.0,                             BFy, 0.0, 0.999803645550105, -0.019815911402730025, BFz, 0.0, 0.019815911402730008, 0.999803645550104
Time, 0.124, Pos_X, -0.008011180250679997, Pos_Y, 0.011265297393228535, Pos_Z, 0.013650648368004155, BFx, 1.0, 0.0, 0.0,                             BFy, 0.0, 0.9997757939863572, -0.021174554515978845, BFz, 0.0, 0.021174554515978827, 0.9997757939863562
Time, 0.126, Pos_X, -0.008319210081559997, Pos_Y, 0.011760436805764999, Pos_Z, 0.013955018640197743, BFx, 1.0, 0.0, 0.0,                             BFy, 0.0, 0.999742025191494, -0.022713059371453483, BFz, 0.0, 0.022713059371453466, 0.999742025191493
Time, 0.128, Pos_X, -0.008629882281159997, Pos_Y, 0.012268415179490916, Pos_Z, 0.014253837165031289, BFx, 1.0, 0.0, 0.0,                             BFy, 0.0, 0.9997016984800975, -0.024423637239551845, BFz, 0.0, 0.024423637239551828, 0.9997016984800965
Time, 0.13, Pos_X, -0.008943291578279996, Pos_Y, 0.01278962364509146, Pos_Z, 0.014546829040169415, BFx, 1.0, 0.0, 0.0,                             BFy, 0.0, 0.9996542428122783, -0.02629438775502456, BFz, 0.0, 0.026294387755024535, 0.9996542428122773
Time, 0.132, Pos_X, -0.009259558817399996, Pos_Y, 0.013324442082259639, Pos_Z, 0.014833785759891591, BFx, 1.0, 0.0, 0.0,                             BFy, 0.0, 0.999599200009894, -0.028309703982578625, BFz, 0.0, 0.028309703982578597, 0.999599200009893
Time, 0.134, Pos_X, -0.009578823967019996, Pos_Y, 0.013873232593292885, Pos_Z, 0.01511456724877854, BFx, 1.0, 0.0, 0.0,                             BFy, 0.0, 0.9995362629903811, -0.030450927198115686, BFz, 0.0, 0.03045092719811566, 0.9995362629903801
Time, 0.136, Pos_X, -0.009901240609479996, Pos_Y, 0.014436334962712662, Pos_Z, 0.015389105774854231, BFx, 1.0, 0.0, 0.0,                             BFy, 0.0, 0.9994653070493966, -0.032697094743361285, BFz, 0.0, 0.03269709474336125, 0.9994653070493957
Time, 0.138, Pos_X, -0.010226969540879996, Pos_Y, 0.01501406366432561, Pos_Z, 0.015657410080324646, BFx, 1.0, 0.0, 0.0,                             BFy, 0.0, 0.9993864039077878, -0.035025928742300996, BFz, 0.0, 0.03502592874230096, 0.9993864039077869
Time, 0.14, Pos_X, -0.010556173793379996, Pos_Y, 0.015606705798222785, Pos_Z, 0.015919567704537653, BFx, 1.0, 0.0, 0.0,                             BFy, 0.0, 0.9992998142162139, -0.037414987738084056, BFz, 0.0, 0.03741498773808402, 0.9992998142162131
Time, 0.142, Pos_X, -0.010889014566499992, Pos_Y, 0.016214518782795898, Pos_Z, 0.016175743930914255, BFx, 1.0, 0.0, 0.0,                             BFy, 0.0, 0.9992059535748157, -0.03984297103183679, BFz, 0.0, 0.03984297103183674, 0.9992059535748149
Time, 0.144, Pos_X, -0.011225646689939991, Pos_Y, 0.01683772838628748, Pos_Z, 0.01642617839365927, BFx, 1.0, 0.0, 0.0,                             BFy, 0.0, 0.9991053311578402, -0.04229110133329219, BFz, 0.0, 0.042291101333292135, 0.9991053311578395
Time, 0.146, Pos_X, -0.011566215570379991, Pos_Y, 0.017476527899590824, Pos_Z, 0.01667118146843874, BFx, 1.0, 0.0, 0.0,                             BFy, 0.0, 0.9989984822485858, -0.04474407742955811, BFz, 0.0, 0.044744077429558056, 0.9989984822485852
Time, 0.148, Pos_X, -0.011910855414419991, Pos_Y, 0.0181310783935002, Pos_Z, 0.016911131210762754, BFx, 1.0, 0.0, 0.0,                             BFy, 0.0, 0.9988858882721227, -0.04719091237529602, BFz, 0.0, 0.04719091237529597, 0.998885888272122
Time, 0.15, Pos_X, -0.012259687578459992, Pos_Y, 0.01880150941119687, Pos_Z, 0.017146470285312788, BFx, 1.0, 0.0, 0.0,                             BFy, 0.0, 0.9987679212231303, -0.04962498902394953, BFz, 0.0, 0.049624989023949476, 0.9987679212231296
Time, 0.152, Pos_X, -0.012612818982699992, Pos_Y, 0.019487920575044726, Pos_Z, 0.017377701089146647, BFx, 1.0, 0.0, 0.0,                             BFy, 0.0, 0.9986447888354418, -0.052044074896342926, BFz, 0.0, 0.05204407489634287, 0.9986447888354408
Time, 0.154, Pos_X, -0.012970340410339991, Pos_Y, 0.02019038371206906, Pos_Z, 0.017605378012642243, BFx, 1.0, 0.0, 0.0,                             BFy, 0.0, 0.998516520428703, -0.054449595324078164, BFz, 0.0, 0.054449595324078094, 0.998516520428702
Time, 0.156, Pos_X, -0.013332325629979993, Pos_Y, 0.020908944834501442, Pos_Z, 0.01783009757934144, BFx, 1.0, 0.0, 0.0,                             BFy, 0.0, 0.9983829898176089, -0.0568454540209906, BFz, 0.0, 0.05684545402099054, 0.9983829898176079
Time, 0.158, Pos_X, -0.013698832204419992, Pos_Y, 0.02164362702839426, Pos_Z, 0.018052488639033075, BFx, 1.0, 0.0, 0.0,                             BFy, 0.0, 0.9982439298369608, -0.05923729014447898, BFz, 0.0, 0.05923729014447892, 0.9982439298369596
Time, 0.16, Pos_X, -0.014069903469459993, Pos_Y, 0.0223944346078489, Pos_Z, 0.018273203590261057, BFx, 1.0, 0.0, 0.0,                             BFy, 0.0, 0.9980989668165626, -0.06163158637995676, BFz, 0.0, 0.0616315863799567, 0.9980989668165616
Time, 0.162, Pos_X, -0.014445570821899994, Pos_Y, 0.02316135714159357, Pos_Z, 0.018492910699289593, BFx, 1.0, 0.0, 0.0,                             BFy, 0.0, 0.997947660897422, -0.06403488197353051, BFz, 0.0, 0.06403488197353045, 0.997947660897421
Time, 0.164, Pos_X, -0.014825856381339994, Pos_Y, 0.02394437373555694, Pos_Z, 0.01871228782417095, BFx, 1.0, 0.0, 0.0,                             BFy, 0.0, 0.9977895559147536, -0.06645300675995665, BFz, 0.0, 0.06645300675995659, 0.9977895559147526
Time, 0.166, Pos_X, -0.015210776246579995, Pos_Y, 0.024743457400840246, Pos_Z, 0.01893201705531666, BFx, 1.0, 0.0, 0.0,                             BFy, 0.0, 0.9976242199353079, -0.06889060747640847, BFz, 0.0, 0.06889060747640842, 0.997624219935307
Time, 0.168, Pos_X, -0.015600343050219996, Pos_Y, 0.025558578453607664, Pos_Z, 0.019152780056889692, BFx, 1.0, 0.0, 0.0,                             BFy, 0.0, 0.9974512360661204, -0.07135146578850927, BFz, 0.0, 0.07135146578850923, 0.9974512360661195
Time, 0.17, Pos_X, -0.015994567815659996, Pos_Y, 0.026389707061422213, Pos_Z, 0.01937525339058845, BFx, 1.0, 0.0, 0.0,                             BFy, 0.0, 0.9972701872100431, -0.07383883600142874, BFz, 0.0, 0.0738388360014287, 0.9972701872100422
Time, 0.172, Pos_X, -0.01639346159769999, Pos_Y, 0.02723681459187555, Pos_Z, 0.019600103801925936, BFx, 1.0, 0.0, 0.0,                             BFy, 0.0, 0.9970806321052866, -0.07635583200072249, BFz, 0.0, 0.07635583200072243, 0.9970806321052856
Time, 0.174, Pos_X, -0.01679703734453999, Pos_Y, 0.028099874813441283, Pos_Z, 0.01982798351938777, BFx, 1.0, 0.0, 0.0,                             BFy, 0.0, 0.9968820838490452, -0.07890570892391821, BFz, 0.0, 0.07890570892391816, 0.9968820838490441
Time, 0.176, Pos_X, -0.01720531117697999, Pos_Y, 0.028978864663174092, Pos_Z, 0.020059525809560746, BFx, 1.0, 0.0, 0.0,                             BFy, 0.0, 0.9966739884086542, -0.08149209059526517, BFz, 0.0, 0.08149209059526512, 0.996673988408653
Time, 0.178, Pos_X, -0.017618303160019992, Pos_Y, 0.02987376406963997, Pos_Z, 0.020295341587629797, BFx, 1.0, 0.0, 0.0,                             BFy, 0.0, 0.9964557351159321, -0.08411877290217762, BFz, 0.0, 0.08411877290217755, 0.9964557351159309
Time, 0.18, Pos_X, -0.01803603981285999, Pos_Y, 0.030784556208970724, Pos_Z, 0.020536016408782973, BFx, 1.0, 0.0, 0.0,                             BFy, 0.0, 0.9962266792978984, -0.0867894201794368, BFz, 0.0, 0.08678942017943675, 0.9962266792978972
Time, 0.182, Pos_X, -0.018458552457499992, Pos_Y, 0.03171122565565199, Pos_Z, 0.020782109289247386, BFx, 1.0, 0.0, 0.0,                             BFy, 0.0, 0.9959861991638905, -0.08950693311173004, BFz, 0.0, 0.08950693311172997, 0.9959861991638892
Time, 0.184, Pos_X, -0.018885870491139992, Pos_Y, 0.03265375361010768, Pos_Z, 0.021034158856389283, BFx, 1.0, 0.0, 0.0,                             BFy, 0.0, 0.995733783293258, -0.09227260052960237, BFz, 0.0, 0.09227260052960233, 0.9957337832932567
Time, 0.186, Pos_X, -0.019318024550779994, Pos_Y, 0.033612118471328445, Pos_Z, 0.021292685605558935, BFx, 1.0, 0.0, 0.0,                             BFy, 0.0, 0.9954691308228042, -0.09508527530007474, BFz, 0.0, 0.0950852753000747, 0.9954691308228031
Time, 0.188, Pos_X, -0.019755050397419996, Pos_Y, 0.03458629793392776, Pos_Z, 0.021558182301807345, BFx, 1.0, 0.0, 0.0,                             BFy, 0.0, 0.9951922186375073, -0.09794104330338879, BFz, 0.0, 0.09794104330338875, 0.9951922186375062
Time, 0.19, Pos_X, -0.020196982533859997, Pos_Y, 0.03557626629456213, Pos_Z, 0.02183110625504506, BFx, 1.0, 0.0, 0.0,                             BFy, 0.0, 0.9949033501175585, -0.10083314893852491, BFz, 0.0, 0.10083314893852484, 0.9949033501175575
Time, 0.192, Pos_X, -0.020643852224499996, Pos_Y, 0.036581992523539844, Pos_Z, 0.022111879608387994, BFx, 1.0, 0.0, 0.0,                             BFy, 0.0, 0.9946031632745433, -0.10375233782557423, BFz, 0.0, 0.10375233782557416, 0.9946031632745423
Time, 0.194, Pos_X, -0.021095688039939997, Pos_Y, 0.037603438359459194, Pos_Z, 0.022400892566052485, BFx, 1.0, 0.0, 0.0,                             BFy, 0.0, 0.9942925870788103, -0.10668763414813606, BFz, 0.0, 0.106687634148136, 0.9942925870788093
Time, 0.196, Pos_X, -0.021552510939779997, Pos_Y, 0.03864055533971746, Pos_Z, 0.022698503977028276, BFx, 1.0, 0.0, 0.0,                             BFy, 0.0, 0.9939727588112639, -0.10962734486032659, BFz, 0.0, 0.10962734486032653, 0.9939727588112629
Time, 0.198, Pos_X, -0.022014328444419997, Pos_Y, 0.03969328290579897, Pos_Z, 0.023005039034137618, BFx, 1.0, 0.0, 0.0,                             BFy, 0.0, 0.9936448947700369, -0.11256030871245026, BFz, 0.0, 0.11256030871245021, 0.9936448947700359
Time, 0.2, Pos_X, -0.022481130982459997, Pos_Y, 0.040761547964976455, Pos_Z, 0.02332078430108649, BFx, 1.0, 0.0, 0.0,                             BFy, 0.0, 0.9933101286049394, -0.11547722031136122, BFz, 0.0, 0.11547722031136116, 0.9933101286049383
Time, 0.202, Pos_X, -0.022952888696699997, Pos_Y, 0.04184526436495448, Pos_Z, 0.023645982302126046, BFx, 1.0, 0.0, 0.0,                             BFy, 0.0, 0.992969392736556, -0.1183713862738576, BFz, 0.0, 0.11837138627385753, 0.992969392736555
Time, 0.204, Pos_X, -0.02342954869133999, Pos_Y, 0.04294433215318685, Pos_Z, 0.02398082945562732, BFx, 1.0, 0.0, 0.0,                             BFy, 0.0, 0.9926233013237917, -0.12123935693105777, BFz, 0.0, 0.12123935693105772, 0.9926233013237908
Time, 0.206, Pos_X, -0.02391102916797999, Pos_Y, 0.04405863642628442, Pos_Z, 0.02432547425389061, BFx, 1.0, 0.0, 0.0,                             BFy, 0.0, 0.9922721492281441, -0.12408054588112795, BFz, 0.0, 0.1240805458811279, 0.9922721492281432
Time, 0.208, Pos_X, -0.02439721222401999, Pos_Y, 0.04518804694185107, Pos_Z, 0.024680013943758114, BFx, 1.0, 0.0, 0.0,                             BFy, 0.0, 0.9919158935386719, -0.12689704545566413, BFz, 0.0, 0.12689704545566405, 0.9919158935386712
Time, 0.21, Pos_X, -0.02488794126325999, Pos_Y, 0.046332419635352694, Pos_Z, 0.025044493071768655, BFx, 1.0, 0.0, 0.0,                             BFy, 0.0, 0.9915541784498743, -0.12969314245014774, BFz, 0.0, 0.12969314245014768, 0.9915541784498734
Time, 0.212, Pos_X, -0.02538301898929999, Pos_Y, 0.04749159835890437, Pos_Z, 0.025418903567979663, BFx, 1.0, 0.0, 0.0,                             BFy, 0.0, 0.9911864824560395, -0.13247398611207745, BFz, 0.0, 0.1324739861120774, 0.9911864824560385
Time, 0.214, Pos_X, -0.02588220343107999, Pos_Y, 0.04866541677611243, Pos_Z, 0.02580318433778591, BFx, 1.0, 0.0, 0.0,                             BFy, 0.0, 0.9908122452052572, -0.13524457383317334, BFz, 0.0, 0.1352445738331733, 0.9908122452052562
Time, 0.216, Pos_X, -0.02638520426051999, Pos_Y, 0.049853700842750155, Pos_Z, 0.02619722003911534, BFx, 1.0, 0.0, 0.0,                             BFy, 0.0, 0.9904309317030906, -0.13800930956188254, BFz, 0.0, 0.13800930956188248, 0.9904309317030896
Time, 0.218, Pos_X, -0.02689168082067999, Pos_Y, 0.051056271660352884, Pos_Z, 0.02660083988978928, BFx, 1.0, 0.0, 0.0,                             BFy, 0.0, 0.9900420292793783, -0.140772086225821, BFz, 0.0, 0.1407720862258209, 0.9900420292793775
Time, 0.22, Pos_X, -0.02740124212009999, Pos_Y, 0.052272948412118256, Pos_Z, 0.02701381738526338, BFx, 1.0, 0.0, 0.0,                             BFy, 0.0, 0.989645039518058, -0.14353639175240976, BFz, 0.0, 0.14353639175240968, 0.989645039518057
Time, 0.222, Pos_X, -0.027913447595279993, Pos_Y, 0.053503551112927976, Pos_Z, 0.027435870822339836, BFx, 1.0, 0.0, 0.0,                             BFy, 0.0, 0.98923956537382, -0.14630475829246303, BFz, 0.0, 0.14630475829246295, 0.9892395653738189
Time, 0.224, Pos_X, -0.028427807297959993, Pos_Y, 0.05474790363898742, Pos_Z, 0.0278666660441581, BFx, 1.0, 0.0, 0.0,                             BFy, 0.0, 0.9888253927876522, -0.14907831022098936, BFz, 0.0, 0.14907831022098927, 0.9888253927876511
Time, 0.226, Pos_X, -0.028943784025539994, Pos_Y, 0.05600583785701411, Pos_Z, 0.02830582146149623, BFx, 1.0, 0.0, 0.0,                             BFy, 0.0, 0.9884024627803516, -0.15185707612665303, BFz, 0.0, 0.15185707612665297, 0.9884024627803504
Time, 0.228, Pos_X, -0.029460796184019995, Pos_Y, 0.05727719661359126, Pos_Z, 0.02875291386853732, BFx, 1.0, 0.0, 0.0,                             BFy, 0.0, 0.9879708214559585, -0.1546404085342469, BFz, 0.0, 0.15464040853424685, 0.9879708214559573
Time, 0.23, Pos_X, -0.029978221439161994, Pos_Y, 0.058561836370275004, Pos_Z, 0.029207482377743274, BFx, 1.0, 0.0, 0.0,                             BFy, 0.0, 0.9875305916658607, -0.1574272229446835, BFz, 0.0, 0.1574272229446834, 0.9875305916658595
Time, 0.232, Pos_X, -0.030495399433025993, Pos_Y, 0.0598596280861094, Pos_Z, 0.02966903376833866, BFx, 1.0, 0.0, 0.0,                             BFy, 0.0, 0.9870820178069081, -0.16021576115427139, BFz, 0.0, 0.16021576115427127, 0.987082017806907
Time, 0.234, Pos_X, -0.031011633819089994, Pos_Y, 0.06117045661704876, Pos_Z, 0.030137046345644236, BFx, 1.0, 0.0, 0.0,                             BFy, 0.0, 0.9866254843736032, -0.16300353856451202, BFz, 0.0, 0.16300353856451189, 0.9866254843736021
Time, 0.236, Pos_X, -0.03152619903739399, Pos_Y, 0.062494224192762626, Pos_Z, 0.03061096833173035, BFx, 1.0, 0.0, 0.0,                             BFy, 0.0, 0.9861615202107216, -0.16578738207619337, BFz, 0.0, 0.16578738207619323, 0.9861615202107207
Time, 0.238, Pos_X, -0.03203834980939799, Pos_Y, 0.06383085423490763, Pos_Z, 0.031090222964983864, BFx, 1.0, 0.0, 0.0,                             BFy, 0.0, 0.9856907757870923, -0.16856362160394778, BFz, 0.0, 0.16856362160394767, 0.9856907757870914
Time, 0.24, Pos_X, -0.03254733319140199, Pos_Y, 0.06518029328428161, Pos_Z, 0.031574221465317874, BFx, 1.0, 0.0, 0.0,                             BFy, 0.0, 0.9852139899632868, -0.17132832217884958, BFz, 0.0, 0.17132832217884947, 0.9852139899632858
Time, 0.242, Pos_X, -0.03305240040620599, Pos_Y, 0.06654251201369654, Pos_Z, 0.032062374179257336, BFx, 1.0, 0.0, 0.0,                             BFy, 0.0, 0.9847319572886368, -0.17407748933876865, BFz, 0.0, 0.17407748933876854, 0.9847319572886358
Time, 0.244, Pos_X, -0.03355281379620999, Pos_Y, 0.067917503274629, Pos_Z, 0.03255409638704426, BFx, 1.0, 0.0, 0.0,                             BFy, 0.0, 0.9842454798849989, -0.17680733957035397, BFz, 0.0, 0.17680733957035386, 0.984245479884998
Time, 0.246, Pos_X, -0.03404785283881399, Pos_Y, 0.06930527890952794, Pos_Z, 0.033048811034281075, BFx, 1.0, 0.0, 0.0,                             BFy, 0.0, 0.9837553538465887, -0.17951435535402557, BFz, 0.0, 0.17951435535402546, 0.9837553538465877
Time, 0.248, Pos_X, -0.034536822479417986, Pos_Y, 0.07070586722513957, Pos_Z, 0.03354595111262319, BFx, 1.0, 0.0, 0.0,                             BFy, 0.0, 0.9832623517050134, -0.18219535592194583, BFz, 0.0, 0.18219535592194572, 0.9832623517050124
Time, 0.25, Pos_X, -0.035019060687021986, Pos_Y, 0.07211931090810804, Pos_Z, 0.03404496293121978, BFx, 1.0, 0.0, 0.0,                             BFy, 0.0, 0.9827671801902778, -0.1848476928199223, BFz, 0.0, 0.1848476928199222, 0.9827671801902768
Time, 0.252, Pos_X, -0.035493944767225984, Pos_Y, 0.07354566510645856, Pos_Z, 0.03454531118168471, BFx, 1.0, 0.0, 0.0,                             BFy, 0.0, 0.9822704883504925, -0.18746916470631536, BFz, 0.0, 0.18746916470631525, 0.9822704883504914
Time, 0.254, Pos_X, -0.03596089792442998, Pos_Y, 0.07498499521338124, Pos_Z, 0.0350464839715235, BFx, 1.0, 0.0, 0.0,                             BFy, 0.0, 0.9817728376671996, -0.19005813641855268, BFz, 0.0, 0.19005813641855254, 0.9817728376671984
Time, 0.256, Pos_X, -0.036419395139833985, Pos_Y, 0.07643737472029727, Pos_Z, 0.035547995664351933, BFx, 1.0, 0.0, 0.0,                             BFy, 0.0, 0.9812747091761964, -0.19261346041014257, BFz, 0.0, 0.1926134604101424, 0.9812747091761953
Time, 0.258, Pos_X, -0.03686896819563799, Pos_Y, 0.07790288332782457, Pos_Z, 0.03604938923688085, BFx, 1.0, 0.0, 0.0,                             BFy, 0.0, 0.9807765228532717, -0.1951343440295537, BFz, 0.0, 0.19513434402955354, 0.9807765228532704
Time, 0.26, Pos_X, -0.037309209620641985, Pos_Y, 0.07938160405166662, Pos_Z, 0.036550240050678785, BFx, 1.0, 0.0, 0.0,                             BFy, 0.0, 0.9802786436697118, -0.19762029441600515, BFz, 0.0, 0.19762029441600498, 0.9802786436697106
Time, 0.262, Pos_X, -0.037739775522245986, Pos_Y, 0.0808736191520581, Pos_Z, 0.03705016055659319, BFx, 1.0, 0.0, 0.0,                             BFy, 0.0, 0.9797814107409929, -0.20007095532932434, BFz, 0.0, 0.20007095532932417, 0.9797814107409916
Time, 0.264, Pos_X, -0.03816038743764998, Pos_Y, 0.08237900621186084, Pos_Z, 0.0375488047968421, BFx, 1.0, 0.0, 0.0,                             BFy, 0.0, 0.9792851801509672, -0.20248589071015838, BFz, 0.0, 0.2024858907101582, 0.9792851801509659
Time, 0.266, Pos_X, -0.03857083185405398, Pos_Y, 0.0838978339926213, Pos_Z, 0.03804587148187945, BFx, 1.0, 0.0, 0.0,                             BFy, 0.0, 0.9787902772349111, -0.2048648168681102, BFz, 0.0, 0.20486481686811003, 0.9787902772349096
Time, 0.268, Pos_X, -0.038970957663257984, Pos_Y, 0.08543015759620172, Pos_Z, 0.038541105470932965, BFx, 1.0, 0.0, 0.0,                             BFy, 0.0, 0.9782969594458708, -0.2072077680468643, BFz, 0.0, 0.20720776804686408, 0.9782969594458693
Time, 0.27, Pos_X, -0.03936067287526199, Pos_Y, 0.0869760133127913, Pos_Z, 0.03903429820820389, BFx, 1.0, 0.0, 0.0,                             BFy, 0.0, 0.977805443643732, -0.20951495025578265, BFz, 0.0, 0.20951495025578243, 0.9778054436437306
Time, 0.272, Pos_X, -0.03973994061806599, Pos_Y, 0.0885354143408441, Pos_Z, 0.03952528713907411, BFx, 1.0, 0.0, 0.0,                             BFy, 0.0, 0.9773159219873808, -0.21178665829073004, BFz, 0.0, 0.21178665829072985, 0.9773159219873794
Time, 0.274, Pos_X, -0.04010877437386999, Pos_Y, 0.09010834743964724, Pos_Z, 0.04001395456265853, BFx, 1.0, 0.0, 0.0,                             BFy, 0.0, 0.9768285302812832, -0.2140234156079819, BFz, 0.0, 0.21402341560798166, 0.9768285302812819
Time, 0.276, Pos_X, -0.04046723307567399, Pos_Y, 0.09169477059632032, Pos_Z, 0.04050022629888288, BFx, 1.0, 0.0, 0.0,                             BFy, 0.0, 0.9763432061182704, -0.21622660305035443, BFz, 0.0, 0.21622660305035415, 0.9763432061182691
Time, 0.278, Pos_X, -0.04081541635647799, Pos_Y, 0.09329461255931444, Pos_Z, 0.0409840707999158, BFx, 1.0, 0.0, 0.0,                             BFy, 0.0, 0.9758596480708744, -0.21839859721845398, BFz, 0.0, 0.21839859721845375, 0.975859648070873
Time, 0.28, Pos_X, -0.04115345954388199, Pos_Y, 0.0949077734208005, Pos_Z, 0.04146549867220965, BFx, 1.0, 0.0, 0.0,                             BFy, 0.0, 0.975377428479682, -0.22054222274286175, BFz, 0.0, 0.22054222274286156, 0.9753774284796807
Time, 0.282, Pos_X, -0.04148152885288598, Pos_Y, 0.09653412652279958, Pos_Z, 0.041944561484901846, BFx, 1.0, 0.0, 0.0,                             BFy, 0.0, 0.9748960763699226, -0.22266036979788023, BFz, 0.0, 0.22266036979788004, 0.9748960763699214
Time, 0.284, Pos_X, -0.04179981623388998, Pos_Y, 0.09817352102414878, Pos_Z, 0.042421349728538615, BFx, 1.0, 0.0, 0.0,                             BFy, 0.0, 0.9744150856905576, -0.22475595827177128, BFz, 0.0, 0.22475595827177108, 0.9744150856905561
Time, 0.286, Pos_X, -0.04210853419989398, Pos_Y, 0.09982578489523403, Pos_Z, 0.04289598988249419, BFx, 1.0, 0.0, 0.0,                             BFy, 0.0, 0.9739338620651611, -0.22683216774266884, BFz, 0.0, 0.22683216774266865, 0.9739338620651598
Time, 0.288, Pos_X, -0.04240791096089798, Pos_Y, 0.10149072872002551, Pos_Z, 0.04336864075573737, BFx, 1.0, 0.0, 0.0,                             BFy, 0.0, 0.9734517575593599, -0.2288922796963484, BFz, 0.0, 0.22889227969634818, 0.9734517575593588
Time, 0.29, Pos_X, -0.04269818485390198, Pos_Y, 0.10316814934261588, Pos_Z, 0.04383949025642161, BFx, 1.0, 0.0, 0.0,                             BFy, 0.0, 0.9729680526647875, -0.23093975078727652, BFz, 0.0, 0.2309397507872763, 0.9729680526647864
Time, 0.292, Pos_X, -0.042979603818905976, Pos_Y, 0.10485783569990956, Pos_Z, 0.04430875129858879, BFx, 1.0, 0.0, 0.0,                             BFy, 0.0, 0.9724819926966503, -0.2329780545046043, BFz, 0.0, 0.23297805450460407, 0.972481992696649
Time, 0.294, Pos_X, -0.043252427852309976, Pos_Y, 0.10655957702043556, Pos_Z, 0.04477665273399984, BFx, 1.0, 0.0, 0.0,                             BFy, 0.0, 0.9719927722830679, -0.23501074577447378, BFz, 0.0, 0.23501074577447353, 0.9719927722830667
Time, 0.296, Pos_X, -0.04351692106811397, Pos_Y, 0.10827316480512508, Pos_Z, 0.045243435734037475, BFx, 1.0, 0.0, 0.0,                             BFy, 0.0, 0.9714994875184355, -0.23704165404294522, BFz, 0.0, 0.23704165404294497, 0.9714994875184342
Time, 0.298, Pos_X, -0.04377334613251797, Pos_Y, 0.10999839338387761, Pos_Z, 0.045709359186030855, BFx, 1.0, 0.0, 0.0,                             BFy, 0.0, 0.9710011319532472, -0.23907488731673812, BFz, 0.0, 0.23907488731673784, 0.9710011319532459
Time, 0.3, Pos_X, -0.04402196951732197, Pos_Y, 0.11173506632470598, Pos_Z, 0.04617469900241393, BFx, 1.0, 0.0, 0.0,                             BFy, 0.0, 0.970496579824753, -0.2411148866172634, BFz, 0.0, 0.24111488661726313, 0.9704965798247516
Time, 0.302, Pos_X, -0.04426306180092597, Pos_Y, 0.11348300295396102, Pos_Z, 0.04663973895601172, BFx, 1.0, 0.0, 0.0,                             BFy, 0.0, 0.9699846048783012, -0.2431663346334871, BFz, 0.0, 0.24316633463348683, 0.9699846048782997
Time, 0.304, Pos_X, -0.04449689619712997, Pos_Y, 0.11524204436622022, Pos_Z, 0.04710476184997106, BFx, 1.0, 0.0, 0.0,                             BFy, 0.0, 0.9694638959233869, -0.24523408103493236, BFz, 0.0, 0.24523408103493202, 0.9694638959233854
Time, 0.306, Pos_X, -0.04472375263093397, Pos_Y, 0.11701205851524399, Pos_Z, 0.047570046107668906, BFx, 1.0, 0.0, 0.0,                             BFy, 0.0, 0.9689330867271095, -0.2473230143870055, BFz, 0.0, 0.24732301438700519, 0.9689330867271082
Time, 0.308, Pos_X, -0.04494392145073797, Pos_Y, 0.11879294265515546, Pos_Z, 0.04803586541645042, BFx, 1.0, 0.0, 0.0,                             BFy, 0.0, 0.9683907844644264, -0.24943794531781285, BFz, 0.0, 0.24943794531781252, 0.9683907844644251
Time, 0.31, Pos_X, -0.045157704548141976, Pos_Y, 0.12058462358905228, Pos_Z, 0.04850248962769445, BFx, 1.0, 0.0, 0.0,                             BFy, 0.0, 0.9678355746778149, -0.25158358529137603, BFz, 0.0, 0.25158358529137564, 0.9678355746778136
Time, 0.312, Pos_X, -0.04536541742974597, Pos_Y, 0.12238705856461998, Pos_Z, 0.048970185474114004, BFx, 1.0, 0.0, 0.0,                             BFy, 0.0, 0.9672660331167117, -0.2537644994451741, BFz, 0.0, 0.25376449944517376, 0.9672660331167103
Time, 0.314, Pos_X, -0.045567391406149974, Pos_Y, 0.12420023485325997, Pos_Z, 0.04943921544184984, BFx, 1.0, 0.0, 0.0,                             BFy, 0.0, 0.9666807288385616, -0.2559850942772771, BFz, 0.0, 0.2559850942772767, 0.9666807288385603
Time, 0.316, Pos_X, -0.045763975477153974, Pos_Y, 0.12602416693375623, Pos_Z, 0.049909835422410814, BFx, 1.0, 0.0, 0.0,                             BFy, 0.0, 0.966078205821219, -0.25824968584153823, BFz, 0.0, 0.2582496858415378, 0.9660782058212177
