Time, 0, Pos_X, 0.0, Pos_Y, 0.0, Pos_Z, 0.0, BFx, 1.0, 0.0, 0.0,                         BFy, 0.0, 1.0, 0.0, BFz, 0.0, 0.0, 1.0
Time, 0.0, Pos_X, 0.0, Pos_Y, 0.0, Pos_Z, 0.0, BFx, 1.0, 0.0, 0.0,                             BFy, 0.0, 1.0, 0.0, BFz, 0.0, 0.0, 1.0
Time, 0.002, Pos_X, -1.45075452e-06, Pos_Y, 1.560055242856353e-06, Pos_Z, 2.2252433754059005e-06, BFx, 1.0, 0.0, 0.0,                             BFy, 0.0, 0.9999996124250895, -0.0008804258462563261, BFz, 0.0, 0.000880425846256326, 0.9999996124250894
Time, 0.004, Pos_X, -5.75335676e-06, Pos_Y, 6.1202202996778164e-06, Pos_Z, 8.904935734041692e-06, BFx, 1.0, 0.0, 0.0,                             BFy, 0.0, 0.9999983875954666, -0.0017957746148276675, BFz, 0.0, 0.0017957746148276673, 0.9999983875954664
Time, 0.006, Pos_X, -1.27909436e-05, Pos_Y, 1.3427336896749476e-05, Pos_Z, 2.0048180840930716e-05, BFx, 1.0, 0.0, 0.0,                             BFy, 0.0, 0.9999962289458462, -0.002746287327862048, BFz, 0.0, 0.0027462873278620474, 0.999996228945846
Time, 0.008, Pos_X, -2.240832354e-05, Pos_Y, 2.3200011043610204e-05, Pos_Z, 3.566261963379387e-05, BFx, 1.0, 0.0, 0.0,                             BFy, 0.0, 0.999993039111056, -0.003731183382524843, BFz, 0.0, 0.0037311833825248433, 0.999993039111056
Time, 0.01, Pos_X, -3.4408383180000005e-05, Pos_Y, 3.5125867109749075e-05, Pos_Z, 5.574828178242932e-05, BFx, 1.0, 0.0, 0.0,                             BFy, 0.0, 0.9999887261180469, -0.004748435195486911, BFz, 0.0, 0.004748435195486911, 0.999988726118047
Time, 0.012, Pos_X, -4.8554656420000004e-05, Pos_Y, 4.886043710908568e-05, Pos_Z, 8.03002027959166e-05, BFx, 1.0, 0.0, 0.0,                             BFy, 0.0, 0.999983210719508, -0.005794676790297547, BFz, 0.0, 0.005794676790297547, 0.9999832107195081
Time, 0.014, Pos_X, -6.457456478e-05, Pos_Y, 6.402642608889752e-05, Pos_Z, 0.00010931940816402831, BFx, 1.0, 0.0, 0.0,                             BFy, 0.0, 0.9999764338194591, -0.006865260790166552, BFz, 0.0, 0.006865260790166551, 0.9999764338194592
Time, 0.016, Pos_X, -8.215849013999999e-05, Pos_Y, 8.021568831752645e-05, Pos_Z, 0.00014282001608292153, BFx, 1.0, 0.0, 0.0,                             BFy, 0.0, 0.9999683644704056, -0.007954247819991128, BFz, 0.0, 0.007954247819991126, 0.9999683644704058
Time, 0.018, Pos_X, -0.00010095943653999997, Pos_Y, 9.69948191548558e-05, Pos_Z, 0.00018083237315922904, BFx, 1.0, 0.0, 0.0,                             BFy, 0.0, 0.999959006590337, -0.009054564532146793, BFz, 0.0, 0.009054564532146791, 0.999959006590337
Time, 0.02, Pos_X, -0.00012059290317999999, Pos_Y, 0.00011390869342080157, Pos_Z, 0.00022340670846775966, BFx, 1.0, 0.0, 0.0,                             BFy, 0.0, 0.9999484029955523, -0.010158314163533702, BFz, 0.0, 0.010158314163533699, 0.9999484029955523
Time, 0.022, Pos_X, -0.00014063379021199998, Pos_Y, 0.00013048049984368178, Pos_Z, 0.00027060820535229445, BFx, 1.0, 0.0, 0.0,                             BFy, 0.0, 0.999936635474018, -0.011257221544471032, BFz, 0.0, 0.01125722154447103, 0.9999366354740179
Time, 0.024, Pos_X, -0.000160613940744, Pos_Y, 0.00014621166894976297, Pos_Z, 0.0003225054712847139, BFx, 1.0, 0.0, 0.0,                             BFy, 0.0, 0.9999238190898216, -0.012343257950240022, BFz, 0.0, 0.01234325795024002, 0.9999238190898213
Time, 0.026, Pos_X, -0.000180023512864, Pos_Y, 0.00016058248185921918, Pos_Z, 0.00037916584346631995, BFx, 1.0, 0.0, 0.0,                             BFy, 0.0, 0.9999100926220195, -0.013409201043511754, BFz, 0.0, 0.013409201043511752, 0.999910092622019
Time, 0.028, Pos_X, -0.000198314865304, Pos_Y, 0.00017305402787219415, Pos_Z, 0.0004406577099046571, BFx, 1.0, 0.0, 0.0,                             BFy, 0.0, 0.999895589591621, -0.014450256579931505, BFz, 0.0, 0.014450256579931504, 0.9998955895916205
Time, 0.03, Pos_X, -0.00021490631826399999, Pos_Y, 0.00018307193568767638, Pos_Z, 0.0005070539355971721, BFx, 1.0, 0.0, 0.0,                             BFy, 0.0, 0.9998804610970975, -0.015461678959826475, BFz, 0.0, 0.015461678959826473, 0.9998804610970972
Time, 0.032, Pos_X, -0.000229185066084, Pos_Y, 0.00019007000455937501, Pos_Z, 0.000578433012011326, BFx, 1.0, 0.0, 0.0,                             BFy, 0.0, 0.9998648355593279, -0.016441125628098515, BFz, 0.0, 0.01644112562809851, 0.9998648355593277
Time, 0.034, Pos_X, -0.000240510666764, Pos_Y, 0.0001934732766952868, Pos_Z, 0.0006548766666067236, BFx, 1.0, 0.0, 0.0,                             BFy, 0.0, 0.9998488036285834, -0.01738878611320687, BFz, 0.0, 0.017388786113206867, 0.9998488036285833
Time, 0.036, Pos_X, -0.000248220796944, Pos_Y, 0.00019270190438258093, Pos_Z, 0.0007364647700486047, BFx, 1.0, 0.0, 0.0,                             BFy, 0.0, 0.9998324141435735, -0.01830692841068294, BFz, 0.0, 0.018306928410682936, 0.9998324141435734
Time, 0.038, Pos_X, -0.000251638593424, Pos_Y, 0.00018717612141676992, Pos_Z, 0.0008232703061921966, BFx, 1.0, 0.0, 0.0,                             BFy, 0.0, 0.999815685967502, -0.01919880447667368, BFz, 0.0, 0.01919880447667368, 0.9998156859675019
Time, 0.04, Pos_X, -0.000250081448704, Pos_Y, 0.0001763219352224033, Pos_Z, 0.0009153572360811417, BFx, 1.0, 0.0, 0.0,                             BFy, 0.0, 0.9997986308206194, -0.020067331890776075, BFz, 0.0, 0.02006733189077608, 0.9997986308206194
Time, 0.042, Pos_X, -0.00024287067558399997, Pos_Y, 0.0001595775297859152, Pos_Z, 0.0010127812907051847, BFx, 1.0, 0.0, 0.0,                             BFy, 0.0, 0.9997812801629306, -0.020913914883903862, BFz, 0.0, 0.020913914883903865, 0.9997812801629306
Time, 0.044, Pos_X, -0.000229341337664, Pos_Y, 0.0001363996635678164, Pos_Z, 0.001115591570892192, BFx, 1.0, 0.0, 0.0,                             BFy, 0.0, 0.9997637186101093, -0.021737225004262787, BFz, 0.0, 0.021737225004262797, 0.9997637186101093
Time, 0.046, Pos_X, -0.00020885255434399997, Pos_Y, 0.00010626975493505174, Pos_Z, 0.0012238316196217618, BFx, 1.0, 0.0, 0.0,                             BFy, 0.0, 0.9997461075376296, -0.02253265326937336, BFz, 0.0, 0.022532653269373364, 0.9997461075376295
Time, 0.048, Pos_X, -0.00018079706302399993, Pos_Y, 6.870004504210954e-05, Pos_Z, 0.0013375398998627405, BFx, 1.0, 0.0, 0.0,                             BFy, 0.0, 0.99972871914674, -0.023291374223470558, BFz, 0.0, 0.02329137422347056, 0.9997287191467399
Time, 0.05, Pos_X, -0.0001446101187039999, Pos_Y, 2.3239478653254733e-05, Pos_Z, 0.0014567494113129687, BFx, 1.0, 0.0, 0.0,                             BFy, 0.0, 0.9997119701755509, -0.02399951432253109, BFz, 0.0, 0.023999514322531088, 0.9997119701755508
Time, 0.052, Pos_X, -9.977765638400001e-05, Pos_Y, -3.0520943954408446e-05, Pos_Z, 0.001581486586326213, BFx, 1.0, 0.0, 0.0,                             BFy, 0.0, 0.9996964426875375, -0.024637826159822237, BFz, 0.0, 0.024637826159822233, 0.9996964426875375
Time, 0.054, Pos_X, -4.584283166399997e-05, Pos_Y, -9.294364430069668e-05, Pos_Z, 0.001711769346772794, BFx, 1.0, 0.0, 0.0,                             BFy, 0.0, 0.9996828818701673, -0.025182051063320516, BFz, 0.0, 0.025182051063320512, 0.9996828818701672
Time, 0.056, Pos_X, 1.7592182056000094e-05, Pos_Y, -0.00016434508397416027, Pos_Z, 0.0018476045477251917, BFx, 1.0, 0.0, 0.0,                             BFy, 0.0, 0.9996721571245337, -0.025604262730646424, BFz, 0.0, 0.02560426273064642, 0.9996721571245336
Time, 0.058, Pos_X, 9.086441757600018e-05, Pos_Y, -0.00024499340242592715, Pos_Z, 0.0019889857661731817, BFx, 1.0, 0.0, 0.0,                             BFy, 0.0, 0.9996651747107463, -0.025875441455775375, BFz, 0.0, 0.025875441455775375, 0.9996651747107463
Time, 0.06, Pos_X, 0.00017424707109599998, Pos_Y, -0.0003351027202688234, Pos_Z, 0.0021358910930446436, BFx, 1.0, 0.0, 0.0,                             BFy, 0.0, 0.9996627597561772, -0.025968572480247247, BFz, 0.0, 0.025968572480247247, 0.9996627597561771
Time, 0.062, Pos_X, 0.00026795079941600007, Pos_Y, -0.0004348318252561035, Pos_Z, 0.002288280178907239, BFx, 1.0, 0.0, 0.0,                             BFy, 0.0, 0.9996655205808089, -0.02586207574613873, BFz, 0.0, 0.02586207574613873, 0.9996655205808088
Time, 0.064, Pos_X, 0.0003721291007360002, Pos_Y, -0.0005442847462180029, Pos_Z, 0.002446090232744844, BFx, 1.0, 0.0, 0.0,                             BFy, 0.0, 0.9996737245822945, -0.02554299081472403, BFz, 0.0, 0.025542990814724026, 0.9996737245822945
Time, 0.066, Pos_X, 0.0004868903198560003, Pos_Y, -0.0006635157769059067, Pos_Z, 0.0026092262173724188, BFx, 1.0, 0.0, 0.0,                             BFy, 0.0, 0.9996872120817998, -0.025009558175165054, BFz, 0.0, 0.02500955817516505, 0.9996872120817998
Time, 0.068, Pos_X, 0.0006123008337760005, Pos_Y, -0.0007925315608208589, Pos_Z, 0.002777550841289294, BFx, 1.0, 0.0, 0.0,                             BFy, 0.0, 0.9997053717972643, -0.024272816064304297, BFz, 0.0, 0.024272816064304294, 0.9997053717972643
Time, 0.07, Pos_X, 0.0007483886188960006, Pos_Y, -0.0009312968781782968, Pos_Z, 0.0029508978876691787, BFx, 1.0, 0.0, 0.0,                             BFy, 0.0, 0.9997271850789389, -0.02335712769453363, BFz, 0.0, 0.02335712769453363, 0.9997271850789389
Time, 0.072, Pos_X, 0.0008951630866159998, Pos_Y, -0.0010797512676824382, Pos_Z, 0.0031290964684822574, BFx, 1.0, 0.0, 0.0,                             BFy, 0.0, 0.9997513480130613, -0.02229892701598484, BFz, 0.0, 0.02229892701598484, 0.9997513480130614
Time, 0.074, Pos_X, 0.0010526273441359999, Pos_Y, -0.0012378173580055408, Pos_Z, 0.003311966464129822, BFx, 1.0, 0.0, 0.0,                             BFy, 0.0, 0.9997764378550411, -0.021144131807261858, BFz, 0.0, 0.021144131807261858, 0.9997764378550412
Time, 0.076, Pos_X, 0.001220781116856, Pos_Y, -0.001405401596046886, Pos_Z, 0.0034993029822561897, BFx, 1.0, 0.0, 0.0,                             BFy, 0.0, 0.9998010875863872, -0.019944554672271027, BFz, 0.0, 0.01994455467227103, 0.9998010875863873
Time, 0.078, Pos_X, 0.001399632500376, Pos_Y, -0.001582405861632383, Pos_Z, 0.0036908915154198136, BFx, 1.0, 0.0, 0.0,                             BFy, 0.0, 0.9998241344219393, -0.018753672371513135, BFz, 0.0, 0.018753672371513135, 0.9998241344219393
Time, 0.08, Pos_X, 0.0015892120158960002, Pos_Y, -0.0017687433892741439, Pos_Z, 0.0038865295975709195, BFx, 1.0, 0.0, 0.0,                             BFy, 0.0, 0.9998447138752158, -0.017622375997177902, BFz, 0.0, 0.017622375997177905, 0.9998447138752159
Time, 0.082, Pos_X, 0.0017895764348160005, Pos_Y, -0.0019643433566709054, Pos_Z, 0.004086019972972846, BFx, 1.0, 0.0, 0.0,                             BFy, 0.0, 0.999862290990219, -0.016595151574739776, BFz, 0.0, 0.01659515157473978, 0.9998622909902191
Time, 0.084, Pos_X, 0.0020008042455360005, Pos_Y, -0.002169145829071039, Pos_Z, 0.0042891581623118995, BFx, 1.0, 0.0, 0.0,                             BFy, 0.0, 0.9998766337034338, -0.01570723953746765, BFz, 0.0, 0.015707239537467655, 0.9998766337034339
Time, 0.086, Pos_X, 0.002222992467655999, Pos_Y, -0.0023830981733241863, Pos_Z, 0.004495732916403072, BFx, 1.0, 0.0, 0.0,                             BFy, 0.0, 0.9998877502016662, -0.014982890130028969, BFz, 0.0, 0.014982890130028974, 0.9998877502016663
Time, 0.088, Pos_X, 0.002456277352775999, Pos_Y, -0.002606169735258572, Pos_Z, 0.00470554054539598, BFx, 1.0, 0.0, 0.0,                             BFy, 0.0, 0.9998958094918005, -0.014435032411984515, BFz, 0.0, 0.014435032411984522, 0.9998958094918006
Time, 0.09, Pos_X, 0.0027008581162959993, Pos_Y, -0.002838375099725181, Pos_Z, 0.004918416154703807, BFx, 1.0, 0.0, 0.0,                             BFy, 0.0, 0.999901066232232, -0.014066191653862607, BFz, 0.0, 0.014066191653862614, 0.9999010662322322
Time, 0.092, Pos_X, 0.0029569811466159997, Pos_Y, -0.0030797704560715593, Pos_Z, 0.005134255538670001, BFx, 1.0, 0.0, 0.0,                             BFy, 0.0, 0.9999038007359905, -0.013870446053317175, BFz, 0.0, 0.013870446053317184, 0.9999038007359907
Time, 0.094, Pos_X, 0.003224909552136, Pos_Y, -0.0033304320903291733, Pos_Z, 0.005353013920932559, BFx, 1.0, 0.0, 0.0,                             BFy, 0.0, 0.9999042812406301, -0.01383576368171919, BFz, 0.0, 0.013835763681719198, 0.9999042812406304
Time, 0.096, Pos_X, 0.0035049163974560003, Pos_Y, -0.0035904493115206625, Pos_Z, 0.00557470372834467, BFx, 1.0, 0.0, 0.0,                             BFy, 0.0, 0.9999027462849309, -0.01394625296810742, BFz, 0.0, 0.013946252968107427, 0.9999027462849311
Time, 0.098, Pos_X, 0.0037972825013760005, Pos_Y, -0.0038599254091601616, Pos_Z, 0.005799401665049667, BFx, 1.0, 0.0, 0.0,                             BFy, 0.0, 0.9998994012296929, -0.014184055150024574, BFz, 0.0, 0.01418405515002458, 0.9998994012296931
Time, 0.1, Pos_X, 0.004102277182496001, Pos_Y, -0.004138970631013273, Pos_Z, 0.006027260145996307, BFx, 1.0, 0.0, 0.0,                             BFy, 0.0, 0.9998944380966418, -0.014529716562899232, BFz, 0.0, 0.01452971656289924, 0.9998944380966419
Time, 0.102, Pos_X, 0.004420136727215999, Pos_Y, -0.004427691148564433, Pos_Z, 0.006258518692001471, BFx, 1.0, 0.0, 0.0,                             BFy, 0.0, 0.9998880402236622, -0.014963522903430598, BFz, 0.0, 0.014963522903430603, 0.9998880402236622
Time, 0.104, Pos_X, 0.004751048941136, Pos_Y, -0.004726178771653378, Pos_Z, 0.0064935112360010915, BFx, 1.0, 0.0, 0.0,                             BFy, 0.0, 0.9998803805172582, -0.015466889042734435, BFz, 0.0, 0.015466889042734442, 0.9998803805172582
Time, 0.106, Pos_X, 0.005095137949656, Pos_Y, -0.005034500894856031, Pos_Z, 0.006732668268891702, BFx, 1.0, 0.0, 0.0,                             BFy, 0.0, 0.999871639400905, -0.0160220074193096, BFz, 0.0, 0.01602200741930961, 0.999871639400905
Time, 0.108, Pos_X, 0.005452447565576, Pos_Y, -0.005352690673673541, Pos_Z, 0.0069765125742701425, BFx, 1.0, 0.0, 0.0,                             BFy, 0.0, 0.9998620473742525, -0.01660982301428477, BFz, 0.0, 0.01660982301428478, 0.9998620473742525
Time, 0.11, Pos_X, 0.005822926019496, Pos_Y, -0.00568073642047583, Pos_Z, 0.007225648541544987, BFx, 1.0, 0.0, 0.0,                             BFy, 0.0, 0.9998519211181347, -0.01720859774571403, BFz, 0.0, 0.01720859774571404, 0.9998519211181346
Time, 0.112, Pos_X, 0.006206412082816, Pos_Y, -0.00601857074618047, Pos_Z, 0.007480749620899312, BFx, 1.0, 0.0, 0.0,                             BFy, 0.0, 0.9998416976060185, -0.017792687495536846, BFz, 0.0, 0.017792687495536856, 0.9998416976060184
Time, 0.114, Pos_X, 0.006602622766136001, Pos_Y, -0.006366060289583579, Pos_Z, 0.007742546063510637, BFx, 1.0, 0.0, 0.0,                             BFy, 0.0, 0.9998319618039171, -0.01833161627706794, BFz, 0.0, 0.01833161627706795, 0.9998319618039169
Time, 0.116, Pos_X, 0.0070111424934560015, Pos_Y, -0.006722996296513441, Pos_Z, 0.008011811518127894, BFx, 1.0, 0.0, 0.0,                             BFy, 0.0, 0.9998234333525704, -0.01879101165657414, BFz, 0.0, 0.018791011656574146, 0.9998234333525702
Time, 0.118, Pos_X, 0.007431415453775999, Pos_Y, -0.0070890874062721895, Pos_Z, 0.008289349702334465, BFx, 1.0, 0.0, 0.0,                             BFy, 0.0, 0.9998169270396967, -0.01913406399324175, BFz, 0.0, 0.019134063993241756, 0.9998169270396965
Time, 0.12, Pos_X, 0.007862743844496, Pos_Y, -0.007463955335688397, Pos_Z, 0.008575980336471405, BFx, 1.0, 0.0, 0.0,                             BFy, 0.0, 0.9998132873164204, -0.019323315076169325, BFz, 0.0, 0.019323315076169332, 0.9998132873164202
Time, 0.122, Pos_X, 0.008304291320815999, Pos_Y, -0.007847132505501396, Pos_Z, 0.008872517561941793, BFx, 1.0, 0.0, 0.0,                             BFy, 0.0, 0.9998132534406335, -0.019325067773627667, BFz, 0.0, 0.019325067773627677, 0.9998132534406333
Time, 0.124, Pos_X, 0.008755088942936, Pos_Y, -0.00823806229958673, Pos_Z, 0.009179742162643646, BFx, 1.0, 0.0, 0.0,                             BFy, 0.0, 0.9998173169848122, -0.019113677231013045, BFz, 0.0, 0.01911367723101305, 0.999817316984812
Time, 0.126, Pos_X, 0.009214041833456, Pos_Y, -0.008636104212320648, Pos_Z, 0.009498377368708903, BFx, 1.0, 0.0, 0.0,                             BFy, 0.0, 0.9998256113149452, -0.018674767968994234, BFz, 0.0, 0.01867476796899424, 0.999825611314945
Time, 0.128, Pos_X, 0.009679939389176, Pos_Y, -0.009040543925899272, Pos_Z, 0.009829068878556672, BFx, 1.0, 0.0, 0.0,                             BFy, 0.0, 0.9998378647012682, -0.018006785099187208, BFz, 0.0, 0.018006785099187215, 0.9998378647012679
Time, 0.13, Pos_X, 0.010151468255296002, Pos_Y, -0.009450603739380604, Pos_Z, 0.010172366734112337, BFx, 1.0, 0.0, 0.0,                             BFy, 0.0, 0.9998534342666677, -0.017120455167738247, BFz, 0.0, 0.017120455167738254, 0.9998534342666673
Time, 0.132, Pos_X, 0.010627225861316002, Pos_Y, -0.009865451805684754, Pos_Z, 0.010528715371738844, BFx, 1.0, 0.0, 0.0,                             BFy, 0.0, 0.9998713959729264, -0.0160371916229576, BFz, 0.0, 0.016037191622957612, 0.9998713959729258
Time, 0.134, Pos_X, 0.011105736595636002, Pos_Y, -0.010284213295641295, Pos_Z, 0.010898447622486871, BFx, 1.0, 0.0, 0.0,                             BFy, 0.0, 0.9998906700768211, -0.014786747219253493, BFz, 0.0, 0.014786747219253504, 0.9998906700768203
Time, 0.136, Pos_X, 0.011585472922396003, Pos_Y, -0.010705983774885797, Pos_Z, 0.011281773362063548, BFx, 1.0, 0.0, 0.0,                             BFy, 0.0, 0.9999101673078106, -0.013403630644968618, BFz, 0.0, 0.01340363064496863, 0.9999101673078098
Time, 0.138, Pos_X, 0.012064878774116003, Pos_Y, -0.011129844490484996, Pos_Z, 0.011678767264935873, BFx, 1.0, 0.0, 0.0,                             BFy, 0.0, 0.9999289141177683, -0.011923368285048329, BFz, 0.0, 0.011923368285048343, 0.9999289141177677
Time, 0.14, Pos_X, 0.012542391288156004, Pos_Y, -0.011554879391934714, Pos_Z, 0.012089362721375488, BFx, 1.0, 0.0, 0.0,                             BFy, 0.0, 0.9999461390962168, -0.010378771920106783, BFz, 0.0, 0.010378771920106796, 0.9999461390962163
Time, 0.142, Pos_X, 0.013016460365395999, Pos_Y, -0.01198019139083841, Pos_Z, 0.01251335416915873, BFx, 1.0, 0.0, 0.0,                             BFy, 0.0, 0.9999613023511454, -0.008797374619805452, BFz, 0.0, 0.008797374619805466, 0.999961302351145
Time, 0.144, Pos_X, 0.013485567749636, Pos_Y, -0.012404917100434393, Pos_Z, 0.012950407089217346, BFx, 1.0, 0.0, 0.0,                             BFy, 0.0, 0.9999740784782769, -0.007200164687079806, BFz, 0.0, 0.007200164687079821, 0.9999740784782765
Time, 0.146, Pos_X, 0.013948246472076, Pos_Y, -0.012828240926152952, Pos_Z, 0.013400073113939108, BFx, 1.0, 0.0, 0.0,                             BFy, 0.0, 0.9999843116320495, -0.005601472107964336, BFz, 0.0, 0.005601472107964353, 0.9999843116320493
Time, 0.148, Pos_X, 0.014403099480116002, Pos_Y, -0.013249408753999012, Pos_Z, 0.013861807252302084, BFx, 1.0, 0.0, 0.0,                             BFy, 0.0, 0.9999919604171009, -0.00400987545485672, BFz, 0.0, 0.004009875454856738, 0.9999919604171007
Time, 0.15, Pos_X, 0.014848816988156002, Pos_Y, -0.01366774019275057, Pos_Z, 0.014334984055877832, BFx, 1.0, 0.0, 0.0,                             BFy, 0.0, 0.9999970481884647, -0.0024297354500901216, BFz, 0.0, 0.0024297354500901398, 0.9999970481884646
Time, 0.152, Pos_X, 0.015284191670596003, Pos_Y, -0.01408263847503769, Pos_Z, 0.014818912753600684, BFx, 1.0, 0.0, 0.0,                             BFy, 0.0, 0.9999996277665839, -0.0008628248337425578, BFz, 0.0, 0.0008628248337425764, 0.9999996277665837
Time, 0.154, Pos_X, 0.015708131415236002, Pos_Y, -0.014493597910929119, Pos_Z, 0.015312855589366858, BFx, 1.0, 0.0, 0.0,                             BFy, 0.0, 0.9999997620306367, 0.0006898830844763313, BFz, 0.0, -0.0006898830844763124, 0.9999997620306365
Time, 0.156, Pos_X, 0.016119669518676, Pos_Y, -0.014900208958289324, Pos_Z, 0.015816049934718503, BFx, 1.0, 0.0, 0.0,                             BFy, 0.0, 0.9999975170973819, 0.0022284072948920834, BFz, 0.0, -0.0022284072948920643, 0.9999975170973816
Time, 0.158, Pos_X, 0.016517971380916003, Pos_Y, -0.015302161016983467, Pos_Z, 0.016327731335857305, BFx, 1.0, 0.0, 0.0,                             BFy, 0.0, 0.9999929509584587, 0.0037547347967479567, BFz, 0.0, -0.0037547347967479367, 0.9999929509584583
Time, 0.16, Pos_X, 0.016902338663756004, Pos_Y, -0.015699242246190192, Pos_Z, 0.016847156587937367, BFx, 1.0, 0.0, 0.0,                             BFy, 0.0, 0.9999860980344224, 0.005272924984390269, BFz, 0.0, -0.005272924984390247, 0.999986098034422
Time, 0.162, Pos_X, 0.017272211429396004, Pos_Y, -0.01609133662167583, Pos_Z, 0.01737362633687905, BFx, 1.0, 0.0, 0.0,                             BFy, 0.0, 0.9999769544339874, 0.006789005886558162, BFz, 0.0, -0.006789005886558138, 0.9999769544339869
Time, 0.164, Pos_X, 0.017627168208236003, Pos_Y, -0.016478418794125243, Pos_Z, 0.017906505631034457, BFx, 1.0, 0.0, 0.0,                             BFy, 0.0, 0.9999654554251578, 0.00831191652733664, BFz, 0.0, -0.008311916527336618, 0.9999654554251575
Time, 0.166, Pos_X, 0.017966924130276004, Pos_Y, -0.016860547664830496, Pos_Z, 0.018445241648133714, BFx, 1.0, 0.0, 0.0,                             BFy, 0.0, 0.9999514494043695, 0.009853874065617958, BFz, 0.0, -0.009853874065617935, 0.9999514494043693
Time, 0.168, Pos_X, 0.018291327187916005, Pos_Y, -0.01723785969856841, Pos_Z, 0.018989377516485127, BFx, 1.0, 0.0, 0.0,                             BFy, 0.0, 0.9999346773358206, 0.011429832077002827, BFz, 0.0, -0.011429832077002806, 0.9999346773358205
Time, 0.17, Pos_X, 0.018600353318556005, Pos_Y, -0.017610561577867688, Pos_Z, 0.019538561369682832, BFx, 1.0, 0.0, 0.0,                             BFy, 0.0, 0.9999147512517046, 0.013057190710159315, BFz, 0.0, -0.01305719071015929, 0.9999147512517046
Time, 0.172, Pos_X, 0.018894100194196, Pos_Y, -0.01797892213024698, Pos_Z, 0.02009255156302322, BFx, 1.0, 0.0, 0.0,                             BFy, 0.0, 0.9998911508534122, 0.01475420092849773, BFz, 0.0, -0.014754200928497706, 0.9998911508534121
Time, 0.174, Pos_X, 0.019172778570836, Pos_Y, -0.018343263077328004, Pos_Z, 0.020651218864026745, BFx, 1.0, 0.0, 0.0,                             BFy, 0.0, 0.9998632346168891, 0.016538200066862453, BFz, 0.0, -0.016538200066862428, 0.9998632346168888
Time, 0.176, Pos_X, 0.019436698372676, Pos_Y, -0.01870394778930195, Pos_Z, 0.021214548808109013, BFx, 1.0, 0.0, 0.0,                             BFy, 0.0, 0.9998302341239086, 0.018425605328713235, BFz, 0.0, -0.01842560532871321, 0.9998302341239084
Time, 0.178, Pos_X, 0.019686264691316, Pos_Y, -0.019061374427025792, Pos_Z, 0.021782638013966876, BFx, 1.0, 0.0, 0.0,                             BFy, 0.0, 0.9997912671276883, 0.020430912246168647, BFz, 0.0, -0.020430912246168626, 0.9997912671276882
Time, 0.18, Pos_X, 0.019921972383556, Pos_Y, -0.019415966768733448, Pos_Z, 0.022355668600976968, BFx, 1.0, 0.0, 0.0,                             BFy, 0.0, 0.9997453702512675, 0.022565342034980774, BFz, 0.0, -0.022565342034980757, 0.9997453702512673
Time, 0.182, Pos_X, 0.020144384604596, Pos_Y, -0.019768158460526014, Pos_Z, 0.02293388089776115, BFx, 1.0, 0.0, 0.0,                             BFy, 0.0, 0.999691535009637, 0.02483615972881098, BFz, 0.0, -0.024836159728810963, 0.9996915350096368
Time, 0.184, Pos_X, 0.020354122709836, Pos_Y, -0.02011838745494503, Pos_Z, 0.02351757752955864, BFx, 1.0, 0.0, 0.0,                             BFy, 0.0, 0.9996287485485728, 0.02724637728604195, BFz, 0.0, -0.027246377286041932, 0.9996287485485725
Time, 0.186, Pos_X, 0.020551864971076, Pos_Y, -0.020467097046866396, Pos_Z, 0.024107132473436002, BFx, 1.0, 0.0, 0.0,                             BFy, 0.0, 0.9995560106972319, 0.029795662084170924, BFz, 0.0, -0.029795662084170907, 0.9995560106972317
Time, 0.188, Pos_X, 0.020738331376316, Pos_Y, -0.020814727058680316, Pos_Z, 0.024702968376542532, BFx, 1.0, 0.0, 0.0,                             BFy, 0.0, 0.999472335766275, 0.03248153379853743, BFz, 0.0, -0.03248153379853741, 0.9994723357662746
Time, 0.19, Pos_X, 0.020914266157356, Pos_Y, -0.021161703191304795, Pos_Z, 0.02530553236168871, BFx, 1.0, 0.0, 0.0,                             BFy, 0.0, 0.9993767647314765, 0.03529988831208652, BFz, 0.0, -0.0352998883120865, 0.9993767647314761
Time, 0.192, Pos_X, 0.021080431661396, Pos_Y, -0.021508437315724126, Pos_Z, 0.0259153020058105, BFx, 1.0, 0.0, 0.0,                             BFy, 0.0, 0.9992683778718779, 0.03824537861369452, BFz, 0.0, -0.038245378613694495, 0.9992683778718774
Time, 0.194, Pos_X, 0.021237604542036, Pos_Y, -0.021855332953925274, Pos_Z, 0.026532792599452366, BFx, 1.0, 0.0, 0.0,                             BFy, 0.0, 0.9991463230841766, 0.041311318877139826, BFz, 0.0, -0.0413113188771398, 0.9991463230841763
Time, 0.196, Pos_X, 0.021386563082076, Pos_Y, -0.022202783744723387, Pos_Z, 0.027158546491404784, BFx, 1.0, 0.0, 0.0,                             BFy, 0.0, 0.9990098371142672, 0.04448983422000709, BFz, 0.0, -0.04448983422000706, 0.9990098371142669
Time, 0.198, Pos_X, 0.021528054020516, Pos_Y, -0.02255115491269561, Pos_Z, 0.02779311009576639, BFx, 1.0, 0.0, 0.0,                             BFy, 0.0, 0.998858263840277, 0.047772049966337785, BFz, 0.0, -0.04777204996633775, 0.9988582638402768
Time, 0.2, Pos_X, 0.021662767005756, Pos_Y, -0.02290076493649579, Pos_Z, 0.028437004905905502, BFx, 1.0, 0.0, 0.0,                             BFy, 0.0, 0.9986910846292093, 0.051147995876007886, BFz, 0.0, -0.05114799587600786, 0.9986910846292092
Time, 0.202, Pos_X, 0.021791347674596, Pos_Y, -0.023251895296809356, Pos_Z, 0.029090719381350758, BFx, 1.0, 0.0, 0.0,                             BFy, 0.0, 0.9985079628105888, 0.054606301869349304, BFz, 0.0, -0.054606301869349276, 0.9985079628105886
Time, 0.204, Pos_X, 0.021914411848035997, Pos_Y, -0.02360480810850392, Pos_Z, 0.02975472299322881, BFx, 1.0, 0.0, 0.0,                             BFy, 0.0, 0.9983087851443855, 0.05813406491498513, BFz, 0.0, -0.0581340649149851, 0.9983087851443853
Time, 0.206, Pos_X, 0.022032529701075998, Pos_Y, -0.023959742811387838, Pos_Z, 0.03042947285660093, BFx, 1.0, 0.0, 0.0,                             BFy, 0.0, 0.9980937004545258, 0.0617168138596733, BFz, 0.0, -0.061716813859673265, 0.9980937004545257
Time, 0.208, Pos_X, 0.022146209587515998, Pos_Y, -0.024316906913907074, Pos_Z, 0.03111540756571336, BFx, 1.0, 0.0, 0.0,                             BFy, 0.0, 0.9978631348003281, 0.06533884148391654, BFz, 0.0, -0.06533884148391648, 0.997863134800328
Time, 0.21, Pos_X, 0.022255899127956, Pos_Y, -0.024676475768553183, Pos_Z, 0.031812937498147904, BFx, 1.0, 0.0, 0.0,                             BFy, 0.0, 0.9976178144847688, 0.0689833039411089, BFz, 0.0, -0.06898330394110885, 0.9976178144847687
Time, 0.212, Pos_X, 0.022361985302196, Pos_Y, -0.02503859423784756, Pos_Z, 0.03252243722920622, BFx, 1.0, 0.0, 0.0,                             BFy, 0.0, 0.9973587664066679, 0.072632575830459, BFz, 0.0, -0.07263257583045897, 0.997358766406668
Time, 0.214, Pos_X, 0.022464788669036, Pos_Y, -0.02540337593499834, Pos_Z, 0.03324424268558852, BFx, 1.0, 0.0, 0.0,                             BFy, 0.0, 0.9970872734023355, 0.07626905807137067, BFz, 0.0, -0.07626905807137066, 0.9970872734023356
Time, 0.216, Pos_X, 0.022564560270076, Pos_Y, -0.025770902519336315, Pos_Z, 0.0339786517975721, BFx, 1.0, 0.0, 0.0,                             BFy, 0.0, 0.9968048016767802, 0.07987607497938957, BFz, 0.0, -0.07987607497938955, 0.9968048016767803
Time, 0.218, Pos_X, 0.022661482748916002, Pos_Y, -0.02614122342963305, Pos_Z, 0.034725928341490644, BFx, 1.0, 0.0, 0.0,                             BFy, 0.0, 0.9965129060600337, 0.08343876830217942, BFz, 0.0, -0.08343876830217938, 0.996512906060034
Time, 0.22, Pos_X, 0.022755673132956, Pos_Y, -0.026514356727163887, Pos_Z, 0.035486306348078214, BFx, 1.0, 0.0, 0.0,                             BFy, 0.0, 0.9962131221824232, 0.08694489744399297, BFz, 0.0, -0.08694489744399293, 0.9962131221824235
Time, 0.222, Pos_X, 0.022847186246196, Pos_Y, -0.026890291217298273, Pos_Z, 0.036259989734531484, BFx, 1.0, 0.0, 0.0,                             BFy, 0.0, 0.9959068645583656, 0.09038538114940418, BFz, 0.0, -0.09038538114940413, 0.9959068645583661
Time, 0.224, Pos_X, 0.022936019408436, Pos_Y, -0.027268988855226318, Pos_Z, 0.03704714719107522, BFx, 1.0, 0.0, 0.0,                             BFy, 0.0, 0.9955953231622133, 0.09375474653331259, BFz, 0.0, -0.09375474653331253, 0.9955953231622138
Time, 0.226, Pos_X, 0.023022118134075998, Pos_Y, -0.0276503867757576, Pos_Z, 0.03784790596823698, BFx, 1.0, 0.0, 0.0,                             BFy, 0.0, 0.9952793659364977, 0.0970514489383922, BFz, 0.0, -0.09705144893839214, 0.995279365936498
Time, 0.228, Pos_X, 0.023105381759115997, Pos_Y, -0.028034397720611757, Pos_Z, 0.0386623452081039, BFx, 1.0, 0.0, 0.0,                             BFy, 0.0, 0.9949594700914539, 0.10027787829492307, BFz, 0.0, -0.10027787829492302, 0.9949594700914542
Time, 0.23, Pos_X, 0.023185670434355998, Pos_Y, -0.028420910656335462, Pos_Z, 0.03949048905826935, BFx, 1.0, 0.0, 0.0,                             BFy, 0.0, 0.9946356805191053, 0.1034401422963739, BFz, 0.0, -0.10344014229637385, 0.9946356805191058
Time, 0.232, Pos_X, 0.023262813696595996, Pos_Y, -0.02880979232902034, Pos_Z, 0.040332301133584984, BFx, 1.0, 0.0, 0.0,                             BFy, 0.0, 0.994307608272024, 0.10654754869242831, BFz, 0.0, -0.10654754869242827, 0.9943076082720245
Time, 0.234, Pos_X, 0.023336618474835997, Pos_Y, -0.029200887665376894, Pos_Z, 0.041187680275065155, BFx, 1.0, 0.0, 0.0,                             BFy, 0.0, 0.9939744929132358, 0.10961162090706349, BFz, 0.0, -0.10961162090706342, 0.9939744929132363
Time, 0.236, Pos_X, 0.023406876220815998, Pos_Y, -0.02959401947734235, Pos_Z, 0.04205645707874811, BFx, 1.0, 0.0, 0.0,                             BFy, 0.0, 0.9936353047680551, 0.11264493383411701, BFz, 0.0, -0.11264493383411694, 0.9936353047680555
Time, 0.238, Pos_X, 0.023473370177535997, Pos_Y, -0.029988988054820653, Pos_Z, 0.0429383905606883, BFx, 1.0, 0.0, 0.0,                             BFy, 0.0, 0.9932888563442966, 0.11566005300983273, BFz, 0.0, -0.11566005300983266, 0.9932888563442971
Time, 0.24, Pos_X, 0.023535882928655997, Pos_Y, -0.03038557133405274, Pos_Z, 0.04383316417386419, BFx, 1.0, 0.0, 0.0,                             BFy, 0.0, 0.9929339436158909, 0.11866837664429836, BFz, 0.0, -0.11866837664429827, 0.9929339436158913
Time, 0.242, Pos_X, 0.023594204012375997, Pos_Y, -0.03078352684311257, Pos_Z, 0.04474038254130312, BFx, 1.0, 0.0, 0.0,                             BFy, 0.0, 0.9925694833918411, 0.12167917093427309, BFz, 0.0, -0.121679170934273, 0.9925694833918415
Time, 0.244, Pos_X, 0.023648137126695997, Pos_Y, -0.031182594435936753, Pos_Z, 0.045659570469872075, BFx, 1.0, 0.0, 0.0,                             BFy, 0.0, 0.9921946298211236, 0.12469890358027201, BFz, 0.0, -0.12469890358027194, 0.9921946298211239
Time, 0.246, Pos_X, 0.023697505438215995, Pos_Y, -0.031582499715211515, Pos_Z, 0.046590173530213864, BFx, 1.0, 0.0, 0.0,                             BFy, 0.0, 0.9918088621945174, 0.1277308923965353, BFz, 0.0, -0.12773089239653526, 0.9918088621945177
Time, 0.248, Pos_X, 0.023742157552135996, Pos_Y, -0.031982958556458635, Pos_Z, 0.04753156081539885, BFx, 1.0, 0.0, 0.0,                             BFy, 0.0, 0.991412073302563, 0.1307750010893205, BFz, 0.0, -0.13077500108932047, 0.9914120733025633
Time, 0.25, Pos_X, 0.023781972585255995, Pos_Y, -0.03238368083213524, Pos_Z, 0.04848302969765514, BFx, 1.0, 0.0, 0.0,                             BFy, 0.0, 0.9910046309604204, 0.13382758092037456, BFz, 0.0, -0.13382758092037453, 0.9910046309604207
Time, 0.252, Pos_X, 0.023816864529175995, Pos_Y, -0.03278437399408362, Pos_Z, 0.04944380995354364, BFx, 1.0, 0.0, 0.0,                             BFy, 0.0, 0.9905874053034868, 0.1368816731856521, BFz, 0.0, -0.1368816731856521, 0.9905874053034872
Time, 0.254, Pos_X, 0.023846785064495994, Pos_Y, -0.033184746814407466, Pos_Z, 0.0504130673639339, BFx, 1.0, 0.0, 0.0,                             BFy, 0.0, 0.9901617372964824, 0.13992760268799787, BFz, 0.0, -0.13992760268799784, 0.9901617372964827
Time, 0.256, Pos_X, 0.023871729867215995, Pos_Y, -0.033584516293512, Pos_Z, 0.05138991037782704, BFx, 1.0, 0.0, 0.0,                             BFy, 0.0, 0.9897293767929759, 0.14295370129166238, BFz, 0.0, -0.14295370129166235, 0.9897293767929762
Time, 0.258, Pos_X, 0.023891745721735993, Pos_Y, -0.03398341558069518, Pos_Z, 0.052373403306967735, BFx, 1.0, 0.0, 0.0,                             BFy, 0.0, 0.9892923747884591, 0.1459472411024231, BFz, 0.0, -0.14594724110242316, 0.9892923747884595
Time, 0.26, Pos_X, 0.023906927117855994, Pos_Y, -0.03438119639317608, Pos_Z, 0.05336258232896798, BFx, 1.0, 0.0, 0.0,                             BFy, 0.0, 0.9888529615664475, 0.14889533371218808, BFz, 0.0, -0.14889533371218816, 0.988852961566448
Time, 0.262, Pos_X, 0.023917411377575994, Pos_Y, -0.03477762866901905, Pos_Z, 0.05435647025767908, BFx, 1.0, 0.0, 0.0,                             BFy, 0.0, 0.9884134447163342, 0.15178558002652237, BFz, 0.0, -0.15178558002652245, 0.9884134447163347
Time, 0.264, Pos_X, 0.023923377633495994, Pos_Y, -0.03517250158726978, Pos_Z, 0.05535409168410621, BFx, 1.0, 0.0, 0.0,                             BFy, 0.0, 0.987976071925084, 0.15460686046705396, BFz, 0.0, -0.15460686046705405, 0.9879760719250844
Time, 0.266, Pos_X, 0.023925046464615993, Pos_Y, -0.03556562645186746, Pos_Z, 0.05635448906507113, BFx, 1.0, 0.0, 0.0,                             BFy, 0.0, 0.987542923061799, 0.15734984941383082, BFz, 0.0, -0.1573498494138309, 0.9875429230617995
Time, 0.268, Pos_X, 0.023922678933735994, Pos_Y, -0.03595683985319706, Pos_Z, 0.05735674030058865, BFx, 1.0, 0.0, 0.0,                             BFy, 0.0, 0.9871157995842293, 0.1600074942344417, BFz, 0.0, -0.1600074942344418, 0.9871157995842299
Time, 0.27, Pos_X, 0.023916574553535994, Pos_Y, -0.03634600733407029, Pos_Z, 0.0583599775419717, BFx, 1.0, 0.0, 0.0,                             BFy, 0.0, 0.9866961306131847, 0.16257535432213124, BFz, 0.0, -0.16257535432213138, 0.9866961306131852
Time, 0.272, Pos_X, 0.023907068820935993, Pos_Y, -0.036733027640208, Pos_Z, 0.0593634038270829, BFx, 1.0, 0.0, 0.0,                             BFy, 0.0, 0.9862849265701428, 0.16505163925428143, BFz, 0.0, -0.16505163925428154, 0.9862849265701434
Time, 0.274, Pos_X, 0.023894530446335993, Pos_Y, -0.03711783527855596, Pos_Z, 0.060366306412306586, BFx, 1.0, 0.0, 0.0,                             BFy, 0.0, 0.9858827775413195, 0.1674369999355287, BFz, 0.0, -0.1674369999355288, 0.9858827775413205
Time, 0.276, Pos_X, 0.023879356416415993, Pos_Y, -0.03750039922422992, Pos_Z, 0.061368068765293216, BFx, 1.0, 0.0, 0.0,                             BFy, 0.0, 0.9854898842150286, 0.1697341689520601, BFz, 0.0, -0.16973416895206014, 0.9854898842150296
Time, 0.278, Pos_X, 0.023861966715155992, Pos_Y, -0.037880718872591056, Pos_Z, 0.06236818180060875, BFx, 1.0, 0.0, 0.0,                             BFy, 0.0, 0.9851061400342298, 0.17194735492835506, BFz, 0.0, -0.1719473549283551, 0.9851061400342308
Time, 0.28, Pos_X, 0.023842800121355992, Pos_Y, -0.03825881936597308, Pos_Z, 0.06336625425684721, BFx, 1.0, 0.0, 0.0,                             BFy, 0.0, 0.9847311987028904, 0.17408178049746073, BFz, 0.0, -0.17408178049746076, 0.9847311987028914
Time, 0.282, Pos_X, 0.023822309489235992, Pos_Y, -0.038634747510080794, Pos_Z, 0.06436202100783914, BFx, 1.0, 0.0, 0.0,                             BFy, 0.0, 0.9843645516083435, 0.17614320746739598, BFz, 0.0, -0.176143207467396, 0.9843645516083445
Time, 0.284, Pos_X, 0.023800956623535992, Pos_Y, -0.0390085682024283, Pos_Z, 0.06535534813251392, BFx, 1.0, 0.0, 0.0,                             BFy, 0.0, 0.9840056089965358, 0.17813747910912597, BFz, 0.0, -0.17813747910912603, 0.9840056089965368
Time, 0.286, Pos_X, 0.02377920762471199, Pos_Y, -0.03938036031541533, Pos_Z, 0.06634623376945074, BFx, 1.0, 0.0, 0.0,                             BFy, 0.0, 0.983653705752709, 0.1800705060773701, BFz, 0.0, -0.18007050607737018, 0.9836537057527099
Time, 0.288, Pos_X, 0.02375752680606399, Pos_Y, -0.03975021150413261, Pos_Z, 0.06733480554139055, BFx, 1.0, 0.0, 0.0,                             BFy, 0.0, 0.9833081118133491, 0.18194822681758485, BFz, 0.0, -0.18194822681758493, 0.9833081118133502
Time, 0.29, Pos_X, 0.023736369696835992, Pos_Y, -0.04011821166913817, Pos_Z, 0.06832131600342663, BFx, 1.0, 0.0, 0.0,                             BFy, 0.0, 0.9829680651954337, 0.1837764479087098, BFz, 0.0, -0.1837764479087099, 0.9829680651954348
Time, 0.292, Pos_X, 0.023716177220867992, Pos_Y, -0.040484446154649856, Pos_Z, 0.06930613536462434, BFx, 1.0, 0.0, 0.0,                             BFy, 0.0, 0.9826328125507098, 0.1855606523449374, BFz, 0.0, -0.1855606523449375, 0.9826328125507109
Time, 0.294, Pos_X, 0.023697369075719992, Pos_Y, -0.04084898911713179, Pos_Z, 0.07028974183734948, BFx, 1.0, 0.0, 0.0,                             BFy, 0.0, 0.9823016899216797, 0.18730560583444866, BFz, 0.0, -0.18730560583444872, 0.9823016899216807
Time, 0.296, Pos_X, 0.023680335203251992, Pos_Y, -0.041211896539920176, Pos_Z, 0.0712727089305439, BFx, 1.0, 0.0, 0.0,                             BFy, 0.0, 0.9819741577963926, 0.18901522007516433, BFz, 0.0, -0.1890152200751644, 0.9819741577963936
Time, 0.298, Pos_X, 0.023665429270923993, Pos_Y, -0.04157319999616568, Pos_Z, 0.07225569162728902, BFx, 1.0, 0.0, 0.0,                             BFy, 0.0, 0.9816497665749397, 0.19069277852966518, BFz, 0.0, -0.19069277852966524, 0.9816497665749407
Time, 0.3, Pos_X, 0.023652963027495994, Pos_Y, -0.04193290140194391, Pos_Z, 0.07323941452191857, BFx, 1.0, 0.0, 0.0,                             BFy, 0.0, 0.9813281710191518, 0.19234089727409523, BFz, 0.0, -0.1923408972740953, 0.9813281710191528
Time, 0.302, Pos_X, 0.023643198150967992, Pos_Y, -0.042290967177741015, Pos_Z, 0.07422465808895638, BFx, 1.0, 0.0, 0.0,                             BFy, 0.0, 0.9810090917868568, 0.19396175352765824, BFz, 0.0, -0.1939617535276583, 0.981009091786858
Time, 0.304, Pos_X, 0.023636339329039992, Pos_Y, -0.042647322642847235, Pos_Z, 0.07521224226863327, BFx, 1.0, 0.0, 0.0,                             BFy, 0.0, 0.9806922995379649, 0.1955571876125663, BFz, 0.0, -0.1955571876125664, 0.980692299537966
Time, 0.306, Pos_X, 0.023632529991111994, Pos_Y, -0.04300184831782311, Pos_Z, 0.0762030121789984, BFx, 1.0, 0.0, 0.0,                             BFy, 0.0, 0.9803776452510545, 0.197128568939145, BFz, 0.0, -0.19712856893914507, 0.9803776452510556
Time, 0.308, Pos_X, 0.023631847834463995, Pos_Y, -0.04335437757773658, Pos_Z, 0.07719782547977028, BFx, 1.0, 0.0, 0.0,                             BFy, 0.0, 0.9800650841699914, 0.19867669916441036, BFz, 0.0, -0.19867669916441044, 0.9800650841699924
Time, 0.31, Pos_X, 0.023634299897215997, Pos_Y, -0.04370469548843684, Pos_Z, 0.07819753971530494, BFx, 1.0, 0.0, 0.0,                             BFy, 0.0, 0.9797546644024575, 0.20020189205306035, BFz, 0.0, -0.20020189205306047, 0.9797546644024586
Time, 0.312, Pos_X, 0.023639818441547996, Pos_Y, -0.044052538542408294, Pos_Z, 0.07920300207876144, BFx, 1.0, 0.0, 0.0,                             BFy, 0.0, 0.979446481147201, 0.20170421554435394, BFz, 0.0, -0.20170421554435408, 0.9794464811472021
Time, 0.314, Pos_X, 0.023648257233939995, Pos_Y, -0.0443975945870154, Pos_Z, 0.08021504197832276, BFx, 1.0, 0.0, 0.0,                             BFy, 0.0, 0.9791406891151487, 0.20318344154755497, BFz, 0.0, -0.2031834415475551, 0.97914068911515
Time, 0.316, Pos_X, 0.023659388198651994, Pos_Y, -0.04473950374222382, Pos_Z, 0.08123446457939532, BFx, 1.0, 0.0, 0.0,                             BFy, 0.0, 0.9788375278760247, 0.20463893574183092, BFz, 0.0, -0.2046389357418311, 0.9788375278760261
