Time, 0, Pos_X, 0.0, Pos_Y, 0.0, Pos_Z, 0.0, BFx, 1.0, 0.0, 0.0,                         BFy, 0.0, 1.0, 0.0, BFz, 0.0, 0.0, 1.0
Time, 0.0, Pos_X, 0.0, Pos_Y, 0.0, Pos_Z, 0.0, BFx, 1.0, 0.0, 0.0,                             BFy, 0.0, 1.0, 0.0, BFz, 0.0, 0.0, 1.0
Time, 0.002, Pos_X, -1.7692324e-07, Pos_Y, 1.0244159475024445e-07, Pos_Z, 8.285435267877353e-07, BFx, 1.0, 0.0, 0.0,                             BFy, 0.0, 0.9999999547161045, -0.00030094482745734855, BFz, 0.0, 0.00030094482745734855, 0.9999999547161045
Time, 0.004, Pos_X, -7.0427507e-07, Pos_Y, 4.042447479513373e-07, Pos_Z, 3.4039343356303944e-06, BFx, 1.0, 0.0, 0.0,                             BFy, 0.0, 0.9999998023668464, -0.0006287020505825404, BFz, 0.0, 0.0006287020505825405, 0.9999998023668465
Time, 0.006, Pos_X, -1.5749487e-06, Pos_Y, 8.915233751750796e-07, Pos_Z, 7.910802997705239e-06, BFx, 1.0, 0.0, 0.0,                             BFy, 0.0, 0.9999995129134552, -0.0009870019517481787, BFz, 0.0, 0.000987001951748179, 0.9999995129134553
Time, 0.008, Pos_X, -2.780805e-06, Pos_Y, 1.5447272095212737e-06, Pos_Z, 1.454484956116949e-05, BFx, 1.0, 0.0, 0.0,                             BFy, 0.0, 0.9999990482806451, -0.001379651334319541, BFz, 0.0, 0.001379651334319541, 0.9999990482806452
Time, 0.01, Pos_X, -4.31159422e-06, Pos_Y, 2.3387706942493556e-06, Pos_Z, 2.3513521220268013e-05, BFx, 1.0, 0.0, 0.0,                             BFy, 0.0, 0.9999983616137122, -0.0018101850434052344, BFz, 0.0, 0.0018101850434052344, 0.9999983616137122
Time, 0.012, Pos_X, -6.15388676e-06, Pos_Y, 3.243160591798325e-06, Pos_Z, 3.503497220127342e-05, BFx, 1.0, 0.0, 0.0,                             BFy, 0.0, 0.9999973967379233, -0.0022817794319746508, BFz, 0.0, 0.0022817794319746508, 0.9999973967379233
Time, 0.014, Pos_X, -8.28968948e-06, Pos_Y, 4.222750553434161e-06, Pos_Z, 4.933550330128353e-05, BFx, 1.0, 0.0, 0.0,                             BFy, 0.0, 0.9999960876631436, -0.0027972590880543493, BFz, 0.0, 0.0027972590880543484, 0.9999960876631436
Time, 0.016, Pos_X, -1.0695114359999999e-05, Pos_Y, 5.239077716147435e-06, Pos_Z, 6.664640969186097e-05, BFx, 1.0, 0.0, 0.0,                             BFy, 0.0, 0.9999943585836949, -0.003358988059502411, BFz, 0.0, 0.00335898805950241, 0.9999943585836949
Time, 0.018, Pos_X, -1.3339131365999996e-05, Pos_Y, 6.251081655060699e-06, Pos_Z, 8.720046762004367e-05, BFx, 1.0, 0.0, 0.0,                             BFy, 0.0, 0.9999921225867552, -0.0039692271835528965, BFz, 0.0, 0.003969227183552896, 0.9999921225867554
Time, 0.02, Pos_X, -1.6181934997999997e-05, Pos_Y, 7.215754797109356e-06, Pos_Z, 0.00011122777504422641, BFx, 1.0, 0.0, 0.0,                             BFy, 0.0, 0.9999892789520001, -0.004630548677817489, BFz, 0.0, 0.004630548677817488, 0.9999892789520004
Time, 0.022, Pos_X, -1.9173506469999994e-05, Pos_Y, 8.089159795335995e-06, Pos_Z, 0.00013895174214589374, BFx, 1.0, 0.0, 0.0,                             BFy, 0.0, 0.9999857080372955, -0.00534637457979236, BFz, 0.0, 0.00534637457979236, 0.9999857080372958
Time, 0.024, Pos_X, -2.2252368847999998e-05, Pos_Y, 8.827093268123065e-06, Pos_Z, 0.00017058514499458639, BFx, 1.0, 0.0, 0.0,                             BFy, 0.0, 0.9999812630348075, -0.00612156673651916, BFz, 0.0, 0.00612156673651916, 0.9999812630348076
Time, 0.026, Pos_X, -2.5344458643999996e-05, Pos_Y, 9.38554561405846e-06, Pos_Z, 0.00020632661393420176, BFx, 1.0, 0.0, 0.0,                             BFy, 0.0, 0.99997575579621, -0.006963319596074491, BFz, 0.0, 0.006963319596074491, 0.99997575579621
Time, 0.028, Pos_X, -2.8362493484e-05, Pos_Y, 9.7212455878593e-06, Pos_Z, 0.0002463580350496016, BFx, 1.0, 0.0, 0.0,                             BFy, 0.0, 0.9999689279333249, -0.0078830938009798, BFz, 0.0, 0.0078830938009798, 0.999968927933325
Time, 0.03, Pos_X, -3.120506809e-05, Pos_Y, 9.791934399802863e-06, Pos_Z, 0.00029084197592031045, BFx, 1.0, 0.0, 0.0,                             BFy, 0.0, 0.9999604485855322, -0.008893889172845953, BFz, 0.0, 0.008893889172845953, 0.9999604485855325
Time, 0.032, Pos_X, -3.3756005142e-05, Pos_Y, 9.556256438895224e-06, Pos_Z, 0.0003399189125191855, BFx, 1.0, 0.0, 0.0,                             BFy, 0.0, 0.9999498767532563, -0.010012191625462291, BFz, 0.0, 0.010012191625462291, 0.9999498767532565
Time, 0.034, Pos_X, -3.5884491866e-05, Pos_Y, 8.973513562833771e-06, Pos_Z, 0.0003937051367874298, BFx, 1.0, 0.0, 0.0,                             BFy, 0.0, 0.9999366369825875, -0.011257087542962398, BFz, 0.0, 0.011257087542962396, 0.999936636982588
Time, 0.036, Pos_X, -3.744552503e-05, Pos_Y, 8.00352366685933e-06, Pos_Z, 0.0004522907933542685, BFx, 1.0, 0.0, 0.0,                             BFy, 0.0, 0.9999199997644712, -0.012648876274845462, BFz, 0.0, 0.012648876274845462, 0.9999199997644718
Time, 0.038, Pos_X, -3.8280804914e-05, Pos_Y, 6.606774174261264e-06, Pos_Z, 0.0005157381151954996, BFx, 1.0, 0.0, 0.0,                             BFy, 0.0, 0.9998990721111871, -0.014207237281881427, BFz, 0.0, 0.01420723728188143, 0.9998990721111877
Time, 0.04, Pos_X, -3.8219835278e-05, Pos_Y, 4.7443672528532045e-06, Pos_Z, 0.0005840807031780611, BFx, 1.0, 0.0, 0.0,                             BFy, 0.0, 0.9998728025556224, -0.015949254200800622, BFz, 0.0, 0.01594925420080063, 0.999872802555623
Time, 0.042, Pos_X, -3.7081725541999994e-05, Pos_Y, 2.3780270201875137e-06, Pos_Z, 0.0006573237385427589, BFx, 1.0, 0.0, 0.0,                             BFy, 0.0, 0.9998400096140695, -0.017887290877424276, BFz, 0.0, 0.017887290877424283, 0.9998400096140702
Time, 0.044, Pos_X, -3.4677153846e-05, Pos_Y, -5.300067907806741e-07, Pos_Z, 0.00073544511841949, BFx, 1.0, 0.0, 0.0,                             BFy, 0.0, 0.999799434330057, -0.020027259255683726, BFz, 0.0, 0.02002725925568374, 0.9997994343300577
Time, 0.046, Pos_X, -3.0810178689999996e-05, Pos_Y, -4.0175599682100616e-06, Pos_Z, 0.0008183976116209718, BFx, 1.0, 0.0, 0.0,                             BFy, 0.0, 0.9997498125444245, -0.02236766231379599, BFz, 0.0, 0.022367662313796003, 0.9997498125444253
Time, 0.048, Pos_X, -2.5280500873999992e-05, Pos_Y, -8.122924025624035e-06, Pos_Z, 0.0009061121382641978, BFx, 1.0, 0.0, 0.0,                             BFy, 0.0, 0.9996899622042704, -0.024899386900492405, BFz, 0.0, 0.024899386900492423, 0.9996899622042711
Time, 0.05, Pos_X, -1.788599859799998e-05, Pos_Y, -1.2885201691445401e-05, Pos_Z, 0.000998501720934951, BFx, 1.0, 0.0, 0.0,                             BFy, 0.0, 0.9996188683385587, -0.027606485859951145, BFz, 0.0, 0.02760648585995116, 0.9996188683385594
Time, 0.052, Pos_X, -8.425422442000006e-06, Pos_Y, -1.8344302851629082e-05, Pos_Z, 0.0010954652282151782, BFx, 1.0, 0.0, 0.0,                             BFy, 0.0, 0.9995357501962678, -0.03046775475121784, BFz, 0.0, 0.03046775475121785, 0.9995357501962684
Time, 0.054, Pos_X, 3.2994133940000028e-06, Pos_Y, -2.4541092712284533e-05, Pos_Z, 0.0011968908373164635, BFx, 1.0, 0.0, 0.0,                             BFy, 0.0, 0.9994401038701703, -0.03345861288187976, BFz, 0.0, 0.033458612881879776, 0.9994401038701709
Time, 0.056, Pos_X, 1.7483409430000017e-05, Pos_Y, -3.15174499310921e-05, Pos_Z, 0.0013026620444963513, BFx, 1.0, 0.0, 0.0,                             BFy, 0.0, 0.9993317062256353, -0.03655326158028843, BFz, 0.0, 0.036553261580288446, 0.9993317062256358
Time, 0.058, Pos_X, 3.4316515666000035e-05, Pos_Y, -3.93162240152587e-05, Pos_Z, 0.0014126617289500264, BFx, 1.0, 0.0, 0.0,                             BFy, 0.0, 0.9992105740863517, -0.03972692580630867, BFz, 0.0, 0.03972692580630868, 0.9992105740863523
Time, 0.06, Pos_X, 5.3981134001999984e-05, Pos_Y, -4.798145462120684e-05, Pos_Z, 0.001526773431849641, BFx, 1.0, 0.0, 0.0,                             BFy, 0.0, 0.9990768770069052, -0.04295804732673151, BFz, 0.0, 0.04295804732673152, 0.9990768770069057
Time, 0.062, Pos_X, 7.6651782438e-05, Pos_Y, -5.7558160147153676e-05, Pos_Z, 0.0016448845190441257, BFx, 1.0, 0.0, 0.0,                             BFy, 0.0, 0.9989308292951949, -0.04622984191634361, BFz, 0.0, 0.04622984191634363, 0.9989308292951955
Time, 0.064, Pos_X, 0.00010249546667400004, Pos_Y, -6.809224531894513e-05, Pos_Z, 0.0017668876902663811, BFx, 1.0, 0.0, 0.0,                             BFy, 0.0, 0.9987725883886444, -0.049530966914079856, BFz, 0.0, 0.04953096691407987, 0.9987725883886448
Time, 0.066, Pos_X, 0.00013167309231000007, Pos_Y, -7.963123189832469e-05, Pos_Z, 0.0018926813320183154, BFx, 1.0, 0.0, 0.0,                             BFy, 0.0, 0.9986021968479679, -0.05285501348413501, BFz, 0.0, 0.05285501348413502, 0.9986021968479685
Time, 0.068, Pos_X, 0.0001643412471460001, Pos_Y, -9.222488604521728e-05, Pos_Z, 0.0020221707512426204, BFx, 1.0, 0.0, 0.0,                             BFy, 0.0, 0.9984195559100338, -0.05619955850721906, BFz, 0.0, 0.05619955850721907, 0.9984195559100344
Time, 0.07, Pos_X, 0.00020065338070200013, Pos_Y, -0.00010592437835106905, Pos_Z, 0.0021552694649801993, BFx, 1.0, 0.0, 0.0,                             BFy, 0.0, 0.9982244316387013, -0.05956495680840884, BFz, 0.0, 0.059564956808408856, 0.9982244316387019
Time, 0.072, Pos_X, 0.0002407613535779999, Pos_Y, -0.00012078053563452686, Pos_Z, 0.002291900744943619, BFx, 1.0, 0.0, 0.0,                             BFy, 0.0, 0.9980165160676772, -0.06295263025586406, BFz, 0.0, 0.06295263025586408, 0.9980165160676777
Time, 0.074, Pos_X, 0.00028481717965399994, Pos_Y, -0.0001368417726723137, Pos_Z, 0.002431998142711904, BFx, 1.0, 0.0, 0.0,                             BFy, 0.0, 0.9977954987415615, -0.06636371516931773, BFz, 0.0, 0.06636371516931776, 0.9977954987415619
Time, 0.076, Pos_X, 0.00033297426712999996, Pos_Y, -0.00015415220654044315, Pos_Z, 0.002575504260766445, BFx, 1.0, 0.0, 0.0,                             BFy, 0.0, 0.9975611412015328, -0.06979806275743787, BFz, 0.0, 0.06979806275743793, 0.9975611412015333
Time, 0.078, Pos_X, 0.00038538826740600003, Pos_Y, -0.00017275085810693078, Pos_Z, 0.0027223679089236254, BFx, 1.0, 0.0, 0.0,                             BFy, 0.0, 0.9973133368371255, -0.07325372459331969, BFz, 0.0, 0.07325372459331977, 0.9973133368371261
Time, 0.08, Pos_X, 0.00044221831828200007, Pos_Y, -0.00019267242387173566, Pos_Z, 0.002872540275297244, BFx, 1.0, 0.0, 0.0,                             BFy, 0.0, 0.9970521710223458, -0.07672658118033812, BFz, 0.0, 0.07672658118033822, 0.9970521710223463
Time, 0.082, Pos_X, 0.0005036280837580001, Pos_Y, -0.00021394818441335548, Pos_Z, 0.0030259723845770087, BFx, 1.0, 0.0, 0.0,                             BFy, 0.0, 0.9967779463909618, -0.08021050796879838, BFz, 0.0, 0.08021050796879847, 0.9967779463909625
Time, 0.084, Pos_X, 0.0005697856580340002, Pos_Y, -0.00023660601986039934, Pos_Z, 0.0031826139531816763, BFx, 1.0, 0.0, 0.0,                             BFy, 0.0, 0.9964911927771929, -0.08369768645239242, BFz, 0.0, 0.0836976864523925, 0.9964911927771937
Time, 0.086, Pos_X, 0.0006408633901099997, Pos_Y, -0.0002606693416068095, Pos_Z, 0.0033424129550839294, BFx, 1.0, 0.0, 0.0,                             BFy, 0.0, 0.9961926413842558, -0.08717924782799769, BFz, 0.0, 0.08717924782799776, 0.9961926413842564
Time, 0.088, Pos_X, 0.0007170375155859998, Pos_Y, -0.0002861550883157102, Pos_Z, 0.0035053168405267945, BFx, 1.0, 0.0, 0.0,                             BFy, 0.0, 0.9958831978801562, -0.09064577309499569, BFz, 0.0, 0.09064577309499576, 0.9958831978801571
Time, 0.09, Pos_X, 0.0007984872430619998, Pos_Y, -0.0003130726766096065, Pos_Z, 0.003671274201323146, BFx, 1.0, 0.0, 0.0,                             BFy, 0.0, 0.9955639050213017, -0.0940877835785955, BFz, 0.0, 0.09408778357859555, 0.9955639050213025
Time, 0.092, Pos_X, 0.0008853917669379999, Pos_Y, -0.000341423258025398, Pos_Z, 0.00384023407428611, BFx, 1.0, 0.0, 0.0,                             BFy, 0.0, 0.9952359236529728, -0.09749592950790215, BFz, 0.0, 0.0974959295079022, 0.9952359236529736
Time, 0.094, Pos_X, 0.000977926576414, Pos_Y, -0.0003711997944200786, Pos_Z, 0.004012144702724479, BFx, 1.0, 0.0, 0.0,                             BFy, 0.0, 0.9949005219106046, -0.1008610504704476, BFz, 0.0, 0.10086105047044765, 0.9949005219106054
Time, 0.096, Pos_X, 0.0010762606708900001, Pos_Y, -0.00040238861863767553, Pos_Z, 0.004186954814305772, BFx, 1.0, 0.0, 0.0,                             BFy, 0.0, 0.994559090058843, -0.1041739717075307, BFz, 0.0, 0.10417397170753075, 0.9945590900588439
Time, 0.098, Pos_X, 0.0011805534083660003, Pos_Y, -0.00043497021507980186, Pos_Z, 0.004364616848441309, BFx, 1.0, 0.0, 0.0,                             BFy, 0.0, 0.9942131577461164, -0.10742530877075225, BFz, 0.0, 0.10742530877075229, 0.9942131577461172
Time, 0.1, Pos_X, 0.0012909519598420004, Pos_Y, -0.0004689187345042092, Pos_Z, 0.004545091394569084, BFx, 1.0, 0.0, 0.0,                             BFy, 0.0, 0.9938644114227362, -0.11060529692258719, BFz, 0.0, 0.11060529692258725, 0.9938644114227371
Time, 0.102, Pos_X, 0.0014075894255179996, Pos_Y, -0.0005042017347018495, Pos_Z, 0.00472835107337777, BFx, 1.0, 0.0, 0.0,                             BFy, 0.0, 0.9935147032082107, -0.11370371369966961, BFz, 0.0, 0.11370371369966965, 0.9935147032082116
Time, 0.104, Pos_X, 0.0015305832267939997, Pos_Y, -0.0005407804050745294, Pos_Z, 0.004914382412072082, BFx, 1.0, 0.0, 0.0,                             BFy, 0.0, 0.9931660491411166, -0.11670989175481537, BFz, 0.0, 0.11670989175481539, 0.9931660491411175
Time, 0.106, Pos_X, 0.0016600341592699999, Pos_Y, -0.0005786100974335595, Pos_Z, 0.005103186244606958, BFx, 1.0, 0.0, 0.0,                             BFy, 0.0, 0.9928205917819498, -0.11961301155699673, BFz, 0.0, 0.11961301155699675, 0.9928205917819507
Time, 0.108, Pos_X, 0.001796026080546, Pos_Y, -0.0006176410193508312, Pos_Z, 0.0052947769132998986, BFx, 1.0, 0.0, 0.0,                             BFy, 0.0, 0.9924805500468996, -0.12240244188168393, BFz, 0.0, 0.12240244188168398, 0.9924805500469006
Time, 0.11, Pos_X, 0.0019386258338220002, Pos_Y, -0.0006578183497491032, Pos_Z, 0.005489180980079447, BFx, 1.0, 0.0, 0.0,                             BFy, 0.0, 0.9921481441059485, -0.1250682219715192, BFz, 0.0, 0.12506822197151923, 0.9921481441059498
Time, 0.112, Pos_X, 0.002087883395898, Pos_Y, -0.0006990821800379191, Pos_Z, 0.005686436383926811, BFx, 1.0, 0.0, 0.0,                             BFy, 0.0, 0.9918255443111974, -0.12760129173245863, BFz, 0.0, 0.12760129173245865, 0.9918255443111986
Time, 0.114, Pos_X, 0.0022438321643740004, Pos_Y, -0.0007413677823768635, Pos_Z, 0.005886592192926836, BFx, 1.0, 0.0, 0.0,                             BFy, 0.0, 0.991514806839126, -0.12999379915505743, BFz, 0.0, 0.12999379915505743, 0.9915148068391272
Time, 0.116, Pos_X, 0.0024064898396500005, Pos_Y, -0.000784606238948742, Pos_Z, 0.006089708462198395, BFx, 1.0, 0.0, 0.0,                             BFy, 0.0, 0.9912178095170275, -0.13223938179022315, BFz, 0.0, 0.13223938179022313, 0.9912178095170289
Time, 0.118, Pos_X, 0.0025758599657259994, Pos_Y, -0.0008287248837966921, Pos_Z, 0.006295855546977767, BFx, 1.0, 0.0, 0.0,                             BFy, 0.0, 0.9909362094254104, -0.13433327528797123, BFz, 0.0, 0.1343332752879712, 0.9909362094254117
Time, 0.12, Pos_X, 0.0027519332362019996, Pos_Y, -0.0008736475843732056, Pos_Z, 0.006505113206242385, BFx, 1.0, 0.0, 0.0,                             BFy, 0.0, 0.9906713919842081, -0.13627249577250292, BFz, 0.0, 0.1362724957725029, 0.9906713919842093
Time, 0.122, Pos_X, 0.0029346891158779998, Pos_Y, -0.0009192953448626007, Pos_Z, 0.006717570468139761, BFx, 1.0, 0.0, 0.0,                             BFy, 0.0, 0.9904244650284434, -0.13805571003445327, BFz, 0.0, 0.1380557100344533, 0.9904244650284446
Time, 0.124, Pos_X, 0.0031240978555539998, Pos_Y, -0.0009655875633146313, Pos_Z, 0.00693332596530534, BFx, 1.0, 0.0, 0.0,                             BFy, 0.0, 0.990196270174703, -0.13968302163148663, BFz, 0.0, 0.13968302163148666, 0.9901962701747041
Time, 0.126, Pos_X, 0.00332012281323, Pos_Y, -0.001012443329536643, Pos_Z, 0.007152487443871843, BFx, 1.0, 0.0, 0.0,                             BFy, 0.0, 0.9899873735826523, -0.14115594265534018, BFz, 0.0, 0.14115594265534015, 0.9899873735826535
Time, 0.128, Pos_X, 0.003522723212106, Pos_Y, -0.0010597815639273806, Pos_Z, 0.007375170203069127, BFx, 1.0, 0.0, 0.0,                             BFy, 0.0, 0.9897980813911699, -0.14247721949264208, BFz, 0.0, 0.14247721949264208, 0.9897980813911712
Time, 0.13, Pos_X, 0.003731856829782, Pos_Y, -0.0011075206775526807, Pos_Z, 0.007601494661871452, BFx, 1.0, 0.0, 0.0,                             BFy, 0.0, 0.9896284736634713, -0.1436505625276258, BFz, 0.0, 0.1436505625276258, 0.9896284736634727
Time, 0.132, Pos_X, 0.0039474828550580005, Pos_Y, -0.001155577568989842, Pos_Z, 0.007831582717042195, BFx, 1.0, 0.0, 0.0,                             BFy, 0.0, 0.9894784273479672, -0.14468048179691856, BFz, 0.0, 0.14468048179691853, 0.9894784273479686
Time, 0.134, Pos_X, 0.004169565412334, Pos_Y, -0.0012038660643294635, Pos_Z, 0.008065552994452378, BFx, 1.0, 0.0, 0.0,                             BFy, 0.0, 0.989347637725533, -0.14557215299260626, BFz, 0.0, 0.14557215299260626, 0.9893476377255344
Time, 0.136, Pos_X, 0.004398076183210001, Pos_Y, -0.0012522953397492123, Pos_Z, 0.008303515201103933, BFx, 1.0, 0.0, 0.0,                             BFy, 0.0, 0.9892356162649677, -0.1463314577008826, BFz, 0.0, 0.1463314577008826, 0.989235616264969
Time, 0.138, Pos_X, 0.004632998205886001, Pos_Y, -0.0013007695531006317, Pos_Z, 0.008545564458345764, BFx, 1.0, 0.0, 0.0,                             BFy, 0.0, 0.9891417010846295, -0.14696494539651572, BFz, 0.0, 0.14696494539651572, 0.989141701084631
Time, 0.14, Pos_X, 0.004874327603362001, Pos_Y, -0.0013491860363878665, Pos_Z, 0.008791774983454256, BFx, 1.0, 0.0, 0.0,                             BFy, 0.0, 0.9890650771982643, -0.1474797378177315, BFz, 0.0, 0.14747973781773152, 0.9890650771982658
Time, 0.142, Pos_X, 0.005122072271637998, Pos_Y, -0.0013974341312475082, Pos_Z, 0.009042200216295388, BFx, 1.0, 0.0, 0.0,                             BFy, 0.0, 0.9890048173376643, -0.14788330292121854, BFz, 0.0, 0.14788330292121854, 0.9890048173376658
Time, 0.144, Pos_X, 0.005376252284113998, Pos_Y, -0.0014453985679225446, Pos_Z, 0.009296880847152262, BFx, 1.0, 0.0, 0.0,                             BFy, 0.0, 0.9889599773366432, -0.14818287089370985, BFz, 0.0, 0.14818287089370988, 0.9889599773366446
Time, 0.146, Pos_X, 0.005636898758989998, Pos_Y, -0.0014929615523782062, Pos_Z, 0.009555846950052915, BFx, 1.0, 0.0, 0.0,                             BFy, 0.0, 0.9889297016544506, -0.14838478758159607, BFz, 0.0, 0.14838478758159612, 0.9889297016544518
Time, 0.148, Pos_X, 0.005904053257065998, Pos_Y, -0.0015400030296108002, Pos_Z, 0.00981911115391478, BFx, 1.0, 0.0, 0.0,                             BFy, 0.0, 0.9889133710767338, -0.14849358405549354, BFz, 0.0, 0.14849358405549365, 0.9889133710767353
Time, 0.15, Pos_X, 0.006177767984941998, Pos_Y, -0.0015864013549093453, Pos_Z, 0.010086663056125492, BFx, 1.0, 0.0, 0.0,                             BFy, 0.0, 0.988910718408245, -0.1485112487904023, BFz, 0.0, 0.14851124879040242, 0.9889107184082464
Time, 0.152, Pos_X, 0.006458104035817999, Pos_Y, -0.0016320352813717865, Pos_Z, 0.0103584686714123, BFx, 1.0, 0.0, 0.0,                             BFy, 0.0, 0.9889219440987235, -0.14843647961332684, BFz, 0.0, 0.14843647961332695, 0.9889219440987248
Time, 0.154, Pos_X, 0.006745128310893999, Pos_Y, -0.0016767868374418255, Pos_Z, 0.010634471424284808, BFx, 1.0, 0.0, 0.0,                             BFy, 0.0, 0.9889477810812224, -0.14826424482835723, BFz, 0.0, 0.14826424482835732, 0.9889477810812238
Time, 0.156, Pos_X, 0.00703891106457, Pos_Y, -0.0017205446511515054, Pos_Z, 0.01091459412146665, BFx, 1.0, 0.0, 0.0,                             BFy, 0.0, 0.9889895092930759, -0.14798564291253702, BFz, 0.0, 0.1479856429125371, 0.9889895092930774
Time, 0.158, Pos_X, 0.007339524629846, Pos_Y, -0.0017632073592094147, Pos_Z, 0.011198741637397772, BFx, 1.0, 0.0, 0.0,                             BFy, 0.0, 0.9890489130901056, -0.14758810085937385, BFz, 0.0, 0.14758810085937396, 0.9890489130901071
Time, 0.16, Pos_X, 0.007647041583122001, Pos_Y, -0.0018046859184846623, Pos_Z, 0.011486803394288654, BFx, 1.0, 0.0, 0.0,                             BFy, 0.0, 0.9891282077408065, -0.14705573314718323, BFz, 0.0, 0.14705573314718332, 0.9891282077408081
Time, 0.162, Pos_X, 0.007961532444198002, Pos_Y, -0.0018449067254177145, Pos_Z, 0.011778656809972619, BFx, 1.0, 0.0, 0.0,                             BFy, 0.0, 0.9892298526257157, -0.1463704159798029, BFz, 0.0, 0.14637041597980305, 0.9892298526257173
Time, 0.164, Pos_X, 0.008283062369074001, Pos_Y, -0.00188381550888737, Pos_Z, 0.0120741723932368, BFx, 1.0, 0.0, 0.0,                             BFy, 0.0, 0.9893563438547375, -0.1455129714987014, BFz, 0.0, 0.14551297149870154, 0.9893563438547393
Time, 0.166, Pos_X, 0.00861168763595, Pos_Y, -0.0019213814419349166, Pos_Z, 0.012373218583842514, BFx, 1.0, 0.0, 0.0,                             BFy, 0.0, 0.9895099758851515, -0.14446455490452442, BFz, 0.0, 0.14446455490452456, 0.9895099758851532
Time, 0.168, Pos_X, 0.008947452519626002, Pos_Y, -0.001957600550364253, Pos_Z, 0.012675665433074508, BFx, 1.0, 0.0, 0.0,                             BFy, 0.0, 0.9896926374363261, -0.14320783290143355, BFz, 0.0, 0.14320783290143368, 0.9896926374363276
Time, 0.17, Pos_X, 0.009290386015302002, Pos_Y, -0.001992497660054547, Pos_Z, 0.012981388873651117, BFx, 1.0, 0.0, 0.0,                             BFy, 0.0, 0.9899055636383203, -0.14172852598505262, BFz, 0.0, 0.14172852598505278, 0.9899055636383218
Time, 0.172, Pos_X, 0.009640498568377998, Pos_Y, -0.002026127840231479, Pos_Z, 0.013290276241506757, BFx, 1.0, 0.0, 0.0,                             BFy, 0.0, 0.9901492370925339, -0.14001602867196766, BFz, 0.0, 0.1400160286719678, 0.9901492370925357
Time, 0.174, Pos_X, 0.009997779022054, Pos_Y, -0.0020585770803917282, Pos_Z, 0.013602232902580612, BFx, 1.0, 0.0, 0.0,                             BFy, 0.0, 0.9904233552606365, -0.13806367137759035, BFz, 0.0, 0.13806367137759046, 0.9904233552606384
Time, 0.176, Pos_X, 0.01036219099853, Pos_Y, -0.0020899614935592768, Pos_Z, 0.013917188947980283, BFx, 1.0, 0.0, 0.0,                             BFy, 0.0, 0.9907267803340236, -0.13586922657090364, BFz, 0.0, 0.1358692265709037, 0.9907267803340255
Time, 0.178, Pos_X, 0.010733668778806, Pos_Y, -0.0021204242654914753, Pos_Z, 0.01423510438092211, BFx, 1.0, 0.0, 0.0,                             BFy, 0.0, 0.9910576310155086, -0.13343452329110475, BFz, 0.0, 0.1334345232911048, 0.9910576310155104
Time, 0.18, Pos_X, 0.011112113700282, Pos_Y, -0.002150131231453838, Pos_Z, 0.014555973049748394, BFx, 1.0, 0.0, 0.0,                             BFy, 0.0, 0.9914134906897684, -0.13076425535414815, BFz, 0.0, 0.1307642553541482, 0.9914134906897701
Time, 0.182, Pos_X, 0.011497389328958002, Pos_Y, -0.0021792643441578756, Pos_Z, 0.01487982388691465, BFx, 1.0, 0.0, 0.0,                             BFy, 0.0, 0.9917916212997114, -0.127864693796553, BFz, 0.0, 0.12786469379655305, 0.9917916212997132
Time, 0.184, Pos_X, 0.011889318533634003, Pos_Y, -0.0022080151484934166, Pos_Z, 0.015206720901007945, BFx, 1.0, 0.0, 0.0,                             BFy, 0.0, 0.992189166779289, -0.12474236379761551, BFz, 0.0, 0.12474236379761558, 0.9921891667792908
Time, 0.186, Pos_X, 0.012287686477510003, Pos_Y, -0.0022365831663752255, Pos_Z, 0.01553677087196613, BFx, 1.0, 0.0, 0.0,                             BFy, 0.0, 0.9926033743744205, -0.12140239363583633, BFz, 0.0, 0.12140239363583638, 0.9926033743744223
Time, 0.188, Pos_X, 0.012692241257386003, Pos_Y, -0.0022651728062408802, Pos_Z, 0.015870137901854455, BFx, 1.0, 0.0, 0.0,                             BFy, 0.0, 0.9930317110949184, -0.11784744698080986, BFz, 0.0, 0.1178474469808099, 0.9930317110949202
Time, 0.19, Pos_X, 0.013102689617862004, Pos_Y, -0.002293984022250811, Pos_Z, 0.016207051115556828, BFx, 1.0, 0.0, 0.0,                             BFy, 0.0, 0.9934718794434412, -0.11407727536680203, BFz, 0.0, 0.11407727536680208, 0.9934718794434428
Time, 0.192, Pos_X, 0.013518694151138004, Pos_Y, -0.002323201006191182, Pos_Z, 0.016547801527041512, BFx, 1.0, 0.0, 0.0,                             BFy, 0.0, 0.9939217598564947, -0.11008876093300919, BFz, 0.0, 0.11008876093300925, 0.9939217598564962
Time, 0.194, Pos_X, 0.013939872293414004, Pos_Y, -0.002352981029088911, Pos_Z, 0.016892735572708827, BFx, 1.0, 0.0, 0.0,                             BFy, 0.0, 0.9943792562672072, -0.1058767902114159, BFz, 0.0, 0.10587679021141595, 0.9943792562672088
Time, 0.196, Pos_X, 0.014365796281090004, Pos_Y, -0.0023834434120940068, Pos_Z, 0.017242248096646623, BFx, 1.0, 0.0, 0.0,                             BFy, 0.0, 0.9948421118097908, -0.10143555870518176, BFz, 0.0, 0.10143555870518181, 0.9948421118097923
Time, 0.198, Pos_X, 0.014795994376966003, Pos_Y, -0.0024146593960277323, Pos_Z, 0.01759677316957939, BFx, 1.0, 0.0, 0.0,                             BFy, 0.0, 0.995307731703499, -0.09676011167434737, BFz, 0.0, 0.09676011167434743, 0.9953077317035005
Time, 0.2, Pos_X, 0.015229952878382004, Pos_Y, -0.0024466444093630296, Pos_Z, 0.017956775899755775, BFx, 1.0, 0.0, 0.0,                             BFy, 0.0, 0.9957730579777732, -0.09184779260053459, BFz, 0.0, 0.09184779260053466, 0.9957730579777748
Time, 0.202, Pos_X, 0.015667119289338005, Pos_Y, -0.002479353565157773, Pos_Z, 0.018322747371434564, BFx, 1.0, 0.0, 0.0,                             BFy, 0.0, 0.9962345182230693, -0.08669939273631538, BFz, 0.0, 0.08669939273631544, 0.9962345182230709
Time, 0.204, Pos_X, 0.016106907903294, Pos_Y, -0.0025126797841901936, Pos_Z, 0.018695199309141357, BFx, 1.0, 0.0, 0.0,                             BFy, 0.0, 0.9966880365015679, -0.0813200952695352, BFz, 0.0, 0.08132009526953525, 0.9966880365015695
Time, 0.206, Pos_X, 0.016548706630449998, Pos_Y, -0.0025464535233400533, Pos_Z, 0.01907465560615137, BFx, 1.0, 0.0, 0.0,                             BFy, 0.0, 0.9971291206988372, -0.07571998847306424, BFz, 0.0, 0.07571998847306428, 0.9971291206988387
Time, 0.208, Pos_X, 0.016991884310406, Pos_Y, -0.002580444559178981, Pos_Z, 0.019461641483359875, BFx, 1.0, 0.0, 0.0,                             BFy, 0.0, 0.9975530074700156, -0.06991421377319874, BFz, 0.0, 0.06991421377319877, 0.9975530074700171
Time, 0.21, Pos_X, 0.017435798330773997, Pos_Y, -0.0026143656803976315, Pos_Z, 0.019856671468796765, BFx, 1.0, 0.0, 0.0,                             BFy, 0.0, 0.9979548401029114, -0.0639228997712898, BFz, 0.0, 0.06392289977128982, 0.9979548401029128
Time, 0.212, Pos_X, 0.017879802120445997, Pos_Y, -0.002647876936741246, Pos_Z, 0.020260237241617265, BFx, 1.0, 0.0, 0.0,                             BFy, 0.0, 0.9983298773194264, -0.057770719671620174, BFz, 0.0, 0.05777071967162019, 0.9983298773194276
Time, 0.214, Pos_X, 0.018323252881009996, Pos_Y, -0.0026805911492132723, Pos_Z, 0.020672795773731812, BFx, 1.0, 0.0, 0.0,                             BFy, 0.0, 0.9986736651790487, -0.05148699328804758, BFz, 0.0, 0.051486993288047594, 0.9986736651790497
Time, 0.216, Pos_X, 0.018765519727773995, Pos_Y, -0.002712080550645923, Pos_Z, 0.021094757768801507, BFx, 1.0, 0.0, 0.0,                             BFy, 0.0, 0.9989822376851648, -0.045105307775678796, BFz, 0.0, 0.0451053077756788, 0.9989822376851658
Time, 0.218, Pos_X, 0.019205992721737994, Pos_Y, -0.0027418844178566967, Pos_Z, 0.02152647699489608, BFx, 1.0, 0.0, 0.0,                             BFy, 0.0, 0.9992523127063404, -0.038662844580142075, BFz, 0.0, 0.038662844580142075, 0.9992523127063414
Time, 0.22, Pos_X, 0.019644091636201993, Pos_Y, -0.002769518599971262, Pos_Z, 0.021968241105342894, BFx, 1.0, 0.0, 0.0,                             BFy, 0.0, 0.9994814581473228, -0.03219960899917307, BFz, 0.0, 0.032199608999173054, 0.9994814581473238
Time, 0.222, Pos_X, 0.020079274830765992, Pos_Y, -0.002794486762285827, Pos_Z, 0.022420263895723363, BFx, 1.0, 0.0, 0.0,                             BFy, 0.0, 0.9996682157211152, -0.02575768772540675, BFz, 0.0, 0.025757687725406726, 0.9996682157211163
Time, 0.224, Pos_X, 0.02051104799432999, Pos_Y, -0.0028162926336647094, Pos_Z, 0.0228826787440075, BFx, 1.0, 0.0, 0.0,                             BFy, 0.0, 0.9998121952950146, -0.019379735275832633, BFz, 0.0, 0.0193797352758326, 0.9998121952950157
Time, 0.226, Pos_X, 0.02093897132489399, Pos_Y, -0.0028344519071774304, Pos_Z, 0.023355533884376105, BFx, 1.0, 0.0, 0.0,                             BFy, 0.0, 0.9999140832401046, -0.013108246949862807, BFz, 0.0, 0.013108246949862765, 0.9999140832401058
Time, 0.228, Pos_X, 0.021362665562457993, Pos_Y, -0.0028485035775450444, Pos_Z, 0.023838789743370347, BFx, 1.0, 0.0, 0.0,                             BFy, 0.0, 0.9999756083674987, -0.006984459180792117, BFz, 0.0, 0.006984459180792066, 0.9999756083674999
Time, 0.23, Pos_X, 0.021781816695821993, Pos_Y, -0.0028580200417984043, Pos_Z, 0.024332317568062298, BFx, 1.0, 0.0, 0.0,                             BFy, 0.0, 0.9999994523741651, -0.001046542577762071, BFz, 0.0, 0.0010465425777620137, 0.9999994523741663
Time, 0.232, Pos_X, 0.022196179071785994, Pos_Y, -0.0028626153570196714, Pos_Z, 0.024835899030208428, BFx, 1.0, 0.0, 0.0,                             BFy, 0.0, 0.9999890887438896, 0.004671444440683582, BFz, 0.0, -0.004671444440683646, 0.9999890887438908
Time, 0.234, Pos_X, 0.022605576515749994, Pos_Y, -0.0028619517317126537, Pos_Z, 0.02534922704761397, BFx, 1.0, 0.0, 0.0,                             BFy, 0.0, 0.999948585438313, 0.010140339240593346, BFz, 0.0, -0.010140339240593418, 0.9999485854383141
Time, 0.236, Pos_X, 0.023009902255513987, Pos_Y, -0.002855744717817973, Pos_Z, 0.02587190846237012, BFx, 1.0, 0.0, 0.0,                             BFy, 0.0, 0.9998823879776354, 0.015336564548121679, BFz, 0.0, -0.015336564548121758, 0.9998823879776366
Time, 0.238, Pos_X, 0.023409118166077988, Pos_Y, -0.002843767242111074, Pos_Z, 0.02640346880284832, BFx, 1.0, 0.0, 0.0,                             BFy, 0.0, 0.9997950971078179, 0.020242623327182848, BFz, 0.0, -0.020242623327182935, 0.999795097107819
Time, 0.24, Pos_X, 0.023803252544841988, Pos_Y, -0.0028258521275493355, Pos_Z, 0.026943358817453307, BFx, 1.0, 0.0, 0.0,                             BFy, 0.0, 0.9996912632796945, 0.02484709484518298, BFz, 0.0, -0.024847094845183076, 0.9996912632796956
Time, 0.242, Pos_X, 0.024192396831205987, Pos_Y, -0.0028018936288410415, Pos_Z, 0.02749096322046672, BFx, 1.0, 0.0, 0.0,                             BFy, 0.0, 0.9995752007876839, 0.029144776037197333, BFz, 0.0, -0.02914477603719744, 0.999575200787685
Time, 0.244, Pos_X, 0.024576701390169986, Pos_Y, -0.002771847079313248, Pos_Z, 0.02804561056850802, BFx, 1.0, 0.0, 0.0,                             BFy, 0.0, 0.9994508255281846, 0.03313679753728274, BFz, 0.0, -0.03313679753728285, 0.9994508255281859
Time, 0.246, Pos_X, 0.024956371002933988, Pos_Y, -0.002735726464775786, Pos_Z, 0.028606582356415357, BFx, 1.0, 0.0, 0.0,                             BFy, 0.0, 0.9993215356474553, 0.036830264609534036, BFz, 0.0, -0.036830264609534154, 0.9993215356474566
Time, 0.248, Pos_X, 0.02533165828289799, Pos_Y, -0.00269359967113191, Pos_Z, 0.029173120682520603, BFx, 1.0, 0.0, 0.0,                             BFy, 0.0, 0.9991901234815291, 0.040238006125593355, BFz, 0.0, -0.04023800612559348, 0.9991901234815305
Time, 0.25, Pos_X, 0.02570285793446199, Pos_Y, -0.002645584174880687, Pos_Z, 0.029744437065570645, BFx, 1.0, 0.0, 0.0,                             BFy, 0.0, 0.9990587331260053, 0.0433779640446393, BFz, 0.0, -0.043377964044639436, 0.9990587331260067
Time, 0.252, Pos_X, 0.02607030366596599, Pos_Y, -0.002591843114746418, Pos_Z, 0.030319716611531548, BFx, 1.0, 0.0, 0.0,                             BFy, 0.0, 0.9989288602967935, 0.04627236827898695, BFz, 0.0, -0.0462723682789871, 0.9989288602967948
Time, 0.254, Pos_X, 0.02643436310920999, Pos_Y, -0.002532578898983756, Pos_Z, 0.03089811935412491, BFx, 1.0, 0.0, 0.0,                             BFy, 0.0, 0.9988013869475034, 0.04894680205836437, BFz, 0.0, -0.04894680205836451, 0.9988013869475046
Time, 0.256, Pos_X, 0.02679543262905399, Pos_Y, -0.0024680269996731224, Pos_Z, 0.031478792457383616, BFx, 1.0, 0.0, 0.0,                             BFy, 0.0, 0.9986766493199605, 0.05142907838036433, BFz, 0.0, -0.05142907838036448, 0.9986766493199618
Time, 0.258, Pos_X, 0.02715392999289799, Pos_Y, -0.0023984500136195537, Pos_Z, 0.032060889198192215, BFx, 1.0, 0.0, 0.0,                             BFy, 0.0, 0.9985545205553945, 0.05374820442008265, BFz, 0.0, -0.05374820442008281, 0.9985545205553958
Time, 0.26, Pos_X, 0.02751028657344199, Pos_Y, -0.0023241321746933397, Pos_Z, 0.032643583738158136, BFx, 1.0, 0.0, 0.0,                             BFy, 0.0, 0.9984345113911427, 0.0559332321891625, BFz, 0.0, -0.05593323218916265, 0.998434511391144
Time, 0.262, Pos_X, 0.02786494138588599, Pos_Y, -0.002245373562773593, Pos_Z, 0.033226080487233085, BFx, 1.0, 0.0, 0.0,                             BFy, 0.0, 0.9983158703962053, 0.05801226521231041, BFz, 0.0, -0.058012265212310565, 0.9983158703962065
Time, 0.264, Pos_X, 0.02821833506448999, Pos_Y, -0.0021624836514921655, Pos_Z, 0.03380762177597052, BFx, 1.0, 0.0, 0.0,                             BFy, 0.0, 0.9981976871238809, 0.06001147740666772, BFz, 0.0, -0.060011477406667874, 0.9981976871238821
Time, 0.266, Pos_X, 0.02857090386793399, Pos_Y, -0.0020757752536506666, Pos_Z, 0.034387494593055144, BFx, 1.0, 0.0, 0.0,                             BFy, 0.0, 0.9980789748102254, 0.06195449977011714, BFz, 0.0, -0.06195449977011729, 0.9980789748102267
Time, 0.268, Pos_X, 0.02892307179206199, Pos_Y, -0.0019855583758487845, Pos_Z, 0.034965036882555985, BFx, 1.0, 0.0, 0.0,                             BFy, 0.0, 0.9979586999242087, 0.06386261226711049, BFz, 0.0, -0.06386261226711065, 0.9979586999242099
Time, 0.27, Pos_X, 0.02927524227453999, Pos_Y, -0.00189213505638616, Pos_Z, 0.03553964605294243, BFx, 1.0, 0.0, 0.0,                             BFy, 0.0, 0.9978358077021126, 0.06575485432626597, BFz, 0.0, -0.06575485432626615, 0.9978358077021139
Time, 0.272, Pos_X, 0.029627794003163992, Pos_Y, -0.0017957964120064662, Pos_Z, 0.03611078690886871, BFx, 1.0, 0.0, 0.0,                             BFy, 0.0, 0.9977092450466387, 0.06764807719707958, BFz, 0.0, -0.06764807719707977, 0.99770924504664
Time, 0.274, Pos_X, 0.02998107710252799, Pos_Y, -0.0016968192032527523, Pos_Z, 0.03667799459325728, BFx, 1.0, 0.0, 0.0,                             BFy, 0.0, 0.9975779529851935, 0.0695573699752002, BFz, 0.0, -0.06955736997520039, 0.9975779529851948
Time, 0.276, Pos_X, 0.03033540702497199, Pos_Y, -0.0015954604420611444, Pos_Z, 0.03724087758142354, BFx, 1.0, 0.0, 0.0,                             BFy, 0.0, 0.9974408469222255, 0.07149655160264148, BFz, 0.0, -0.07149655160264166, 0.9974408469222268
Time, 0.278, Pos_X, 0.03069106028229599, Pos_Y, -0.0014919533127151035, Pos_Z, 0.037799122515192705, BFx, 1.0, 0.0, 0.0,                             BFy, 0.0, 0.997296822124502, 0.07347821840766972, BFz, 0.0, -0.0734782184076699, 0.9972968221245033
Time, 0.28, Pos_X, 0.03104826962115999, Pos_Y, -0.0013865037280352984, Pos_Z, 0.03835249711260201, BFx, 1.0, 0.0, 0.0,                             BFy, 0.0, 0.9971447494096344, 0.07551389756060224, BFz, 0.0, -0.07551389756060242, 0.9971447494096356
Time, 0.282, Pos_X, 0.03140721800110398, Pos_Y, -0.0012792864863650037, Pos_Z, 0.03890085044037059, BFx, 1.0, 0.0, 0.0,                             BFy, 0.0, 0.9969835059549745, 0.07761371562889582, BFz, 0.0, -0.077613715628896, 0.9969835059549759
Time, 0.284, Pos_X, 0.03176803260640798, Pos_Y, -0.0011704418312781717, Pos_Z, 0.03944411131150191, BFx, 1.0, 0.0, 0.0,                             BFy, 0.0, 0.9968120370810237, 0.07978573011745403, BFz, 0.0, -0.07978573011745421, 0.9968120370810252
Time, 0.286, Pos_X, 0.03213078042559198, Pos_Y, -0.0010600732910794023, Pos_Z, 0.039982287074129146, BFx, 1.0, 0.0, 0.0,                             BFy, 0.0, 0.9966294362443787, 0.08203515594674823, BFz, 0.0, -0.08203515594674844, 0.9966294362443802
Time, 0.288, Pos_X, 0.03249546626547598, Pos_Y, -0.0009482474851770751, Pos_Z, 0.0405154645358902, BFx, 1.0, 0.0, 0.0,                             BFy, 0.0, 0.9964350189784272, 0.08436381305664746, BFz, 0.0, -0.08436381305664768, 0.9964350189784287
Time, 0.29, Pos_X, 0.032862030892699984, Pos_Y, -0.0008349941440540616, Pos_Z, 0.04104381131343724, BFx, 1.0, 0.0, 0.0,                             BFy, 0.0, 0.996228378278412, 0.08676991594303264, BFz, 0.0, -0.08676991594303286, 0.9962283782784135
Time, 0.292, Pos_X, 0.03323035056866398, Pos_Y, -0.0007203070460458623, Pos_Z, 0.04156757638230622, BFx, 1.0, 0.0, 0.0,                             BFy, 0.0, 0.996009474830069, 0.08924755486133097, BFz, 0.0, -0.0892475548613312, 0.9960094748300704
Time, 0.294, Pos_X, 0.03360023642484798, Pos_Y, -0.0006041442272534653, Pos_Z, 0.0420870873674464, BFx, 1.0, 0.0, 0.0,                             BFy, 0.0, 0.995778726431976, 0.09178631698411326, BFz, 0.0, -0.09178631698411348, 0.9957787264319774
Time, 0.296, Pos_X, 0.033971431370991984, Pos_Y, -0.00048642614772578016, Pos_Z, 0.0426027374325375, BFx, 1.0, 0.0, 0.0,                             BFy, 0.0, 0.9955370806001932, 0.09437118813515298, BFz, 0.0, -0.09437118813515322, 0.9955370806001947
Time, 0.298, Pos_X, 0.03434361270809599, Pos_Y, -0.00036703766616826916, Pos_Z, 0.04311496848621807, BFx, 1.0, 0.0, 0.0,                             BFy, 0.0, 0.9952860493625854, 0.09698288480042701, BFz, 0.0, -0.09698288480042726, 0.9952860493625871
Time, 0.3, Pos_X, 0.03471640153940999, Pos_Y, -0.00024583402203367757, Pos_Z, 0.04362426390413897, BFx, 1.0, 0.0, 0.0,                             BFy, 0.0, 0.9950277337330896, 0.09959823844821235, BFz, 0.0, -0.0995982384482126, 0.9950277337330915
Time, 0.302, Pos_X, 0.035089371817871993, Pos_Y, -0.00012264595676936946, Pos_Z, 0.0441311484963616, BFx, 1.0, 0.0, 0.0,                             BFy, 0.0, 0.9947648342137918, 0.10219062878562843, BFz, 0.0, -0.10219062878562869, 0.9947648342137938
Time, 0.304, Pos_X, 0.03546205885629199, Pos_Y, 2.7162682601898787e-06, Pos_Z, 0.04463618594449654, BFx, 1.0, 0.0, 0.0,                             BFy, 0.0, 0.9945006617745324, 0.1047302904130975, BFz, 0.0, -0.10473029041309777, 0.9945006617745343
Time, 0.306, Pos_X, 0.035833968933611994, Pos_Y, 0.00013045832392838264, Pos_Z, 0.04513997132224321, BFx, 1.0, 0.0, 0.0,                             BFy, 0.0, 0.9942391266297537, 0.10718469610209992, BFz, 0.0, -0.1071846961021002, 0.9942391266297556
Time, 0.308, Pos_X, 0.036204589654791994, Pos_Y, 0.00026079675094985166, Pos_Z, 0.045643121294677534, BFx, 1.0, 0.0, 0.0,                             BFy, 0.0, 0.9939846877905535, 0.10951913274816846, BFz, 0.0, -0.10951913274816875, 0.9939846877905553
Time, 0.31, Pos_X, 0.036573400710432, Pos_Y, 0.000393954566779796, Pos_Z, 0.04614626133422409, BFx, 1.0, 0.0, 0.0,                             BFy, 0.0, 0.9937422258834105, 0.11169775510850509, BFz, 0.0, -0.11169775510850537, 0.9937422258834123
Time, 0.312, Pos_X, 0.036939885058192, Pos_Y, 0.0005301572514423594, Pos_Z, 0.04665001122023413, BFx, 1.0, 0.0, 0.0,                             BFy, 0.0, 0.9935168704545838, 0.1136847752433216, BFz, 0.0, -0.11368477524332188, 0.9935168704545855
Time, 0.314, Pos_X, 0.037303538873272, Pos_Y, 0.0006696288180302731, Pos_Z, 0.047154972424733634, BFx, 1.0, 0.0, 0.0,                             BFy, 0.0, 0.9933138173635778, 0.11544548598620648, BFz, 0.0, -0.11544548598620674, 0.9933138173635795
Time, 0.316, Pos_X, 0.037663880591632004, Pos_Y, 0.000812588315700554, Pos_Z, 0.04766171964223334, BFx, 1.0, 0.0, 0.0,                             BFy, 0.0, 0.9931381219427233, 0.11694729900290417, BFz, 0.0, -0.11694729900290446, 0.993138121942725
