Time, 0, Pos_X, 0.0, Pos_Y, 0.0, Pos_Z, 0.0, BFx, 1.0, 0.0, 0.0,                         BFy, 0.0, 1.0, 0.0, BFz, 0.0, 0.0, 1.0
Time, 0.0, Pos_X, 0.0, Pos_Y, 0.0, Pos_Z, 0.0, BFx, 1.0, 0.0, 0.0,                             BFy, 0.0, 1.0, 0.0, BFz, 0.0, 0.0, 1.0
Time, 0.002, Pos_X, 1.249935e-07, Pos_Y, 1.5479334216354501e-07, Pos_Z, -3.4036859488934897e-07, BFx, 1.0, 0.0, 0.0,                             BFy, 0.0, 0.999990739077652, 0.004303691314567095, BFz, 0.0, -0.004303691314567095, 0.9999907390776521
Time, 0.004, Pos_X, 5.0908424e-07, Pos_Y, 6.383374300957644e-07, Pos_Z, -1.3488345941669121e-06, BFx, 1.0, 0.0, 0.0,                             BFy, 0.0, 0.9999629844647019, 0.00860405139723873, BFz, 0.0, -0.008604051397238731, 0.9999629844647021
Time, 0.006, Pos_X, 1.1720665080000002e-06, Pos_Y, 1.4898971003797337e-06, Pos_Z, -3.0002381209788705e-06, BFx, 1.0, 0.0, 0.0,                             BFy, 0.0, 0.9999167941755379, 0.012899795568716614, BFz, 0.0, -0.012899795568716614, 0.9999167941755381
Time, 0.008, Pos_X, 2.1368959840000005e-06, Pos_Y, 2.7509263089257735e-06, Pos_Z, -5.269414421752708e-06, BFx, 1.0, 0.0, 0.0,                             BFy, 0.0, 0.9998522513122072, 0.017189402139428277, BFz, 0.0, -0.017189402139428277, 0.9998522513122073
Time, 0.01, Pos_X, 3.4296050000000005e-06, Pos_Y, 4.4654865390520115e-06, Pos_Z, -8.130680134561247e-06, BFx, 1.0, 0.0, 0.0,                             BFy, 0.0, 0.9997694675525008, 0.021471184172960192, BFz, 0.0, -0.021471184172960192, 0.999769467552501
Time, 0.012, Pos_X, 5.0793606560000004e-06, Pos_Y, 6.680240560299296e-06, Pos_Z, -1.1557495757704204e-05, BFx, 1.0, 0.0, 0.0,                             BFy, 0.0, 0.9996685879623006, 0.025743236810092898, BFz, 0.0, -0.025743236810092895, 0.9996685879623006
Time, 0.014, Pos_X, 7.118512982e-06, Pos_Y, 9.444147549582671e-06, Pos_Z, -1.5522303664311712e-05, BFx, 1.0, 0.0, 0.0,                             BFy, 0.0, 0.9995497916401518, 0.030003566990102117, BFz, 0.0, -0.030003566990102114, 0.9995497916401518
Time, 0.016, Pos_X, 9.582928738000001e-06, Pos_Y, 1.2808606709897025e-05, Pos_Z, -1.999658079297317e-05, BFx, 1.0, 0.0, 0.0,                             BFy, 0.0, 0.9994132911859105, 0.03425015913754298, BFz, 0.0, -0.03425015913754298, 0.9994132911859104
Time, 0.018, Pos_X, 1.2512225973999998e-05, Pos_Y, 1.6827951458478787e-05, Pos_Z, -2.49509567924488e-05, BFx, 1.0, 0.0, 0.0,                             BFy, 0.0, 0.9992593325153664, 0.03848098726572877, BFz, 0.0, -0.03848098726572877, 0.9992593325153661
Time, 0.02, Pos_X, 1.5949461830000003e-05, Pos_Y, 2.1559427625312152e-05, Pos_Z, -3.035532292932582e-05, BFx, 1.0, 0.0, 0.0,                             BFy, 0.0, 0.99908818808889, 0.042694173153480806, BFz, 0.0, -0.0426941731534808, 0.9990881880888898
Time, 0.022, Pos_X, 1.9941353286e-05, Pos_Y, 2.7063146414695087e-05, Pos_Z, -3.617902696889999e-05, BFx, 1.0, 0.0, 0.0,                             BFy, 0.0, 0.998900150326854, 0.04688805473666929, BFz, 0.0, -0.046888054736669287, 0.9989001503268538
Time, 0.024, Pos_X, 2.4538597222000005e-05, Pos_Y, 3.340232338090766e-05, Pos_Z, -4.239114061032266e-05, BFx, 1.0, 0.0, 0.0,                             BFy, 0.0, 0.9986955257324983, 0.05106120721143287, BFz, 0.0, -0.051061207211432855, 0.9986955257324981
Time, 0.026, Pos_X, 2.9795825658e-05, Pos_Y, 4.064331135105501e-05, Pos_Z, -4.896057610348683e-05, BFx, 1.0, 0.0, 0.0,                             BFy, 0.0, 0.9984746285874689, 0.05521246296911369, BFz, 0.0, -0.055212462969113675, 0.9984746285874687
Time, 0.028, Pos_X, 3.5771741334000006e-05, Pos_Y, 4.885537293632043e-05, Pos_Z, -5.5856169104348846e-05, BFx, 1.0, 0.0, 0.0,                             BFy, 0.0, 0.9982377901554398, 0.059340663171085946, BFz, 0.0, -0.05934066317108593, 0.9982377901554396
Time, 0.03, Pos_X, 4.252911277e-05, Pos_Y, 5.811050984393175e-05, Pos_Z, -6.304714575592212e-05, BFx, 1.0, 0.0, 0.0,                             BFy, 0.0, 0.997985325937411, 0.0634451669837775, BFz, 0.0, -0.06344516698377749, 0.9979853259374108
Time, 0.032, Pos_X, 5.013436666600001e-05, Pos_Y, 6.848358309808471e-05, Pos_Z, -7.050336630002559e-05, BFx, 1.0, 0.0, 0.0,                             BFy, 0.0, 0.9977175464777773, 0.06752553184066074, BFz, 0.0, -0.06752553184066072, 0.9977175464777772
Time, 0.034, Pos_X, 5.8657647402000015e-05, Pos_Y, 8.005215817386516e-05, Pos_Z, -7.819538787819733e-05, BFx, 1.0, 0.0, 0.0,                             BFy, 0.0, 0.9974347556247876, 0.07158147994921658, BFz, 0.0, -0.07158147994921657, 0.9974347556247875
Time, 0.036, Pos_X, 6.8172915998e-05, Pos_Y, 9.289622852033449e-05, Pos_Z, -8.60946665011426e-05, BFx, 1.0, 0.0, 0.0,                             BFy, 0.0, 0.9971372546083619, 0.07561279965785571, BFz, 0.0, -0.0756127996578557, 0.9971372546083617
Time, 0.038, Pos_X, 7.8758074074e-05, Pos_Y, 0.00010709811235167324, Pos_Z, -9.417378625552085e-05, BFx, 1.0, 0.0, 0.0,                             BFy, 0.0, 0.996825341943226, 0.07961932968677163, BFz, 0.0, -0.07961932968677161, 0.9968253419432257
Time, 0.04, Pos_X, 9.049607753000002e-05, Pos_Y, 0.00012274188245849738, Pos_Z, -0.00010240592130242859, BFx, 1.0, 0.0, 0.0,                             BFy, 0.0, 0.996499313681085, 0.0836009439727011, BFz, 0.0, -0.08360094397270108, 0.9964993136810847
Time, 0.042, Pos_X, 0.00010347637768600003, Pos_Y, 0.00013991357249799768, Pos_Z, -0.00011076169779992477, BFx, 1.0, 0.0, 0.0,                             BFy, 0.0, 0.9961594631782779, 0.08755754633591237, BFz, 0.0, -0.08755754633591235, 0.9961594631782775
Time, 0.044, Pos_X, 0.00011779303102199998, Pos_Y, 0.00015870379859756416, Pos_Z, -0.00011920396435124361, BFx, 1.0, 0.0, 0.0,                             BFy, 0.0, 0.9958060909363042, 0.09148895700660654, BFz, 0.0, -0.09148895700660653, 0.995806090936304
Time, 0.046, Pos_X, 0.000133541548438, Pos_Y, 0.00017921217230281534, Pos_Z, -0.0001276854318770064, BFx, 1.0, 0.0, 0.0,                             BFy, 0.0, 0.9954395052740201, 0.09539492302954963, BFz, 0.0, -0.09539492302954962, 0.9954395052740198
Time, 0.048, Pos_X, 0.000150813386294, Pos_Y, 0.00020155578707137998, Pos_Z, -0.00013615483051683183, BFx, 1.0, 0.0, 0.0,                             BFy, 0.0, 0.9950600146974934, 0.09927520914218314, BFz, 0.0, -0.09927520914218312, 0.9950600146974931
Time, 0.05, Pos_X, 0.00016968634745000003, Pos_Y, 0.00022587984756512478, Pos_Z, -0.00014456816469139776, BFx, 1.0, 0.0, 0.0,                             BFy, 0.0, 0.9946679367565923, 0.10312950881480956, BFz, 0.0, -0.10312950881480955, 0.994667936756592
Time, 0.052, Pos_X, 0.00019022196000599998, Pos_Y, 0.0002523620025327959, Pos_Z, -0.00015289529047959476, BFx, 1.0, 0.0, 0.0,                             BFy, 0.0, 0.9942635870772543, 0.10695755893003304, BFz, 0.0, -0.10695755893003303, 0.994263587077254
Time, 0.054, Pos_X, 0.000212468374602, Pos_Y, 0.0002812096769980996, Pos_Z, -0.0001611188986092616, BFx, 1.0, 0.0, 0.0,                             BFy, 0.0, 0.9938472844304792, 0.11075908644514355, BFz, 0.0, -0.11075908644514354, 0.9938472844304789
Time, 0.056, Pos_X, 0.00023646102533800002, Pos_Y, 0.0003126552857919111, Pos_Z, -0.00016922924550653255, BFx, 1.0, 0.0, 0.0,                             BFy, 0.0, 0.9934193342913018, 0.11453395241686044, BFz, 0.0, -0.11453395241686043, 0.9934193342913014
Time, 0.058, Pos_X, 0.00026222136613400005, Pos_Y, 0.00034694981085605037, Pos_Z, -0.0001772200637618146, BFx, 1.0, 0.0, 0.0,                             BFy, 0.0, 0.9929800263000828, 0.118282151523752, BFz, 0.0, -0.11828215152375197, 0.9929800263000824
Time, 0.06, Pos_X, 0.00028975466928999997, Pos_Y, 0.00038435989282017773, Pos_Z, -0.00018508823991644394, BFx, 1.0, 0.0, 0.0,                             BFy, 0.0, 0.9925296389182566, 0.1220037535028992, BFz, 0.0, -0.12200375350289917, 0.9925296389182562
Time, 0.062, Pos_X, 0.000319047582246, Pos_Y, 0.00042517327278359556, Pos_Z, -0.00019283537210314483, BFx, 1.0, 0.0, 0.0,                             BFy, 0.0, 0.9920684400156107, 0.12569888752488675, BFz, 0.0, -0.12569888752488673, 0.9920684400156101
Time, 0.064, Pos_X, 0.000350065479042, Pos_Y, 0.0004697080525542881, Pos_Z, -0.00020047040678808004, BFx, 1.0, 0.0, 0.0,                             BFy, 0.0, 0.9915966842664804, 0.1293677539100209, BFz, 0.0, -0.12936775391002087, 0.9915966842664798
Time, 0.066, Pos_X, 0.00038275024441800006, Pos_Y, 0.0005183207044126917, Pos_Z, -0.00020801355867660262, BFx, 1.0, 0.0, 0.0,                             BFy, 0.0, 0.9911146093411737, 0.13301064299707213, BFz, 0.0, -0.13301064299707208, 0.9911146093411731
Time, 0.068, Pos_X, 0.0004170180602940001, Pos_Y, 0.0005714100109624577, Pos_Z, -0.00021550141078609898, BFx, 1.0, 0.0, 0.0,                             BFy, 0.0, 0.9906224400520116, 0.13662789343834844, BFz, 0.0, -0.1366278934383484, 0.9906224400520109
Time, 0.07, Pos_X, 0.0004527560095300002, Pos_Y, 0.0006294190788216779, Pos_Z, -0.00022299214476770518, BFx, 1.0, 0.0, 0.0,                             BFy, 0.0, 0.9901203750518411, 0.14021998041364556, BFz, 0.0, -0.14021998041364553, 0.9901203750518405
Time, 0.072, Pos_X, 0.0004898170121059999, Pos_Y, 0.0006928371275280919, Pos_Z, -0.00023056924712155794, BFx, 1.0, 0.0, 0.0,                             BFy, 0.0, 0.9896085875474978, 0.14378749407458363, BFz, 0.0, -0.1437874940745836, 0.989608587547497
Time, 0.074, Pos_X, 0.000528014353982, Pos_Y, 0.000762200030543564, Pos_Z, -0.00023834356817701273, BFx, 1.0, 0.0, 0.0,                             BFy, 0.0, 0.9890872456634143, 0.1473309894963148, BFz, 0.0, -0.14733098949631476, 0.9890872456634136
Time, 0.076, Pos_X, 0.000567117243478, Pos_Y, 0.0008380900281154135, Pos_Z, -0.00024645395771711416, BFx, 1.0, 0.0, 0.0,                             BFy, 0.0, 0.9885565937945193, 0.1508504586183976, BFz, 0.0, -0.1508504586183976, 0.9885565937945184
Time, 0.078, Pos_X, 0.000606847937374, Pos_Y, 0.0009211332612477507, Pos_Z, -0.0002550674499263192, BFx, 1.0, 0.0, 0.0,                             BFy, 0.0, 0.988017052380053, 0.15434475762472438, BFz, 0.0, -0.15434475762472438, 0.9880170523800522
Time, 0.08, Pos_X, 0.0006468812407160001, Pos_Y, 0.0010119943802959545, Pos_Z, -0.0002643807926431781, BFx, 1.0, 0.0, 0.0,                             BFy, 0.0, 0.9874692976109812, 0.15781123621491175, BFz, 0.0, -0.15781123621491175, 0.9874692976109806
Time, 0.082, Pos_X, 0.000686846529556, Pos_Y, 0.0011113698352640626, Pos_Z, -0.0002746239090411705, BFx, 1.0, 0.0, 0.0,                             BFy, 0.0, 0.986914326311754, 0.16124550387722286, BFz, 0.0, -0.16124550387722283, 0.9869143263117535
Time, 0.084, Pos_X, 0.0007263321142480001, Pos_Y, 0.0012199799968771602, Pos_Z, -0.0002860649745633087, BFx, 1.0, 0.0, 0.0,                             BFy, 0.0, 0.9863534614758966, 0.1646415774782297, BFz, 0.0, -0.16464157747822966, 0.9863534614758962
Time, 0.086, Pos_X, 0.0007648912767999998, Pos_Y, 0.0013385595584767106, Pos_Z, -0.00029901598800566754, BFx, 1.0, 0.0, 0.0,                             BFy, 0.0, 0.9857883648280459, 0.16799196340792624, BFz, 0.0, -0.1679919634079262, 0.9857883648280455
Time, 0.088, Pos_X, 0.0008020490994519998, Pos_Y, 0.0014678465375705465, Pos_Z, -0.00031383631266144476, BFx, 1.0, 0.0, 0.0,                             BFy, 0.0, 0.9852211616377112, 0.17128707674906937, BFz, 0.0, -0.17128707674906934, 0.9852211616377109
Time, 0.09, Pos_X, 0.0008373107488639999, Pos_Y, 0.001608569430700169, Pos_Z, -0.00033093324800140554, BFx, 1.0, 0.0, 0.0,                             BFy, 0.0, 0.984654610293727, 0.17451446480825347, BFz, 0.0, -0.17451446480825344, 0.9846546102937269
Time, 0.092, Pos_X, 0.0008701709247359999, Pos_Y, 0.0017614328905043559, Pos_Z, -0.00035075877978846216, BFx, 1.0, 0.0, 0.0,                             BFy, 0.0, 0.9840922294032564, 0.17765833509332238, BFz, 0.0, -0.17765833509332238, 0.9840922294032564
Time, 0.094, Pos_X, 0.0009001241176079999, Pos_Y, 0.001927104037704078, Pos_Z, -0.00037380241241628207, BFx, 1.0, 0.0, 0.0,                             BFy, 0.0, 0.9835382287832898, 0.1807001729988983, BFz, 0.0, -0.1807001729988983, 0.9835382287832896
Time, 0.096, Pos_X, 0.00092667605682, Pos_Y, 0.0021061991028300236, Pos_Z, -0.0004005831148669553, BFx, 1.0, 0.0, 0.0,                             BFy, 0.0, 0.9829972175037591, 0.1836204519651069, BFz, 0.0, -0.1836204519651069, 0.9829972175037589
Time, 0.098, Pos_X, 0.000949356505172, Pos_Y, 0.0022992705788355515, Pos_Z, -0.00043164178864352936, BFx, 1.0, 0.0, 0.0,                             BFy, 0.0, 0.9824738095195764, 0.18640068027798057, BFz, 0.0, -0.18640068027798057, 0.9824738095195763
Time, 0.1, Pos_X, 0.000967732221124, Pos_Y, 0.002506795418937494, Pos_Z, -0.0004675341974422439, BFx, 1.0, 0.0, 0.0,                             BFy, 0.0, 0.9819722180779117, 0.18902529704552606, BFz, 0.0, -0.18902529704552606, 0.9819722180779116
Time, 0.102, Pos_X, 0.000981419594476, Pos_Y, 0.002729165111516113, Pos_Z, -0.0005088234772939255, BFx, 1.0, 0.0, 0.0,                             BFy, 0.0, 0.9814958941926001, 0.19148318381276055, BFz, 0.0, -0.19148318381276055, 0.9814958941926
Time, 0.104, Pos_X, 0.000990096506028, Pos_Y, 0.0029666789882377034, Pos_Z, -0.0005560715941986012, BFx, 1.0, 0.0, 0.0,                             BFy, 0.0, 0.9810471857424856, 0.1937689844808814, BFz, 0.0, -0.1937689844808814, 0.9810471857424855
Time, 0.106, Pos_X, 0.00099351236158, Pos_Y, 0.003219540438485111, Pos_Z, -0.0006098303998371683, BFx, 1.0, 0.0, 0.0,                             BFy, 0.0, 0.9806271061026918, 0.19588384000897888, BFz, 0.0, -0.19588384000897885, 0.9806271061026917
Time, 0.108, Pos_X, 0.0009914961173320001, Pos_Y, 0.003487856199765986, Pos_Z, -0.0006706327052256645, BFx, 1.0, 0.0, 0.0,                             BFy, 0.0, 0.9802352127894487, 0.19783560753218116, BFz, 0.0, -0.1978356075321811, 0.9802352127894486
Time, 0.11, Pos_X, 0.000983961726684, Pos_Y, 0.0037716391285460876, Pos_Z, -0.0007389831240970713, BFx, 1.0, 0.0, 0.0,                             BFy, 0.0, 0.979869666419433, 0.19963826494706033, BFz, 0.0, -0.19963826494706027, 0.9798696664194327
Time, 0.112, Pos_X, 0.000970911058036, Pos_Y, 0.0040708142145457656, Pos_Z, -0.0008153495429603318, BFx, 1.0, 0.0, 0.0,                             BFy, 0.0, 0.9795274024793484, 0.20131087350678412, BFz, 0.0, -0.20131087350678406, 0.9795274024793481
Time, 0.114, Pos_X, 0.000952434184388, Pos_Y, 0.00438522745152895, Pos_Z, -0.0009001558694423227, BFx, 1.0, 0.0, 0.0,                             BFy, 0.0, 0.9792043535936125, 0.202876400557874, BFz, 0.0, -0.20287640055787395, 0.9792043535936122
Time, 0.116, Pos_X, 0.00092870683194, Pos_Y, 0.004714657266026197, Pos_Z, -0.00099377550173263, BFx, 1.0, 0.0, 0.0,                             BFy, 0.0, 0.9788957058029175, 0.2043604588970463, BFz, 0.0, -0.2043604588970462, 0.9788957058029173
Time, 0.118, Pos_X, 0.0008999850656920002, Pos_Y, 0.0050588278885504686, Pos_Z, -0.0010965266280652387, BFx, 1.0, 0.0, 0.0,                             BFy, 0.0, 0.9785961652810473, 0.20579005150208912, BFz, 0.0, -0.20579005150208904, 0.9785961652810469
Time, 0.12, Pos_X, 0.0008665976264440002, Pos_Y, 0.005417424179597132, Pos_Z, -0.0012086698513610623, BFx, 1.0, 0.0, 0.0,                             BFy, 0.0, 0.9783001937333188, 0.20719249730951617, BFz, 0.0, -0.20719249730951608, 0.9783001937333184
Time, 0.122, Pos_X, 0.0008289359923960002, Pos_Y, 0.005790107646680536, Pos_Z, -0.0013304072777381676, BFx, 1.0, 0.0, 0.0,                             BFy, 0.0, 0.9780022797227848, 0.20859420139840693, BFz, 0.0, -0.20859420139840684, 0.9780022797227844
Time, 0.124, Pos_X, 0.0007874428918680001, Pos_Y, 0.00617653266431618, Pos_Z, -0.0014618830204490474, BFx, 1.0, 0.0, 0.0,                             BFy, 0.0, 0.9776971971464398, 0.21001950074218992, BFz, 0.0, -0.21001950074218984, 0.9776971971464394
Time, 0.126, Pos_X, 0.0007425995959400001, Pos_Y, 0.006576361991125762, Pos_Z, -0.0016031847550057896, BFx, 1.0, 0.0, 0.0,                             BFy, 0.0, 0.9773802524639603, 0.21148957916050581, BFz, 0.0, -0.21148957916050573, 0.97738025246396
Time, 0.128, Pos_X, 0.000694912623492, Pos_Y, 0.006989281392567435, Pos_Z, -0.0017543465668163304, BFx, 1.0, 0.0, 0.0,                             BFy, 0.0, 0.9770474943096379, 0.21302158074538, BFz, 0.0, -0.2130215807453799, 0.9770474943096376
Time, 0.13, Pos_X, 0.0006449005682439999, Pos_Y, 0.007415012913094094, Pos_Z, -0.001915352913262779, BFx, 1.0, 0.0, 0.0,                             BFy, 0.0, 0.9766958223438965, 0.21462821486464012, BFz, 0.0, -0.21462821486464004, 0.9766958223438962
Time, 0.132, Pos_X, 0.0005930810570359999, Pos_Y, 0.00785332574999226, Pos_Z, -0.002086142864131748, BFx, 1.0, 0.0, 0.0,                             BFy, 0.0, 0.9763230540547689, 0.21631757700466997, BFz, 0.0, -0.21631757700466991, 0.9763230540547686
Time, 0.134, Pos_X, 0.0005399585612279998, Pos_Y, 0.008304044727920385, Pos_Z, -0.0022666148684618486, BFx, 1.0, 0.0, 0.0,                             BFy, 0.0, 0.975927962057003, 0.21809312890429935, BFz, 0.0, -0.21809312890429927, 0.9759279620570028
Time, 0.136, Pos_X, 0.00048601350163999976, Pos_Y, 0.008767056646460332, Pos_Z, -0.0024566324544638704, BFx, 1.0, 0.0, 0.0,                             BFy, 0.0, 0.9755102236673412, 0.21995409412078828, BFz, 0.0, -0.21995409412078817, 0.9755102236673411
Time, 0.138, Pos_X, 0.0004316930819159997, Pos_Y, 0.009242314094132679, Pos_Z, -0.0026560305790881374, BFx, 1.0, 0.0, 0.0,                             BFy, 0.0, 0.9750703340072017, 0.22189602010646015, BFz, 0.0, -0.2218960201064601, 0.9750703340072016
Time, 0.14, Pos_X, 0.00037740388977999963, Pos_Y, 0.009729836599239775, Pos_Z, -0.002864621464103614, BFx, 1.0, 0.0, 0.0,                             BFy, 0.0, 0.9746093729376063, 0.2239119697161552, BFz, 0.0, -0.22391196971615518, 0.9746093729376062
Time, 0.142, Pos_X, 0.0003235063046880003, Pos_Y, 0.01022970915439816, Pos_Z, -0.003082200417171748, BFx, 1.0, 0.0, 0.0,                             BFy, 0.0, 0.9741286851643467, 0.22599403695669434, BFz, 0.0, -0.2259940369566943, 0.9741286851643467
Time, 0.144, Pos_X, 0.00027031045973600025, Pos_Y, 0.01074207900193849, Pos_Z, -0.003308551806328939, BFx, 1.0, 0.0, 0.0,                             BFy, 0.0, 0.9736295961321488, 0.2281346302856088, BFz, 0.0, -0.22813463028560874, 0.9736295961321487
Time, 0.146, Pos_X, 0.0002180741620640002, Pos_Y, 0.011267150909151417, Pos_Z, -0.0035434545047551558, BFx, 1.0, 0.0, 0.0,                             BFy, 0.0, 0.9731133249558788, 0.2303268477475371, BFz, 0.0, -0.230326847747537, 0.9731133249558787
Time, 0.148, Pos_X, 0.00016700226723200014, Pos_Y, 0.011805180925960607, Pos_Z, -0.003786686768903668, BFx, 1.0, 0.0, 0.0,                             BFy, 0.0, 0.972581095140835, 0.23256399844915135, BFz, 0.0, -0.23256399844915127, 0.972581095140835
Time, 0.15, Pos_X, 0.00011724676398000008, Pos_Y, 0.012356469300480965, Pos_Z, -0.004038031181461704, BFx, 1.0, 0.0, 0.0,                             BFy, 0.0, 0.9720343139579042, 0.23483886494443215, BFz, 0.0, -0.23483886494443207, 0.9720343139579042
Time, 0.152, Pos_X, 6.890876562800003e-05, Pos_Y, 0.012921351346314489, Pos_Z, -0.0042972806850435676, BFx, 1.0, 0.0, 0.0,                             BFy, 0.0, 0.9714746236525665, 0.23714353374930422, BFz, 0.0, -0.23714353374930414, 0.9714746236525664
Time, 0.154, Pos_X, 2.204436527599998e-05, Pos_Y, 0.013500186571544111, Pos_Z, -0.004564244366328836, BFx, 1.0, 0.0, 0.0,                             BFy, 0.0, 0.9709038276025217, 0.23946974244521219, BFz, 0.0, -0.23946974244521207, 0.9709038276025216
Time, 0.156, Pos_X, -2.332929835600007e-05, Pos_Y, 0.014093348632529715, Pos_Z, -0.004838748644814928, BFx, 1.0, 0.0, 0.0,                             BFy, 0.0, 0.9703237701230685, 0.24180939008681582, BFz, 0.0, -0.24180939008681573, 0.9703237701230685
Time, 0.158, Pos_X, -6.722667130800011e-05, Pos_Y, 0.014701214740225534, Pos_Z, -0.0051206313420823334, BFx, 1.0, 0.0, 0.0,                             BFy, 0.0, 0.9697362485912787, 0.24415488561181198, BFz, 0.0, -0.24415488561181192, 0.9697362485912788
Time, 0.16, Pos_X, -0.00010968516622000016, Pos_Y, 0.015324156779842574, Pos_Z, -0.005409735067805818, BFx, 1.0, 0.0, 0.0,                             BFy, 0.0, 0.9691429211328462, 0.2464994896913519, BFz, 0.0, -0.24649948969135188, 0.9691429211328463
Time, 0.162, Pos_X, -0.0001507649878120002, Pos_Y, 0.01596253949547288, Pos_Z, -0.005705909347855257, BFx, 1.0, 0.0, 0.0,                             BFy, 0.0, 0.9685452131835773, 0.24883763786690571, BFz, 0.0, -0.24883763786690571, 0.9685452131835776
Time, 0.164, Pos_X, -0.00019055223546400024, Pos_Y, 0.01661672310973485, Pos_Z, -0.006009020362304532, BFx, 1.0, 0.0, 0.0,                             BFy, 0.0, 0.967944253212113, 0.25116513029010856, BFz, 0.0, -0.25116513029010856, 0.9679442532121133
Time, 0.166, Pos_X, -0.0002291576798560003, Pos_Y, 0.017287066059220136, Pos_Z, -0.0063189606845853175, BFx, 1.0, 0.0, 0.0,                             BFy, 0.0, 0.9673408061631087, 0.25347931815378816, BFz, 0.0, -0.25347931815378816, 0.9673408061631089
Time, 0.168, Pos_X, -0.0002667135798880003, Pos_Y, 0.017973924860008487, Pos_Z, -0.006635653741798818, BFx, 1.0, 0.0, 0.0,                             BFy, 0.0, 0.9667352736632553, 0.2557790270042351, BFz, 0.0, -0.2557790270042351, 0.9667352736632555
Time, 0.17, Pos_X, -0.00030336981982000035, Pos_Y, 0.018677648555036053, Pos_Z, -0.006959052139473751, BFx, 1.0, 0.0, 0.0,                             BFy, 0.0, 0.9661277347630159, 0.2580643333002172, BFz, 0.0, -0.25806433330021716, 0.9661277347630162
Time, 0.172, Pos_X, -0.0003392898124519999, Pos_Y, 0.019398568889101082, Pos_Z, -0.007289133075999852, BFx, 1.0, 0.0, 0.0,                             BFy, 0.0, 0.9655179750988032, 0.26033639730377484, BFz, 0.0, -0.2603363973037747, 0.9655179750988034
Time, 0.174, Pos_X, -0.0003746469536439999, Pos_Y, 0.020136990661627052, Pos_Z, -0.007625893037751651, BFx, 1.0, 0.0, 0.0,                             BFy, 0.0, 0.9649055331844226, 0.26259724299787957, BFz, 0.0, -0.26259724299787945, 0.964905533184423
Time, 0.176, Pos_X, -0.0004096218037559999, Pos_Y, 0.020893187117277483, Pos_Z, -0.007969342896828848, BFx, 1.0, 0.0, 0.0,                             BFy, 0.0, 0.9642896878034787, 0.2648497649534022, BFz, 0.0, -0.26484976495340207, 0.9642896878034789
Time, 0.178, Pos_X, -0.00044439925711599993, Pos_Y, 0.02166740066227886, Pos_Z, -0.008319503529101909, BFx, 1.0, 0.0, 0.0,                             BFy, 0.0, 0.9636694845167619, 0.2670975937952288, BFz, 0.0, -0.26709759379522874, 0.9636694845167622
Time, 0.18, Pos_X, -0.00047916500793799996, Pos_Y, 0.022459845497841656, Pos_Z, -0.008676401680758021, BFx, 1.0, 0.0, 0.0,                             BFy, 0.0, 0.9630437368063205, 0.26934505935346365, BFz, 0.0, -0.2693450593534635, 0.9630437368063207
Time, 0.182, Pos_X, -0.0005141015313140001, Pos_Y, 0.02327070975573438, Pos_Z, -0.009040067237603462, BFx, 1.0, 0.0, 0.0,                             BFy, 0.0, 0.9624110761796495, 0.271596981659832, BFz, 0.0, -0.27159698165983176, 0.9624110761796497
Time, 0.184, Pos_X, -0.0005493848419100001, Pos_Y, 0.024100157201824943, Pos_Z, -0.009410531843599811, BFx, 1.0, 0.0, 0.0,                             BFy, 0.0, 0.9617700148507395, 0.27385842790392734, BFz, 0.0, -0.27385842790392717, 0.9617700148507399
Time, 0.186, Pos_X, -0.0005851827053460002, Pos_Y, 0.024948329092137733, Pos_Z, -0.009787827730563761, BFx, 1.0, 0.0, 0.0,                             BFy, 0.0, 0.9611190396252506, 0.276134372488899, BFz, 0.0, -0.2761343724888988, 0.961119039625251
Time, 0.188, Pos_X, -0.0006216541203420003, Pos_Y, 0.02581534675321941, Pos_Z, -0.010171985738017008, BFx, 1.0, 0.0, 0.0,                             BFy, 0.0, 0.9604566867322254, 0.27842943973538115, BFz, 0.0, -0.27842943973538103, 0.9604566867322256
Time, 0.19, Pos_X, -0.0006589502001580004, Pos_Y, 0.026701314769453286, Pos_Z, -0.010563031481684306, BFx, 1.0, 0.0, 0.0,                             BFy, 0.0, 0.9597815923848405, 0.2807477425006702, BFz, 0.0, -0.2807477425006701, 0.9597815923848407
Time, 0.192, Pos_X, -0.0006972161891540004, Pos_Y, 0.02760632381595998, Pos_Z, -0.010960979400278301, BFx, 1.0, 0.0, 0.0,                             BFy, 0.0, 0.9590924815742484, 0.28309293842791705, BFz, 0.0, -0.283092938427917, 0.9590924815742489
Time, 0.194, Pos_X, -0.0007365932223100004, Pos_Y, 0.02853045289707454, Pos_Z, -0.011365826179618397, BFx, 1.0, 0.0, 0.0,                             BFy, 0.0, 0.9583882125404631, 0.2854680964022039, BFz, 0.0, -0.28546809640220383, 0.9583882125404638
Time, 0.196, Pos_X, -0.0007772187040660005, Pos_Y, 0.029473771417270065, Pos_Z, -0.011777544726200052, BFx, 1.0, 0.0, 0.0,                             BFy, 0.0, 0.9576677628798602, 0.2878757647678701, BFz, 0.0, -0.28787576476787, 0.9576677628798609
Time, 0.198, Pos_X, -0.0008192258348220005, Pos_Y, 0.03043634126277262, Pos_Z, -0.012196080442441004, BFx, 1.0, 0.0, 0.0,                             BFy, 0.0, 0.9569302829815296, 0.2903178146667749, BFz, 0.0, -0.2903178146667748, 0.9569302829815303
Time, 0.2, Pos_X, -0.0008627425518980006, Pos_Y, 0.03141821868535513, Pos_Z, -0.01262135127011454, BFx, 1.0, 0.0, 0.0,                             BFy, 0.0, 0.9561750920058751, 0.29279548054496785, BFz, 0.0, -0.29279548054496773, 0.9561750920058758
Time, 0.202, Pos_X, -0.0009078900315540007, Pos_Y, 0.032419455776201776, Pos_Z, -0.013053250206249405, BFx, 1.0, 0.0, 0.0,                             BFy, 0.0, 0.9554016887037977, 0.29530935173464146, BFz, 0.0, -0.2953093517346413, 0.9554016887037982
Time, 0.204, Pos_X, -0.0009547813478700001, Pos_Y, 0.03344010146866479, Pos_Z, -0.013491648653383807, BFx, 1.0, 0.0, 0.0,                             BFy, 0.0, 0.954609781027203, 0.2978593056582229, BFz, 0.0, -0.2978593056582228, 0.9546097810272033
Time, 0.206, Pos_X, -0.0010035204403860002, Pos_Y, 0.03448020213449425, Pos_Z, -0.01393639819339332, BFx, 1.0, 0.0, 0.0,                             BFy, 0.0, 0.9537992534441161, 0.30044464403521925, BFz, 0.0, -0.30044464403521914, 0.9537992534441164
Time, 0.208, Pos_X, -0.0010542013819020003, Pos_Y, 0.035539801853113645, Pos_Z, -0.014387330288904841, BFx, 1.0, 0.0, 0.0,                             BFy, 0.0, 0.9529701616179772, 0.3030641368849329, BFz, 0.0, -0.3030641368849327, 0.9529701616179775
Time, 0.21, Pos_X, -0.0011069075736180004, Pos_Y, 0.036618942961354616, Pos_Z, -0.014844255211590818, BFx, 1.0, 0.0, 0.0,                             BFy, 0.0, 0.9521227027988499, 0.3057161409134555, BFz, 0.0, -0.30571614091345534, 0.9521227027988501
Time, 0.212, Pos_X, -0.0011617111395340004, Pos_Y, 0.03771766625140766, Pos_Z, -0.01530696164094481, BFx, 1.0, 0.0, 0.0,                             BFy, 0.0, 0.9512572158975571, 0.30839862062407364, BFz, 0.0, -0.30839862062407347, 0.9512572158975572
Time, 0.214, Pos_X, -0.0012186719982500004, Pos_Y, 0.03883601024350922, Pos_Z, -0.01577521738215476, BFx, 1.0, 0.0, 0.0,                             BFy, 0.0, 0.9503741595697675, 0.3111092361567889, BFz, 0.0, -0.3111092361567888, 0.9503741595697678
Time, 0.216, Pos_X, -0.0012778361127660004, Pos_Y, 0.03997401012667389, Pos_Z, -0.01624877080286572, BFx, 1.0, 0.0, 0.0,                             BFy, 0.0, 0.9494741175972002, 0.3138453440996389, BFz, 0.0, -0.31384534409963877, 0.9494741175972006
Time, 0.218, Pos_X, -0.0013392342152820005, Pos_Y, 0.04113169672272524, Pos_Z, -0.016727353159483538, BFx, 1.0, 0.0, 0.0,                             BFy, 0.0, 0.9485577503321045, 0.3166041602457228, BFz, 0.0, -0.31660416024572263, 0.9485577503321049
Time, 0.22, Pos_X, -0.0014028807019980005, Pos_Y, 0.04230909531654633, Pos_Z, -0.017210681462572087, BFx, 1.0, 0.0, 0.0,                             BFy, 0.0, 0.9476257626534816, 0.3193828642169301, BFz, 0.0, -0.31938286421692985, 0.947625762653482
Time, 0.222, Pos_X, -0.0014687725517140006, Pos_Y, 0.04350622420287503, Pos_Z, -0.017698461452847498, BFx, 1.0, 0.0, 0.0,                             BFy, 0.0, 0.9466788580356087, 0.32217873882116815, BFz, 0.0, -0.3221787388211679, 0.946678858035609
Time, 0.224, Pos_X, -0.0015368888325300006, Pos_Y, 0.04472309376126986, Pos_Z, -0.01819039023008433, BFx, 1.0, 0.0, 0.0,                             BFy, 0.0, 0.9457176818467454, 0.3249893325055779, BFz, 0.0, -0.32498933250557765, 0.9457176818467455
Time, 0.226, Pos_X, -0.0016071907172460008, Pos_Y, 0.04595970605949039, Pos_Z, -0.018686158741184046, BFx, 1.0, 0.0, 0.0,                             BFy, 0.0, 0.9447427781389948, 0.32781257320947416, BFz, 0.0, -0.32781257320947393, 0.9447427781389949
Time, 0.228, Pos_X, -0.0016796214533620008, Pos_Y, 0.04721605429045626, Pos_Z, -0.019185454306255397, BFx, 1.0, 0.0, 0.0,                             BFy, 0.0, 0.9437545265390455, 0.3306469319940299, BFz, 0.0, -0.33064693199402967, 0.9437545265390456
Time, 0.23, Pos_X, -0.0017541067598780009, Pos_Y, 0.04849212214783193, Pos_Z, -0.019687962923374342, BFx, 1.0, 0.0, 0.0,                             BFy, 0.0, 0.9427531286630814, 0.3334914367655844, BFz, 0.0, -0.3334914367655841, 0.9427531286630816
Time, 0.232, Pos_X, -0.0018305555323340009, Pos_Y, 0.049787883397412774, Pos_Z, -0.020193371176249673, BFx, 1.0, 0.0, 0.0,                             BFy, 0.0, 0.9417386075019512, 0.33634564831477765, BFz, 0.0, -0.33634564831477737, 0.9417386075019512
Time, 0.234, Pos_X, -0.001908860953930001, Pos_Y, 0.051103302012011124, Pos_Z, -0.020701368271118115, BFx, 1.0, 0.0, 0.0,                             BFy, 0.0, 0.9407108202646121, 0.339209599859855, BFz, 0.0, -0.33920959985985477, 0.9407108202646121
Time, 0.236, Pos_X, -0.001988902171726, Pos_Y, 0.052438332419681474, Pos_Z, -0.021211648423975247, BFx, 1.0, 0.0, 0.0,                             BFy, 0.0, 0.9396694285995536, 0.34208385661324453, BFz, 0.0, -0.34208385661324436, 0.9396694285995536
Time, 0.238, Pos_X, -0.002070546004882, Pos_Y, 0.053792919820253596, Pos_Z, -0.02172391282223032, BFx, 1.0, 0.0, 0.0,                             BFy, 0.0, 0.9386139060944053, 0.3449694700784476, BFz, 0.0, -0.34496947007844736, 0.9386139060944053
Time, 0.24, Pos_X, -0.002153648850298, Pos_Y, 0.055167000867564556, Pos_Z, -0.022237871368272533, BFx, 1.0, 0.0, 0.0,                             BFy, 0.0, 0.9375435316710592, 0.3478679724001047, BFz, 0.0, -0.34786797240010453, 0.9375435316710592
Time, 0.242, Pos_X, -0.002238058984814, Pos_Y, 0.05656050500372909, Pos_Z, -0.02275324495697219, BFx, 1.0, 0.0, 0.0,                             BFy, 0.0, 0.9364574253752941, 0.3507812572807698, BFz, 0.0, -0.35078125728076964, 0.9364574253752941
Time, 0.244, Pos_X, -0.00232361897113, Pos_Y, 0.05797335587740808, Pos_Z, -0.023269767544873043, BFx, 1.0, 0.0, 0.0,                             BFy, 0.0, 0.93535456617636, 0.35371151456099864, BFz, 0.0, -0.3537115145609984, 0.9353545661763599
Time, 0.246, Pos_X, -0.002410167636646, Pos_Y, 0.05940547242275528, Pos_Z, -0.023787187550445534, BFx, 1.0, 0.0, 0.0,                             BFy, 0.0, 0.9342338855942207, 0.35666096927968866, BFz, 0.0, -0.3566609692796884, 0.9342338855942205
Time, 0.248, Pos_X, -0.0024975425699020003, Pos_Y, 0.06085677019431144, Pos_Z, -0.024305269016500028, BFx, 1.0, 0.0, 0.0,                             BFy, 0.0, 0.933094229749868, 0.35963197634179145, BFz, 0.0, -0.35963197634179117, 0.9330942297498678
Time, 0.25, Pos_X, -0.0025855821264380006, Pos_Y, 0.06232716260873058, Pos_Z, -0.024823792718935426, BFx, 1.0, 0.0, 0.0,                             BFy, 0.0, 0.931934435478573, 0.36262681639563754, BFz, 0.0, -0.3626268163956373, 0.9319344354785729
Time, 0.252, Pos_X, -0.0026741269205640007, Pos_Y, 0.06381656216456284, Pos_Z, -0.02534255744221364, BFx, 1.0, 0.0, 0.0,                             BFy, 0.0, 0.930753339632025, 0.365647672991139, BFz, 0.0, -0.3656476729911387, 0.9307533396320248
Time, 0.254, Pos_X, -0.0027630213758000005, Pos_Y, 0.06532488137251152, Pos_Z, -0.025861381011584954, BFx, 1.0, 0.0, 0.0,                             BFy, 0.0, 0.9295498435251679, 0.36869647191468874, BFz, 0.0, -0.36869647191468846, 0.9295498435251676
Time, 0.256, Pos_X, -0.0028521149210360007, Pos_Y, 0.06685203321122404, Pos_Z, -0.026380100926017128, BFx, 1.0, 0.0, 0.0,                             BFy, 0.0, 0.9283229488862782, 0.37177480088231846, BFz, 0.0, -0.3717748008823182, 0.928322948886278
Time, 0.258, Pos_X, -0.0029412628192692007, Pos_Y, 0.06839793173641114, Pos_Z, -0.02689857492748796, BFx, 1.0, 0.0, 0.0,                             BFy, 0.0, 0.9270721312697329, 0.3748829996452202, BFz, 0.0, -0.3748829996452199, 0.9270721312697324
Time, 0.26, Pos_X, -0.0030303265748196006, Pos_Y, 0.06996249282925664, Pos_Z, -0.027416681402626417, BFx, 1.0, 0.0, 0.0,                             BFy, 0.0, 0.9257964378116481, 0.3780224275559134, BFz, 0.0, -0.3780224275559132, 0.9257964378116478
Time, 0.262, Pos_X, -0.0031191745968500006, Pos_Y, 0.07154563484926708, Pos_Z, -0.027934319371638004, BFx, 1.0, 0.0, 0.0,                             BFy, 0.0, 0.9244952440132713, 0.3811935778536208, BFz, 0.0, -0.3811935778536206, 0.9244952440132711
Time, 0.264, Pos_X, -0.003207682067510401, Pos_Y, 0.0731472789355776, Pos_Z, -0.028451408164864567, BFx, 1.0, 0.0, 0.0,                             BFy, 0.0, 0.923168036006511, 0.38439664058870704, BFz, 0.0, -0.3843966405887069, 0.9231680360065108
Time, 0.266, Pos_X, -0.003295730139420801, Pos_Y, 0.07476734877118102, Pos_Z, -0.028967887388738983, BFx, 1.0, 0.0, 0.0,                             BFy, 0.0, 0.9218143379967174, 0.38763168893122785, BFz, 0.0, -0.3876316889312276, 0.9218143379967172
Time, 0.268, Pos_X, -0.003383205410931201, Pos_Y, 0.07640577058434475, Pos_Z, -0.02948371657992208, BFx, 1.0, 0.0, 0.0,                             BFy, 0.0, 0.9204336923216836, 0.3908987311812034, BFz, 0.0, -0.3908987311812031, 0.9204336923216833
Time, 0.27, Pos_X, -0.0034699988084016015, Pos_Y, 0.0780624731697882, Pos_Z, -0.029998874707763037, BFx, 1.0, 0.0, 0.0,                             BFy, 0.0, 0.9190256013316395, 0.3941978489249032, BFz, 0.0, -0.39419784892490295, 0.9190256013316391
Time, 0.272, Pos_X, -0.0035560046840320014, Pos_Y, 0.07973738788123287, Pos_Z, -0.030513359647138538, BFx, 1.0, 0.0, 0.0,                             BFy, 0.0, 0.917589493852262, 0.3975292703335846, BFz, 0.0, -0.3975292703335843, 0.9175894938522614
Time, 0.274, Pos_X, -0.0036411203058824013, Pos_Y, 0.08143044860829278, Pos_Z, -0.03102718729883685, BFx, 1.0, 0.0, 0.0,                             BFy, 0.0, 0.9161247094142417, 0.40089339830018866, BFz, 0.0, -0.4008933983001884, 0.9161247094142411
Time, 0.276, Pos_X, -0.003725245193392801, Pos_Y, 0.08314159148217891, Pos_Z, -0.031540390845621706, BFx, 1.0, 0.0, 0.0,                             BFy, 0.0, 0.9146304859424207, 0.4042908287170686, BFz, 0.0, -0.4042908287170683, 0.9146304859424199
Time, 0.278, Pos_X, -0.0038082806396032014, Pos_Y, 0.08487075466557081, Pos_Z, -0.03205302023052784, BFx, 1.0, 0.0, 0.0,                             BFy, 0.0, 0.9131059677883643, 0.40772232167159717, BFz, 0.0, -0.40772232167159683, 0.9131059677883635
Time, 0.28, Pos_X, -0.0038901293931136015, Pos_Y, 0.08661787837245391, Pos_Z, -0.03256514151868804, BFx, 1.0, 0.0, 0.0,                             BFy, 0.0, 0.9115502243758629, 0.41118875038152053, BFz, 0.0, -0.4111887503815202, 0.9115502243758622
Time, 0.282, Pos_X, -0.003970695571503999, Pos_Y, 0.08838290474080608, Pos_Z, -0.03307683603616188, BFx, 1.0, 0.0, 0.0,                             BFy, 0.0, 0.9099623420338724, 0.41469089220795824, BFz, 0.0, -0.41469089220795785, 0.9099623420338717
Time, 0.284, Pos_X, -0.004049884613174399, Pos_Y, 0.09016577804686744, Pos_Z, -0.033588199386950804, BFx, 1.0, 0.0, 0.0,                             BFy, 0.0, 0.9083414746698324, 0.41822932153859904, BFz, 0.0, -0.41822932153859865, 0.9083414746698316
Time, 0.286, Pos_X, -0.0041276036154448, Pos_Y, 0.09196644523043189, Pos_Z, -0.03409934020815327, BFx, 1.0, 0.0, 0.0,                             BFy, 0.0, 0.9066869256220746, 0.42180424239923603, BFz, 0.0, -0.42180424239923564, 0.9066869256220736
Time, 0.288, Pos_X, -0.0042037617093751995, Pos_Y, 0.09378485650438104, Pos_Z, -0.03461037905133762, BFx, 1.0, 0.0, 0.0,                             BFy, 0.0, 0.9049982237015521, 0.4254153442190802, BFz, 0.0, -0.42541534421907995, 0.9049982237015511
Time, 0.29, Pos_X, -0.004278270557565599, Pos_Y, 0.09562096587065765, Pos_Z, -0.03512144780761675, BFx, 1.0, 0.0, 0.0,                             BFy, 0.0, 0.9032752199999904, 0.42906162370220435, BFz, 0.0, -0.42906162370220413, 0.9032752199999895
Time, 0.292, Pos_X, -0.004351044808315999, Pos_Y, 0.09747473106667312, Pos_Z, -0.035632689039479234, BFx, 1.0, 0.0, 0.0,                             BFy, 0.0, 0.9015180671697434, 0.43274146388638707, BFz, 0.0, -0.43274146388638685, 0.9015180671697425
Time, 0.294, Pos_X, -0.004422002609906399, Pos_Y, 0.09934611424815716, Pos_Z, -0.03614425465191364, BFx, 1.0, 0.0, 0.0,                             BFy, 0.0, 0.8997271904845484, 0.43645272676749786, BFz, 0.0, -0.4364527267674976, 0.8997271904845474
Time, 0.296, Pos_X, -0.004491066777896799, Pos_Y, 0.10123508300966479, Pos_Z, -0.03665630431625712, BFx, 1.0, 0.0, 0.0,                             BFy, 0.0, 0.8979032575751109, 0.4401928441444805, BFz, 0.0, -0.44019284414448023, 0.8979032575751099
Time, 0.298, Pos_X, -0.0045581656267472, Pos_Y, 0.10314161105324278, Pos_Z, -0.03716900396002811, BFx, 1.0, 0.0, 0.0,                             BFy, 0.0, 0.8960470974076502, 0.4439590062464417, BFz, 0.0, -0.4439590062464413, 0.8960470974076491
Time, 0.3, Pos_X, -0.0046232335813376, Pos_Y, 0.10506567882030185, Pos_Z, -0.03768252426465278, BFx, 1.0, 0.0, 0.0,                             BFy, 0.0, 0.8941596268225844, 0.4477483241291916, BFz, 0.0, -0.44774832412919113, 0.8941596268225833
Time, 0.302, Pos_X, -0.004686211666207999, Pos_Y, 0.107007273999833, Pos_Z, -0.03819703900487761, BFx, 1.0, 0.0, 0.0,                             BFy, 0.0, 0.892241809359158, 0.45155791835765546, BFz, 0.0, -0.451557918357655, 0.8922418093591568
Time, 0.304, Pos_X, -0.0047470477675583996, Pos_Y, 0.10896639197857297, Pos_Z, -0.038712723522744935, BFx, 1.0, 0.0, 0.0,                             BFy, 0.0, 0.8902945402018245, 0.4553851465373296, BFz, 0.0, -0.45538514653732914, 0.8902945402018232
Time, 0.306, Pos_X, -0.004805697228908799, Pos_Y, 0.11094303614586175, Pos_Z, -0.03922975354456501, BFx, 1.0, 0.0, 0.0,                             BFy, 0.0, 0.8883186360745248, 0.4592276132841967, BFz, 0.0, -0.4592276132841962, 0.8883186360745233
Time, 0.308, Pos_X, -0.0048621232591992, Pos_Y, 0.11293721783381501, Pos_Z, -0.039748304211498935, BFx, 1.0, 0.0, 0.0,                             BFy, 0.0, 0.8863147921341673, 0.4630832422407133, BFz, 0.0, -0.46308324224071273, 0.886314792134166
Time, 0.31, Pos_X, -0.0049162970023496, Pos_Y, 0.11494895627176126, Pos_Z, -0.04026854897317568, BFx, 1.0, 0.0, 0.0,                             BFy, 0.0, 0.8842835632900437, 0.46695029681441164, BFz, 0.0, -0.4669502968144111, 0.8842835632900422
Time, 0.312, Pos_X, -0.00496819709914, Pos_Y, 0.11697827836365511, Pos_Z, -0.04079065818411475, BFx, 1.0, 0.0, 0.0,                             BFy, 0.0, 0.8822250852933655, 0.4708278866837837, BFz, 0.0, -0.470827886683783, 0.8822250852933641
Time, 0.314, Pos_X, -0.0050178091245304, Pos_Y, 0.11902521816827001, Pos_Z, -0.0413147976406734, BFx, 1.0, 0.0, 0.0,                             BFy, 0.0, 0.8801400809093383, 0.4747140591734222, BFz, 0.0, -0.47471405917342147, 0.8801400809093368
Time, 0.316, Pos_X, -0.0050651251690008, Pos_Y, 0.12108981658096686, Pos_Z, -0.041841127719003376, BFx, 1.0, 0.0, 0.0,                             BFy, 0.0, 0.8780286795522128, 0.4786080211235508, BFz, 0.0, -0.47860802112355005, 0.8780286795522114
