Time, 0, Pos_X, 0.0, Pos_Y, 0.0, Pos_Z, 0.0, BFx, 1.0, 0.0, 0.0,                         BFy, 0.0, 1.0, 0.0, BFz, 0.0, 0.0, 1.0
Time, 0.0, Pos_X, 0.0, Pos_Y, 0.0, Pos_Z, 0.0, BFx, 1.0, 0.0, 0.0,                             BFy, 0.0, 1.0, 0.0, BFz, 0.0, 0.0, 1.0
Time, 0.002, Pos_X, 6.0846246e-08, Pos_Y, -5.289223021099449e-08, Pos_Z, 5.1672635169729456e-08, BFx, 1.0, 0.0, 0.0,                             BFy, 0.0, 0.9999999614484419, -0.00027767447643173873, BFz, 0.0, 0.00027767447643173873, 0.9999999614484419
Time, 0.004, Pos_X, 2.41107934e-07, Pos_Y, -2.2855827213570898e-07, Pos_Z, 2.29427887690476e-07, BFx, 1.0, 0.0, 0.0,                             BFy, 0.0, 0.9999998428164724, -0.0005606844306232126, BFz, 0.0, 0.0005606844306232125, 0.9999998428164724
Time, 0.006, Pos_X, 5.359220939999999e-07, Pos_Y, -5.61508274834697e-07, Pos_Z, 5.791160472562806e-07, BFx, 1.0, 0.0, 0.0,                             BFy, 0.0, 0.9999996381817691, -0.0008506681674042347, BFz, 0.0, 0.0008506681674042345, 0.9999996381817691
Time, 0.008, Pos_X, 9.402097919999999e-07, Pos_Y, -1.0874137451034815e-06, Pos_Z, 1.1470096591649438e-06, BFx, 1.0, 0.0, 0.0,                             BFy, 0.0, 0.9999993392485635, -0.0011495661948074283, BFz, 0.0, 0.001149566194807428, 0.9999993392485635
Time, 0.01, Pos_X, 1.4484782439999998e-06, Pos_Y, -1.8431759940290566e-06, Pos_Z, 1.979244090826858e-06, BFx, 1.0, 0.0, 0.0,                             BFy, 0.0, 0.9999989348411438, -0.0014595604057785485, BFz, 0.0, 0.0014595604057785483, 0.9999989348411438
Time, 0.012, Pos_X, 2.054481972e-06, Pos_Y, -2.8667799928802426e-06, Pos_Z, 3.1213946875635465e-06, BFx, 1.0, 0.0, 0.0,                             BFy, 0.0, 0.999998410415479, -0.0017830217372448148, BFz, 0.0, 0.0017830217372448143, 0.999998410415479
Time, 0.014, Pos_X, 2.751455564e-06, Pos_Y, -4.197283910548644e-06, Pos_Z, 4.61808745616105e-06, BFx, 1.0, 0.0, 0.0,                             BFy, 0.0, 0.9999977476310287, -0.002122435598495869, BFz, 0.0, 0.0021224355984958685, 0.9999977476310286
Time, 0.016, Pos_X, 3.532112926e-06, Pos_Y, -5.874884214037996e-06, Pos_Z, 6.512522855141559e-06, BFx, 1.0, 0.0, 0.0,                             BFy, 0.0, 0.9999969242649261, -0.0024802138391699733, BFz, 0.0, 0.0024802138391699724, 0.9999969242649261
Time, 0.018, Pos_X, 4.3886275219999995e-06, Pos_Y, -7.94077528692953e-06, Pos_Z, 8.845885347204355e-06, BFx, 1.0, 0.0, 0.0,                             BFy, 0.0, 0.9999959145966146, -0.002858459389340417, BFz, 0.0, 0.0028584593893404156, 0.9999959145966146
Time, 0.02, Pos_X, 5.312552512e-06, Pos_Y, -1.043721642645509e-05, Pos_Z, 1.165694239440458e-05, BFx, 1.0, 0.0, 0.0,                             BFy, 0.0, 0.9999946901550132, -0.0032587822541115447, BFz, 0.0, 0.0032587822541115434, 0.9999946901550131
Time, 0.022, Pos_X, 6.295038298e-06, Pos_Y, -1.3407369623292797e-05, Pos_Z, 1.4981854491666214e-05, BFx, 1.0, 0.0, 0.0,                             BFy, 0.0, 0.9999932210364135, -0.0036821028256971136, BFz, 0.0, 0.003682102825697112, 0.9999932210364135
Time, 0.024, Pos_X, 7.326846012e-06, Pos_Y, -1.6895004305457453e-05, Pos_Z, 1.885403815535052e-05, BFx, 1.0, 0.0, 0.0,                             BFy, 0.0, 0.9999914778164787, -0.004128473618090076, BFz, 0.0, 0.0041284736180900745, 0.9999914778164787
Time, 0.026, Pos_X, 8.398270662e-06, Pos_Y, -2.094441254747051e-05, Pos_Z, 2.3304088287254795e-05, BFx, 1.0, 0.0, 0.0,                             BFy, 0.0, 0.9999894337378616, -0.004597000394894494, BFz, 0.0, 0.004597000394894493, 0.9999894337378616
Time, 0.028, Pos_X, 9.4990779886e-06, Pos_Y, -2.5600062328680857e-05, Pos_Z, 2.8359490673815693e-05, BFx, 1.0, 0.0, 0.0,                             BFy, 0.0, 0.9999870648847811, -0.00508626219542402, BFz, 0.0, 0.005086262195424019, 0.999987064884781
Time, 0.03, Pos_X, 1.0618361697e-05, Pos_Y, -3.090642701118466e-05, Pos_Z, 3.404433909795292e-05, BFx, 1.0, 0.0, 0.0,                             BFy, 0.0, 0.9999843561200967, -0.005593524387676226, BFz, 0.0, 0.005593524387676225, 0.9999843561200967
Time, 0.032, Pos_X, 1.1744442748820001e-05, Pos_Y, -3.690779974067512e-05, Pos_Z, 4.037941772628106e-05, BFx, 1.0, 0.0, 0.0,                             BFy, 0.0, 0.9999813010008821, -0.006115361688667292, BFz, 0.0, 0.006115361688667291, 0.9999813010008822
Time, 0.034, Pos_X, 1.2864818697260002e-05, Pos_Y, -4.364807371409342e-05, Pos_Z, 4.738213059536117e-05, BFx, 1.0, 0.0, 0.0,                             BFy, 0.0, 0.9999779028644706, -0.006647840459489991, BFz, 0.0, 0.006647840459489991, 0.9999779028644709
Time, 0.036, Pos_X, 1.39660362375e-05, Pos_Y, -5.117053079944759e-05, Pos_Z, 5.506652210676038e-05, BFx, 1.0, 0.0, 0.0,                             BFy, 0.0, 0.9999741750273394, -0.007186743239545027, BFz, 0.0, 0.007186743239545027, 0.9999741750273397
Time, 0.038, Pos_X, 1.5033382187140002e-05, Pos_Y, -5.9517413508663454e-05, Pos_Z, 6.344352781060801e-05, BFx, 1.0, 0.0, 0.0,                             BFy, 0.0, 0.9999701400203872, -0.0077278113076519215, BFz, 0.0, 0.007727811307651921, 0.9999701400203875
Time, 0.04, Pos_X, 1.605045370478e-05, Pos_Y, -6.872953420555811e-05, Pos_Z, 7.252094942826535e-05, BFx, 1.0, 0.0, 0.0,                             BFy, 0.0, 0.9999658287754223, -0.008266878581591391, BFz, 0.0, 0.008266878581591391, 0.9999658287754225
Time, 0.042, Pos_X, 1.699878890642e-05, Pos_Y, -7.884595837957356e-05, Pos_Z, 8.230362256553276e-05, BFx, 1.0, 0.0, 0.0,                             BFy, 0.0, 0.9999612779686793, -0.008800145637735648, BFz, 0.0, 0.00880014563773565, 0.9999612779686795
Time, 0.044, Pos_X, 1.7857817664059997e-05, Pos_Y, -8.990370757646763e-05, Pos_Z, 9.279359107506173e-05, BFx, 1.0, 0.0, 0.0,                             BFy, 0.0, 0.9999565271138554, -0.009324370348553504, BFz, 0.0, 0.009324370348553507, 0.9999565271138556
Time, 0.046, Pos_X, 1.86045055997e-05, Pos_Y, -0.00010193754292303775, Pos_Z, 0.0001039901033886062, BFx, 1.0, 0.0, 0.0,                             BFy, 0.0, 0.9999516150998043, -0.009837045252111756, BFz, 0.0, 0.00983704525211176, 0.9999516150998047
Time, 0.048, Pos_X, 1.921281847734e-05, Pos_Y, -0.00011497971281396581, Pos_Z, 0.00011588961199129925, BFx, 1.0, 0.0, 0.0,                             BFy, 0.0, 0.9999465771158703, -0.010336484617793178, BFz, 0.0, 0.010336484617793181, 0.9999465771158706
Time, 0.05, Pos_X, 1.9653193328979998e-05, Pos_Y, -0.00012905964582023293, Pos_Z, 0.0001284857095610807, BFx, 1.0, 0.0, 0.0,                             BFy, 0.0, 0.9999414403803912, -0.010822005820870298, BFz, 0.0, 0.010822005820870301, 0.9999414403803917
Time, 0.052, Pos_X, 1.9892062144619998e-05, Pos_Y, -0.00014420376785445144, Pos_Z, 0.0001417689964735241, BFx, 1.0, 0.0, 0.0,                             BFy, 0.0, 0.99993622039148, -0.011294031574236718, BFz, 0.0, 0.011294031574236722, 0.9999362203914804
Time, 0.054, Pos_X, 1.989152614426e-05, Pos_Y, -0.0001604350887384819, Pos_Z, 0.0001557270128559224, BFx, 1.0, 0.0, 0.0,                             BFy, 0.0, 0.9999309196518432, -0.011753974826296556, BFz, 0.0, 0.011753974826296561, 0.9999309196518437
Time, 0.056, Pos_X, 1.96090110039e-05, Pos_Y, -0.00017777363739228204, Pos_Z, 0.000170344563186384, BFx, 1.0, 0.0, 0.0,                             BFy, 0.0, 0.9999255250600388, -0.012204275210086366, BFz, 0.0, 0.012204275210086372, 0.9999255250600393
Time, 0.058, Pos_X, 1.8996982503539998e-05, Pos_Y, -0.00019623614274450604, Pos_Z, 0.00018560338233846154, BFx, 1.0, 0.0, 0.0,                             BFy, 0.0, 0.999920008964747, -0.012648148953032692, BFz, 0.0, 0.012648148953032703, 0.9999200089647473
Time, 0.06, Pos_X, 1.800272942318e-05, Pos_Y, -0.000215834844360772, Pos_Z, 0.0002014816905170983, BFx, 1.0, 0.0, 0.0,                             BFy, 0.0, 0.9999143300699112, -0.013089404907722731, BFz, 0.0, 0.01308940490772274, 0.9999143300699115
Time, 0.062, Pos_X, 1.6568258102819998e-05, Pos_Y, -0.0002365776251815684, Pos_Z, 0.00021795435297494652, BFx, 1.0, 0.0, 0.0,                             BFy, 0.0, 0.9999084362075424, -0.013532154336415329, BFz, 0.0, 0.013532154336415338, 0.9999084362075428
Time, 0.064, Pos_X, 1.4630755842459997e-05, Pos_Y, -0.0002584683847522199, Pos_Z, 0.0002349929163586943, BFx, 1.0, 0.0, 0.0,                             BFy, 0.0, 0.9999022666457675, -0.013980599295239475, BFz, 0.0, 0.013980599295239482, 0.9999022666457678
Time, 0.066, Pos_X, 1.2123048362099994e-05, Pos_Y, -0.0002815072440246034, Pos_Z, 0.00025256541560721006, BFx, 1.0, 0.0, 0.0,                             BFy, 0.0, 0.9998957569135605, -0.014438673978432574, BFz, 0.0, 0.014438673978432579, 0.9998957569135608
Time, 0.068, Pos_X, 8.97394614173999e-06, Pos_Y, -0.0003056909406094481, Pos_Z, 0.0002706365009562887, BFx, 1.0, 0.0, 0.0,                             BFy, 0.0, 0.999888843170333, -0.014909772080437278, BFz, 0.0, 0.014909772080437282, 0.9998888431703334
Time, 0.07, Pos_X, 5.108917621379984e-06, Pos_Y, -0.000331013257292599, Pos_Z, 0.0002891678773163407, BFx, 1.0, 0.0, 0.0,                             BFy, 0.0, 0.9998814662596532, -0.015396539560680992, BFz, 0.0, 0.015396539560680999, 0.9998814662596537
Time, 0.072, Pos_X, 4.505617010200123e-07, Pos_Y, -0.0003574652766718697, Pos_Z, 0.0003081183550254251, BFx, 1.0, 0.0, 0.0,                             BFy, 0.0, 0.9998735751136419, -0.015900748078689114, BFz, 0.0, 0.015900748078689117, 0.9998735751136424
Time, 0.074, Pos_X, -5.080333919339991e-06, Pos_Y, -0.00038503567398250895, Pos_Z, 0.0003274439945782302, BFx, 1.0, 0.0, 0.0,                             BFy, 0.0, 0.9998651305600392, -0.01642317539801042, BFz, 0.0, 0.01642317539801043, 0.9998651305600395
Time, 0.076, Pos_X, -1.1563394479699995e-05, Pos_Y, -0.00041371116407251836, Pos_Z, 0.00034709853512491823, BFx, 1.0, 0.0, 0.0,                             BFy, 0.0, 0.9998561076985905, -0.016963605095107144, BFz, 0.0, 0.01696360509510715, 0.9998561076985908
Time, 0.078, Pos_X, -1.907738424006e-05, Pos_Y, -0.0004434770370216166, Pos_Z, 0.00036703384348129865, BFx, 1.0, 0.0, 0.0,                             BFy, 0.0, 0.9998464957620137, -0.017520984915802732, BFz, 0.0, 0.01752098491580274, 0.9998464957620141
Time, 0.08, Pos_X, -2.7698722740420007e-05, Pos_Y, -0.00047431785255839685, Pos_Z, 0.00038720070577345994, BFx, 1.0, 0.0, 0.0,                             BFy, 0.0, 0.9998362991185425, -0.018093506153710866, BFz, 0.0, 0.018093506153710873, 0.9998362991185431
Time, 0.082, Pos_X, -3.750022600078002e-05, Pos_Y, -0.0005062181420776763, Pos_Z, 0.0004075495567339663, BFx, 1.0, 0.0, 0.0,                             BFy, 0.0, 0.9998255355703567, -0.01867882280679946, BFz, 0.0, 0.018678822806799465, 0.999825535570357
Time, 0.084, Pos_X, -4.854940934114003e-05, Pos_Y, -0.0005391632950668664, Pos_Z, 0.00042803100902098816, BFx, 1.0, 0.0, 0.0,                             BFy, 0.0, 0.999814231719935, -0.019274388453974615, BFz, 0.0, 0.019274388453974618, 0.9998142317199353
Time, 0.086, Pos_X, -6.0907201681499956e-05, Pos_Y, -0.0005731403836309224, Pos_Z, 0.00044859659532010685, BFx, 1.0, 0.0, 0.0,                             BFy, 0.0, 0.9998024201714217, -0.019877641192214232, BFz, 0.0, 0.019877641192214232, 0.999802420171422
Time, 0.088, Pos_X, -7.462660536185996e-05, Pos_Y, -0.0006081388163547551, Pos_Z, 0.0004691994104994477, BFx, 1.0, 0.0, 0.0,                             BFy, 0.0, 0.9997901328047255, -0.020486345362400876, BFz, 0.0, 0.02048634536240088, 0.9997901328047257
Time, 0.09, Pos_X, -8.975118424221998e-05, Pos_Y, -0.0006441509927591218, Pos_Z, 0.0004897944949964609, BFx, 1.0, 0.0, 0.0,                             BFy, 0.0, 0.9997773988718995, -0.021098642253402432, BFz, 0.0, 0.02109864225340244, 0.9997773988718999
Time, 0.092, Pos_X, -0.00010631391192258, Pos_Y, -0.0006811728524443911, Pos_Z, 0.0005103391033942426, BFx, 1.0, 0.0, 0.0,                             BFy, 0.0, 0.9997642402846035, -0.021713218281679166, BFz, 0.0, 0.021713218281679166, 0.9997642402846038
Time, 0.094, Pos_X, -0.00012433597218294, Pos_Y, -0.0007192040555033203, Pos_Z, 0.0005307930961595057, BFx, 1.0, 0.0, 0.0,                             BFy, 0.0, 0.9997506666124939, -0.02232945605858566, BFz, 0.0, 0.02232945605858566, 0.9997506666124942
Time, 0.096, Pos_X, -0.00014382606456330002, Pos_Y, -0.0007582480143602578, Pos_Z, 0.0005511190632323568, BFx, 1.0, 0.0, 0.0,                             BFy, 0.0, 0.9997366721146941, -0.02294747108146986, BFz, 0.0, 0.02294747108146986, 0.9997366721146944
Time, 0.098, Pos_X, -0.00016477975602366003, Pos_Y, -0.0007983119161628688, Pos_Z, 0.0005712822797903535, BFx, 1.0, 0.0, 0.0,                             BFy, 0.0, 0.9997222346835191, -0.02356806057758805, BFz, 0.0, 0.023568060577588052, 0.9997222346835194
Time, 0.1, Pos_X, -0.00018717881480402005, Pos_Y, -0.0008394065555720751, Pos_Z, 0.0005912504907720614, BFx, 1.0, 0.0, 0.0,                             BFy, 0.0, 0.9997073134377652, -0.02419271499943998, BFz, 0.0, 0.024192714999439986, 0.9997073134377654
Time, 0.102, Pos_X, -0.0002109907851043799, Pos_Y, -0.0008815464296984386, Pos_Z, 0.0006109939291005335, BFx, 1.0, 0.0, 0.0,                             BFy, 0.0, 0.9996918480599939, -0.024823555796708155, BFz, 0.0, 0.024823555796708162, 0.999691848059994
Time, 0.104, Pos_X, -0.0002361692436647399, Pos_Y, -0.000924749390754347, Pos_Z, 0.0006304855561696382, BFx, 1.0, 0.0, 0.0,                             BFy, 0.0, 0.9996757607259457, -0.025463177668939924, BFz, 0.0, 0.02546317766893993, 0.9996757607259459
Time, 0.106, Pos_X, -0.00026265405482509994, Pos_Y, -0.0009690360379581979, Pos_Z, 0.0006497005707784715, BFx, 1.0, 0.0, 0.0,                             BFy, 0.0, 0.9996589593351545, -0.026114459997362262, BFz, 0.0, 0.026114459997362272, 0.9996589593351547
Time, 0.108, Pos_X, -0.00029037182692545995, Pos_Y, -0.0010144294971623164, Pos_Z, 0.0006686159307695861, BFx, 1.0, 0.0, 0.0,                             BFy, 0.0, 0.9996413372201769, -0.026780532493850134, BFz, 0.0, 0.02678053249385014, 0.9996413372201772
Time, 0.11, Pos_X, -0.00031923694798582, Pos_Y, -0.001060954674298075, Pos_Z, 0.0006872102284078089, BFx, 1.0, 0.0, 0.0,                             BFy, 0.0, 0.9996227786299348, -0.02746453065620935, BFz, 0.0, 0.027464530656209362, 0.999622778629935
Time, 0.112, Pos_X, -0.00034915229704618, Pos_Y, -0.0011086371662501233, Pos_Z, 0.0007054633187400296, BFx, 1.0, 0.0, 0.0,                             BFy, 0.0, 0.9996031620218223, -0.028169459987231815, BFz, 0.0, 0.02816945998723182, 0.9996031620218223
Time, 0.114, Pos_X, -0.00038000990588654004, Pos_Y, -0.001157502462699275, Pos_Z, 0.0007233561498259255, BFx, 1.0, 0.0, 0.0,                             BFy, 0.0, 0.9995823631922116, -0.028898082896126585, BFz, 0.0, 0.028898082896126595, 0.9995823631922116
Time, 0.116, Pos_X, -0.00041169164928690007, Pos_Y, -0.0012075752449135233, Pos_Z, 0.0007408706804509723, BFx, 1.0, 0.0, 0.0,                             BFy, 0.0, 0.9995602582490517, -0.029652826662676733, BFz, 0.0, 0.02965282666267674, 0.9995602582490518
Time, 0.118, Pos_X, -0.00044407056284725987, Pos_Y, -0.0012588786730171899, Pos_Z, 0.0007579899893021576, BFx, 1.0, 0.0, 0.0,                             BFy, 0.0, 0.9995367256580728, -0.030435736572921354, BFz, 0.0, 0.030435736572921365, 0.999536725658073
Time, 0.12, Pos_X, -0.0004770121472556199, Pos_Y, -0.0013114334911836058, Pos_Z, 0.0007746989273407198, BFx, 1.0, 0.0, 0.0,                             BFy, 0.0, 0.9995116463658255, -0.031248500429218628, BFz, 0.0, 0.031248500429218642, 0.9995116463658258
Time, 0.122, Pos_X, -0.0005103755413319799, Pos_Y, -0.001365257308154049, Pos_Z, 0.0007909844916456568, BFx, 1.0, 0.0, 0.0,                             BFy, 0.0, 0.9994849033999171, -0.03209248939636732, BFz, 0.0, 0.032092489396367344, 0.9994849033999175
Time, 0.124, Pos_X, -0.0005440151166083399, Pos_Y, -0.0014203638240098976, Pos_Z, 0.000806835895289637, BFx, 1.0, 0.0, 0.0,                             BFy, 0.0, 0.9994563810247823, -0.03296880993974002, BFz, 0.0, 0.03296880993974003, 0.9994563810247826
Time, 0.126, Pos_X, -0.0005777818810886999, Pos_Y, -0.0014767620399058728, Pos_Z, 0.0008222448490769594, BFx, 1.0, 0.0, 0.0,                             BFy, 0.0, 0.9994259581994656, -0.03387851940503611, BFz, 0.0, 0.033878519405036125, 0.9994259581994659
Time, 0.128, Pos_X, -0.0006115248364350599, Pos_Y, -0.0015344556956977083, Pos_Z, 0.0008372060901919227, BFx, 1.0, 0.0, 0.0,                             BFy, 0.0, 0.9993935066320485, -0.03482267797994326, BFz, 0.0, 0.034822677979943276, 0.9993935066320491
Time, 0.13, Pos_X, -0.00064509260360342, Pos_Y, -0.0015934424249758735, Pos_Z, 0.0008517178372602572, BFx, 1.0, 0.0, 0.0,                             BFy, 0.0, 0.9993588850384973, -0.03580249844087836, BFz, 0.0, 0.03580249844087837, 0.9993588850384979
Time, 0.132, Pos_X, -0.00067833505880378, Pos_Y, -0.0016537133604165222, Pos_Z, 0.0008657822454653386, BFx, 1.0, 0.0, 0.0,                             BFy, 0.0, 0.9993219355031665, -0.03681941365914292, BFz, 0.0, 0.036819413659142944, 0.9993219355031671
Time, 0.134, Pos_X, -0.00071110439833614, Pos_Y, -0.0017152529682945973, Pos_Z, 0.0008794057451223844, BFx, 1.0, 0.0, 0.0,                             BFy, 0.0, 0.9992824798623562, -0.03787512957254576, BFz, 0.0, 0.037875129572545775, 0.999282479862357
Time, 0.136, Pos_X, -0.0007432565815485, Pos_Y, -0.0017780385205147138, Pos_Z, 0.0008925992443735039, BFx, 1.0, 0.0, 0.0,                             BFy, 0.0, 0.9992403189377392, -0.038971592335988306, BFz, 0.0, 0.03897159233598832, 0.99924031893774
Time, 0.138, Pos_X, -0.00077465282740086, Pos_Y, -0.0018420399342214922, Pos_Z, 0.0009053785814314842, BFx, 1.0, 0.0, 0.0,                             BFy, 0.0, 0.9991952309383725, -0.04011097692665025, BFz, 0.0, 0.04011097692665026, 0.9991952309383733
Time, 0.14, Pos_X, -0.00080516085851322, Pos_Y, -0.0019072195816274091, Pos_Z, 0.0009177647371851356, BFx, 1.0, 0.0, 0.0,                             BFy, 0.0, 0.9991469660978427, -0.04129576415897919, BFz, 0.0, 0.04129576415897921, 0.9991469660978434
Time, 0.142, Pos_X, -0.0008346561163055797, Pos_Y, -0.0019735320302620347, Pos_Z, 0.0009297836634668745, BFx, 1.0, 0.0, 0.0,                             BFy, 0.0, 0.9990952540534701, -0.04252850018316833, BFz, 0.0, 0.04252850018316835, 0.9990952540534708
Time, 0.144, Pos_X, -0.0008630231291779397, Pos_Y, -0.0020409236632646876, Pos_Z, 0.0009414661724056065, BFx, 1.0, 0.0, 0.0,                             BFy, 0.0, 0.999039797644629, -0.04381190160420179, BFz, 0.0, 0.043811901604201814, 0.9990397976446298
Time, 0.146, Pos_X, -0.0008901568913702997, Pos_Y, -0.0021093324853479825, Pos_Z, 0.0009528477516523799, BFx, 1.0, 0.0, 0.0,                             BFy, 0.0, 0.9989802758534259, -0.04514873703450364, BFz, 0.0, 0.045148737034503665, 0.9989802758534266
Time, 0.148, Pos_X, -0.0009159638692426597, Pos_Y, -0.002178688080367236, Pos_Z, 0.0009639680722867294, BFx, 1.0, 0.0, 0.0,                             BFy, 0.0, 0.9989163532365338, -0.04654158609912195, BFz, 0.0, 0.04654158609912198, 0.9989163532365347
Time, 0.15, Pos_X, -0.0009403631084150197, Pos_Y, -0.0022489115327583497, Pos_Z, 0.0009748703349344029, BFx, 1.0, 0.0, 0.0,                             BFy, 0.0, 0.9988476844855743, -0.04799274109492027, BFz, 0.0, 0.0479927410949203, 0.9988476844855753
Time, 0.152, Pos_X, -0.0009632872575473798, Pos_Y, -0.002319915495385345, Pos_Z, 0.0009856003109138247, BFx, 1.0, 0.0, 0.0,                             BFy, 0.0, 0.9987739254346578, -0.049503998543974366, BFz, 0.0, 0.049503998543974394, 0.9987739254346587
Time, 0.154, Pos_X, -0.0009846834917797398, Pos_Y, -0.002391604328320725, Pos_Z, 0.0009962056862823836, BFx, 1.0, 0.0, 0.0,                             BFy, 0.0, 0.9986947489833691, -0.051076397220660194, BFz, 0.0, 0.051076397220660215, 0.9986947489833701
Time, 0.156, Pos_X, -0.0010045140595720998, Pos_Y, -0.0024638741512324233, Pos_Z, 0.001006735396719101, BFx, 1.0, 0.0, 0.0,                             BFy, 0.0, 0.9986098505270742, -0.05271021182173538, BFz, 0.0, 0.052710211821735395, 0.9986098505270751
Time, 0.158, Pos_X, -0.0010227566245244598, Pos_Y, -0.002536612970242058, Pos_Z, 0.00101723876563168, BFx, 1.0, 0.0, 0.0,                             BFy, 0.0, 0.9985189614022456, -0.05440481339163285, BFz, 0.0, 0.05440481339163286, 0.9985189614022465
Time, 0.16, Pos_X, -0.00103940503321682, Pos_Y, -0.002609700637975915, Pos_Z, 0.0010277651217808041, BFx, 1.0, 0.0, 0.0,                             BFy, 0.0, 0.9984218606328031, -0.05615859872298375, BFz, 0.0, 0.05615859872298377, 0.9984218606328039
Time, 0.162, Pos_X, -0.0010544700695491798, Pos_Y, -0.0026830085474913025, Pos_Z, 0.001038363340652802, BFx, 1.0, 0.0, 0.0,                             BFy, 0.0, 0.9983183831626777, -0.05796900757693473, BFz, 0.0, 0.05796900757693476, 0.9983183831626786
Time, 0.164, Pos_X, -0.0010679790741815398, Pos_Y, -0.002756400281860568, Pos_Z, 0.0010490807598622243, BFx, 1.0, 0.0, 0.0,                             BFy, 0.0, 0.9982084345274662, -0.05983244302402373, BFz, 0.0, 0.05983244302402377, 0.998208434527467
Time, 0.166, Pos_X, -0.0010799756382538998, Pos_Y, -0.002829732613300451, Pos_Z, 0.0010599625942096216, BFx, 1.0, 0.0, 0.0,                             BFy, 0.0, 0.9980919987675866, -0.06174432764328693, BFz, 0.0, 0.06174432764328697, 0.9980919987675874
Time, 0.168, Pos_X, -0.0010905193828662598, Pos_Y, -0.002902856483051874, Pos_Z, 0.001071051628211956, BFx, 1.0, 0.0, 0.0,                             BFy, 0.0, 0.9979691437271824, -0.06369920068911564, BFz, 0.0, 0.06369920068911566, 0.9979691437271828
Time, 0.17, Pos_X, -0.0010996847643786197, Pos_Y, -0.0029756178538531738, Pos_Z, 0.001082387217482593, BFx, 1.0, 0.0, 0.0,                             BFy, 0.0, 0.9978400196813897, -0.0656909059325726, BFz, 0.0, 0.06569090593257261, 0.99784001968139
Time, 0.172, Pos_X, -0.0011075599503909796, Pos_Y, -0.00304785793824326, Pos_Z, 0.001094004246536984, BFx, 1.0, 0.0, 0.0,                             BFy, 0.0, 0.9977048579870534, -0.06771274879246619, BFz, 0.0, 0.0677127487924662, 0.9977048579870539
Time, 0.174, Pos_X, -0.0011142460005633397, Pos_Y, -0.0031194134343272904, Pos_Z, 0.0011059328308010469, BFx, 1.0, 0.0, 0.0,                             BFy, 0.0, 0.9975639556233507, -0.06975782709554146, BFz, 0.0, 0.06975782709554146, 0.9975639556233513
Time, 0.176, Pos_X, -0.0011198560183356997, Pos_Y, -0.0031901171507731302, Pos_Z, 0.001118198951180341, BFx, 1.0, 0.0, 0.0,                             BFy, 0.0, 0.997417660035381, -0.07181929719471848, BFz, 0.0, 0.07181929719471848, 0.9974176600353816
Time, 0.178, Pos_X, -0.0011245138503280596, Pos_Y, -0.003259798869027759, Pos_Z, 0.001130825319493155, BFx, 1.0, 0.0, 0.0,                             BFy, 0.0, 0.9972663344366892, -0.07389085328515163, BFz, 0.0, 0.07389085328515164, 0.9972663344366898
Time, 0.18, Pos_X, -0.0011283524201604197, Pos_Y, -0.003328286947864638, Pos_Z, 0.0011438323561024817, BFx, 1.0, 0.0, 0.0,                             BFy, 0.0, 0.9971103436587945, -0.07596685177522373, BFz, 0.0, 0.07596685177522376, 0.997110343658795
Time, 0.182, Pos_X, -0.0011315119419927798, Pos_Y, -0.003395410210156336, Pos_Z, 0.0011572391810095665, BFx, 1.0, 0.0, 0.0,                             BFy, 0.0, 0.9969500128528342, -0.07804275669613203, BFz, 0.0, 0.07804275669613205, 0.9969500128528348
Time, 0.184, Pos_X, -0.0011341383860651397, Pos_Y, -0.0034609997745427674, Pos_Z, 0.0011710641159584912, BFx, 1.0, 0.0, 0.0,                             BFy, 0.0, 0.9967855928314203, -0.08011542874947458, BFz, 0.0, 0.0801154287494746, 0.9967855928314208
Time, 0.186, Pos_X, -0.0011363815004974997, Pos_Y, -0.0035248901471144657, Pos_Z, 0.001185324710449754, BFx, 1.0, 0.0, 0.0,                             BFy, 0.0, 0.996617230785823, -0.08218330305357363, BFz, 0.0, 0.08218330305357363, 0.9966172307858234
Time, 0.188, Pos_X, -0.0011383927775938598, Pos_Y, -0.0035869196367856898, Pos_Z, 0.0012000374905740017, BFx, 1.0, 0.0, 0.0,                             BFy, 0.0, 0.9964449446353648, -0.08424649731960983, BFz, 0.0, 0.08424649731960983, 0.9964449446353653
Time, 0.19, Pos_X, -0.0011403237039032197, Pos_Y, -0.003646931014786457, Pos_Z, 0.0012152174435896056, BFx, 1.0, 0.0, 0.0,                             BFy, 0.0, 0.9962686112293886, -0.08630674526978332, BFz, 0.0, 0.08630674526978331, 0.9962686112293893
Time, 0.192, Pos_X, -0.0011423234147475798, Pos_Y, -0.0037047720213871605, Pos_Z, 0.0012308777531986747, BFx, 1.0, 0.0, 0.0,                             BFy, 0.0, 0.996087955795776, -0.08836732608034312, BFz, 0.0, 0.08836732608034309, 0.9960879557957767
Time, 0.194, Pos_X, -0.0011445365890179397, Pos_Y, -0.00376029606635667, Pos_Z, 0.0012470297413941618, BFx, 1.0, 0.0, 0.0,                             BFy, 0.0, 0.9959025579066533, -0.0904328212264905, BFz, 0.0, 0.09043282122649045, 0.9959025579066539
Time, 0.196, Pos_X, -0.0011471014594882998, Pos_Y, -0.0038133633492860564, Pos_Z, 0.001263682494149507, BFx, 1.0, 0.0, 0.0,                             BFy, 0.0, 0.9957118671429301, -0.09250879758561992, BFz, 0.0, 0.09250879758561986, 0.9957118671429308
Time, 0.198, Pos_X, -0.0011501473328386599, Pos_Y, -0.0038638417630090386, Pos_Z, 0.0012808422794162748, BFx, 1.0, 0.0, 0.0,                             BFy, 0.0, 0.9955152261293475, -0.0946014510704319, BFz, 0.0, 0.09460145107043183, 0.9955152261293482
Time, 0.2, Pos_X, -0.0011537921457890198, Pos_Y, -0.003911607498210743, Pos_Z, 0.0012985120863096681, BFx, 1.0, 0.0, 0.0,                             BFy, 0.0, 0.9953118901404802, -0.09671732701528801, BFz, 0.0, 0.09671732701528794, 0.9953118901404808
Time, 0.202, Pos_X, -0.0011581402170193799, Pos_Y, -0.003956545639813638, Pos_Z, 0.0013166909510812343, BFx, 1.0, 0.0, 0.0,                             BFy, 0.0, 0.9951010408089809, -0.09886313054359716, BFz, 0.0, 0.09886313054359709, 0.9951010408089817
Time, 0.204, Pos_X, -0.00116328014614974, Pos_Y, -0.003998550735818846, Pos_Z, 0.0013353730906983442, BFx, 1.0, 0.0, 0.0,                             BFy, 0.0, 0.9948818202564733, -0.10104535478270903, BFz, 0.0, 0.10104535478270896, 0.9948818202564741
Time, 0.206, Pos_X, -0.0011692831413001, Pos_Y, -0.004037527218968099, Pos_Z, 0.001354547191033813, BFx, 1.0, 0.0, 0.0,                             BFy, 0.0, 0.994653344852293, -0.103270148514187, BFz, 0.0, 0.10327014851418694, 0.9946533448522938
Time, 0.208, Pos_X, -0.00117620123429046, Pos_Y, -0.004073389939756832, Pos_Z, 0.0013741955146720436, BFx, 1.0, 0.0, 0.0,                             BFy, 0.0, 0.9944147280718348, -0.10554311248876173, BFz, 0.0, 0.10554311248876166, 0.9944147280718358
Time, 0.21, Pos_X, -0.00118406551990082, Pos_Y, -0.004106064737478785, Pos_Z, 0.0013942933080338857, BFx, 1.0, 0.0, 0.0,                             BFy, 0.0, 0.9941651253420897, -0.10786891838497227, BFz, 0.0, 0.1078689183849722, 0.9941651253420906
Time, 0.212, Pos_X, -0.0011928848843511801, Pos_Y, -0.004135488349956378, Pos_Z, 0.0014148081697878622, BFx, 1.0, 0.0, 0.0,                             BFy, 0.0, 0.9939037629015827, -0.11025112285174805, BFz, 0.0, 0.11025112285174797, 0.9939037629015833
Time, 0.214, Pos_X, -0.00120264523346154, Pos_Y, -0.004161607945513249, Pos_Z, 0.0014356990271734845, BFx, 1.0, 0.0, 0.0,                             BFy, 0.0, 0.9936299687561961, -0.11269199257071295, BFz, 0.0, 0.11269199257071287, 0.9936299687561968
Time, 0.216, Pos_X, -0.0012133093338719, Pos_Y, -0.004184380532691176, Pos_Z, 0.0014569161268428697, BFx, 1.0, 0.0, 0.0,                             BFy, 0.0, 0.993343226438042, -0.1151921633170328, BFz, 0.0, 0.11519216331703273, 0.9933432264380427
Time, 0.218, Pos_X, -0.0012248164889822602, Pos_Y, -0.004203771941779305, Pos_Z, 0.001478400516304458, BFx, 1.0, 0.0, 0.0,                             BFy, 0.0, 0.993043191830139, -0.11775066522023082, BFz, 0.0, 0.11775066522023075, 0.9930431918301397
Time, 0.22, Pos_X, -0.0012370824115126202, Pos_Y, -0.0042197564748270525, Pos_Z, 0.0015000832172147856, BFx, 1.0, 0.0, 0.0,                             BFy, 0.0, 0.9927297229548475, -0.12036485019302395, BFz, 0.0, 0.12036485019302388, 0.9927297229548482
Time, 0.222, Pos_X, -0.0012500001942829801, Pos_Y, -0.00423231658357925, Pos_Z, 0.001521886596932379, BFx, 1.0, 0.0, 0.0,                             BFy, 0.0, 0.9924028984373767, -0.12303043189833639, BFz, 0.0, 0.12303043189833633, 0.9924028984373773
Time, 0.224, Pos_X, -0.0012634411881133401, Pos_Y, -0.004241441940810316, Pos_Z, 0.001543726088965188, BFx, 1.0, 0.0, 0.0,                             BFy, 0.0, 0.9920630039819504, -0.12574178354988505, BFz, 0.0, 0.125741783549885, 0.9920630039819508
Time, 0.226, Pos_X, -0.0012772562666437002, Pos_Y, -0.004247129083575868, Pos_Z, 0.001565511575395783, BFx, 1.0, 0.0, 0.0,                             BFy, 0.0, 0.9917105055082401, -0.12849230819231294, BFz, 0.0, 0.1284923081923129, 0.9917105055082405
Time, 0.228, Pos_X, -0.0012912776708780603, Pos_Y, -0.004249381060038231, Pos_Z, 0.0015871493688044303, BFx, 1.0, 0.0, 0.0,                             BFy, 0.0, 0.9913460070673544, -0.13127488058120687, BFz, 0.0, 0.13127488058120684, 0.9913460070673548
Time, 0.23, Pos_X, -0.0013053206120584202, Pos_Y, -0.004248206642029879, Pos_Z, 0.0016085440985381025, BFx, 1.0, 0.0, 0.0,                             BFy, 0.0, 0.990970192067799, -0.13408235690465425, BFz, 0.0, 0.13408235690465423, 0.9909701920677992
Time, 0.232, Pos_X, -0.0013191854585607803, Pos_Y, -0.004243619096537951, Pos_Z, 0.00162960104735927, BFx, 1.0, 0.0, 0.0,                             BFy, 0.0, 0.9905837725508151, -0.13690796017395163, BFz, 0.0, 0.1369079601739516, 0.9905837725508154
Time, 0.234, Pos_X, -0.0013326598399231403, Pos_Y, -0.004235635047140881, Pos_Z, 0.0016502286765472172, BFx, 1.0, 0.0, 0.0,                             BFy, 0.0, 0.9901874140214557, -0.1397457874624476, BFz, 0.0, 0.1397457874624476, 0.990187414021456
Time, 0.236, Pos_X, -0.0013455209568455002, Pos_Y, -0.00422427366553583, Pos_Z, 0.0016703408947589705, BFx, 1.0, 0.0, 0.0,                             BFy, 0.0, 0.9897817035226221, -0.14259095122711563, BFz, 0.0, 0.14259095122711565, 0.9897817035226225
Time, 0.238, Pos_X, -0.0013575379983278603, Pos_Y, -0.004209556151502263, Pos_Z, 0.0016898592488000638, BFx, 1.0, 0.0, 0.0,                             BFy, 0.0, 0.9893671088923728, -0.145439760182508, BFz, 0.0, 0.14543976018250804, 0.9893671088923732
Time, 0.24, Pos_X, -0.0013684738080902202, Pos_Y, -0.004191505568698808, Pos_Z, 0.0017087148861296068, BFx, 1.0, 0.0, 0.0,                             BFy, 0.0, 0.988943956247068, -0.1482897548800832, BFz, 0.0, 0.14828975488008322, 0.9889439562470681
Time, 0.242, Pos_X, -0.0013780872034525801, Pos_Y, -0.004170146193434954, Pos_Z, 0.0017268505076134335, BFx, 1.0, 0.0, 0.0,                             BFy, 0.0, 0.9885124109473225, -0.15113971484394578, BFz, 0.0, 0.1511397148439458, 0.9885124109473227
Time, 0.244, Pos_X, -0.0013861355771149402, Pos_Y, -0.004145502530338437, Pos_Z, 0.0017442223499491616, BFx, 1.0, 0.0, 0.0,                             BFy, 0.0, 0.9880724718398987, -0.15398957884282494, BFz, 0.0, 0.15398957884282494, 0.9880724718398988
Time, 0.246, Pos_X, -0.0013923770811973002, Pos_Y, -0.004117598486790029, Pos_Z, 0.0017608017936694427, BFx, 1.0, 0.0, 0.0,                             BFy, 0.0, 0.9876239565074837, -0.15684043015913174, BFz, 0.0, 0.15684043015913174, 0.9876239565074838
Time, 0.248, Pos_X, -0.00139657246671966, Pos_Y, -0.004086456485199676, Pos_Z, 0.0017765756746213742, BFx, 1.0, 0.0, 0.0,                             BFy, 0.0, 0.987166504109685, -0.15969437423986094, BFz, 0.0, 0.1596943742398609, 0.9871665041096852
Time, 0.25, Pos_X, -0.0013984867435220202, Pos_Y, -0.004052096541522627, Pos_Z, 0.0017915464998602153, BFx, 1.0, 0.0, 0.0,                             BFy, 0.0, 0.9866995547650342, -0.16255457122603703, BFz, 0.0, 0.16255457122603703, 0.9866995547650346
Time, 0.252, Pos_X, -0.0013978913647243803, Pos_Y, -0.0040145350961134545, Pos_Z, 0.0018057333430269295, BFx, 1.0, 0.0, 0.0,                             BFy, 0.0, 0.9862223270842609, -0.1654252748539434, BFz, 0.0, 0.1654252748539434, 0.9862223270842614
Time, 0.254, Pos_X, -0.0013945658172067404, Pos_Y, -0.0039737841289772865, Pos_Z, 0.0018191718798293837, BFx, 1.0, 0.0, 0.0,                             BFy, 0.0, 0.9857338186996473, -0.16831173064230628, BFz, 0.0, 0.1683117306423063, 0.9857338186996478
Time, 0.256, Pos_X, -0.0013882985349691003, Pos_Y, -0.003929850799664913, Pos_Z, 0.001831914010624618, BFx, 1.0, 0.0, 0.0,                             BFy, 0.0, 0.9852328233291683, -0.17121998666870836, BFz, 0.0, 0.17121998666870838, 0.9852328233291691
Time, 0.258, Pos_X, -0.0013788880089314604, Pos_Y, -0.0038827372392843985, Pos_Z, 0.0018440277768448996, BFx, 1.0, 0.0, 0.0,                             BFy, 0.0, 0.9847179490749733, -0.1741567132486571, BFz, 0.0, 0.17415671324865717, 0.9847179490749741
Time, 0.26, Pos_X, -0.0013661436488938204, Pos_Y, -0.0038324402501800966, Pos_Z, 0.0018555965608810234, BFx, 1.0, 0.0, 0.0,                             BFy, 0.0, 0.9841876770228305, -0.17712881300455208, BFz, 0.0, 0.1771288130045521, 0.9841876770228313
Time, 0.262, Pos_X, -0.0013498864210561804, Pos_Y, -0.0037789507012940047, Pos_Z, 0.0018667175037524381, BFx, 1.0, 0.0, 0.0,                             BFy, 0.0, 0.983640429940004, -0.18014301148654377, BFz, 0.0, 0.18014301148654377, 0.9836404299400048
Time, 0.264, Pos_X, -0.0013299495318185404, Pos_Y, -0.0037222526905829126, Pos_Z, 0.0018774992069355617, BFx, 1.0, 0.0, 0.0,                             BFy, 0.0, 0.9830746321388854, -0.18320553388200914, BFz, 0.0, 0.18320553388200916, 0.9830746321388861
Time, 0.266, Pos_X, -0.0013061787003809003, Pos_Y, -0.0036623228693965265, Pos_Z, 0.0018880593338191037, BFx, 1.0, 0.0, 0.0,                             BFy, 0.0, 0.9824887758030578, -0.18632177924495522, BFz, 0.0, 0.18632177924495524, 0.9824887758030585
Time, 0.268, Pos_X, -0.0012784322933432602, Pos_Y, -0.0035991298182676506, Pos_Z, 0.001898522241450873, BFx, 1.0, 0.0, 0.0,                             BFy, 0.0, 0.9818814778769378, -0.18949607753776207, BFz, 0.0, 0.18949607753776213, 0.9818814778769385
Time, 0.27, Pos_X, -0.00124658119130562, Pos_Y, -0.0035326337470648742, Pos_Z, 0.0019090163875556166, BFx, 1.0, 0.0, 0.0,                             BFy, 0.0, 0.981251519291649, -0.19273156432672822, BFz, 0.0, 0.1927315643267283, 0.9812515192916497
Time, 0.272, Pos_X, -0.00121050891506798, Pos_Y, -0.00346278613429433, Pos_Z, 0.00191967249295382, BFx, 1.0, 0.0, 0.0,                             BFy, 0.0, 0.9805978906793975, -0.19603004054254883, BFz, 0.0, 0.19603004054254894, 0.9805978906793981
Time, 0.274, Pos_X, -0.00117011243643034, Pos_Y, -0.00338952900938288, Pos_Z, 0.001930622735016043, BFx, 1.0, 0.0, 0.0,                             BFy, 0.0, 0.9799197846322735, -0.19939211540639165, BFz, 0.0, 0.19939211540639176, 0.9799197846322738
Time, 0.276, Pos_X, -0.0011253009735927, Pos_Y, -0.0033127949288233186, Pos_Z, 0.001941999330510344, BFx, 1.0, 0.0, 0.0,                             BFy, 0.0, 0.979216597787127, -0.20281729368621557, BFz, 0.0, 0.20281729368621568, 0.9792165977871274
Time, 0.278, Pos_X, -0.0010759942699550599, Pos_Y, -0.003232507672613014, Pos_Z, 0.001953932828305049, BFx, 1.0, 0.0, 0.0,                             BFy, 0.0, 0.9784879251826463, -0.20630409659470422, BFz, 0.0, 0.20630409659470433, 0.9784879251826467
Time, 0.28, Pos_X, -0.0010221225457174197, Pos_Y, -0.003148583092305782, Pos_Z, 0.0019665513336056054, BFx, 1.0, 0.0, 0.0,                             BFy, 0.0, 0.9777335542170265, -0.20985017740792622, BFz, 0.0, 0.2098501774079263, 0.9777335542170269
Time, 0.282, Pos_X, -0.0009636261086797813, Pos_Y, -0.0030609296760309725, Pos_Z, 0.001979979871499578, BFx, 1.0, 0.0, 0.0,                             BFy, 0.0, 0.9769534135295491, -0.21345263594755443, BFz, 0.0, 0.2134526359475545, 0.9769534135295495
Time, 0.284, Pos_X, -0.0009004544686421413, Pos_Y, -0.002969448605535293, Pos_Z, 0.0019943388623669075, BFx, 1.0, 0.0, 0.0,                             BFy, 0.0, 0.9761475490861617, -0.2171081813591493, BFz, 0.0, 0.2171081813591494, 0.976147549086162
Time, 0.286, Pos_X, -0.0008325647184045013, Pos_Y, -0.0028740337279856763, Pos_Z, 0.0020097415931593157, BFx, 1.0, 0.0, 0.0,                             BFy, 0.0, 0.9753160971273765, -0.2208132937216858, BFz, 0.0, 0.2208132937216859, 0.9753160971273769
Time, 0.288, Pos_X, -0.0007599196619668613, Pos_Y, -0.002774571848532412, Pos_Z, 0.0020262921540699502, BFx, 1.0, 0.0, 0.0,                             BFy, 0.0, 0.9744592556834542, -0.22456437609925112, BFz, 0.0, 0.2245643760992512, 0.9744592556834545
Time, 0.29, Pos_X, -0.0006824866161292213, Pos_Y, -0.002670942513182858, Pos_Z, 0.0020440839772485086, BFx, 1.0, 0.0, 0.0,                             BFy, 0.0, 0.973577252594189, -0.22835790599659084, BFz, 0.0, 0.22835790599659092, 0.9735772525941894
Time, 0.292, Pos_X, -0.0006002356826915813, Pos_Y, -0.0025630179367358056, Pos_Z, 0.0020631989785091496, BFx, 1.0, 0.0, 0.0,                             BFy, 0.0, 0.9726703500248125, -0.23219041793882453, BFz, 0.0, 0.23219041793882464, 0.9726703500248128
Time, 0.294, Pos_X, -0.0005131377082539413, Pos_Y, -0.0024506638168284977, Pos_Z, 0.0020837075398374193, BFx, 1.0, 0.0, 0.0,                             BFy, 0.0, 0.9717388239587043, -0.23605859020876888, BFz, 0.0, 0.236058590208769, 0.9717388239587046
Time, 0.296, Pos_X, -0.00042116261921630127, Pos_Y, -0.002333741238991786, Pos_Z, 0.0021056690020521645, BFx, 1.0, 0.0, 0.0,                             BFy, 0.0, 0.970782932968803, -0.23995936542774307, BFz, 0.0, 0.2399593654277432, 0.9707829329688034
Time, 0.298, Pos_X, -0.00032427718697866127, Pos_Y, -0.002212109131095819, Pos_Z, 0.0021291323237798507, BFx, 1.0, 0.0, 0.0,                             BFy, 0.0, 0.969802900707468, -0.24389000344289957, BFz, 0.0, 0.2438900034428997, 0.9698029007074682
Time, 0.3, Pos_X, -0.00022244310734102123, Pos_Y, -0.002085626325901504, Pos_Z, 0.002154136895776718, BFx, 1.0, 0.0, 0.0,                             BFy, 0.0, 0.9687989032497323, -0.24784810885320926, BFz, 0.0, 0.2478481088532094, 0.9687989032497325
Time, 0.302, Pos_X, -0.00011561620290338118, Pos_Y, -0.0019541529514489966, Pos_Z, 0.002180713248712908, BFx, 1.0, 0.0, 0.0,                             BFy, 0.0, 0.9677710117035878, -0.25183182663478215, BFz, 0.0, 0.2518318266347824, 0.9677710117035879
Time, 0.304, Pos_X, -3.745141065741105e-06, Pos_Y, -0.001817551427911694, Pos_Z, 0.0022088832417988067, BFx, 1.0, 0.0, 0.0,                             BFy, 0.0, 0.9667191763996965, -0.2558398600317971, BFz, 0.0, 0.25583986003179726, 0.9667191763996966
Time, 0.306, Pos_X, 0.00011323031257189897, Pos_Y, -0.0016756873647871145, Pos_Z, 0.0022386603409810294, BFx, 1.0, 0.0, 0.0,                             BFy, 0.0, 0.9656432174280423, -0.2598714617560304, BFz, 0.0, 0.2598714617560305, 0.9656432174280423
Time, 0.308, Pos_X, 0.00023537997160953905, Pos_Y, -0.0015284302933358121, Pos_Z, 0.002270050297713916, BFx, 1.0, 0.0, 0.0,                             BFy, 0.0, 0.9645427955019467, -0.26392649667149193, BFz, 0.0, 0.263926496671492, 0.9645427955019467
Time, 0.31, Pos_X, 0.00036278432704717916, Pos_Y, -0.0013756549019874656, Pos_Z, 0.002303052007498879, BFx, 1.0, 0.0, 0.0,                             BFy, 0.0, 0.9634174046725511, -0.26800541855343707, BFz, 0.0, 0.2680054185534371, 0.9634174046725512
Time, 0.312, Pos_X, 0.0004955363530848193, Pos_Y, -0.001217242288454602, Pos_Z, 0.0023376580131985207, BFx, 1.0, 0.0, 0.0,                             BFy, 0.0, 0.9622663783842076, -0.2721092005635563, BFz, 0.0, 0.27210920056355636, 0.9622663783842078
