Time, 0, Pos_X, 0.0, Pos_Y, 0.0, Pos_Z, 0.0, BFx, 1.0, 0.0, 0.0,                         BFy, 0.0, 1.0, 0.0, BFz, 0.0, 0.0, 1.0
Time, 0.0, Pos_X, 0.0, Pos_Y, 0.0, Pos_Z, 0.0, BFx, 1.0, 0.0, 0.0,                             BFy, 0.0, 1.0, 0.0, BFz, 0.0, 0.0, 1.0
Time, 0.002, Pos_X, -6.3012546e-07, Pos_Y, 3.6376008684785777e-06, Pos_Z, -3.4701274954474836e-06, BFx, 1.0, 0.0, 0.0,                             BFy, 0.0, 0.9999866041837268, -0.0051760460874220185, BFz, 0.0, 0.0051760460874220185, 0.9999866041837266
Time, 0.004, Pos_X, -2.27709048e-06, Pos_Y, 1.4663100232109923e-05, Pos_Z, -1.3640688706044222e-05, BFx, 1.0, 0.0, 0.0,                             BFy, 0.0, 0.9999464155260905, -0.010352104932004502, BFz, 0.0, 0.0103521049320045, 0.9999464155260904
Time, 0.006, Pos_X, -4.4700617e-06, Pos_Y, 3.3308377136388864e-05, Pos_Z, -3.0004512730992872e-05, BFx, 1.0, 0.0, 0.0,                             BFy, 0.0, 0.9998795504714303, -0.015520455826113014, BFz, 0.0, 0.01552045582611301, 0.9998795504714303
Time, 0.008, Pos_X, -6.771307498000001e-06, Pos_Y, 5.981595318381334e-05, Pos_Z, -5.1997953330257764e-05, BFx, 1.0, 0.0, 0.0,                             BFy, 0.0, 0.9997863308248355, -0.02067105937808915, BFz, 0.0, 0.02067105937808914, 0.9997863308248354
Time, 0.01, Pos_X, -8.779319426e-06, Pos_Y, 9.443435292614198e-05, Pos_Z, -7.899882384217626e-05, BFx, 1.0, 0.0, 0.0,                             BFy, 0.0, 0.9996673374090866, -0.025791752895601074, BFz, 0.0, 0.025791752895601063, 0.9996673374090864
Time, 0.012, Pos_X, -1.0132148046e-05, Pos_Y, 0.00013741387707994542, Pos_Z, -0.00011032608162550442, BFx, 1.0, 0.0, 0.0,                             BFy, 0.0, 0.9995234531913693, -0.030868536091002288, BFz, 0.0, 0.03086853609100228, 0.9995234531913688
Time, 0.014, Pos_X, -1.0509914066e-05, Pos_Y, 0.00018900275099098862, Pos_Z, -0.00014524206856198396, BFx, 1.0, 0.0, 0.0,                             BFy, 0.0, 0.999355898043094, -0.03588577777451042, BFz, 0.0, 0.03588577777451041, 0.9993558980430938
Time, 0.016, Pos_X, -9.636818926e-06, Pos_Y, 0.0002494435477702053, Pos_Z, -0.00018295639706576193, BFx, 1.0, 0.0, 0.0,                             BFy, 0.0, 0.9991662370511937, -0.04082683843941652, BFz, 0.0, 0.04082683843941652, 0.9991662370511935
Time, 0.018, Pos_X, -7.282999926000001e-06, Pos_Y, 0.0003189699247966247, Pos_Z, -0.000222628982605443, BFx, 1.0, 0.0, 0.0,                             BFy, 0.0, 0.9989563686060684, -0.04567464965796224, BFz, 0.0, 0.04567464965796223, 0.998956368606068
Time, 0.02, Pos_X, -3.265239305999997e-06, Pos_Y, 0.0003978029992752645, Pos_Z, -0.0002633716448392867, BFx, 1.0, 0.0, 0.0,                             BFy, 0.0, 0.9987285059035681, -0.05041201737311945, BFz, 0.0, 0.05041201737311944, 0.9987285059035677
Time, 0.022, Pos_X, 2.5542600339999982e-06, Pos_Y, 0.0004861477516940006, Pos_Z, -0.0003042491969294355, BFx, 1.0, 0.0, 0.0,                             BFy, 0.0, 0.9984851715724903, -0.05502146989908122, BFz, 0.0, 0.05502146989908122, 0.9984851715724901
Time, 0.024, Pos_X, 1.0270263894000005e-05, Pos_Y, 0.0005841892512155263, Pos_Z, -0.0003442810344234267, BFx, 1.0, 0.0, 0.0,                             BFy, 0.0, 0.9982292156806806, -0.059484728809452575, BFz, 0.0, 0.059484728809452575, 0.9982292156806803
Time, 0.026, Pos_X, 1.9937904673999998e-05, Pos_Y, 0.0006920890298673502, Pos_Z, -0.00038244415351095114, BFx, 1.0, 0.0, 0.0,                             BFy, 0.0, 0.9979638485371756, -0.06378210574189562, BFz, 0.0, 0.06378210574189562, 0.9979638485371752
Time, 0.028, Pos_X, 3.157673089400001e-05, Pos_Y, 0.0008099823372390538, Pos_Z, -0.00041767799470471484, BFx, 1.0, 0.0, 0.0,                             BFy, 0.0, 0.997692749800933, -0.06789091982477363, BFz, 0.0, 0.06789091982477362, 0.9976927498009328
Time, 0.03, Pos_X, 4.5175147314e-05, Pos_Y, 0.0009379763778522262, Pos_Z, -0.0004488912968997852, BFx, 1.0, 0.0, 0.0,                             BFy, 0.0, 0.9974198279731229, -0.07178918279286463, BFz, 0.0, 0.07178918279286463, 0.9974198279731225
Time, 0.032, Pos_X, 6.0695294034000016e-05, Pos_Y, 0.0010761499395174291, Pos_Z, -0.0004749709019014243, BFx, 1.0, 0.0, 0.0,                             BFy, 0.0, 0.9971491797199881, -0.075455373458461, BFz, 0.0, 0.075455373458461, 0.9971491797199877
Time, 0.034, Pos_X, 7.807798195400004e-05, Pos_Y, 0.0012245543232619993, Pos_Z, -0.0004947919534632808, BFx, 1.0, 0.0, 0.0,                             BFy, 0.0, 0.9968848628581167, -0.07887059150503889, BFz, 0.0, 0.0788705915050389, 0.9968848628581164
Time, 0.036, Pos_X, 9.724812185399998e-05, Pos_Y, 0.0013832157850358754, Pos_Z, -0.0005072290552706332, BFx, 1.0, 0.0, 0.0,                             BFy, 0.0, 0.9966305532715517, -0.08202158426683465, BFz, 0.0, 0.08202158426683466, 0.9966305532715514
Time, 0.038, Pos_X, 0.000118120318434, Pos_Y, 0.0015521392342598105, Pos_Z, -0.0005111675400346624, BFx, 1.0, 0.0, 0.0,                             BFy, 0.0, 0.9963890800174979, -0.08490465960054677, BFz, 0.0, 0.08490465960054679, 0.9963890800174976
Time, 0.04, Pos_X, 0.000140603399114, Pos_Y, 0.0017313122801422332, Pos_Z, -0.0005055139532077592, BFx, 1.0, 0.0, 0.0,                             BFy, 0.0, 0.9961621097855438, -0.08752743014401129, BFz, 0.0, 0.08752743014401132, 0.9961621097855433
Time, 0.042, Pos_X, 0.00016460384095400002, Pos_Y, 0.0019207101139527703, Pos_Z, -0.0004892056965210193, BFx, 1.0, 0.0, 0.0,                             BFy, 0.0, 0.9959499105899092, -0.08990981924101638, BFz, 0.0, 0.0899098192410164, 0.9959499105899088
Time, 0.044, Pos_X, 0.00019002763253399995, Pos_Y, 0.0021203013349859173, Pos_Z, -0.0004612203413067764, BFx, 1.0, 0.0, 0.0,                             BFy, 0.0, 0.9957512560822895, -0.09208385314778625, BFz, 0.0, 0.09208385314778628, 0.9957512560822891
Time, 0.046, Pos_X, 0.00021678038215399998, Pos_Y, 0.0023300536617545733, Pos_Z, -0.00042058519516144214, BFx, 1.0, 0.0, 0.0,                             BFy, 0.0, 0.9955635099313375, -0.09409196402029281, BFz, 0.0, 0.09409196402029284, 0.995563509931337
Time, 0.048, Pos_X, 0.000244766731194, Pos_Y, 0.002549938974289871, Pos_Z, -0.0003663868597082867, BFx, 1.0, 0.0, 0.0,                             BFy, 0.0, 0.9953828930766774, -0.09598383285899939, BFz, 0.0, 0.09598383285899942, 0.9953828930766766
Time, 0.05, Pos_X, 0.000273889257894, Pos_Y, 0.0027799377876763704, Pos_Z, -0.0002977806200144446, BFx, 1.0, 0.0, 0.0,                             BFy, 0.0, 0.9952048634851527, -0.09781247208561435, BFz, 0.0, 0.09781247208561437, 0.995204863485152
Time, 0.052, Pos_X, 0.00030404660157399996, Pos_Y, 0.0030200432905859932, Pos_Z, -0.00021399975708851111, BFx, 1.0, 0.0, 0.0,                             BFy, 0.0, 0.9950244680923856, -0.09963085815883169, BFz, 0.0, 0.09963085815883173, 0.9950244680923849
Time, 0.054, Pos_X, 0.00033513128491399996, Pos_Y, 0.003270264583835461, Pos_Z, -0.00011436467606434046, BFx, 1.0, 0.0, 0.0,                             BFy, 0.0, 0.9948366130394609, -0.10148947411517092, BFz, 0.0, 0.10148947411517097, 0.9948366130394602
Time, 0.056, Pos_X, 0.000367032887094, Pos_Y, 0.003530629790445398, Pos_Z, 1.7161396372692312e-06, BFx, 1.0, 0.0, 0.0,                             BFy, 0.0, 0.9946362736822344, -0.10343443853726615, BFz, 0.0, 0.10343443853726617, 0.9946362736822337
Time, 0.058, Pos_X, 0.000399633498334, Pos_Y, 0.0038011874603553395, Pos_Z, 0.00013473761728748822, BFx, 1.0, 0.0, 0.0,                             BFy, 0.0, 0.9944186582758339, -0.10550607599987126, BFz, 0.0, 0.10550607599987127, 0.9944186582758332
Time, 0.06, Pos_X, 0.00043279969137399987, Pos_Y, 0.004082004392983279, Pos_Z, 0.0002850842886266905, BFx, 1.0, 0.0, 0.0,                             BFy, 0.0, 0.9941793641539883, -0.10773760666718032, BFz, 0.0, 0.10773760666718032, 0.9941793641539874
Time, 0.062, Pos_X, 0.0004663915663639999, Pos_Y, 0.004373158099227472, Pos_Z, 0.00045302932165048313, BFx, 1.0, 0.0, 0.0,                             BFy, 0.0, 0.9939145131911967, -0.11015416682044862, BFz, 0.0, 0.11015416682044864, 0.9939145131911957
Time, 0.064, Pos_X, 0.000500267024044, Pos_Y, 0.004674733539632093, Pos_Z, 0.0006387279807207408, BFx, 1.0, 0.0, 0.0,                             BFy, 0.0, 0.9936208746708959, -0.11277214823813808, BFz, 0.0, 0.1127721482381381, 0.9936208746708949
Time, 0.066, Pos_X, 0.0005342624552672, Pos_Y, 0.004986831219112821, Pos_Z, 0.0008422137051783689, BFx, 1.0, 0.0, 0.0,                             BFy, 0.0, 0.9932959580729733, -0.11559904703713979, BFz, 0.0, 0.11559904703713979, 0.9932959580729721
Time, 0.068, Pos_X, 0.0005681838913736, Pos_Y, 0.00530956543488588, Pos_Z, 0.0010634081455837957, BFx, 1.0, 0.0, 0.0,                             BFy, 0.0, 0.9929380964862229, -0.11863362316947342, BFz, 0.0, 0.1186336231694734, 0.9929380964862219
Time, 0.07, Pos_X, 0.000601821192612, Pos_Y, 0.005643050307525734, Pos_Z, 0.001302122194586829, BFx, 1.0, 0.0, 0.0,                             BFy, 0.0, 0.9925465571803923, -0.12186604050903779, BFz, 0.0, 0.12186604050903779, 0.9925465571803913
Time, 0.072, Pos_X, 0.0006349542408223999, Pos_Y, 0.005987390131119888, Pos_Z, 0.0015580541895059072, BFx, 1.0, 0.0, 0.0,                             BFy, 0.0, 0.9921216011600296, -0.12527860356684717, BFz, 0.0, 0.12527860356684717, 0.9921216011600285
Time, 0.074, Pos_X, 0.0006673537194127999, Pos_Y, 0.0063426702302863455, Pos_Z, 0.001830799869343443, BFx, 1.0, 0.0, 0.0,                             BFy, 0.0, 0.9916644700244726, -0.12884711440727625, BFz, 0.0, 0.12884711440727628, 0.9916644700244716
Time, 0.076, Pos_X, 0.0006987915541632, Pos_Y, 0.006708945223362098, Pos_Z, 0.0021198554565878343, BFx, 1.0, 0.0, 0.0,                             BFy, 0.0, 0.991177293171963, -0.13254272330195957, BFz, 0.0, 0.13254272330195963, 0.991177293171962
Time, 0.078, Pos_X, 0.0007290577948736, Pos_Y, 0.007086229433285677, Pos_Z, 0.002424611358172489, BFx, 1.0, 0.0, 0.0,                             BFy, 0.0, 0.9906629025987789, -0.13633419752417772, BFz, 0.0, 0.13633419752417777, 0.9906629025987779
Time, 0.08, Pos_X, 0.0007579754116039999, Pos_Y, 0.007474490780309191, Pos_Z, 0.002744352873366077, BFx, 1.0, 0.0, 0.0,                             BFy, 0.0, 0.9901246119746356, -0.14019005942675275, BFz, 0.0, 0.14019005942675283, 0.9901246119746347
Time, 0.082, Pos_X, 0.0007854091583143999, Pos_Y, 0.007873647650715626, Pos_Z, 0.0030782704888576966, BFx, 1.0, 0.0, 0.0,                             BFy, 0.0, 0.9895659661993417, -0.144080527969475, BFz, 0.0, 0.14408052796947507, 0.9895659661993409
Time, 0.084, Pos_X, 0.0008112672523048, Pos_Y, 0.008283568994877949, Pos_Z, 0.003425470151665325, BFx, 1.0, 0.0, 0.0,                             BFy, 0.0, 0.9889904858744974, -0.14797911626214294, BFz, 0.0, 0.14797911626214302, 0.9889904858744967
Time, 0.086, Pos_X, 0.0008354976866151999, Pos_Y, 0.00870407557757007, Pos_Z, 0.0037849814578270035, BFx, 1.0, 0.0, 0.0,                             BFy, 0.0, 0.9884014157638821, -0.15186389075732595, BFz, 0.0, 0.15186389075732606, 0.9884014157638812
Time, 0.088, Pos_X, 0.0008580842082855999, Pos_Y, 0.009134937660615454, Pos_Z, 0.004155766967429422, BFx, 1.0, 0.0, 0.0,                             BFy, 0.0, 0.9878014841546198, -0.15571842505602868, BFz, 0.0, 0.15571842505602876, 0.9878014841546189
Time, 0.09, Pos_X, 0.0008790427840759999, Pos_Y, 0.009575869801307212, Pos_Z, 0.004536729388306347, BFx, 1.0, 0.0, 0.0,                             BFy, 0.0, 0.9871926981924537, -0.15953236861371664, BFz, 0.0, 0.1595323686137167, 0.9871926981924527
Time, 0.092, Pos_X, 0.0008984152150463999, Pos_Y, 0.010026528607824705, Pos_Z, 0.004926713304561644, BFx, 1.0, 0.0, 0.0,                             BFy, 0.0, 0.9865761484635334, -0.16330187776893518, BFz, 0.0, 0.16330187776893523, 0.9865761484635324
Time, 0.094, Pos_X, 0.0009162618171767999, Pos_Y, 0.010486514738161241, Pos_Z, 0.00532450412168891, BFx, 1.0, 0.0, 0.0,                             BFy, 0.0, 0.9859518175000048, -0.16702997805315423, BFz, 0.0, 0.16702997805315425, 0.9859518175000038
Time, 0.096, Pos_X, 0.0009326562052071999, Pos_Y, 0.010955376298779351, Pos_Z, 0.00572882662982853, BFx, 1.0, 0.0, 0.0,                             BFy, 0.0, 0.9853183928131481, -0.17072687188639898, BFz, 0.0, 0.17072687188639904, 0.9853183928131471
Time, 0.098, Pos_X, 0.0009476805758375999, Pos_Y, 0.011432612648246441, Pos_Z, 0.006138345094505865, BFx, 1.0, 0.0, 0.0,                             BFy, 0.0, 0.9846731761217626, -0.17440967927921897, BFz, 0.0, 0.17440967927921902, 0.9846731761217616
Time, 0.1, Pos_X, 0.000961421796628, Pos_Y, 0.011917678281610658, Pos_Z, 0.0065516667409775105, BFx, 1.0, 0.0, 0.0,                             BFy, 0.0, 0.9840120465414943, -0.1781019153777389, BFz, 0.0, 0.17810191537773895, 0.9840120465414934
Time, 0.102, Pos_X, 0.0009739684749783999, Pos_Y, 0.012409986406041322, Pos_Z, 0.006967349905599623, BFx, 1.0, 0.0, 0.0,                             BFy, 0.0, 0.9833295025761164, -0.18183258608788144, BFz, 0.0, 0.1818325860878815, 0.9833295025761156
Time, 0.104, Pos_X, 0.0009854088600287998, Pos_Y, 0.012908911655130485, Pos_Z, 0.007383915457373826, BFx, 1.0, 0.0, 0.0,                             BFy, 0.0, 0.9826187942365581, -0.18563487068191703, BFz, 0.0, 0.18563487068191714, 0.9826187942365572
Time, 0.106, Pos_X, 0.0009958289053392, Pos_Y, 0.013413792552499618, Pos_Z, 0.007799858752612732, BFx, 1.0, 0.0, 0.0,                             BFy, 0.0, 0.9818721112843835, -0.1895446044654049, BFz, 0.0, 0.189544604465405, 0.9818721112843826
Time, 0.108, Pos_X, 0.0010053074083695998, Pos_Y, 0.013923935381127989, Pos_Z, 0.008213662010539847, BFx, 1.0, 0.0, 0.0,                             BFy, 0.0, 0.981080823155513, -0.19359860132888485, BFz, 0.0, 0.19359860132888498, 0.981080823155512
Time, 0.11, Pos_X, 0.0010139092553999999, Pos_Y, 0.014438619164177106, Pos_Z, 0.008623807204422353, BFx, 1.0, 0.0, 0.0,                             BFy, 0.0, 0.9802357159138808, -0.1978331146365572, BFz, 0.0, 0.19783311463655734, 0.9802357159138798
Time, 0.112, Pos_X, 0.0010216774204903998, Pos_Y, 0.014957102109163385, Pos_Z, 0.009028789133680883, BFx, 1.0, 0.0, 0.0,                             BFy, 0.0, 0.9793272371140147, -0.20228238343125662, BFz, 0.0, 0.20228238343125673, 0.9793272371140137
Time, 0.114, Pos_X, 0.0010286248704207998, Pos_Y, 0.01547862853337608, Pos_Z, 0.009427129114472084, BFx, 1.0, 0.0, 0.0,                             BFy, 0.0, 0.9783456724976372, -0.20697764397428478, BFz, 0.0, 0.2069776439742849, 0.9783456724976359
Time, 0.116, Pos_X, 0.0010347283183111998, Pos_Y, 0.01600243521011553, Pos_Z, 0.00981738949736982, BFx, 1.0, 0.0, 0.0,                             BFy, 0.0, 0.9772813174776959, -0.21194628213077593, BFz, 0.0, 0.21194628213077607, 0.9772813174776948
Time, 0.118, Pos_X, 0.0010399228400415998, Pos_Y, 0.01652775765017622, Pos_Z, 0.010198190744321375, BFx, 1.0, 0.0, 0.0,                             BFy, 0.0, 0.9761246283658135, -0.2172112103407697, BFz, 0.0, 0.21721121034076987, 0.9761246283658124
Time, 0.12, Pos_X, 0.0010440985024719998, Pos_Y, 0.01705383429796476, Pos_Z, 0.01056823241375526, BFx, 1.0, 0.0, 0.0,                             BFy, 0.0, 0.9748664264183535, -0.22279014933858457, BFz, 0.0, 0.22279014933858474, 0.9748664264183524
Time, 0.122, Pos_X, 0.0010470993567023997, Pos_Y, 0.017579908299430305, Pos_Z, 0.010926314969178718, BFx, 1.0, 0.0, 0.0,                             BFy, 0.0, 0.9734981124520389, -0.22869504815871666, BFz, 0.0, 0.22869504815871683, 0.9734981124520377
Time, 0.124, Pos_X, 0.0010487223916327997, Pos_Y, 0.018105227883894202, Pos_Z, 0.011271362130656761, BFx, 1.0, 0.0, 0.0,                             BFy, 0.0, 0.9720118932910734, -0.2349316481462285, BFz, 0.0, 0.23493164814622866, 0.9720118932910721
Time, 0.126, Pos_X, 0.0010487178343431998, Pos_Y, 0.018629045376767815, Pos_Z, 0.011602442867284072, BFx, 1.0, 0.0, 0.0,                             BFy, 0.0, 0.9704010282810674, -0.24149916006281988, BFz, 0.0, 0.24149916006282005, 0.9704010282810661
Time, 0.128, Pos_X, 0.0010467923130335999, Pos_Y, 0.019150615930497564, Pos_Z, 0.011918788809894117, BFx, 1.0, 0.0, 0.0,                             BFy, 0.0, 0.9686600736674987, -0.2483901400669456, BFz, 0.0, 0.24839014006694576, 0.9686600736674973
Time, 0.13, Pos_X, 0.001042611936564, Pos_Y, 0.019669196632646425, Pos_Z, 0.012219807024487803, BFx, 1.0, 0.0, 0.0,                             BFy, 0.0, 0.966785135183559, -0.25559049745268014, BFz, 0.0, 0.2555904974526803, 0.9667851351835575
Time, 0.132, Pos_X, 0.0010358046091144, Pos_Y, 0.020184045320448533, Pos_Z, 0.012505090664123595, BFx, 1.0, 0.0, 0.0,                             BFy, 0.0, 0.9647741542274281, -0.2630795152320899, BFz, 0.0, 0.26307951523209006, 0.9647741542274266
Time, 0.134, Pos_X, 0.0010259627082248, Pos_Y, 0.020694419660306107, Pos_Z, 0.012774426818531026, BFx, 1.0, 0.0, 0.0,                             BFy, 0.0, 0.9626271172072789, -0.27083026643490987, BFz, 0.0, 0.27083026643491004, 0.9626271172072776
Time, 0.136, Pos_X, 0.0010126463629552, Pos_Y, 0.021199577584199752, Pos_Z, 0.013027800151616474, BFx, 1.0, 0.0, 0.0,                             BFy, 0.0, 0.9603461611076226, -0.27881042097786285, BFz, 0.0, 0.27881042097786296, 0.960346161107621
Time, 0.138, Pos_X, 0.0009953877770256, Pos_Y, 0.021698778677791845, Pos_Z, 0.013265394208838923, BFx, 1.0, 0.0, 0.0,                             BFy, 0.0, 0.9579355299289743, -0.28698348471592555, BFz, 0.0, 0.28698348471592566, 0.9579355299289728
Time, 0.14, Pos_X, 0.0009736970050959999, Pos_Y, 0.02219128445980769, Pos_Z, 0.01348759171839729, BFx, 1.0, 0.0, 0.0,                             BFy, 0.0, 0.9554013908188616, -0.29531031546728204, BFz, 0.0, 0.2953103154672822, 0.9554013908188601
Time, 0.142, Pos_X, 0.0009470685755664003, Pos_Y, 0.022676357751448682, Pos_Z, 0.013694972231744604, BFx, 1.0, 0.0, 0.0,                             BFy, 0.0, 0.9527515493621582, -0.303750695781932, BFz, 0.0, 0.30375069578193215, 0.9527515493621567
Time, 0.144, Pos_X, 0.0009149887340368004, Pos_Y, 0.023153262613569967, Pos_Z, 0.013888305201346771, BFx, 1.0, 0.0, 0.0,                             BFy, 0.0, 0.949995043903487, -0.3122649781176436, BFz, 0.0, 0.31226497811764375, 0.9499950439034857
Time, 0.146, Pos_X, 0.0008769414631072004, Pos_Y, 0.02362126480874167, Pos_Z, 0.014068538696871554, BFx, 1.0, 0.0, 0.0,                             BFy, 0.0, 0.947141731049349, -0.32081543183712874, BFz, 0.0, 0.3208154318371289, 0.9471417310493476
Time, 0.148, Pos_X, 0.0008324124331776004, Pos_Y, 0.024079633594187754, Pos_Z, 0.014236784392682516, BFx, 1.0, 0.0, 0.0,                             BFy, 0.0, 0.9442018062296418, -0.32936749856760666, BFz, 0.0, 0.3293674985676068, 0.9442018062296406
Time, 0.15, Pos_X, 0.0007808929754480004, Pos_Y, 0.024527646137534827, Pos_Z, 0.014394297933560127, BFx, 1.0, 0.0, 0.0,                             BFy, 0.0, 0.9411853821316549, -0.3378906279577619, BFz, 0.0, 0.3378906279577621, 0.9411853821316537
Time, 0.152, Pos_X, 0.0007218839081184003, Pos_Y, 0.024964594897782993, Pos_Z, 0.014542453769467074, BFx, 1.0, 0.0, 0.0,                             BFy, 0.0, 0.9381020119734047, -0.34635908408969207, BFz, 0.0, 0.3463590840896922, 0.9381020119734035
Time, 0.154, Pos_X, 0.0006548991283888003, Pos_Y, 0.02538979719082367, Pos_Z, 0.01468271636438975, BFx, 1.0, 0.0, 0.0,                             BFy, 0.0, 0.9349603482914401, -0.35475223342883866, BFz, 0.0, 0.35475223342883866, 0.9349603482914389
Time, 0.156, Pos_X, 0.0005794695578592002, Pos_Y, 0.02580260642563443, Pos_Z, 0.014816610596375445, BFx, 1.0, 0.0, 0.0,                             BFy, 0.0, 0.9317679499190609, -0.3630543864266488, BFz, 0.0, 0.36305438642664867, 0.9317679499190596
Time, 0.158, Pos_X, 0.0004951460761296001, Pos_Y, 0.02620242435569039, Pos_Z, 0.014945692641743039, BFx, 1.0, 0.0, 0.0,                             BFy, 0.0, 0.9285311476426819, -0.3712545055044645, BFz, 0.0, 0.37125450550446437, 0.9285311476426805
Time, 0.16, Pos_X, 0.00040150147240000005, Pos_Y, 0.026588712834375885, Pos_Z, 0.01507152250247088, BFx, 1.0, 0.0, 0.0,                             BFy, 0.0, 0.9252550127390113, -0.37934570170404236, BFz, 0.0, 0.3793457017040422, 0.92525501273901
Time, 0.162, Pos_X, 0.00029813173867039995, Pos_Y, 0.02696100400024111, Pos_Z, 0.01519563913586312, BFx, 1.0, 0.0, 0.0,                             BFy, 0.0, 0.9219434155527891, -0.38732459064569774, BFz, 0.0, 0.38732459064569763, 0.9219434155527878
Time, 0.164, Pos_X, 0.00018465654674079983, Pos_Y, 0.027318909239000103, Pos_Z, 0.015319538578659767, BFx, 1.0, 0.0, 0.0,                             BFy, 0.0, 0.9185992449781009, -0.39519036820963016, BFz, 0.0, 0.39519036820963005, 0.9185992449780995
Time, 0.166, Pos_X, 6.07194164111997e-05, Pos_Y, 0.02766212683065067, Pos_Z, 0.015444654495169284, BFx, 1.0, 0.0, 0.0,                             BFy, 0.0, 0.9152246060082861, -0.4029440662883338, BFz, 0.0, 0.4029440662883337, 0.9152246060082848
Time, 0.168, Pos_X, -7.401224131840047e-05, Pos_Y, 0.027990447597005735, Pos_Z, 0.015572340849296672, BFx, 1.0, 0.0, 0.0,                             BFy, 0.0, 0.9118210997453657, -0.4105877276041648, BFz, 0.0, 0.4105877276041647, 0.9118210997453643
Time, 0.17, Pos_X, -0.00021984690564800063, Pos_Y, 0.02830375913918752, Pos_Z, 0.015703857034756467, BFx, 1.0, 0.0, 0.0,                             BFy, 0.0, 0.9083902214065794, -0.4181234335132461, BFz, 0.0, 0.418123433513246, 0.9083902214065779
Time, 0.172, Pos_X, -0.00037706862017759855, Pos_Y, 0.028602048481653278, Pos_Z, 0.015840355610298573, BFx, 1.0, 0.0, 0.0,                             BFy, 0.0, 0.9049337927650549, -0.42555238304097515, BFz, 0.0, 0.425552383040975, 0.9049337927650535
Time, 0.174, Pos_X, -0.0005459360395071986, Pos_Y, 0.02888540238193403, Pos_Z, 0.015982873256276654, BFx, 1.0, 0.0, 0.0,                             BFy, 0.0, 0.9014543945672392, -0.4328740862137771, BFz, 0.0, 0.43287408621377693, 0.9014543945672376
Time, 0.176, Pos_X, -0.0007266811052367987, Pos_Y, 0.029154005077013285, Pos_Z, 0.01613232580197326, BFx, 1.0, 0.0, 0.0,                             BFy, 0.0, 0.8979558191779063, -0.4400856130397078, BFz, 0.0, 0.4400856130397076, 0.8979558191779048
Time, 0.178, Pos_X, -0.0009195081541663988, Pos_Y, 0.029408133161229384, Pos_Z, 0.01628950741341586, BFx, 1.0, 0.0, 0.0,                             BFy, 0.0, 0.8944435937818584, -0.44718078843192066, BFz, 0.0, 0.44718078843192044, 0.8944435937818568
Time, 0.18, Pos_X, -0.0011245931030959989, Pos_Y, 0.02964814753164708, Pos_Z, 0.016455094013014437, BFx, 1.0, 0.0, 0.0,                             BFy, 0.0, 0.890925569205003, -0.4541493478325626, BFz, 0.0, 0.4541493478325624, 0.8909255692050014
Time, 0.182, Pos_X, -0.001342082270225599, Pos_Y, 0.029874482446938612, Pos_Z, 0.016629650374023662, BFx, 1.0, 0.0, 0.0,                             BFy, 0.0, 0.8874122747766574, -0.46097663126856986, BFz, 0.0, 0.46097663126856964, 0.8874122747766559
Time, 0.184, Pos_X, -0.001572091897555199, Pos_Y, 0.030087632606093526, Pos_Z, 0.01681364034779969, BFx, 1.0, 0.0, 0.0,                             BFy, 0.0, 0.8839170484505519, -0.46764372278313016, BFz, 0.0, 0.46764372278312993, 0.8839170484505505
Time, 0.186, Pos_X, -0.0018147070820847993, Pos_Y, 0.030288138768674363, Pos_Z, 0.0170074398011792, BFx, 1.0, 0.0, 0.0,                             BFy, 0.0, 0.880455715772584, -0.474128392488139, BFz, 0.0, 0.47412839248813876, 0.8804557157725827
Time, 0.188, Pos_X, -0.0020699785478143994, Pos_Y, 0.03047657187929621, Pos_Z, 0.017211350639211895, BFx, 1.0, 0.0, 0.0,                             BFy, 0.0, 0.8770460176581536, -0.48040637267835434, BFz, 0.0, 0.4804063726783541, 0.8770460176581524
Time, 0.19, Pos_X, -0.0023379185975439996, Pos_Y, 0.030653515020849408, Pos_Z, 0.017425615921052344, BFx, 1.0, 0.0, 0.0,                             BFy, 0.0, 0.8737067448488787, -0.48645300287445736, BFz, 0.0, 0.48645300287445714, 0.8737067448488773
Time, 0.192, Pos_X, -0.0026184978126736, Pos_Y, 0.030819543901190523, Pos_Z, 0.017650436082422127, BFx, 1.0, 0.0, 0.0,                             BFy, 0.0, 0.8704565059570348, -0.4922453364299868, BFz, 0.0, 0.4922453364299866, 0.8704565059570335
Time, 0.194, Pos_X, -0.0029116428122032004, Pos_Y, 0.03097520774457196, Pos_Z, 0.01788598361426003, BFx, 1.0, 0.0, 0.0,                             BFy, 0.0, 0.8673124468172687, -0.4977641204384292, BFz, 0.0, 0.49776412043842905, 0.8673124468172674
Time, 0.196, Pos_X, -0.0032172350947328007, Pos_Y, 0.03112101231488675, Pos_Z, 0.018132414193519745, BFx, 1.0, 0.0, 0.0,                             BFy, 0.0, 0.8642889375706647, -0.5029956584235815, BFz, 0.0, 0.5029956584235813, 0.8642889375706633
Time, 0.198, Pos_X, -0.003535111134662401, Pos_Y, 0.03125740526465789, Pos_Z, 0.01838987545126889, BFx, 1.0, 0.0, 0.0,                             BFy, 0.0, 0.8613966008286326, -0.5079329641605067, BFz, 0.0, 0.5079329641605066, 0.861396600828631
Time, 0.2, Pos_X, -0.0038650619467920015, Pos_Y, 0.03138476348068565, Pos_Z, 0.018658514297610347, BFx, 1.0, 0.0, 0.0,                             BFy, 0.0, 0.8586418333424751, -0.5125760451233303, BFz, 0.0, 0.5125760451233301, 0.8586418333424736
Time, 0.202, Pos_X, -0.004206830660921602, Pos_Y, 0.03150338214641217, Pos_Z, 0.018938482288298995, BFx, 1.0, 0.0, 0.0,                             BFy, 0.0, 0.8560268938134803, -0.5169312885365385, BFz, 0.0, 0.5169312885365381, 0.8560268938134787
Time, 0.204, Pos_X, -0.0045601101066511975, Pos_Y, 0.031613464939758855, Pos_Z, 0.019229940527610734, BFx, 1.0, 0.0, 0.0,                             BFy, 0.0, 0.8535505392849144, -0.5210100544964876, BFz, 0.0, 0.5210100544964874, 0.853550539284913
Time, 0.206, Pos_X, -0.004924542357180798, Pos_Y, 0.03171511534899696, Pos_Z, 0.019533065398646708, BFx, 1.0, 0.0, 0.0,                             BFy, 0.0, 0.851209034435955, -0.5248268092376859, BFz, 0.0, 0.5248268092376855, 0.8512090344359536
Time, 0.208, Pos_X, -0.0052997189635103975, Pos_Y, 0.03180832979832651, Pos_Z, 0.01984805225204318, BFx, 1.0, 0.0, 0.0,                             BFy, 0.0, 0.8489972733465985, -0.5283972273300096, BFz, 0.0, 0.5283972273300094, 0.8489972733465971
Time, 0.21, Pos_X, -0.005685180928839998, Pos_Y, 0.03189299432678965, Pos_Z, 0.02017511446634779, BFx, 1.0, 0.0, 0.0,                             BFy, 0.0, 0.846909706383591, -0.5317367292497861, BFz, 0.0, 0.5317367292497859, 0.8469097063835898
Time, 0.212, Pos_X, -0.006080418313369598, Pos_Y, 0.03196888530594923, Pos_Z, 0.020514478143274523, BFx, 1.0, 0.0, 0.0,                             BFy, 0.0, 0.8449410637442752, -0.5348594196596832, BFz, 0.0, 0.534859419659683, 0.8449410637442741
Time, 0.214, Pos_X, -0.006484871057499199, Pos_Y, 0.03203567228894054, Pos_Z, 0.020866377210326584, BFx, 1.0, 0.0, 0.0,                             BFy, 0.0, 0.8430866632081975, -0.5377777220380814, BFz, 0.0, 0.5377777220380813, 0.8430866632081964
Time, 0.216, Pos_X, -0.006897930065628799, Pos_Y, 0.032092922810496693, Pos_Z, 0.021231048571159115, BFx, 1.0, 0.0, 0.0,                             BFy, 0.0, 0.8413424033689457, -0.5405025072035899, BFz, 0.0, 0.5405025072035896, 0.8413424033689444
Time, 0.218, Pos_X, -0.0073189382419584, Pos_Y, 0.03214011008126535, Pos_Z, 0.021608725958188732, BFx, 1.0, 0.0, 0.0,                             BFy, 0.0, 0.8397043840691142, -0.5430437803484264, BFz, 0.0, 0.543043780348426, 0.839704384069113
Time, 0.22, Pos_X, -0.007747192371888, Pos_Y, 0.032176622501450584, Pos_Z, 0.021999633621379522, BFx, 1.0, 0.0, 0.0,                             BFy, 0.0, 0.838168441870131, -0.5454114621576974, BFz, 0.0, 0.5454114621576972, 0.8381684418701297
Time, 0.222, Pos_X, -0.008181943962217601, Pos_Y, 0.03220177404183197, Pos_Z, 0.02240397863750978, BFx, 1.0, 0.0, 0.0,                             BFy, 0.0, 0.8367295572797823, -0.5476163328228805, BFz, 0.0, 0.5476163328228802, 0.836729557279781
Time, 0.224, Pos_X, -0.008622399404347203, Pos_Y, 0.032214816688698765, Pos_Z, 0.02282194130526656, BFx, 1.0, 0.0, 0.0,                             BFy, 0.0, 0.8353811459158912, -0.549671120806117, BFz, 0.0, 0.5496711208061167, 0.83538114591589
Time, 0.226, Pos_X, -0.009067722891076803, Pos_Y, 0.032214955977915564, Pos_Z, 0.02325366475605036, BFx, 1.0, 0.0, 0.0,                             BFy, 0.0, 0.83411462083986, -0.5515911523050173, BFz, 0.0, 0.5515911523050169, 0.8341146208398588
Time, 0.228, Pos_X, -0.009517041105806404, Pos_Y, 0.03220136665572989, Pos_Z, 0.023699246598131104, BFx, 1.0, 0.0, 0.0,                             BFy, 0.0, 0.8329191419169062, -0.5533947081680536, BFz, 0.0, 0.5533947081680531, 0.8329191419169049
Time, 0.23, Pos_X, -0.009969446238616005, Pos_Y, 0.0321732084204093, Pos_Z, 0.02415873143313449, BFx, 1.0, 0.0, 0.0,                             BFy, 0.0, 0.8317816021988537, -0.5551030230898661, BFz, 0.0, 0.5551030230898657, 0.8317816021988523
Time, 0.232, Pos_X, -0.010423998553425606, Pos_Y, 0.03212964156566518, Pos_Z, 0.024632105553314975, BFx, 1.0, 0.0, 0.0,                             BFy, 0.0, 0.8306867867783395, -0.5567400311383027, BFz, 0.0, 0.5567400311383024, 0.8306867867783382
Time, 0.234, Pos_X, -0.010879727724515207, Pos_Y, 0.03206984160611704, Pos_Z, 0.025119293988468357, BFx, 1.0, 0.0, 0.0,                             BFy, 0.0, 0.8296176048680446, -0.5583320066886813, BFz, 0.0, 0.5583320066886811, 0.8296176048680433
Time, 0.236, Pos_X, -0.011335633353004802, Pos_Y, 0.03199301261850337, Pos_Z, 0.025620158577988203, BFx, 1.0, 0.0, 0.0,                             BFy, 0.0, 0.8285556337606625, -0.5599067438095988, BFz, 0.0, 0.5599067438095987, 0.8285556337606612
Time, 0.238, Pos_X, -0.011790686422654403, Pos_Y, 0.031898397621689424, Pos_Z, 0.026134498150541523, BFx, 1.0, 0.0, 0.0,                             BFy, 0.0, 0.8274817735028792, -0.5614925774402818, BFz, 0.0, 0.5614925774402817, 0.8274817735028779
Time, 0.24, Pos_X, -0.012243831474424004, Pos_Y, 0.03178528706603466, Pos_Z, 0.026662049429691644, BFx, 1.0, 0.0, 0.0,                             BFy, 0.0, 0.8263771624989975, -0.5631170262921433, BFz, 0.0, 0.5631170262921433, 0.8263771624989963
Time, 0.242, Pos_X, -0.012693990548993605, Pos_Y, 0.031653027293077916, Pos_Z, 0.02720248772905909, BFx, 1.0, 0.0, 0.0,                             BFy, 0.0, 0.8252239988536878, -0.5648055875395793, BFz, 0.0, 0.5648055875395794, 0.8252239988536866
Time, 0.244, Pos_X, -0.013140069486563205, Pos_Y, 0.031501028645869615, Pos_Z, 0.027755430325623227, BFx, 1.0, 0.0, 0.0,                             BFy, 0.0, 0.8240066380841368, -0.5665801447220679, BFz, 0.0, 0.5665801447220681, 0.8240066380841353
Time, 0.246, Pos_X, -0.013580966586532807, Pos_Y, 0.03132877174231067, Pos_Z, 0.028320443397566817, BFx, 1.0, 0.0, 0.0,                             BFy, 0.0, 0.822712608322096, -0.5684575306105585, BFz, 0.0, 0.5684575306105588, 0.8227126083220946
Time, 0.248, Pos_X, -0.014015584240502407, Pos_Y, 0.031135812946846107, Pos_Z, 0.028897049694709468, BFx, 1.0, 0.0, 0.0,                             BFy, 0.0, 0.8213333371574807, -0.5704485509436913, BFz, 0.0, 0.5704485509436917, 0.8213333371574791
Time, 0.25, Pos_X, -0.014442842860472007, Pos_Y, 0.03092179098871126, Pos_Z, 0.029484736538248995, BFx, 1.0, 0.0, 0.0,                             BFy, 0.0, 0.8198646601667581, -0.572557367439846, BFz, 0.0, 0.5725573674398464, 0.8198646601667566
Time, 0.252, Pos_X, -0.014861696035241607, Pos_Y, 0.030686433516889534, Pos_Z, 0.0300829661521241, BFx, 1.0, 0.0, 0.0,                             BFy, 0.0, 0.8183070388335375, -0.5747813412033204, BFz, 0.0, 0.5747813412033208, 0.8183070388335362
Time, 0.254, Pos_X, -0.015271145544411207, Pos_Y, 0.0304295616936673, Pos_Z, 0.03069118925661074, BFx, 1.0, 0.0, 0.0,                             BFy, 0.0, 0.8166653670546484, -0.5771114955132128, BFz, 0.0, 0.5771114955132132, 0.8166653670546471
Time, 0.256, Pos_X, -0.015670253418780807, Pos_Y, 0.030151091934917253, Pos_Z, 0.0313088600760238, BFx, 1.0, 0.0, 0.0,                             BFy, 0.0, 0.8149485175392593, -0.5795333586262, BFz, 0.0, 0.5795333586262004, 0.8149485175392581
Time, 0.258, Pos_X, -0.01605815264455041, Pos_Y, 0.029851034000678827, Pos_Z, 0.031935451776017344, BFx, 1.0, 0.0, 0.0,                             BFy, 0.0, 0.8131687701218683, -0.5820279643612397, BFz, 0.0, 0.5820279643612399, 0.813168770121867
Time, 0.26, Pos_X, -0.016434059362920007, Pos_Y, 0.02952948543326981, Pos_Z, 0.032570473039044284, BFx, 1.0, 0.0, 0.0,                             BFy, 0.0, 0.8113411658531375, -0.5845729317989944, BFz, 0.0, 0.5845729317989944, 0.8113411658531362
Time, 0.262, Pos_X, -0.01679728639468961, Pos_Y, 0.029186622560256423, Pos_Z, 0.03321348594228275, BFx, 1.0, 0.0, 0.0,                             BFy, 0.0, 0.8094827798982389, -0.587143618757983, BFz, 0.0, 0.587143618757983, 0.8094827798982376
Time, 0.264, Pos_X, -0.017147257184059208, Pos_Y, 0.028822690065046612, Pos_Z, 0.03386412357071069, BFx, 1.0, 0.0, 0.0,                             BFy, 0.0, 0.8076121434519921, -0.5897140203088946, BFz, 0.0, 0.5897140203088946, 0.8076121434519907
Time, 0.266, Pos_X, -0.017483518917428807, Pos_Y, 0.02843799056009888, Pos_Z, 0.03452210518879094, BFx, 1.0, 0.0, 0.0,                             BFy, 0.0, 0.8057489905448633, -0.5922571774456888, BFz, 0.0, 0.5922571774456888, 0.8057489905448618
Time, 0.268, Pos_X, -0.017805752926998406, Pos_Y, 0.02803287392605632, Pos_Z, 0.03518724860790463, BFx, 1.0, 0.0, 0.0,                             BFy, 0.0, 0.803914207456099, -0.5947452791323627, BFz, 0.0, 0.5947452791323627, 0.8039142074560975
Time, 0.27, Pos_X, -0.018113781383968006, Pos_Y, 0.027607726531173406, Pos_Z, 0.035859479788627635, BFx, 1.0, 0.0, 0.0,                             BFy, 0.0, 0.802129978649024, -0.5971494765571816, BFz, 0.0, 0.5971494765571818, 0.8021299786490225
Time, 0.272, Pos_X, -0.018407571026137607, Pos_Y, 0.027162961113424103, Pos_Z, 0.03653883977741285, BFx, 1.0, 0.0, 0.0,                             BFy, 0.0, 0.8004201260166222, -0.599439423017484, BFz, 0.0, 0.5994394230174841, 0.8004201260166206
Time, 0.274, Pos_X, -0.018687233371907207, Pos_Y, 0.02669900687219216, Pos_Z, 0.037225488972962906, BFx, 1.0, 0.0, 0.0,                             BFy, 0.0, 0.7988102525348733, -0.601583061966651, BFz, 0.0, 0.6015830619666511, 0.7988102525348717
Time, 0.276, Pos_X, -0.01895302057307681, Pos_Y, 0.026216299658680754, Pos_Z, 0.03791970838171193, BFx, 1.0, 0.0, 0.0,                             BFy, 0.0, 0.7973277531547024, -0.6035465632818012, BFz, 0.0, 0.6035465632818012, 0.7973277531547007
Time, 0.278, Pos_X, -0.019205318004246408, Pos_Y, 0.025715272246463115, Pos_Z, 0.038621898654987274, BFx, 1.0, 0.0, 0.0,                             BFy, 0.0, 0.7960015437626424, -0.6052945913581993, BFz, 0.0, 0.6052945913581993, 0.7960015437626407
Time, 0.28, Pos_X, -0.01944463513061601, Pos_Y, 0.02519634193068381, Pos_Z, 0.03933257961812745, BFx, 1.0, 0.0, 0.0,                             BFy, 0.0, 0.7948614376767581, -0.6067909812237131, BFz, 0.0, 0.606790981223713, 0.7948614376767564
Time, 0.282, Pos_X, -0.019671594351585605, Pos_Y, 0.02465989704565604, Pos_Z, 0.04005238963768726, BFx, 1.0, 0.0, 0.0,                             BFy, 0.0, 0.7939371185613641, -0.6079998781007098, BFz, 0.0, 0.6079998781007098, 0.7939371185613624
Time, 0.284, Pos_X, -0.019886918149555205, Pos_Y, 0.024106286613176146, Pos_Z, 0.0407820820998299, BFx, 1.0, 0.0, 0.0,                             BFy, 0.0, 0.7932569529429968, -0.6088870228602274, BFz, 0.0, 0.6088870228602274, 0.7932569529429955
Time, 0.286, Pos_X, -0.020091414143924805, Pos_Y, 0.023535813391664034, Pos_Z, 0.041522518815803204, BFx, 1.0, 0.0, 0.0,                             BFy, 0.0, 0.7928466788768761, -0.6094211546983802, BFz, 0.0, 0.6094211546983801, 0.7928466788768748
Time, 0.288, Pos_X, -0.020285957433294404, Pos_Y, 0.022948730069646595, Pos_Z, 0.042274659757382524, BFx, 1.0, 0.0, 0.0,                             BFy, 0.0, 0.7927284175215786, -0.6095749798455747, BFz, 0.0, 0.6095749798455747, 0.7927284175215772
Time, 0.29, Pos_X, -0.020471471116864006, Pos_Y, 0.022345238018623606, Pos_Z, 0.04303954980183305, BFx, 1.0, 0.0, 0.0,                             BFy, 0.0, 0.7929198875085853, -0.6093258996574588, BFz, 0.0, 0.6093258996574588, 0.7929198875085839
Time, 0.292, Pos_X, -0.020648905771833606, Pos_Y, 0.021725487651920308, Pos_Z, 0.04381830507047212, BFx, 1.0, 0.0, 0.0,                             BFy, 0.0, 0.7934340120679998, -0.6086562810763364, BFz, 0.0, 0.6086562810763363, 0.7934340120679984
Time, 0.294, Pos_X, -0.020819218274003206, Pos_Y, 0.021089580209772484, Pos_Z, 0.04461210042020825, BFx, 1.0, 0.0, 0.0,                             BFy, 0.0, 0.7942789005063245, -0.6075533130602313, BFz, 0.0, 0.607553313060231, 0.7942789005063231
Time, 0.296, Pos_X, -0.020983350421972805, Pos_Y, 0.020437570303087262, Pos_Z, 0.045422157147837885, BFx, 1.0, 0.0, 0.0,                             BFy, 0.0, 0.7954582437437515, -0.6060084013114884, BFz, 0.0, 0.6060084013114881, 0.7954582437437498
Time, 0.298, Pos_X, -0.021142207696542407, Pos_Y, 0.019769469329877932, Pos_Z, 0.04624972993960614, BFx, 1.0, 0.0, 0.0,                             BFy, 0.0, 0.7969717632400628, -0.604016563181859, BFz, 0.0, 0.6040165631818588, 0.7969717632400611
Time, 0.3, Pos_X, -0.021296637909712007, Pos_Y, 0.01908525009852349, Pos_Z, 0.04709609312105666, BFx, 1.0, 0.0, 0.0,                             BFy, 0.0, 0.7988158928896122, -0.6015755723655768, BFz, 0.0, 0.6015755723655766, 0.7988158928896104
Time, 0.302, Pos_X, -0.021447409936361607, Pos_Y, 0.018384852315002673, Pos_Z, 0.04796252608828588, BFx, 1.0, 0.0, 0.0,                             BFy, 0.0, 0.8009843175597166, -0.5986853288860475, BFz, 0.0, 0.5986853288860473, 0.8009843175597148
Time, 0.304, Pos_X, -0.021595192972591208, Pos_Y, 0.017668188167946467, Pos_Z, 0.04885029920988404, BFx, 1.0, 0.0, 0.0,                             BFy, 0.0, 0.8034685741718777, -0.5953471678929946, BFz, 0.0, 0.5953471678929945, 0.8034685741718759
Time, 0.306, Pos_X, -0.021740536715320807, Pos_Y, 0.016935146813712117, Pos_Z, 0.04976066132765382, BFx, 1.0, 0.0, 0.0,                             BFy, 0.0, 0.8062587067176793, -0.5915630970927234, BFz, 0.0, 0.5915630970927234, 0.8062587067176775
Time, 0.308, Pos_X, -0.02188385409539041, Pos_Y, 0.016185598485282504, Pos_Z, 0.050694828312022495, BFx, 1.0, 0.0, 0.0,                             BFy, 0.0, 0.8093436042055048, -0.5873354495785544, BFz, 0.0, 0.5873354495785544, 0.809343604205503
Time, 0.31, Pos_X, -0.02202540675644001, Pos_Y, 0.015419398530372112, Pos_Z, 0.051653971884266806, BFx, 1.0, 0.0, 0.0,                             BFy, 0.0, 0.8127110736420344, -0.5826668952151056, BFz, 0.0, 0.5826668952151057, 0.8127110736420327
Time, 0.312, Pos_X, -0.022165292233369608, Pos_Y, 0.014636390871906092, Pos_Z, 0.05263920847270104, BFx, 1.0, 0.0, 0.0,                             BFy, 0.0, 0.816347947758065, -0.5775604108586344, BFz, 0.0, 0.5775604108586346, 0.8163479477580632
Time, 0.314, Pos_X, -0.022303433719739207, Pos_Y, 0.01383641181419507, Pos_Z, 0.05365158848437003, BFx, 1.0, 0.0, 0.0,                             BFy, 0.0, 0.820240278363087, -0.5720191305811758, BFz, 0.0, 0.5720191305811759, 0.8202402783630852
Time, 0.316, Pos_X, -0.022439572519588807, Pos_Y, 0.01301929349478832, Pos_Z, 0.05469208641968572, BFx, 1.0, 0.0, 0.0,                             BFy, 0.0, 0.824373556830369, -0.5660461454677038, BFz, 0.0, 0.5660461454677039, 0.8243735568303672
Time, 0.318, Pos_X, -0.022573261930518406, Pos_Y, 0.01218486600191903, Pos_Z, 0.055761592652899664, BFx, 1.0, 0.0, 0.0,                             BFy, 0.0, 0.8287330171830111, -0.5596441603650858, BFz, 0.0, 0.5596441603650858, 0.8287330171830094
