Time, 0, Pos_X, 0.0, Pos_Y, 0.0, Pos_Z, 0.0, BFx, 1.0, 0.0, 0.0,                         BFy, 0.0, 1.0, 0.0, BFz, 0.0, 0.0, 1.0
Time, 0.0, Pos_X, 0.0, Pos_Y, 0.0, Pos_Z, 0.0, BFx, 1.0, 0.0, 0.0,                             BFy, 0.0, 1.0, 0.0, BFz, 0.0, 0.0, 1.0
Time, 0.002, Pos_X, 5.7870488e-06, Pos_Y, -2.0234019453039304e-06, Pos_Z, 6.343487904045242e-06, BFx, 1.0, 0.0, 0.0,                             BFy, 0.0, 0.9999983600324093, -0.001811058389973663, BFz, 0.0, 0.0018110583899736627, 0.9999983600324093
Time, 0.004, Pos_X, 2.3079953999999997e-05, Pos_Y, -8.020672283229723e-06, Pos_Z, 2.5299211597255745e-05, BFx, 1.0, 0.0, 0.0,                             BFy, 0.0, 0.9999931735884542, -0.003694966372190007, BFz, 0.0, 0.0036949663721900067, 0.9999931735884542
Time, 0.006, Pos_X, 5.17194482e-05, Pos_Y, -1.7823275591028665e-05, Pos_Z, 5.672984662443202e-05, BFx, 1.0, 0.0, 0.0,                             BFy, 0.0, 0.9999841619053026, -0.0056281381068169906, BFz, 0.0, 0.0056281381068169906, 0.9999841619053025
Time, 0.008, Pos_X, 9.14981184e-05, Pos_Y, -3.12137719108011e-05, Pos_Z, 0.00010052177742748836, BFx, 1.0, 0.0, 0.0,                             BFy, 0.0, 0.9999712697664676, -0.007580213825394592, BFz, 0.0, 0.007580213825394591, 0.9999712697664673
Time, 0.01, Pos_X, 0.00014215713400000002, Pos_Y, -4.7919437081961254e-05, Pos_Z, 0.00015658285326307635, BFx, 1.0, 0.0, 0.0,                             BFy, 0.0, 0.9999547377129601, -0.009514332630582874, BFz, 0.0, 0.009514332630582873, 0.9999547377129598
Time, 0.012, Pos_X, 0.00020338477360000003, Pos_Y, -6.760723053973366e-05, Pos_Z, 0.00022483815938867358, BFx, 1.0, 0.0, 0.0,                             BFy, 0.0, 0.9999351524879869, -0.011388187688401897, BFz, 0.0, 0.011388187688401896, 0.9999351524879867
Time, 0.014, Pos_X, 0.00027481459740000004, Pos_Y, -8.9879812794669e-05, Pos_Z, 0.00030522440252698493, BFx, 1.0, 0.0, 0.0,                             BFy, 0.0, 0.9999134565853853, -0.013155962126233193, BFz, 0.0, 0.013155962126233189, 0.999913456585385
Time, 0.016, Pos_X, 0.00035602251600000005, Pos_Y, -0.00011427140089756893, Pos_Z, 0.0003976841161162937, BFx, 1.0, 0.0, 0.0,                             BFy, 0.0, 0.9998909040490984, -0.014770917367466623, BFz, 0.0, 0.01477091736746662, 0.9998909040490982
Time, 0.018, Pos_X, 0.00044652714239999994, Pos_Y, -0.00014024635079517054, Pos_Z, 0.0005021615424309707, BFx, 1.0, 0.0, 0.0,                             BFy, 0.0, 0.9998689463933946, -0.016189195105455686, BFz, 0.0, 0.01618919510545568, 0.9998689463933944
Time, 0.02, Pos_X, 0.0005457890548, Pos_Y, -0.00016719885666606696, Pos_Z, 0.0006186047324488341, BFx, 1.0, 0.0, 0.0,                             BFy, 0.0, 0.9998490563325619, -0.017374249649562256, BFz, 0.0, 0.01737424964956225, 0.9998490563325616
Time, 0.022, Pos_X, 0.0006532037549999999, Pos_Y, -0.00019444927808616225, Pos_Z, 0.0007469629368691885, BFx, 1.0, 0.0, 0.0,                             BFy, 0.0, 0.9998325177817415, -0.01830126733926399, BFz, 0.0, 0.018301267339263984, 0.9998325177817414
Time, 0.024, Pos_X, 0.0007681049398, Pos_Y, -0.00022124658489848783, Pos_Z, 0.0008871661950616282, BFx, 1.0, 0.0, 0.0,                             BFy, 0.0, 0.9998202241986084, -0.018960993735671464, BFz, 0.0, 0.01896099373567146, 0.9998202241986083
Time, 0.026, Pos_X, 0.0008897738537999998, Pos_Y, -0.00024677494596321765, Pos_Z, 0.0010391053684974316, BFx, 1.0, 0.0, 0.0,                             BFy, 0.0, 0.9998125244435656, -0.019362746855339896, BFz, 0.0, 0.01936274685533989, 0.9998125244435656
Time, 0.028, Pos_X, 0.0010174421505999998, Pos_Y, -0.00027015713564234705, Pos_Z, 0.0012026225993674654, BFx, 1.0, 0.0, 0.0,                             BFy, 0.0, 0.9998091223404489, -0.0195376274102159, BFz, 0.0, 0.019537627410215898, 0.9998091223404492
Time, 0.03, Pos_X, 0.0011502950007999998, Pos_Y, -0.00029045957397060744, Pos_Z, 0.001377496293718725, BFx, 1.0, 0.0, 0.0,                             BFy, 0.0, 0.9998092303787136, -0.019532097929392932, BFz, 0.0, 0.01953209792939293, 0.9998092303787137
Time, 0.032, Pos_X, 0.0012874781521999999, Pos_Y, -0.0003067003026080938, Pos_Z, 0.0015634214664583417, BFx, 1.0, 0.0, 0.0,                             BFy, 0.0, 0.999811555130346, -0.019412733651875062, BFz, 0.0, 0.01941273365187507, 0.9998115551303459
Time, 0.034, Pos_X, 0.0014281088284, Pos_Y, -0.00031785924008411246, Pos_Z, 0.0017599966622100784, BFx, 1.0, 0.0, 0.0,                             BFy, 0.0, 0.9998144514910647, -0.01926298496134178, BFz, 0.0, 0.019262984961341784, 0.9998144514910646
Time, 0.036, Pos_X, 0.0015712853853999996, Pos_Y, -0.0003228883942739889, Pos_Z, 0.0019667171505425678, BFx, 1.0, 0.0, 0.0,                             BFy, 0.0, 0.9998160849262219, -0.01917801665453831, BFz, 0.0, 0.019178016654538308, 0.9998160849262216
Time, 0.038, Pos_X, 0.0017160953110599998, Pos_Y, -0.00032072143065744774, Pos_Z, 0.002182970949630197, BFx, 1.0, 0.0, 0.0,                             BFy, 0.0, 0.9998145462748043, -0.019258064734218743, BFz, 0.0, 0.01925806473421874, 0.9998145462748039
Time, 0.04, Pos_X, 0.0018616259326319998, Pos_Y, -0.00031028517647698384, Pos_Z, 0.00240803442259917, BFx, 1.0, 0.0, 0.0,                             BFy, 0.0, 0.9998078645954718, -0.019601884935965038, BFz, 0.0, 0.01960188493596503, 0.9998078645954717
Time, 0.042, Pos_X, 0.002006976420796, Pos_Y, -0.00029051252851581064, Pos_Z, 0.0026410679920655395, BFx, 1.0, 0.0, 0.0,                             BFy, 0.0, 0.999793937952947, -0.020299793903852857, BFz, 0.0, 0.02029979390385285, 0.9997939379529469
Time, 0.044, Pos_X, 0.0021512696712, Pos_Y, -0.00026035541002812206, Pos_Z, 0.002881116250994844, BFx, 1.0, 0.0, 0.0,                             BFy, 0.0, 0.9997704085853273, -0.021427321744170336, BFz, 0.0, 0.021427321744170332, 0.9997704085853272
Time, 0.046, Pos_X, 0.002293665174104, Pos_Y, -0.0002187978370356719, Pos_Z, 0.0031271129262954857, BFx, 1.0, 0.0, 0.0,                             BFy, 0.0, 0.9997345456083986, -0.023039928757900736, BFz, 0.0, 0.02303992875790073, 0.9997345456083986
Time, 0.048, Pos_X, 0.002433372690908, Pos_Y, -0.00016486917460294045, Pos_Z, 0.003377889605692041, BFx, 1.0, 0.0, 0.0,                             BFy, 0.0, 0.999683205544067, -0.025169198500132738, BFz, 0.0, 0.025169198500132734, 0.9996832055440669
Time, 0.05, Pos_X, 0.002569665345212, Pos_Y, -9.765614800679519e-05, Pos_Z, 0.0036321892888486226, BFx, 1.0, 0.0, 0.0,                             BFy, 0.0, 0.9996129152548205, -0.02782120874008525, BFz, 0.0, 0.027821208740085247, 0.9996129152548204
Time, 0.052, Pos_X, 0.0027018894609159997, Pos_Y, -1.631148955013517e-05, Pos_Z, 0.003888682437343289, BFx, 1.0, 0.0, 0.0,                             BFy, 0.0, 0.9995200935815232, -0.030977129092018843, BFz, 0.0, 0.03097712909201884, 0.9995200935815228
Time, 0.054, Pos_X, 0.0028294722558199997, Pos_Y, 7.993963026797658e-05, Pos_Z, 0.004145983576358739, BFx, 1.0, 0.0, 0.0,                             BFy, 0.0, 0.9994013860315664, -0.03459580318744816, BFz, 0.0, 0.034595803187448156, 0.999401386031566
Time, 0.056, Pos_X, 0.002951926376924, Pos_Y, 0.00019179807254442852, Pos_Z, 0.00440265915697158, BFx, 1.0, 0.0, 0.0,                             BFy, 0.0, 0.9992540390084662, -0.038618201994233436, BFz, 0.0, 0.03861820199423343, 0.9992540390084659
Time, 0.058, Pos_X, 0.003068860789428, Pos_Y, 0.00031988439708227883, Pos_Z, 0.004657247680028534, BFx, 1.0, 0.0, 0.0,                             BFy, 0.0, 0.9990762134158367, -0.04297347771211793, BFz, 0.0, 0.04297347771211791, 0.9990762134158364
Time, 0.06, Pos_X, 0.0031799964515319998, Pos_Y, 0.000464728140628485, Pos_Z, 0.004908290966019237, BFx, 1.0, 0.0, 0.0,                             BFy, 0.0, 0.9988671862739796, -0.0475851256707713, BFz, 0.0, 0.04758512567077128, 0.9988671862739794
Time, 0.062, Pos_X, 0.0032851657728359997, Pos_Y, 0.0006267671312124705, Pos_Z, 0.005154360022913449, BFx, 1.0, 0.0, 0.0,                             BFy, 0.0, 0.9986273931284497, -0.052376804918561684, BFz, 0.0, 0.052376804918561656, 0.9986273931284494
Time, 0.064, Pos_X, 0.00338431357014, Pos_Y, 0.0008063466305585354, Pos_Z, 0.005394079784980253, BFx, 1.0, 0.0, 0.0,                             BFy, 0.0, 0.9983582862282094, -0.05727767732261126, BFz, 0.0, 0.057277677322611235, 0.998358286228209
Time, 0.066, Pos_X, 0.003477510337444, Pos_Y, 0.0010037140368590522, Pos_Z, 0.005626143929070112, BFx, 1.0, 0.0, 0.0,                             BFy, 0.0, 0.9980620582845162, -0.06222642375129598, BFz, 0.0, 0.06222642375129595, 0.9980620582845157
Time, 0.068, Pos_X, 0.003564949196748, Pos_Y, 0.001219022856865484, Pos_Z, 0.0058493349504742855, BFx, 1.0, 0.0, 0.0,                             BFy, 0.0, 0.997741325262658, -0.06717326747386687, BFz, 0.0, 0.06717326747386686, 0.9977413252626575
Time, 0.07, Pos_X, 0.003646927588252, Pos_Y, 0.001452345283617292, Pos_Z, 0.006062552425242664, BFx, 1.0, 0.0, 0.0,                             BFy, 0.0, 0.997398811693561, -0.07208058290741756, BFz, 0.0, 0.07208058290741755, 0.9973988116935605
Time, 0.072, Pos_X, 0.0037238365823559997, Pos_Y, 0.0017036817382714822, Pos_Z, 0.006264832149587182, BFx, 1.0, 0.0, 0.0,                             BFy, 0.0, 0.9970371331356304, -0.07692174691648472, BFz, 0.0, 0.0769217469164847, 0.9970371331356298
Time, 0.074, Pos_X, 0.0037961626864599996, Pos_Y, 0.0019729635512798047, Pos_Z, 0.006455359985476682, BFx, 1.0, 0.0, 0.0,                             BFy, 0.0, 0.9966587045784951, -0.08167880133741011, BFz, 0.0, 0.0816788013374101, 0.9966587045784948
Time, 0.076, Pos_X, 0.0038644855665639997, Pos_Y, 0.0022600577373095084, Pos_Z, 0.006633489469510442, BFx, 1.0, 0.0, 0.0,                             BFy, 0.0, 0.9962657754857477, -0.08633947298763221, BFz, 0.0, 0.0863394729876322, 0.9962657754857474
Time, 0.078, Pos_X, 0.003929463135928, Pos_Y, 0.00256477853154993, Pos_Z, 0.0067987502901343845, BFx, 1.0, 0.0, 0.0,                             BFy, 0.0, 0.9958605735076504, -0.09089399393256865, BFz, 0.0, 0.09089399393256861, 0.99586057350765
Time, 0.08, Pos_X, 0.003991814865152, Pos_Y, 0.0028868969136949603, Pos_Z, 0.006950842474511752, BFx, 1.0, 0.0, 0.0,                             BFy, 0.0, 0.9954454951420535, -0.09533239848756699, BFz, 0.0, 0.09533239848756693, 0.995445495142053
Time, 0.082, Pos_X, 0.004052307093076, Pos_Y, 0.003226145881722765, Pos_Z, 0.007089630938661398, BFx, 1.0, 0.0, 0.0,                             BFy, 0.0, 0.9950232570119961, -0.0996429526120107, BFz, 0.0, 0.09964295261201063, 0.9950232570119958
Time, 0.084, Pos_X, 0.00411173901208, Pos_Y, 0.003582224384754015, Pos_Z, 0.00721514619333978, BFx, 1.0, 0.0, 0.0,                             BFy, 0.0, 0.9945969481149788, -0.10381190105364038, BFz, 0.0, 0.10381190105364033, 0.9945969481149785
Time, 0.086, Pos_X, 0.0041709283630719995, Pos_Y, 0.003954803557833267, Pos_Z, 0.007327582240013903, BFx, 1.0, 0.0, 0.0,                             BFy, 0.0, 0.9941699686375634, -0.10782427119710646, BFz, 0.0, 0.10782427119710639, 0.9941699686375629
Time, 0.088, Pos_X, 0.004230697432172, Pos_Y, 0.004343534733071671, Pos_Z, 0.007427286959393362, BFx, 1.0, 0.0, 0.0,                             BFy, 0.0, 0.9937457960103642, -0.11166598815990808, BFz, 0.0, 0.11166598815990801, 0.9937457960103637
Time, 0.09, Pos_X, 0.004291861219432, Pos_Y, 0.004748055683206788, Pos_Z, 0.007514747920330931, BFx, 1.0, 0.0, 0.0,                             BFy, 0.0, 0.9933275418587579, -0.1153273366762583, BFz, 0.0, 0.11532733667625822, 0.9933275418587574
Time, 0.092, Pos_X, 0.004355218220152, Pos_Y, 0.0051679951916152895, Pos_Z, 0.007590576632255503, BFx, 1.0, 0.0, 0.0,                             BFy, 0.0, 0.9929174621560587, -0.11880620078755692, BFz, 0.0, 0.11880620078755684, 0.9929174621560581
Time, 0.094, Pos_X, 0.004421541908792, Pos_Y, 0.005602977717514903, Pos_Z, 0.007655491591662428, BFx, 1.0, 0.0, 0.0,                             BFy, 0.0, 0.9925164606640362, -0.12211091397142351, BFz, 0.0, 0.12211091397142343, 0.9925164606640356
Time, 0.096, Pos_X, 0.0044915724291520005, Pos_Y, 0.006052629253962026, Pos_Z, 0.00771030017535158, BFx, 1.0, 0.0, 0.0,                             BFy, 0.0, 0.9921237153409908, -0.12526185955026584, BFz, 0.0, 0.12526185955026573, 0.9921237153409903
Time, 0.098, Pos_X, 0.0045660102785120005, Pos_Y, 0.006516582865160949, Pos_Z, 0.0077558801299451655, BFx, 1.0, 0.0, 0.0,                             BFy, 0.0, 0.9917365460049719, -0.1282911661733972, BFz, 0.0, 0.1282911661733971, 0.9917365460049715
Time, 0.1, Pos_X, 0.004645512713472, Pos_Y, 0.006994482553100529, Pos_Z, 0.007793160310677283, BFx, 1.0, 0.0, 0.0,                             BFy, 0.0, 0.9913504441036455, -0.13124136914672543, BFz, 0.0, 0.13124136914672538, 0.9913504441036451
Time, 0.102, Pos_X, 0.004730691429032, Pos_Y, 0.007485986179395204, Pos_Z, 0.00782309950908525, BFx, 1.0, 0.0, 0.0,                             BFy, 0.0, 0.9909592553865613, -0.13416316246911378, BFz, 0.0, 0.13416316246911375, 0.9909592553865612
Time, 0.104, Pos_X, 0.004822111254991999, Pos_Y, 0.007990768716530016, Pos_Z, 0.007846663997163985, BFx, 1.0, 0.0, 0.0,                             BFy, 0.0, 0.9905555177467411, -0.13711223964871663, BFz, 0.0, 0.13711223964871658, 0.990555517746741
Time, 0.106, Pos_X, 0.0049202898369519995, Pos_Y, 0.008508526499264512, Pos_Z, 0.00786480528017782, BFx, 1.0, 0.0, 0.0,                             BFy, 0.0, 0.9901308674217496, -0.14014587178599197, BFz, 0.0, 0.1401458717859919, 0.9901308674217493
Time, 0.108, Pos_X, 0.0050256976729119995, Pos_Y, 0.00903898349456491, Pos_Z, 0.007878438862859502, BFx, 1.0, 0.0, 0.0,                             BFy, 0.0, 0.9896764218935258, -0.1433198518978785, BFz, 0.0, 0.1433198518978784, 0.9896764218935253
Time, 0.11, Pos_X, 0.005138757924472, Pos_Y, 0.009581899020464675, Pos_Z, 0.007888425445451984, BFx, 1.0, 0.0, 0.0,                             BFy, 0.0, 0.9891831160971654, -0.14668593261899246, BFz, 0.0, 0.14668593261899238, 0.9891831160971649
Time, 0.112, Pos_X, 0.005259845224232, Pos_Y, 0.01013707538945215, Pos_Z, 0.007895556040510728, BFx, 1.0, 0.0, 0.0,                             BFy, 0.0, 0.9886419910604873, -0.15028976516036313, BFz, 0.0, 0.15028976516036305, 0.9886419910604871
Time, 0.114, Pos_X, 0.005389283811592, Pos_Y, 0.010704364988183975, Pos_Z, 0.007900541997436722, BFx, 1.0, 0.0, 0.0,                             BFy, 0.0, 0.988044360556815, -0.15416984650662643, BFz, 0.0, 0.15416984650662635, 0.9880443605568147
Time, 0.116, Pos_X, 0.005527345014752, Pos_Y, 0.011283677266267002, Pos_Z, 0.00790400958257353, BFx, 1.0, 0.0, 0.0,                             BFy, 0.0, 0.9873819138918691, -0.15835705263496266, BFz, 0.0, 0.15835705263496258, 0.9873819138918686
Time, 0.118, Pos_X, 0.0056742454613119995, Pos_Y, 0.011874984543189701, Pos_Z, 0.007906498320862713, BFx, 1.0, 0.0, 0.0,                             BFy, 0.0, 0.9866468294051653, -0.16287428902296897, BFz, 0.0, 0.16287428902296894, 0.9866468294051648
Time, 0.12, Pos_X, 0.005830145309471999, Pos_Y, 0.01247832632678659, Pos_Z, 0.00790846303412043, BFx, 1.0, 0.0, 0.0,                             BFy, 0.0, 0.9858317986581335, -0.16773689145346876, BFz, 0.0, 0.16773689145346873, 0.9858317986581329
Time, 0.122, Pos_X, 0.005995145983431999, Pos_Y, 0.013093813117715914, Pos_Z, 0.007910279392028048, BFx, 1.0, 0.0, 0.0,                             BFy, 0.0, 0.9849300622840088, -0.17295309308948992, BFz, 0.0, 0.17295309308948986, 0.9849300622840083
Time, 0.124, Pos_X, 0.006169289365792, Pos_Y, 0.013721628766177857, Pos_Z, 0.007912252623391016, BFx, 1.0, 0.0, 0.0,                             BFy, 0.0, 0.9839355886487581, -0.17852382863479516, BFz, 0.0, 0.1785238286347951, 0.9839355886487574
Time, 0.126, Pos_X, 0.0063525594615519996, Pos_Y, 0.014362029801666181, Pos_Z, 0.007914628337064779, BFx, 1.0, 0.0, 0.0,                             BFy, 0.0, 0.9828434372360765, -0.18444180079900097, BFz, 0.0, 0.18444180079900088, 0.9828434372360758
Time, 0.128, Pos_X, 0.006544883751312, Pos_Y, 0.015015343436092026, Pos_Z, 0.00791760464421966, BFx, 1.0, 0.0, 0.0,                             BFy, 0.0, 0.981650254280218, -0.19069026789951038, BFz, 0.0, 0.1906902678995103, 0.9816502542802175
Time, 0.13, Pos_X, 0.0067461373398720005, Pos_Y, 0.01568196314569828, Pos_Z, 0.007921341898670636, BFx, 1.0, 0.0, 0.0,                             BFy, 0.0, 0.9803548863626783, -0.19724172171430748, BFz, 0.0, 0.19724172171430743, 0.9803548863626776
Time, 0.132, Pos_X, 0.006956153155632001, Pos_Y, 0.016362337185023442, Pos_Z, 0.007925977961091648, BFx, 1.0, 0.0, 0.0,                             BFy, 0.0, 0.9789590261435116, -0.20405691640361387, BFz, 0.0, 0.20405691640361384, 0.978959026143511
Time, 0.134, Pos_X, 0.007174725526392001, Pos_Y, 0.01705695638418661, Pos_Z, 0.007931656627710915, BFx, 1.0, 0.0, 0.0,                             BFy, 0.0, 0.9774678713109364, -0.21108424989769126, BFz, 0.0, 0.2110842498976912, 0.9774678713109358
Time, 0.136, Pos_X, 0.007401613288752001, Pos_Y, 0.017766341176545103, Pos_Z, 0.007938550414693685, BFx, 1.0, 0.0, 0.0,                             BFy, 0.0, 0.9758906518167849, -0.21826001854809432, BFz, 0.0, 0.21826001854809426, 0.9758906518167845
Time, 0.138, Pos_X, 0.007636551761512001, Pos_Y, 0.018491023704166578, Pos_Z, 0.0079468707585237, BFx, 1.0, 0.0, 0.0,                             BFy, 0.0, 0.9742407930338144, -0.2255102596088443, BFz, 0.0, 0.22551025960884424, 0.974240793033814
Time, 0.14, Pos_X, 0.007879265522472001, Pos_Y, 0.019231528255730653, Pos_Z, 0.007956880947238025, BFx, 1.0, 0.0, 0.0,                             BFy, 0.0, 0.9725356800361943, -0.23275384219501244, BFz, 0.0, 0.23275384219501238, 0.972535680036194
Time, 0.142, Pos_X, 0.008129479352431999, Pos_Y, 0.019988352161071168, Pos_Z, 0.007968909167517772, BFx, 1.0, 0.0, 0.0,                             BFy, 0.0, 0.9707959531307242, -0.23990668474432333, BFz, 0.0, 0.23990668474432325, 0.9707959531307238
Time, 0.144, Pos_X, 0.008386927925792, Pos_Y, 0.02076194908453071, Pos_Z, 0.00798335186361186, BFx, 1.0, 0.0, 0.0,                             BFy, 0.0, 0.9690443416549349, -0.24688674307576197, BFz, 0.0, 0.24688674307576192, 0.9690443416549346
Time, 0.146, Pos_X, 0.008651368125352, Pos_Y, 0.021552713372984866, Pos_Z, 0.008000670406633568, BFx, 1.0, 0.0, 0.0,                             BFy, 0.0, 0.9673039668582767, -0.25361986456160257, BFz, 0.0, 0.2536198645616025, 0.9673039668582764
Time, 0.148, Pos_X, 0.008922592480912, Pos_Y, 0.02236096561292821, Pos_Z, 0.008021386265167255, BFx, 1.0, 0.0, 0.0,                             BFy, 0.0, 0.9655965064506351, -0.26004497059226533, BFz, 0.0, 0.2600449705922653, 0.9655965064506348
Time, 0.15, Pos_X, 0.009200439028872, Pos_Y, 0.023186941704895114, Pos_Z, 0.008046078699727384, BFx, 1.0, 0.0, 0.0,                             BFy, 0.0, 0.9639404468718759, -0.2661180468973355, BFz, 0.0, 0.26611804689733537, 0.9639404468718753
Time, 0.152, Pos_X, 0.009484799010232, Pos_Y, 0.024030785639694748, Pos_Z, 0.008075383300246795, BFx, 1.0, 0.0, 0.0,                             BFy, 0.0, 0.9623495577839113, -0.27181487934459125, BFz, 0.0, 0.2718148793445912, 0.9623495577839108
Time, 0.154, Pos_X, 0.009775623120992, Pos_Y, 0.024892546055647488, Pos_Z, 0.008109987336928103, BFx, 1.0, 0.0, 0.0,                             BFy, 0.0, 0.960832035637947, -0.27713137550960076, BFz, 0.0, 0.2771313755096007, 0.9608320356379465
Time, 0.156, Pos_X, 0.010072924858552, Pos_Y, 0.025772176165940047, Pos_Z, 0.008150622665943458, BFx, 1.0, 0.0, 0.0,                             BFy, 0.0, 0.9593902633432861, -0.28208212031623753, BFz, 0.0, 0.2820821203162375, 0.9593902633432859
Time, 0.158, Pos_X, 0.010376780413512001, Pos_Y, 0.026669537873585, Pos_Z, 0.008198057360814259, BFx, 1.0, 0.0, 0.0,                             BFy, 0.0, 0.9580211681058294, -0.2866974737613614, BFz, 0.0, 0.28669747376136134, 0.9580211681058292
Time, 0.16, Pos_X, 0.010687326080672, Pos_Y, 0.027584409373047594, Pos_Z, 0.00825308507983325, BFx, 1.0, 0.0, 0.0,                             BFy, 0.0, 0.9567169562029934, -0.2910200434913097, BFz, 0.0, 0.2910200434913098, 0.9567169562029932
Time, 0.162, Pos_X, 0.011004754988832001, Pos_Y, 0.028516493227451575, Pos_Z, 0.008316514788803214, BFx, 1.0, 0.0, 0.0,                             BFy, 0.0, 0.9554661710360656, -0.2951006540244946, BFz, 0.0, 0.2951006540244947, 0.9554661710360652
Time, 0.164, Pos_X, 0.011329314257992001, Pos_Y, 0.029465425602913115, Pos_Z, 0.008389160824318117, BFx, 1.0, 0.0, 0.0,                             BFy, 0.0, 0.9542549683287967, -0.2989940725496278, BFz, 0.0, 0.29899407254962784, 0.9542549683287964
Time, 0.166, Pos_X, 0.011661297021352001, Pos_Y, 0.030430790204686715, Pos_Z, 0.008471831818136915, BFx, 1.0, 0.0, 0.0,                             BFy, 0.0, 0.9530683392127988, -0.30275524898862183, BFz, 0.0, 0.3027552489886219, 0.9530683392127985
Time, 0.168, Pos_X, 0.012001029775712001, Pos_Y, 0.03141213323537715, Pos_Z, 0.008565322712548491, BFx, 1.0, 0.0, 0.0,                             BFy, 0.0, 0.9518911895592242, -0.3064362302984585, BFz, 0.0, 0.30643623029845857, 0.9518911895592239
Time, 0.17, Pos_X, 0.012348863420672002, Pos_Y, 0.032408976812006926, Pos_Z, 0.008670404578170315, BFx, 1.0, 0.0, 0.0,                             BFy, 0.0, 0.9507092918427441, -0.31008360550643826, BFz, 0.0, 0.3100836055064383, 0.9507092918427439
Time, 0.172, Pos_X, 0.012705170274631998, Pos_Y, 0.033420831034129656, Pos_Z, 0.008787809667986837, BFx, 1.0, 0.0, 0.0,                             BFy, 0.0, 0.9495100366575856, -0.31373665754341656, BFz, 0.0, 0.3137366575434166, 0.9495100366575854
Time, 0.174, Pos_X, 0.013070332006991998, Pos_Y, 0.03444720557308329, Pos_Z, 0.008918228546237828, BFx, 1.0, 0.0, 0.0,                             BFy, 0.0, 0.9482830233445537, -0.31742606640998705, BFz, 0.0, 0.3174260664099871, 0.9482830233445534
Time, 0.176, Pos_X, 0.013444719711951998, Pos_Y, 0.0354876193578237, Pos_Z, 0.009062320166457272, BFx, 1.0, 0.0, 0.0,                             BFy, 0.0, 0.9470203776307822, -0.32117348015061226, BFz, 0.0, 0.3211734801506123, 0.9470203776307817
Time, 0.178, Pos_X, 0.013828689779511998, Pos_Y, 0.03654160545660949, Pos_Z, 0.009220709581185527, BFx, 1.0, 0.0, 0.0,                             BFy, 0.0, 0.9457168630013307, -0.32499171533275595, BFz, 0.0, 0.324991715332756, 0.9457168630013303
Time, 0.18, Pos_X, 0.014222589403471998, Pos_Y, 0.03760871429663147, Pos_Z, 0.009393975933719562, BFx, 1.0, 0.0, 0.0,                             BFy, 0.0, 0.9443698105824092, -0.32888548289723835, BFz, 0.0, 0.3288854828972385, 0.9443698105824087
Time, 0.182, Pos_X, 0.014626752965431998, Pos_Y, 0.03868851787536587, Pos_Z, 0.009582651318131553, BFx, 1.0, 0.0, 0.0,                             BFy, 0.0, 0.9429789477329152, -0.3328523758853604, BFz, 0.0, 0.3328523758853605, 0.9429789477329146
Time, 0.184, Pos_X, 0.015041489425392, Pos_Y, 0.03978061837826271, Pos_Z, 0.009787222679839336, BFx, 1.0, 0.0, 0.0,                             BFy, 0.0, 0.9415460745352155, -0.33688423757625025, BFz, 0.0, 0.3368842375762504, 0.941546074535215
Time, 0.186, Pos_X, 0.015467076420751999, Pos_Y, 0.040884654470139385, Pos_Z, 0.010008128876181046, BFx, 1.0, 0.0, 0.0,                             BFy, 0.0, 0.9400747184107856, -0.34096850852371596, BFz, 0.0, 0.34096850852371613, 0.9400747184107849
Time, 0.188, Pos_X, 0.015903765068312, Pos_Y, 0.04200029854938077, Pos_Z, 0.010245765615745278, BFx, 1.0, 0.0, 0.0,                             BFy, 0.0, 0.9385696694517436, -0.3450898079996717, BFz, 0.0, 0.34508980799967176, 0.9385696694517429
Time, 0.19, Pos_X, 0.016351785743672, Pos_Y, 0.04312725282204695, Pos_Z, 0.010500499042328117, BFx, 1.0, 0.0, 0.0,                             BFy, 0.0, 0.937036528832116, -0.34923136118376424, BFz, 0.0, 0.3492313611837643, 0.9370365288321151
Time, 0.192, Pos_X, 0.016811352188032, Pos_Y, 0.044265249021218, Pos_Z, 0.010772671844288864, BFx, 1.0, 0.0, 0.0,                             BFy, 0.0, 0.9354813145219318, -0.3533761596094506, BFz, 0.0, 0.3533761596094507, 0.9354813145219308
Time, 0.194, Pos_X, 0.017282664969392, Pos_Y, 0.045414047615246596, Pos_Z, 0.01106259952308978, BFx, 1.0, 0.0, 0.0,                             BFy, 0.0, 0.9339100378026445, -0.3575080996165943, BFz, 0.0, 0.35750809961659435, 0.9339100378026435
Time, 0.196, Pos_X, 0.017765914947152, Pos_Y, 0.046573432759536175, Pos_Z, 0.011370567417042662, BFx, 1.0, 0.0, 0.0,                             BFy, 0.0, 0.9323283652790817, -0.36161280300348997, BFz, 0.0, 0.36161280300349, 0.9323283652790806
Time, 0.198, Pos_X, 0.018261287565312, Pos_Y, 0.04774320437323237, Pos_Z, 0.011696831795690981, BFx, 1.0, 0.0, 0.0,                             BFy, 0.0, 0.9307412988330024, -0.36567832126974886, BFz, 0.0, 0.36567832126974886, 0.9307412988330013
Time, 0.2, Pos_X, 0.018768967260672, Pos_Y, 0.0489231709779657, Pos_Z, 0.012041620532404939, BFx, 1.0, 0.0, 0.0,                             BFy, 0.0, 0.9291529463733399, -0.36969555345682364, BFz, 0.0, 0.36969555345682364, 0.9291529463733388
Time, 0.202, Pos_X, 0.019289141472032, Pos_Y, 0.05011314458001759, Pos_Z, 0.012405131108697115, BFx, 1.0, 0.0, 0.0,                             BFy, 0.0, 0.927566239007557, -0.37365876445412316, BFz, 0.0, 0.3736587644541231, 0.9275662390075557
Time, 0.204, Pos_X, 0.019822005094991994, Pos_Y, 0.05131293693859171, Pos_Z, 0.012787527352395993, BFx, 1.0, 0.0, 0.0,                             BFy, 0.0, 0.9259826953159785, -0.3775659518221444, BFz, 0.0, 0.37756595182214436, 0.9259826953159773
Time, 0.206, Pos_X, 0.020367765286751993, Pos_Y, 0.052522356588373016, Pos_Z, 0.013188935806426823, BFx, 1.0, 0.0, 0.0,                             BFy, 0.0, 0.9244023584166253, -0.38141877215704423, BFz, 0.0, 0.3814187721570441, 0.9244023584166241
Time, 0.208, Pos_X, 0.020926644839111993, Pos_Y, 0.05374120715411524, Pos_Z, 0.013609441479117336, BFx, 1.0, 0.0, 0.0,                             BFy, 0.0, 0.9228237311539323, -0.38522248275398113, BFz, 0.0, 0.3852224827539811, 0.9228237311539311
Time, 0.21, Pos_X, 0.021498884912071994, Pos_Y, 0.054969286573130986, Pos_Z, 0.014049083985717447, BFx, 1.0, 0.0, 0.0,                             BFy, 0.0, 0.9212437585701769, -0.38898578032558023, BFz, 0.0, 0.38898578032558007, 0.9212437585701757
Time, 0.212, Pos_X, 0.022084747579631994, Pos_Y, 0.05620638627451985, Pos_Z, 0.014507855202808739, BFx, 1.0, 0.0, 0.0,                             BFy, 0.0, 0.9196578697485418, -0.39272051462787283, BFz, 0.0, 0.39272051462787266, 0.9196578697485406
Time, 0.214, Pos_X, 0.022684517363791994, Pos_Y, 0.05745229007833292, Pos_Z, 0.014985697625830853, BFx, 1.0, 0.0, 0.0,                             BFy, 0.0, 0.9180601493773205, -0.3964411206286489, BFz, 0.0, 0.39644112062864867, 0.9180601493773193
Time, 0.216, Pos_X, 0.023298502334751996, Pos_Y, 0.05870677246326766, Pos_Z, 0.015482503329492029, BFx, 1.0, 0.0, 0.0,                             BFy, 0.0, 0.9164436424407791, -0.4001637792577983, BFz, 0.0, 0.40016377925779806, 0.916443642440778
Time, 0.218, Pos_X, 0.023927034355711998, Pos_Y, 0.05996959582511375, Pos_Z, 0.01599811468940007, BFx, 1.0, 0.0, 0.0,                             BFy, 0.0, 0.9148007271865164, -0.40390547104369307, BFz, 0.0, 0.4039054710436929, 0.9148007271865153
Time, 0.22, Pos_X, 0.024570469021272, Pos_Y, 0.061240507494539416, Pos_Z, 0.016532325610635695, BFx, 1.0, 0.0, 0.0,                             BFy, 0.0, 0.9131234878996282, -0.40768308260954894, BFz, 0.0, 0.40768308260954883, 0.913123487899627
Time, 0.222, Pos_X, 0.025229185624232, Pos_Y, 0.06251923724194675, Pos_Z, 0.017084883437945966, BFx, 1.0, 0.0, 0.0,                             BFy, 0.0, 0.9114040492425042, -0.41151264746587524, BFz, 0.0, 0.41151264746587507, 0.9114040492425031
Time, 0.224, Pos_X, 0.025903582536192002, Pos_Y, 0.06380549683113726, Pos_Z, 0.01765549317708515, BFx, 1.0, 0.0, 0.0,                             BFy, 0.0, 0.9096348771824664, -0.41540870262097956, BFz, 0.0, 0.41540870262097934, 0.9096348771824656
Time, 0.226, Pos_X, 0.026594071971152003, Pos_Y, 0.06509897743969664, Pos_Z, 0.018243826747483618, BFx, 1.0, 0.0, 0.0,                             BFy, 0.0, 0.907809166023747, -0.41938349762869165, BFz, 0.0, 0.41938349762869154, 0.9078091660237463
Time, 0.228, Pos_X, 0.027301077956512005, Pos_Y, 0.06639934373612703, Pos_Z, 0.018849532023973086, BFx, 1.0, 0.0, 0.0,                             BFy, 0.0, 0.9059212255713938, -0.42344625758085286, BFz, 0.0, 0.4234462575808528, 0.9059212255713931
Time, 0.23, Pos_X, 0.028025035828872006, Pos_Y, 0.0677062285641043, Pos_Z, 0.01947223504569296, BFx, 1.0, 0.0, 0.0,                             BFy, 0.0, 0.9039670132715338, -0.4276021970441086, BFz, 0.0, 0.4276021970441086, 0.9039670132715331
Time, 0.232, Pos_X, 0.028766390993232006, Pos_Y, 0.06901922618764783, Pos_Z, 0.020111543744186118, BFx, 1.0, 0.0, 0.0,                             BFy, 0.0, 0.9019446277981461, -0.43185169721337174, BFz, 0.0, 0.43185169721337174, 0.9019446277981452
Time, 0.234, Pos_X, 0.029525597935592007, Pos_Y, 0.07033788354253465, Pos_Z, 0.020767055495748924, BFx, 1.0, 0.0, 0.0,                             BFy, 0.0, 0.8998548127339265, -0.43618954136888316, BFz, 0.0, 0.4361895413688831, 0.8998548127339254
Time, 0.236, Pos_X, 0.030303121565551996, Pos_Y, 0.07166169190670665, Pos_Z, 0.021438364118774113, BFx, 1.0, 0.0, 0.0,                             BFy, 0.0, 0.8977014182790184, -0.4406043163881229, BFz, 0.0, 0.44060431638812286, 0.8977014182790173
Time, 0.238, Pos_X, 0.031099433374511997, Pos_Y, 0.072990080805143, Pos_Z, 0.022125066678433083, BFx, 1.0, 0.0, 0.0,                             BFy, 0.0, 0.8954918028095634, -0.44507800563596084, BFz, 0.0, 0.4450780056359607, 0.8954918028095623
Time, 0.24, Pos_X, 0.031915002889472, Pos_Y, 0.07432241138083463, Pos_Z, 0.022826771353541563, BFx, 1.0, 0.0, 0.0,                             BFy, 0.0, 0.8932369291932388, -0.4495862412545997, BFz, 0.0, 0.4495862412545995, 0.8932369291932378
Time, 0.242, Pos_X, 0.032750290263432, Pos_Y, 0.07565796365316968, Pos_Z, 0.02354310911545182, BFx, 1.0, 0.0, 0.0,                             BFy, 0.0, 0.8909511871978157, -0.45409908833954854, BFz, 0.0, 0.4540990883395484, 0.8909511871978147
Time, 0.244, Pos_X, 0.033605741799192, Pos_Y, 0.07699592445397814, Pos_Z, 0.024273740848712772, BFx, 1.0, 0.0, 0.0,                             BFy, 0.0, 0.8886518042052491, -0.45858256713787326, BFz, 0.0, 0.4585825671378731, 0.8886518042052481
Time, 0.246, Pos_X, 0.034481787978552, Pos_Y, 0.07833539246154687, Pos_Z, 0.025018358840793307, BFx, 1.0, 0.0, 0.0,                             BFy, 0.0, 0.8863579473753804, -0.4630006362031359, BFz, 0.0, 0.4630006362031358, 0.8863579473753795
Time, 0.248, Pos_X, 0.035378856317312, Pos_Y, 0.07967539620027485, Pos_Z, 0.02577668432617329, BFx, 1.0, 0.0, 0.0,                             BFy, 0.0, 0.8840895527760493, -0.46731751804554844, BFz, 0.0, 0.4673175180455483, 0.8840895527760484
Time, 0.25, Pos_X, 0.036297379540672005, Pos_Y, 0.08101490657460728, Pos_Z, 0.026548467851774248, BFx, 1.0, 0.0, 0.0,                             BFy, 0.0, 0.8818660112095474, -0.47150009360907763, BFz, 0.0, 0.47150009360907746, 0.8818660112095466
Time, 0.252, Pos_X, 0.037237789510032, Pos_Y, 0.08235283923719268, Pos_Z, 0.027333494849938505, BFx, 1.0, 0.0, 0.0,                             BFy, 0.0, 0.8797048943727638, -0.4755200298795109, BFz, 0.0, 0.47552002987951086, 0.8797048943727629
Time, 0.254, Pos_X, 0.038200506260592, Pos_Y, 0.08368806143044825, Pos_Z, 0.02813158340531737, BFx, 1.0, 0.0, 0.0,                             BFy, 0.0, 0.8776209523470544, -0.4793552586563083, BFz, 0.0, 0.4793552586563082, 0.8776209523470534
Time, 0.256, Pos_X, 0.039185915556352, Pos_Y, 0.08501940484167451, Pos_Z, 0.028942580393075172, BFx, 1.0, 0.0, 0.0,                             BFy, 0.0, 0.8756255223124959, -0.4829906258665647, BFz, 0.0, 0.4829906258665646, 0.8756255223124949
Time, 0.258, Pos_X, 0.040194350871512005, Pos_Y, 0.08634566852944707, Pos_Z, 0.029766366485641637, BFx, 1.0, 0.0, 0.0,                             BFy, 0.0, 0.8737258275051731, -0.48641872738455255, BFz, 0.0, 0.4864187273845525, 0.8737258275051722
Time, 0.26, Pos_X, 0.04122607758867201, Pos_Y, 0.08766562211582525, Pos_Z, 0.030602858103430462, BFx, 1.0, 0.0, 0.0,                             BFy, 0.0, 0.8719250446766816, -0.48963937389222867, BFz, 0.0, 0.4896393738922286, 0.871925044676681
Time, 0.262, Pos_X, 0.04228127191043201, Pos_Y, 0.08897802749337363, Pos_Z, 0.03145198685475208, BFx, 1.0, 0.0, 0.0,                             BFy, 0.0, 0.8702229838529133, -0.4926580542060986, BFz, 0.0, 0.4926580542060985, 0.8702229838529127
Time, 0.264, Pos_X, 0.043360008285192014, Pos_Y, 0.090281669196156, Pos_Z, 0.032313665425448584, BFx, 1.0, 0.0, 0.0,                             BFy, 0.0, 0.8686170689044039, -0.49548399329133674, BFz, 0.0, 0.4954839932913366, 0.8686170689044033
Time, 0.266, Pos_X, 0.04446225435975201, Pos_Y, 0.09157538363366305, Pos_Z, 0.03318776523444679, BFx, 1.0, 0.0, 0.0,                             BFy, 0.0, 0.8671036072476724, -0.4981278292748577, BFz, 0.0, 0.4981278292748575, 0.8671036072476718
Time, 0.268, Pos_X, 0.045587861690112016, Pos_Y, 0.0928580882432597, Pos_Z, 0.03407411500212306, BFx, 1.0, 0.0, 0.0,                             BFy, 0.0, 0.8656787863769918, -0.5005998789620972, BFz, 0.0, 0.500599878962097, 0.8656787863769911
Time, 0.27, Pos_X, 0.04673655098607202, Pos_Y, 0.09412881270127967, Pos_Z, 0.034972507888195004, BFx, 1.0, 0.0, 0.0,                             BFy, 0.0, 0.8643386139655035, -0.5029102906167264, BFz, 0.0, 0.5029102906167262, 0.8643386139655027
Time, 0.272, Pos_X, 0.047907895387632016, Pos_Y, 0.09538673499606562, Pos_Z, 0.03588270603931597, BFx, 1.0, 0.0, 0.0,                             BFy, 0.0, 0.8630779257570375, -0.5050707812484682, BFz, 0.0, 0.505070781248468, 0.8630779257570366
Time, 0.274, Pos_X, 0.04910130230339202, Pos_Y, 0.09663121918385263, Pos_Z, 0.036804444455190585, BFx, 1.0, 0.0, 0.0,                             BFy, 0.0, 0.86189040690324, -0.5070945932350048, BFz, 0.0, 0.5070945932350048, 0.8618904069032393
Time, 0.276, Pos_X, 0.05031599644575202, Pos_Y, 0.09786185083188652, Pos_Z, 0.03773743349806601, BFx, 1.0, 0.0, 0.0,                             BFy, 0.0, 0.86076889753718, -0.5089959774228432, BFz, 0.0, 0.5089959774228432, 0.8607688975371792
Time, 0.278, Pos_X, 0.05155100718951202, Pos_Y, 0.09907847121835356, Pos_Z, 0.038681354619726376, BFx, 1.0, 0.0, 0.0,                             BFy, 0.0, 0.8597041726042715, -0.5107922626732054, BFz, 0.0, 0.5107922626732054, 0.8597041726042707
Time, 0.28, Pos_X, 0.05280515575787202, Pos_Y, 0.10028120814645314, Pos_Z, 0.03963585552473329, BFx, 1.0, 0.0, 0.0,                             BFy, 0.0, 0.8586845127687099, -0.5125045439127064, BFz, 0.0, 0.5125045439127064, 0.8586845127687092
Time, 0.282, Pos_X, 0.05407704675083199, Pos_Y, 0.10147049980753517, Pos_Z, 0.040600545095469315, BFx, 1.0, 0.0, 0.0,                             BFy, 0.0, 0.8576944950393067, -0.5141596572848518, BFz, 0.0, 0.5141596572848518, 0.8576944950393061
Time, 0.284, Pos_X, 0.05536506688859199, Pos_Y, 0.10264711235210362, Pos_Z, 0.041574982170532696, BFx, 1.0, 0.0, 0.0,                             BFy, 0.0, 0.8567131770657924, -0.5157931099208712, BFz, 0.0, 0.5157931099208712, 0.8567131770657916
Time, 0.286, Pos_X, 0.05666739028175199, Pos_Y, 0.10381214613117856, Pos_Z, 0.04255866450733024, BFx, 1.0, 0.0, 0.0,                             BFy, 0.0, 0.8557147242432337, -0.517447882122764, BFz, 0.0, 0.5174478821227638, 0.855714724243233
Time, 0.288, Pos_X, 0.05798199045951199, Pos_Y, 0.10496702652711537, Pos_Z, 0.04355102248567054, BFx, 1.0, 0.0, 0.0,                             BFy, 0.0, 0.8546702049314457, -0.5191713019827348, BFz, 0.0, 0.5191713019827345, 0.8546702049314451
Time, 0.29, Pos_X, 0.05930665669127199, Pos_Y, 0.106113480883078, Pos_Z, 0.04455142033719468, BFx, 1.0, 0.0, 0.0,                             BFy, 0.0, 0.8535492350493294, -0.52101219116899, BFz, 0.0, 0.5210121911689898, 0.8535492350493288
Time, 0.292, Pos_X, 0.060639016030031995, Pos_Y, 0.10725350383536318, Pos_Z, 0.04555916463204171, BFx, 1.0, 0.0, 0.0,                             BFy, 0.0, 0.8523219456500536, -0.5230174958481932, BFz, 0.0, 0.523017495848193, 0.8523219456500529
Time, 0.294, Pos_X, 0.061976562683991994, Pos_Y, 0.10838931349033666, Pos_Z, 0.04657351405261635, BFx, 1.0, 0.0, 0.0,                             BFy, 0.0, 0.8509610460426332, -0.525228805491507, BFz, 0.0, 0.5252288054915065, 0.8509610460426326
Time, 0.296, Pos_X, 0.06331669341683199, Pos_Y, 0.109523300206568, Pos_Z, 0.047593687791913655, BFx, 1.0, 0.0, 0.0,                             BFy, 0.0, 0.8494441247830965, -0.5276785753387068, BFz, 0.0, 0.5276785753387063, 0.8494441247830957
Time, 0.298, Pos_X, 0.064656747693552, Pos_Y, 0.11065796896207938, Pos_Z, 0.048618873044380805, BFx, 1.0, 0.0, 0.0,                             BFy, 0.0, 0.8477561946712316, -0.5303861182163054, BFz, 0.0, 0.530386118216305, 0.8477561946712306
Time, 0.3, Pos_X, 0.065994052031872, Pos_Y, 0.11179587719466948, Pos_Z, 0.049648230984058406, BFx, 1.0, 0.0, 0.0,                             BFy, 0.0, 0.8458925509004414, -0.533353346601624, BFz, 0.0, 0.5333533466016236, 0.8458925509004402
Time, 0.302, Pos_X, 0.067325967366992, Pos_Y, 0.11293957121073495, Pos_Z, 0.050680900325068626, BFx, 1.0, 0.0, 0.0,                             BFy, 0.0, 0.8438617447574088, -0.5365606729299024, BFz, 0.0, 0.5365606729299021, 0.8438617447574077
Time, 0.304, Pos_X, 0.068649938189312, Pos_Y, 0.11409152248314287, Pos_Z, 0.051715999320256625, BFx, 1.0, 0.0, 0.0,                             BFy, 0.0, 0.8416874350961828, -0.5399650559075252, BFz, 0.0, 0.5399650559075247, 0.8416874350961817
Time, 0.306, Pos_X, 0.069963542587632, Pos_Y, 0.11525406203477193, Pos_Z, 0.05275262753136827, BFx, 1.0, 0.0, 0.0,                             BFy, 0.0, 0.8394090747457444, -0.5435001428100095, BFz, 0.0, 0.543500142810009, 0.8394090747457433
Time, 0.308, Pos_X, 0.071264538381552, Pos_Y, 0.11642931128695386, Pos_Z, 0.05378987358822976, BFx, 1.0, 0.0, 0.0,                             BFy, 0.0, 0.8370811500992499, -0.5470787403551016, BFz, 0.0, 0.5470787403551012, 0.8370811500992487
Time, 0.31, Pos_X, 0.072550905693872, Pos_Y, 0.11761912081044942, Pos_Z, 0.054826821167795366, BFx, 1.0, 0.0, 0.0,                             BFy, 0.0, 0.8347713274013991, -0.5505967952581211, BFz, 0.0, 0.5505967952581208, 0.8347713274013979
Time, 0.312, Pos_X, 0.073820894171392, Pos_Y, 0.11882502848555276, Pos_Z, 0.05586253301947574, BFx, 1.0, 0.0, 0.0,                             BFy, 0.0, 0.8325575607581934, -0.5539385417394015, BFz, 0.0, 0.553938541739401, 0.8325575607581922
Time, 0.314, Pos_X, 0.075073058247112, Pos_Y, 0.12004821637072761, Pos_Z, 0.05689605009223668, BFx, 1.0, 0.0, 0.0,                             BFy, 0.0, 0.8305232856224714, -0.5569839064451164, BFz, 0.0, 0.556983906445116, 0.8305232856224702
Time, 0.316, Pos_X, 0.076306273878432, Pos_Y, 0.12128947028549295, Pos_Z, 0.05792641097898428, BFx, 1.0, 0.0, 0.0,                             BFy, 0.0, 0.82875149407174, -0.5596167984200136, BFz, 0.0, 0.559616798420013, 0.828751494071739
Time, 0.318, Pos_X, 0.07751975584835201, Pos_Y, 0.12254916115016948, Pos_Z, 0.058952655767439154, BFx, 1.0, 0.0, 0.0,                             BFy, 0.0, 0.827318397674805, -0.561733271997307, BFz, 0.0, 0.5617332719973066, 0.827318397674804
Time, 0.32, Pos_X, 0.078713071065672, Pos_Y, 0.12382723376593431, Pos_Z, 0.05997383648382039, BFx, 1.0, 0.0, 0.0,                             BFy, 0.0, 0.8262872674024042, -0.5632489251908742, BFz, 0.0, 0.5632489251908738, 0.8262872674024032
