Time, 0, Pos_X, 0.0, Pos_Y, 0.0, Pos_Z, 0.0, BFx, 1.0, 0.0, 0.0,                         BFy, 0.0, 1.0, 0.0, BFz, 0.0, 0.0, 1.0
Time, 0.0, Pos_X, 0.0, Pos_Y, 0.0, Pos_Z, 0.0, BFx, 1.0, 0.0, 0.0,                             BFy, 0.0, 1.0, 0.0, BFz, 0.0, 0.0, 1.0
Time, 0.002, Pos_X, -5.051792e-07, Pos_Y, 1.2425384130794371e-08, Pos_Z, -8.882096817462997e-07, BFx, 1.0, 0.0, 0.0,                             BFy, 0.0, 0.9999989241735315, 0.0014668509739740726, BFz, 0.0, -0.0014668509739740724, 0.9999989241735315
Time, 0.004, Pos_X, -2.0839298800000005e-06, Pos_Y, 1.0606334075591171e-07, Pos_Z, -3.584602579487065e-06, BFx, 1.0, 0.0, 0.0,                             BFy, 0.0, 0.9999956706221877, 0.002942573173488977, BFz, 0.0, -0.002942573173488977, 0.9999956706221877
Time, 0.006, Pos_X, -4.866857040000001e-06, Pos_Y, 3.966830372911817e-07, Pos_Z, -8.153424637474097e-06, BFx, 1.0, 0.0, 0.0,                             BFy, 0.0, 0.9999901909085412, 0.0044292309376993905, BFz, 0.0, -0.00442923093769939, 0.9999901909085411
Time, 0.008, Pos_X, -8.992876100000001e-06, Pos_Y, 1.0060819925207447e-06, Pos_Z, -1.4660154952349027e-05, BFx, 1.0, 0.0, 0.0,                             BFy, 0.0, 0.9999824229271781, 0.00592906710120769, BFz, 0.0, -0.0059290671012076895, 0.9999824229271781
Time, 0.01, Pos_X, -1.4609317540000001e-05, Pos_Y, 2.0621061012227385e-06, Pos_Z, -2.317127741466334e-05, BFx, 1.0, 0.0, 0.0,                             BFy, 0.0, 0.9999722896663316, 0.007444454276467156, BFz, 0.0, -0.007444454276467155, 0.9999722896663316
Time, 0.012, Pos_X, -2.187226118e-05, Pos_Y, 3.6991389923349696e-06, Pos_Z, -3.375395526968498e-05, BFx, 1.0, 0.0, 0.0,                             BFy, 0.0, 0.9999596978371228, 0.008977900728449818, BFz, 0.0, -0.008977900728449818, 0.9999596978371228
Time, 0.014, Pos_X, -3.094589284e-05, Pos_Y, 6.0580591010060565e-06, Pos_Z, -4.64753681992283e-05, BFx, 1.0, 0.0, 0.0,                             BFy, 0.0, 0.9999445382596408, 0.010531875650296146, BFz, 0.0, -0.010531875650296146, 0.9999445382596409
Time, 0.016, Pos_X, -4.2001337e-05, Pos_Y, 9.285185766232588e-06, Pos_Z, -6.140210117705013e-05, BFx, 1.0, 0.0, 0.0,                             BFy, 0.0, 0.999926689080864, 0.012108528555536839, BFz, 0.0, -0.01210852855553684, 0.9999266890808642
Time, 0.018, Pos_X, -5.521624675999999e-05, Pos_Y, 1.353114485914353e-05, Pos_Z, -7.859929077618088e-05, BFx, 1.0, 0.0, 0.0,                             BFy, 0.0, 0.9999060200957817, 0.013709521370686177, BFz, 0.0, -0.013709521370686177, 0.9999060200957819
Time, 0.02, Pos_X, -7.077609202e-05, Pos_Y, 1.8950734276932395e-05, Pos_Z, -9.81289061554568e-05, BFx, 1.0, 0.0, 0.0,                             BFy, 0.0, 0.9998823982831403, 0.015335892655950216, BFz, 0.0, -0.015335892655950216, 0.9998823982831405
Time, 0.022, Pos_X, -8.887717057999999e-05, Pos_Y, 2.5704618398258832e-05, Pos_Z, -0.00012004464371284531, BFx, 1.0, 0.0, 0.0,                             BFy, 0.0, 0.9998556909456368, 0.01698815127147796, BFz, 0.0, -0.01698815127147796, 0.999855690945637
Time, 0.024, Pos_X, -0.00010972233014, Pos_Y, 3.395825307349428e-05, Pos_Z, -0.00014439212212312912, BFx, 1.0, 0.0, 0.0,                             BFy, 0.0, 0.9998257650931591, 0.018666533043889055, BFz, 0.0, -0.01866653304388905, 0.9998257650931593
Time, 0.026, Pos_X, -0.00013351477809999998, Pos_Y, 4.38800922863814e-05, Pos_Z, -0.00017121456534819493, BFx, 1.0, 0.0, 0.0,                             BFy, 0.0, 0.9997924829304381, 0.02037132975013767, BFz, 0.0, -0.020371329750137668, 0.9997924829304384
Time, 0.028, Pos_X, -0.00016045787286000002, Pos_Y, 5.5641357870081853e-05, Pos_Z, -0.0002005493252492124, BFx, 1.0, 0.0, 0.0,                             BFy, 0.0, 0.9997556837354062, 0.0221036838275756, BFz, 0.0, -0.0221036838275756, 0.9997556837354066
Time, 0.03, Pos_X, -0.00019075400402, Pos_Y, 6.941419560881824e-05, Pos_Z, -0.0002324228621856048, BFx, 1.0, 0.0, 0.0,                             BFy, 0.0, 0.9997151939237382, 0.023864849423822117, BFz, 0.0, -0.023864849423822117, 0.9997151939237385
Time, 0.032, Pos_X, -0.00022460315838000004, Pos_Y, 8.537090344799676e-05, Pos_Z, -0.00026685146868704336, BFx, 1.0, 0.0, 0.0,                             BFy, 0.0, 0.999670802860165, 0.025657083016435513, BFz, 0.0, -0.025657083016435517, 0.9996708028601654
Time, 0.034, Pos_X, -0.00026220280120000007, Pos_Y, 0.00010368343137285882, Pos_Z, -0.00030384174456049714, BFx, 1.0, 0.0, 0.0,                             BFy, 0.0, 0.9996222486630517, 0.027483813014634137, BFz, 0.0, -0.027483813014634137, 0.9996222486630522
Time, 0.036, Pos_X, -0.00030374695288, Pos_Y, 0.00012452105560202415, Pos_Z, -0.0003433900348760643, BFx, 1.0, 0.0, 0.0,                             BFy, 0.0, 0.9995692117090487, 0.029349463425252003, BFz, 0.0, -0.029349463425252003, 0.9995692117090491
Time, 0.038, Pos_X, -0.00034942464076, Pos_Y, 0.00014804822436161475, Pos_Z, -0.00038548220483870864, BFx, 1.0, 0.0, 0.0,                             BFy, 0.0, 0.9995113157737718, 0.03125907292582967, BFz, 0.0, -0.03125907292582967, 0.9995113157737723
Time, 0.04, Pos_X, -0.00039941909424000006, Pos_Y, 0.00017442430336206782, Pos_Z, -0.00043009360869611537, BFx, 1.0, 0.0, 0.0,                             BFy, 0.0, 0.9994481324478213, 0.03321792507910986, BFz, 0.0, -0.03321792507910986, 0.9994481324478217
Time, 0.042, Pos_X, -0.0004539077533200001, Pos_Y, 0.00020380489994483, Pos_Z, -0.00047718899127970743, BFx, 1.0, 0.0, 0.0,                             BFy, 0.0, 0.9993791981912843, 0.03523092707472541, BFz, 0.0, -0.03523092707472541, 0.9993791981912847
Time, 0.044, Pos_X, -0.0005130627191999999, Pos_Y, 0.0002363438425384119, Pos_Z, -0.0005267225926586498, BFx, 1.0, 0.0, 0.0,                             BFy, 0.0, 0.9993040357471492, 0.037302066155365805, BFz, 0.0, -0.037302066155365805, 0.9993040357471495
Time, 0.046, Pos_X, -0.00057705087488, Pos_Y, 0.00027219534564701197, Pos_Z, -0.0005786382771266793, BFx, 1.0, 0.0, 0.0,                             BFy, 0.0, 0.9992221736577475, 0.03943409274580955, BFz, 0.0, -0.03943409274580955, 0.999222173657748
Time, 0.048, Pos_X, -0.00064603395396, Pos_Y, 0.00031151617832420405, Pos_Z, -0.0006328701677637804, BFx, 1.0, 0.0, 0.0,                             BFy, 0.0, 0.9991331697407376, 0.04162822508617166, BFz, 0.0, -0.04162822508617166, 0.9991331697407382
Time, 0.05, Pos_X, -0.0007201687676400002, Pos_Y, 0.00035446734297633724, Pos_Z, -0.0006893444846879762, BFx, 1.0, 0.0, 0.0,                             BFy, 0.0, 0.9990366354943337, 0.04388394854796681, BFz, 0.0, -0.04388394854796682, 0.9990366354943343
Time, 0.052, Pos_X, -0.00079960740372, Pos_Y, 0.00040121509509961233, Pos_Z, -0.0007479817666976046, BFx, 1.0, 0.0, 0.0,                             BFy, 0.0, 0.9989322665024433, 0.04619877639386595, BFz, 0.0, -0.046198776393865944, 0.9989322665024438
Time, 0.054, Pos_X, -0.0008844972312, Pos_Y, 0.0004519319506308321, Pos_Z, -0.0008086995709732691, BFx, 1.0, 0.0, 0.0,                             BFy, 0.0, 0.9988198918835111, 0.04856772156288607, BFz, 0.0, -0.048567721562886065, 0.9988198918835115
Time, 0.056, Pos_X, -0.0009749830922800001, Pos_Y, 0.0005067999705055335, Pos_Z, -0.0008714160695730391, BFx, 1.0, 0.0, 0.0,                             BFy, 0.0, 0.9986995156917774, 0.05098310854595064, BFz, 0.0, -0.05098310854595063, 0.9986995156917778
Time, 0.058, Pos_X, -0.0010712063123600002, Pos_Y, 0.0005660103875839285, Pos_Z, -0.0009360532107702361, BFx, 1.0, 0.0, 0.0,                             BFy, 0.0, 0.9985713603616762, 0.05343442958833465, BFz, 0.0, -0.05343442958833465, 0.9985713603616766
Time, 0.06, Pos_X, -0.00117330147164, Pos_Y, 0.0006297605912119821, Pos_Z, -0.001002540008150234, BFx, 1.0, 0.0, 0.0,                             BFy, 0.0, 0.9984359165410968, 0.055908143957202505, BFz, 0.0, -0.0559081439572025, 0.9984359165410972
Time, 0.062, Pos_X, -0.00128139574472, Pos_Y, 0.0006982537971257778, Pos_Z, -0.0010708166847365147, BFx, 1.0, 0.0, 0.0,                             BFy, 0.0, 0.9982939891399913, 0.058387594974979085, BFz, 0.0, -0.058387594974979085, 0.9982939891399918
Time, 0.064, Pos_X, -0.0013956075412, Pos_Y, 0.0007716979621587242, Pos_Z, -0.0011408388813392027, BFx, 1.0, 0.0, 0.0,                             BFy, 0.0, 0.9981467533752467, 0.06085276268546859, BFz, 0.0, -0.06085276268546858, 0.998146753375247
Time, 0.066, Pos_X, -0.0015160448594800002, Pos_Y, 0.0008503040207757304, Pos_Z, -0.0012125815667077512, BFx, 1.0, 0.0, 0.0,                             BFy, 0.0, 0.9979958205232815, 0.06327987214005343, BFz, 0.0, -0.06327987214005343, 0.997995820523282
Time, 0.068, Pos_X, -0.0016428033973600003, Pos_Y, 0.0009342838986913584, Pos_Z, -0.0012860428390819593, BFx, 1.0, 0.0, 0.0,                             BFy, 0.0, 0.9978432926104561, 0.06564117147281444, BFz, 0.0, -0.06564117147281444, 0.9978432926104566
Time, 0.07, Pos_X, -0.0017759641926400004, Pos_Y, 0.0010238477831737973, Pos_Z, -0.0013612480907786372, BFx, 1.0, 0.0, 0.0,                             BFy, 0.0, 0.9976918113730172, 0.06790470910936844, BFz, 0.0, -0.06790470910936844, 0.9976918113730175
Time, 0.072, Pos_X, -0.0019155907625199996, Pos_Y, 0.0011192010731104068, Pos_Z, -0.0014382541411272392, BFx, 1.0, 0.0, 0.0,                             BFy, 0.0, 0.9975445757574288, 0.0700344156606715, BFz, 0.0, -0.07003441566067149, 0.997544575757429
Time, 0.074, Pos_X, -0.0020617265154, Pos_Y, 0.0012205414778793877, Pos_Z, -0.0015171524844487673, BFx, 1.0, 0.0, 0.0,                             BFy, 0.0, 0.997405282925666, 0.07199098271292245, BFz, 0.0, -0.07199098271292244, 0.9974052829256662
Time, 0.076, Pos_X, -0.00221439222748, Pos_Y, 0.0013280565483055028, Pos_Z, -0.0015980718494902739, BFx, 1.0, 0.0, 0.0,                             BFy, 0.0, 0.9972779960767382, 0.07373329330204285, BFz, 0.0, -0.07373329330204287, 0.9972779960767384
Time, 0.078, Pos_X, -0.00237358368596, Pos_Y, 0.0014419214787334917, Pos_Z, -0.0016811811702176658, BFx, 1.0, 0.0, 0.0,                             BFy, 0.0, 0.9971669118033559, 0.07522067537956385, BFz, 0.0, -0.07522067537956387, 0.997166911803356
Time, 0.08, Pos_X, -0.0025392693244400003, Pos_Y, 0.001562296849237229, Pos_Z, -0.0017666909740909655, BFx, 1.0, 0.0, 0.0,                             BFy, 0.0, 0.9970760235604169, 0.07641598812386265, BFz, 0.0, -0.07641598812386266, 0.9970760235604171
Time, 0.082, Pos_X, -0.0027113893355200005, Pos_Y, 0.0016893284330782611, Pos_Z, -0.0018548513628254939, BFx, 1.0, 0.0, 0.0,                             BFy, 0.0, 0.9970087321359293, 0.0772889904495197, BFz, 0.0, -0.07728899044951971, 0.9970087321359296
Time, 0.084, Pos_X, -0.0028898551194000005, Pos_Y, 0.0018231475224951246, Pos_Z, -0.0019459502429165056, BFx, 1.0, 0.0, 0.0,                             BFy, 0.0, 0.9969674502856786, 0.07781968305559149, BFz, 0.0, -0.0778196830555915, 0.9969674502856787
Time, 0.086, Pos_X, -0.003074548206479999, Pos_Y, 0.0019638709815757377, Pos_Z, -0.00204031159063888, BFx, 1.0, 0.0, 0.0,                             BFy, 0.0, 0.9969532670316932, 0.07800117534263938, BFz, 0.0, -0.0780011753426394, 0.9969532670316934
Time, 0.088, Pos_X, -0.0032653207213599995, Pos_Y, 0.0021116025081564407, Pos_Z, -0.002138290719754664, BFx, 1.0, 0.0, 0.0,                             BFy, 0.0, 0.9969657491036498, 0.07784147425503911, BFz, 0.0, -0.07784147425503915, 0.9969657491036501
Time, 0.09, Pos_X, -0.0034619966820399997, Pos_Y, 0.0022664342234822157, Pos_Z, -0.002240267361084854, BFx, 1.0, 0.0, 0.0,                             BFy, 0.0, 0.997002909064509, 0.07736406993498925, BFz, 0.0, -0.07736406993498929, 0.9970029090645091
Time, 0.092, Pos_X, -0.00366437421332, Pos_Y, 0.002428448636235388, Pos_Z, -0.0023466373235851235, BFx, 1.0, 0.0, 0.0,                             BFy, 0.0, 0.9970613538739258, 0.07660715770144004, BFz, 0.0, -0.07660715770144007, 0.9970613538739259
Time, 0.094, Pos_X, -0.0038722294066000002, Pos_Y, 0.0025977212348430433, Pos_Z, -0.002457803829815989, BFx, 1.0, 0.0, 0.0,                             BFy, 0.0, 0.9971365944492977, 0.07562150494439947, BFz, 0.0, -0.0756215049443995, 0.9971365944492978
Time, 0.096, Pos_X, -0.00408532047388, Pos_Y, 0.0027743234718166643, Pos_Z, -0.0025741686602091278, BFx, 1.0, 0.0, 0.0,                             BFy, 0.0, 0.9972234674844307, 0.07446714643604824, BFz, 0.0, -0.07446714643604825, 0.9972234674844308
Time, 0.098, Pos_X, -0.0043033924405600004, Pos_Y, 0.002958325844697811, Pos_Z, -0.002696122860922716, BFx, 1.0, 0.0, 0.0,                             BFy, 0.0, 0.9973165834647995, 0.07320950994303152, BFz, 0.0, -0.07320950994303153, 0.9973165834647997
Time, 0.1, Pos_X, -0.00452618244064, Pos_Y, 0.0031498005663433237, Pos_Z, -0.0028240373934050574, BFx, 1.0, 0.0, 0.0,                             BFy, 0.0, 0.9974107391729354, 0.07191534872680279, BFz, 0.0, -0.07191534872680282, 0.9974107391729358
Time, 0.102, Pos_X, -0.004753424757119999, Pos_Y, 0.0033488235382736773, Pos_Z, -0.0029582535072194553, BFx, 1.0, 0.0, 0.0,                             BFy, 0.0, 0.9975012441999532, 0.07064890529615138, BFz, 0.0, -0.0706489052961514, 0.9975012441999535
Time, 0.104, Pos_X, -0.004984856868399999, Pos_Y, 0.0035554765612489537, Pos_Z, -0.0030990729548376257, BFx, 1.0, 0.0, 0.0,                             BFy, 0.0, 0.997584140004862, 0.06946858002550127, BFz, 0.0, -0.06946858002550128, 0.9975841400048621
Time, 0.106, Pos_X, -0.005220226482079999, Pos_Y, 0.0037698499393188784, Pos_Z, -0.0032467489374975594, BFx, 1.0, 0.0, 0.0,                             BFy, 0.0, 0.9976562849306242, 0.06842468223108261, BFz, 0.0, -0.06842468223108264, 0.9976562849306243
Time, 0.108, Pos_X, -0.005459299424079999, Pos_Y, 0.0039920453586220475, Pos_Z, -0.0034014777610320798, BFx, 1.0, 0.0, 0.0,                             BFy, 0.0, 0.9977153399928128, 0.06755812566246758, BFz, 0.0, -0.06755812566246758, 0.9977153399928129
Time, 0.11, Pos_X, -0.0057018667838, Pos_Y, 0.004222177342529131, Pos_Z, -0.003563392380866009, BFx, 1.0, 0.0, 0.0,                             BFy, 0.0, 0.9977597183756219, 0.06689950961703085, BFz, 0.0, -0.06689950961703084, 0.9977597183756222
Time, 0.112, Pos_X, -0.00594775053092, Pos_Y, 0.004460373406966345, Pos_Z, -0.0037325570311680196, BFx, 1.0, 0.0, 0.0,                             BFy, 0.0, 0.9977885168850763, 0.06646860591496977, BFz, 0.0, -0.06646860591496977, 0.9977885168850765
Time, 0.114, Pos_X, -0.0061968078322399995, Pos_Y, 0.004706774806101546, Pos_Z, -0.003908961461889154, BFx, 1.0, 0.0, 0.0,                             BFy, 0.0, 0.997801405122084, 0.06627485146263694, BFz, 0.0, -0.06627485146263695, 0.9978014051220844
Time, 0.116, Pos_X, -0.00644893493856, Pos_Y, 0.004961537522911081, Pos_Z, -0.00409251767067758, BFx, 1.0, 0.0, 0.0,                             BFy, 0.0, 0.9977985173043017, 0.06631831470519106, BFz, 0.0, -0.06631831470519108, 0.9977985173043024
Time, 0.118, Pos_X, -0.006704072733279998, Pos_Y, 0.005224833588281793, Pos_Z, -0.004283059753128451, BFx, 1.0, 0.0, 0.0,                             BFy, 0.0, 0.9977803585834969, 0.0665909605351063, BFz, 0.0, -0.06659096053510631, 0.9977803585834976
Time, 0.12, Pos_X, -0.0069622096249999975, Pos_Y, 0.00549685092807683, Pos_Z, -0.0044803446727112745, BFx, 1.0, 0.0, 0.0,                             BFy, 0.0, 0.9977477125605922, 0.06707832794655111, BFz, 0.0, -0.06707832794655114, 0.997747712560593
Time, 0.122, Pos_X, -0.007223382782839998, Pos_Y, 0.005777793243969744, Pos_Z, -0.004684054683133537, BFx, 1.0, 0.0, 0.0,                             BFy, 0.0, 0.9977015489166275, 0.06776148824636062, BFz, 0.0, -0.06776148824636062, 0.9977015489166281
Time, 0.124, Pos_X, -0.007487681483599998, Pos_Y, 0.0060678812299451695, Pos_Z, -0.004893801690516912, BFx, 1.0, 0.0, 0.0,                             BFy, 0.0, 0.997642918159041, 0.06861929646325607, BFz, 0.0, -0.06861929646325605, 0.9976429181590417
Time, 0.126, Pos_X, -0.007755248660659998, Pos_Y, 0.006367353100004429, Pos_Z, -0.005109132895198547, BFx, 1.0, 0.0, 0.0,                             BFy, 0.0, 0.9975728533932522, 0.06963046871050492, BFz, 0.0, -0.06963046871050493, 0.9975728533932529
Time, 0.128, Pos_X, -0.008026279940339998, Pos_Y, 0.006676464461525679, Pos_Z, -0.005329538044670037, BFx, 1.0, 0.0, 0.0,                             BFy, 0.0, 0.9974922914808102, 0.07077519647702699, BFz, 0.0, -0.07077519647702697, 0.997492291480811
Time, 0.13, Pos_X, -0.008301020572339998, Pos_Y, 0.0069954867229582145, Pos_Z, -0.0055544572658436635, BFx, 1.0, 0.0, 0.0,                             BFy, 0.0, 0.9974020005526895, 0.07203644420355644, BFz, 0.0, -0.07203644420355643, 0.9974020005526902
Time, 0.132, Pos_X, -0.008579760328539998, Pos_Y, 0.0073247037201346465, Pos_Z, -0.005783290589512383, BFx, 1.0, 0.0, 0.0,                             BFy, 0.0, 0.997302521741952, 0.0734008183002255, BFz, 0.0, -0.0734008183002255, 0.9973025217419528
Time, 0.134, Pos_X, -0.008862833013739998, Pos_Y, 0.007664411015532928, Pos_Z, -0.006015402281110205, BFx, 1.0, 0.0, 0.0,                             BFy, 0.0, 0.9971941260715558, 0.07485903371260966, BFz, 0.0, -0.07485903371260967, 0.9971941260715563
Time, 0.136, Pos_X, -0.009150614471939997, Pos_Y, 0.008014915238452474, Pos_Z, -0.006250121784081904, BFx, 1.0, 0.0, 0.0,                             BFy, 0.0, 0.9970767922523435, 0.07640595756730487, BFz, 0.0, -0.07640595756730487, 0.9970767922523439
Time, 0.138, Pos_X, -0.009443513393739998, Pos_Y, 0.008376530857618678, Pos_Z, -0.006486752550799235, BFx, 1.0, 0.0, 0.0,                             BFy, 0.0, 0.9969502066364665, 0.07804028118546517, BFz, 0.0, -0.07804028118546517, 0.9969502066364669
Time, 0.14, Pos_X, -0.009741962617139999, Pos_Y, 0.008749577376078831, Pos_Z, -0.006724579797306969, BFx, 1.0, 0.0, 0.0,                             BFy, 0.0, 0.9968137776629915, 0.0797639809766044, BFz, 0.0, -0.07976398097660442, 0.996813777662992
Time, 0.142, Pos_X, -0.010046410570739994, Pos_Y, 0.0091343745925553, Pos_Z, -0.006962872196139979, BFx, 1.0, 0.0, 0.0,                             BFy, 0.0, 0.9966666603300908, 0.08158166574950328, BFz, 0.0, -0.08158166574950329, 0.9966666603300912
Time, 0.144, Pos_X, -0.010357310840139994, Pos_Y, 0.009531236925058431, Pos_Z, -0.007200883971818166, BFx, 1.0, 0.0, 0.0,                             BFy, 0.0, 0.9965078111351606, 0.08349959488890739, BFz, 0.0, -0.08349959488890739, 0.9965078111351611
Time, 0.146, Pos_X, -0.010675112448739994, Pos_Y, 0.009940468740712182, Pos_Z, -0.0074378572826135185, BFx, 1.0, 0.0, 0.0,                             BFy, 0.0, 0.9963360458200395, 0.08552475547868522, BFz, 0.0, -0.0855247554786852, 0.9963360458200399
Time, 0.148, Pos_X, -0.011000250679339994, Pos_Y, 0.010362358223278063, Pos_Z, -0.0076730232709314615, BFx, 1.0, 0.0, 0.0,                             BFy, 0.0, 0.9961500901146828, 0.08766412016617756, BFz, 0.0, -0.08766412016617753, 0.9961500901146831
Time, 0.15, Pos_X, -0.011333136617339994, Pos_Y, 0.010797168916363412, Pos_Z, -0.00790560266520727, BFx, 1.0, 0.0, 0.0,                             BFy, 0.0, 0.9959486365044541, 0.08992393143607473, BFz, 0.0, -0.08992393143607469, 0.9959486365044544
Time, 0.152, Pos_X, -0.011674146734339995, Pos_Y, 0.011245130381959052, Pos_Z, -0.008134805921910803, BFx, 1.0, 0.0, 0.0,                             BFy, 0.0, 0.9957304425253, 0.09230864438594932, BFz, 0.0, -0.09230864438594928, 0.9957304425253003
Time, 0.154, Pos_X, -0.012023612408739994, Pos_Y, 0.0117064288604592, Pos_Z, -0.008359832442859984, BFx, 1.0, 0.0, 0.0,                             BFy, 0.0, 0.9954944391603239, 0.0948199430545782, BFz, 0.0, -0.09481994305457818, 0.9954944391603243
Time, 0.156, Pos_X, -0.012381811034139994, Pos_Y, 0.012181198652060287, Pos_Z, -0.00857986927778059, BFx, 1.0, 0.0, 0.0,                             BFy, 0.0, 0.995239868975551, 0.0974556473557569, BFz, 0.0, -0.09745564735575689, 0.9952398689755514
Time, 0.158, Pos_X, -0.012748957748539994, Pos_Y, 0.012669514155137543, Pos_Z, -0.00879408914513468, BFx, 1.0, 0.0, 0.0,                             BFy, 0.0, 0.9949664812898937, 0.1002082886272828, BFz, 0.0, -0.10020828862728277, 0.9949664812898941
Time, 0.16, Pos_X, -0.013125197129939994, Pos_Y, 0.01317138288045317, Pos_Z, -0.009001648139984131, BFx, 1.0, 0.0, 0.0,                             BFy, 0.0, 0.994674782260988, 0.10306346362342683, BFz, 0.0, -0.10306346362342682, 0.9946747822609883
Time, 0.162, Pos_X, -0.013510596479739994, Pos_Y, 0.013686739563811706, Pos_Z, -0.009201684601679545, BFx, 1.0, 0.0, 0.0,                             BFy, 0.0, 0.9943662838174632, 0.10599855474038275, BFz, 0.0, -0.10599855474038274, 0.9943662838174633
Time, 0.164, Pos_X, -0.013905140954339994, Pos_Y, 0.014215440673917536, Pos_Z, -0.00939331956458626, BFx, 1.0, 0.0, 0.0,                             BFy, 0.0, 0.9940437491195445, 0.1089817637789091, BFz, 0.0, -0.10898176377890906, 0.9940437491195446
Time, 0.166, Pos_X, -0.014308730418939994, Pos_Y, 0.014757259460907557, Pos_Z, -0.00957565844621504, BFx, 1.0, 0.0, 0.0,                             BFy, 0.0, 0.9937113657733294, 0.11197196762094752, BFz, 0.0, -0.11197196762094748, 0.9937113657733295
Time, 0.168, Pos_X, -0.014721177460939995, Pos_Y, 0.015311882045360346, Pos_Z, -0.00974779399813877, BFx, 1.0, 0.0, 0.0,                             BFy, 0.0, 0.9933748418192352, 0.11491920483805808, BFz, 0.0, -0.11491920483805804, 0.9933748418192353
Time, 0.17, Pos_X, -0.015142206743539995, Pos_Y, 0.015878904597802574, Pos_Z, -0.009908811015638267, BFx, 1.0, 0.0, 0.0,                             BFy, 0.0, 0.9930413943310656, 0.11776582333179289, BFz, 0.0, -0.11776582333179285, 0.9930413943310658
Time, 0.172, Pos_X, -0.01557145652913999, Pos_Y, 0.016457831998374, Pos_Z, -0.01005779325168879, BFx, 1.0, 0.0, 0.0,                             BFy, 0.0, 0.9927195191532444, 0.1204489779622606, BFz, 0.0, -0.12044897796226055, 0.9927195191532446
Time, 0.174, Pos_X, -0.01600848237053999, Pos_Y, 0.017048078619981925, Pos_Z, -0.010193831496207185, BFx, 1.0, 0.0, 0.0,                             BFy, 0.0, 0.9924186186862485, 0.12290356091212515, BFz, 0.0, -0.12290356091212509, 0.9924186186862487
Time, 0.176, Pos_X, -0.01645276148553999, Pos_Y, 0.017648970246151176, Pos_Z, -0.010316031886400803, BFx, 1.0, 0.0, 0.0,                             BFy, 0.0, 0.9921484916889461, 0.1250654646149401, BFz, 0.0, -0.12506546461494, 0.9921484916889464
Time, 0.178, Pos_X, -0.01690369695473999, Pos_Y, 0.01825974548125436, Pos_Z, -0.01042352343176929, BFx, 1.0, 0.0, 0.0,                             BFy, 0.0, 0.9919187712341018, 0.12687454935262182, BFz, 0.0, -0.1268745493526218, 0.9919187712341022
Time, 0.18, Pos_X, -0.01736062069993999, Pos_Y, 0.018879556595690884, Pos_Z, -0.010515462533113133, BFx, 1.0, 0.0, 0.0,                             BFy, 0.0, 0.9917382992684388, 0.12827761209246807, BFz, 0.0, -0.12827761209246807, 0.9917382992684393
Time, 0.182, Pos_X, -0.01782280038313999, Pos_Y, 0.019507473136446924, Pos_Z, -0.010591035439058262, BFx, 1.0, 0.0, 0.0,                             BFy, 0.0, 0.9916145381207266, 0.1292308314127062, BFz, 0.0, -0.1292308314127062, 0.9916145381207271
Time, 0.184, Pos_X, -0.018289451444739993, Pos_Y, 0.020142489341967024, Pos_Z, -0.010649467488424505, BFx, 1.0, 0.0, 0.0,                             BFy, 0.0, 0.9915530612899517, 0.1297016832833195, BFz, 0.0, -0.12970168328331946, 0.9915530612899522
Time, 0.186, Pos_X, -0.018759749268059994, Pos_Y, 0.020783531026290155, Pos_Z, -0.010690040898074392, BFx, 1.0, 0.0, 0.0,                             BFy, 0.0, 0.9915572094514155, 0.12966996716635318, BFz, 0.0, -0.12966996716635315, 0.991557209451416
Time, 0.188, Pos_X, -0.019232832973899994, Pos_Y, 0.02142945897929511, Pos_Z, -0.010712103761617442, BFx, 1.0, 0.0, 0.0,                             BFy, 0.0, 0.9916279175747825, 0.12912812662740086, BFz, 0.0, -0.12912812662740084, 0.991627917574783
Time, 0.19, Pos_X, -0.019707806081239995, Pos_Y, 0.022079070855371585, Pos_Z, -0.010715075933122478, BFx, 1.0, 0.0, 0.0,                             BFy, 0.0, 0.9917636745759555, 0.12808127806826414, BFz, 0.0, -0.12808127806826414, 0.991763674575956
Time, 0.192, Pos_X, -0.020183746205279997, Pos_Y, 0.022731106801150473, Pos_Z, -0.010698466576481958, BFx, 1.0, 0.0, 0.0,                             BFy, 0.0, 0.9919606300523854, 0.12654686256907516, BFz, 0.0, -0.12654686256907513, 0.991960630052386
Time, 0.194, Pos_X, -0.020659719622319998, Pos_Y, 0.023384262223981763, Pos_Z, -0.010661887243033208, BFx, 1.0, 0.0, 0.0,                             BFy, 0.0, 0.9922128241805566, 0.12455405064326833, BFz, 0.0, -0.12455405064326833, 0.9922128241805571
Time, 0.196, Pos_X, -0.02113479291648, Pos_Y, 0.024037204021530686, Pos_Z, -0.010605054699447208, BFx, 1.0, 0.0, 0.0,                             BFy, 0.0, 0.9925124903408464, 0.12214318039666681, BFz, 0.0, -0.12214318039666681, 0.9925124903408471
Time, 0.198, Pos_X, -0.02160804161896, Pos_Y, 0.024688586109651352, Pos_Z, -0.010527793717796845, BFx, 1.0, 0.0, 0.0,                             BFy, 0.0, 0.9928504167038457, 0.11936519614611843, BFz, 0.0, -0.11936519614611844, 0.9928504167038464
Time, 0.2, Pos_X, -0.02207856182054, Pos_Y, 0.025337064450967985, Pos_Z, -0.010430038722731027, BFx, 1.0, 0.0, 0.0,                             BFy, 0.0, 0.9932164033707628, 0.11628059199731983, BFz, 0.0, -0.11628059199731983, 0.9932164033707636
Time, 0.202, Pos_X, -0.02254548271282, Pos_Y, 0.025981311130600388, Pos_Z, -0.010311828088926828, BFx, 1.0, 0.0, 0.0,                             BFy, 0.0, 0.9935997970784912, 0.11295770556089507, BFz, 0.0, -0.11295770556089507, 0.9935997970784921
Time, 0.204, Pos_X, -0.023007975656499993, Pos_Y, 0.026620027655872545, Pos_Z, -0.01017329216848584, BFx, 1.0, 0.0, 0.0,                             BFy, 0.0, 0.9939900733563496, 0.10947024284726592, BFz, 0.0, -0.1094702428472659, 0.9939900733563506
Time, 0.206, Pos_X, -0.023465261999779993, Pos_Y, 0.027251958359200617, Pos_Z, -0.010014641421331669, BFx, 1.0, 0.0, 0.0,                             BFy, 0.0, 0.9943773751829648, 0.10589445558780683, BFz, 0.0, -0.10589445558780682, 0.9943773751829658
Time, 0.208, Pos_X, -0.023916621073459994, Pos_Y, 0.02787590357983874, Pos_Z, -0.009836157059508962, BFx, 1.0, 0.0, 0.0,                             BFy, 0.0, 0.9947530105078237, 0.10230566008595111, BFz, 0.0, -0.10230566008595111, 0.9947530105078246
Time, 0.21, Pos_X, -0.024361399168139994, Pos_Y, 0.028490733274058065, Pos_Z, -0.009638186057991471, BFx, 1.0, 0.0, 0.0,                             BFy, 0.0, 0.99510985779421, 0.09877434343384983, BFz, 0.0, -0.09877434343384982, 0.9951098577942108
Time, 0.212, Pos_X, -0.024799022986219995, Pos_Y, 0.029095403930291308, Pos_Z, -0.009421140162957772, BFx, 1.0, 0.0, 0.0,                             BFy, 0.0, 0.9954426224396742, 0.09536239002051695, BFz, 0.0, -0.09536239002051694, 0.9954426224396751
Time, 0.214, Pos_X, -0.025229012228299996, Pos_Y, 0.029688974730870333, Pos_Z, -0.009185496882422945, BFx, 1.0, 0.0, 0.0,                             BFy, 0.0, 0.9957479875709767, 0.09211919044559223, BFz, 0.0, -0.0921191904455922, 0.9957479875709775
Time, 0.216, Pos_X, -0.025650982913179996, Pos_Y, 0.03027061736108233, Pos_Z, -0.0089318029237062, BFx, 1.0, 0.0, 0.0,                             BFy, 0.0, 0.9960245678202324, 0.08907895541888836, BFz, 0.0, -0.08907895541888833, 0.9960245678202332
Time, 0.218, Pos_X, -0.026064645401059995, Pos_Y, 0.030839623643074812, Pos_Z, -0.008660678292052528, BFx, 1.0, 0.0, 0.0,                             BFy, 0.0, 0.9962727234221797, 0.08625926364718367, BFz, 0.0, -0.08625926364718364, 0.9962727234221804
Time, 0.22, Pos_X, -0.026469805669739995, Pos_Y, 0.031395416456683846, Pos_Z, -0.008372819709117314, BFx, 1.0, 0.0, 0.0,                             BFy, 0.0, 0.9964944329112235, 0.08365910098094331, BFz, 0.0, -0.08365910098094329, 0.9964944329112244
Time, 0.222, Pos_X, -0.026866370447019994, Pos_Y, 0.03193756193713199, Pos_Z, -0.008069004578422178, BFx, 1.0, 0.0, 0.0,                             BFy, 0.0, 0.996693133076189, 0.081257605667228, BFz, 0.0, -0.08125760566722799, 0.9966931330761899
Time, 0.224, Pos_X, -0.027254350597299994, Pos_Y, 0.03246577843864049, Pos_Z, -0.00775009337976217, BFx, 1.0, 0.0, 0.0,                             BFy, 0.0, 0.9968734887811639, 0.07901422255056796, BFz, 0.0, -0.07901422255056796, 0.9968734887811651
Time, 0.226, Pos_X, -0.027633857515179994, Pos_Y, 0.032979940473268125, Pos_Z, -0.007417028323362122, BFx, 1.0, 0.0, 0.0,                             BFy, 0.0, 0.9970411244574938, 0.07686999506007776, BFz, 0.0, -0.07686999506007776, 0.997041124457495
Time, 0.228, Pos_X, -0.028005091698259994, Pos_Y, 0.033480079208693656, Pos_Z, -0.007070830961775593, BFx, 1.0, 0.0, 0.0,                             BFy, 0.0, 0.9972022727466073, 0.07475043296865119, BFz, 0.0, -0.07475043296865119, 0.9972022727466087
Time, 0.23, Pos_X, -0.028368331011539995, Pos_Y, 0.033966383831265594, Pos_Z, -0.006712599362552228, BFx, 1.0, 0.0, 0.0,                             BFy, 0.0, 0.9973633722888965, 0.07256930216365742, BFz, 0.0, -0.07256930216365741, 0.9973633722888978
Time, 0.232, Pos_X, -0.028723921259219996, Pos_Y, 0.03443920365734788, Pos_Z, -0.006343502367833581, BFx, 1.0, 0.0, 0.0,                             BFy, 0.0, 0.9975306117897786, 0.07023303027999253, BFz, 0.0, -0.0702330302799925, 0.99753061178978
Time, 0.234, Pos_X, -0.029072269117899997, Pos_Y, 0.0348990524952494, Pos_Z, -0.0059647713781096024, BFx, 1.0, 0.0, 0.0,                             BFy, 0.0, 0.9977094182992541, 0.06764552192839152, BFz, 0.0, -0.06764552192839147, 0.9977094182992554
Time, 0.236, Pos_X, -0.029413843019179993, Pos_Y, 0.03534661605891261, Pos_Z, -0.0055776959856841096, BFx, 1.0, 0.0, 0.0,                             BFy, 0.0, 0.9979038724948593, 0.06471368680398197, BFz, 0.0, -0.0647136868039819, 0.9979038724948606
Time, 0.238, Pos_X, -0.029749171317459994, Pos_Y, 0.03578275362252294, Pos_Z, -0.005183623014691899, BFx, 1.0, 0.0, 0.0,                             BFy, 0.0, 0.9981161532029774, 0.06135262598528724, BFz, 0.0, -0.061352625985287165, 0.9981161532029788
Time, 0.24, Pos_X, -0.030078824426739995, Pos_Y, 0.03620848765547067, Pos_Z, -0.004783951894841364, BFx, 1.0, 0.0, 0.0,                             BFy, 0.0, 0.9983460784109355, 0.05749006628545325, BFz, 0.0, -0.05749006628545316, 0.9983460784109368
Time, 0.242, Pos_X, -0.030403394389019994, Pos_Y, 0.036624989388794306, Pos_Z, -0.004380123052530876, BFx, 1.0, 0.0, 0.0,                             BFy, 0.0, 0.9985907829822379, 0.053070218983164684, BFz, 0.0, -0.053070218983164594, 0.9985907829822391
Time, 0.244, Pos_X, -0.030723485069899994, Pos_Y, 0.03703356883879164, Pos_Z, -0.003973602738822436, BFx, 1.0, 0.0, 0.0,                             BFy, 0.0, 0.9988446167501228, 0.048056545748736086, BFz, 0.0, -0.04805654574873599, 0.998844616750124
Time, 0.246, Pos_X, -0.031039705159979995, Pos_Y, 0.03743566433013282, Pos_Z, -0.0035658775650769517, BFx, 1.0, 0.0, 0.0,                             BFy, 0.0, 0.9990993174462166, 0.04243293388989694, BFz, 0.0, -0.042432933889896836, 0.9990993174462178
Time, 0.248, Pos_X, -0.0313526623444, Pos_Y, 0.03783282698459029, Pos_Z, -0.0031584591166906864, BFx, 1.0, 0.0, 0.0,                             BFy, 0.0, 0.9993444759655459, 0.03620246341270939, BFz, 0.0, -0.03620246341270929, 0.9993444759655471
Time, 0.25, Pos_X, -0.03166296116156, Pos_Y, 0.03822670015179848, Pos_Z, -0.002752877838090062, BFx, 1.0, 0.0, 0.0,                             BFy, 0.0, 0.9995681788997304, 0.029384617252502607, BFz, 0.0, -0.029384617252502493, 0.9995681788997317
Time, 0.252, Pos_X, -0.031971201793279995, Pos_Y, 0.03861899424325892, Pos_Z, -0.002350658682878786, BFx, 1.0, 0.0, 0.0,                             BFy, 0.0, 0.9997577114251388, 0.022011779709246924, BFz, 0.0, -0.0220117797092468, 0.9997577114251401
Time, 0.254, Pos_X, -0.032277980031959995, Pos_Y, 0.03901145898185608, Pos_Z, -0.001953292565089919, BFx, 1.0, 0.0, 0.0,                             BFy, 0.0, 0.9999002333284668, 0.014125274853167748, BFz, 0.0, -0.014125274853167611, 0.9999002333284681
Time, 0.256, Pos_X, -0.032583883794679996, Pos_Y, 0.03940585368551859, Pos_Z, -0.0015622163200664182, BFx, 1.0, 0.0, 0.0,                             BFy, 0.0, 0.9999833448326665, 0.0057714865738949725, BFz, 0.0, -0.005771486573894825, 0.9999833448326677
Time, 0.258, Pos_X, -0.032889484464560796, Pos_Y, 0.039803917065690794, Pos_Z, -0.0011788026105131186, BFx, 1.0, 0.0, 0.0,                             BFy, 0.0, 0.9999954962472446, -0.003001247278566671, BFz, 0.0, 0.003001247278566829, 0.9999954962472458
Time, 0.26, Pos_X, -0.033195328046502395, Pos_Y, 0.0402073376260764, Pos_Z, -0.0008043540309696118, BFx, 1.0, 0.0, 0.0,                             BFy, 0.0, 0.9999262531801786, -0.012144472036662867, BFz, 0.0, 0.012144472036663037, 0.9999262531801799
Time, 0.262, Pos_X, -0.033501925597883994, Pos_Y, 0.040617724461287176, Pos_Z, -0.00044009632881578033, BFx, 1.0, 0.0, 0.0,                             BFy, 0.0, 0.999766474170596, -0.021610116253611387, BFz, 0.0, 0.021610116253611568, 0.9997664741705974
Time, 0.264, Pos_X, -0.03380974405146559, Pos_Y, 0.04103658076975577, Pos_Z, -8.717090971181626e-05, BFx, 1.0, 0.0, 0.0,                             BFy, 0.0, 0.9995084660525682, -0.03135006043442129, BFz, 0.0, 0.031350060434421484, 0.9995084660525695
Time, 0.266, Pos_X, -0.034119197626867194, Pos_Y, 0.04146528252012122, Pos_Z, 0.00025337140152232994, BFx, 1.0, 0.0, 0.0,                             BFy, 0.0, 0.9991461733660163, -0.04131493976815626, BFz, 0.0, 0.04131493976815647, 0.9991461733660176
Time, 0.268, Pos_X, -0.034430638568708795, Pos_Y, 0.041905062916983926, Pos_Z, 0.0005805750587260727, BFx, 1.0, 0.0, 0.0,                             BFy, 0.0, 0.9986754140782813, -0.05145305934124192, BFz, 0.0, 0.051453059341242134, 0.9986754140782826
Time, 0.27, Pos_X, -0.034744347830150395, Pos_Y, 0.04235700207864865, Pos_Z, 0.0008935827652832441, BFx, 1.0, 0.0, 0.0,                             BFy, 0.0, 0.9980940444309544, -0.06171125076888517, BFz, 0.0, 0.061711250768885395, 0.9980940444309556
Time, 0.272, Pos_X, -0.035060527160472, Pos_Y, 0.04282202160509935, Pos_Z, 0.001191636416953347, BFx, 1.0, 0.0, 0.0,                             BFy, 0.0, 0.9974020351637813, -0.07203596498380385, BFz, 0.0, 0.07203596498380406, 0.9974020351637825
Time, 0.274, Pos_X, -0.035379295578713596, Pos_Y, 0.043300884568052374, Pos_Z, 0.001474075548290689, BFx, 1.0, 0.0, 0.0,                             BFy, 0.0, 0.9966015264935904, -0.08237352360222291, BFz, 0.0, 0.08237352360222314, 0.9966015264935916
Time, 0.276, Pos_X, -0.035700690128475196, Pos_Y, 0.043794200664402094, Pos_Z, 0.0017403330888219925, BFx, 1.0, 0.0, 0.0,                             BFy, 0.0, 0.9956966817753112, -0.09267209883041884, BFz, 0.0, 0.09267209883041909, 0.9956966817753125
Time, 0.278, Pos_X, -0.036024671396836794, Pos_Y, 0.044302437260248885, Pos_Z, 0.001989929528721094, BFx, 1.0, 0.0, 0.0,                             BFy, 0.0, 0.9946932005027206, -0.10288555230767284, BFz, 0.0, 0.10288555230767309, 0.9946932005027217
Time, 0.28, Pos_X, -0.03635113232767839, Pos_Y, 0.04482593535793467, Pos_Z, 0.00222246836991323, BFx, 1.0, 0.0, 0.0,                             BFy, 0.0, 0.9935974704689831, -0.11297816903118432, BFz, 0.0, 0.11297816903118459, 0.9935974704689842
Time, 0.282, Pos_X, -0.036679907436519985, Pos_Y, 0.045364928661234795, Pos_Z, 0.0024376344356968997, BFx, 1.0, 0.0, 0.0,                             BFy, 0.0, 0.9924155799621268, -0.12292809543971639, BFz, 0.0, 0.12292809543971667, 0.992415579962128
Time, 0.284, Pos_X, -0.037010782968681585, Pos_Y, 0.04591956414166295, Pos_Z, 0.0026351940396460746, BFx, 1.0, 0.0, 0.0,                             BFy, 0.0, 0.9911525055839207, -0.1327279573967615, BFz, 0.0, 0.1327279573967618, 0.991152505583922
Time, 0.286, Pos_X, -0.037343509116323184, Pos_Y, 0.04648992313191066, Pos_Z, 0.0028149965971327063, BFx, 1.0, 0.0, 0.0,                             BFy, 0.0, 0.9898115300263666, -0.1423837597019532, BFz, 0.0, 0.1423837597019535, 0.9898115300263678
Time, 0.288, Pos_X, -0.037677813768044785, Pos_Y, 0.047076042996570165, Pos_Z, 0.002976977173235469, BFx, 1.0, 0.0, 0.0,                             BFy, 0.0, 0.9883938625533293, -0.15191304245162998, BFz, 0.0, 0.1519130424516303, 0.9883938625533306
Time, 0.29, Pos_X, -0.038013417322766384, Pos_Y, 0.04767793846931073, Pos_Z, 0.0031211583694026315, BFx, 1.0, 0.0, 0.0,                             BFy, 0.0, 0.986898573668632, -0.16134188944852426, BFz, 0.0, 0.1613418894485246, 0.9868985736686333
Time, 0.292, Pos_X, -0.038350044084687986, Pos_Y, 0.04829561812346826, Pos_Z, 0.003247650993857678, BFx, 1.0, 0.0, 0.0,                             BFy, 0.0, 0.9853230466008336, -0.1707000112397535, BFz, 0.0, 0.17070001123975384, 0.985323046600835
Time, 0.294, Pos_X, -0.03868742927136959, Pos_Y, 0.048929093135924036, Pos_Z, 0.0033566600314174646, BFx, 1.0, 0.0, 0.0,                             BFy, 0.0, 0.983663948000282, -0.1800145477579496, BFz, 0.0, 0.18001454775794992, 0.9836639480002835
Time, 0.296, Pos_X, -0.03902532683675119, Pos_Y, 0.04957838274219874, Pos_Z, 0.0034484960921382065, BFx, 1.0, 0.0, 0.0,                             BFy, 0.0, 0.9819184373010151, -0.18930447033372588, BFz, 0.0, 0.18930447033372622, 0.9819184373010167
Time, 0.298, Pos_X, -0.039363522666158786, Pos_Y, 0.050243522032081565, Pos_Z, 0.0035235780482808696, BFx, 1.0, 0.0, 0.0,                             BFy, 0.0, 0.9800855070179161, -0.1985759273764945, BFz, 0.0, 0.19857592737649482, 0.9800855070179176
Time, 0.3, Pos_X, -0.039701844922740384, Pos_Y, 0.05092456684240958, Pos_Z, 0.003582433282238291, BFx, 1.0, 0.0, 0.0,                             BFy, 0.0, 0.9781672540077858, -0.20781920793533182, BFz, 0.0, 0.20781920793533215, 0.9781672540077874
Time, 0.302, Pos_X, -0.040040159343933984, Pos_Y, 0.05162158574037292, Pos_Z, 0.0036257049087663573, BFx, 1.0, 0.0, 0.0,                             BFy, 0.0, 0.9761699920881608, -0.21700724998626436, BFz, 0.0, 0.2170072499862647, 0.9761699920881622
Time, 0.304, Pos_X, -0.04037835828231959, Pos_Y, 0.05233464418268934, Pos_Z, 0.003654152307112647, BFx, 1.0, 0.0, 0.0,                             BFy, 0.0, 0.9741048482285611, -0.2260967595026799, BFz, 0.0, 0.22609675950268024, 0.9741048482285626
Time, 0.306, Pos_X, -0.04071635248304119, Pos_Y, 0.05306378953092781, Pos_Z, 0.0036686423861091904, BFx, 1.0, 0.0, 0.0,                             BFy, 0.0, 0.9719876496407406, -0.2350319317579416, BFz, 0.0, 0.23503193175794193, 0.9719876496407419
Time, 0.308, Pos_X, -0.04105406163194079, Pos_Y, 0.05380903690150652, Pos_Z, 0.003670141507621726, BFx, 1.0, 0.0, 0.0,                             BFy, 0.0, 0.9698381881195518, -0.2437496438253515, BFz, 0.0, 0.24374964382535186, 0.969838188119553
Time, 0.31, Pos_X, -0.04139139976195039, Pos_Y, 0.0545703556137239, Pos_Z, 0.0036597077626254913, BFx, 1.0, 0.0, 0.0,                             BFy, 0.0, 0.9676789503479543, -0.25218534662720343, BFz, 0.0, 0.25218534662720377, 0.9676789503479554
Time, 0.312, Pos_X, -0.041728259450719986, Pos_Y, 0.055347658617083406, Pos_Z, 0.0036384783006619265, BFx, 1.0, 0.0, 0.0,                             BFy, 0.0, 0.9655333742846841, -0.2602792791261599, BFz, 0.0, 0.2602792791261602, 0.9655333742846852
Time, 0.314, Pos_X, -0.042064499472449585, Pos_Y, 0.05614079485282432, Pos_Z, 0.0036076547838671223, BFx, 1.0, 0.0, 0.0,                             BFy, 0.0, 0.9634238015780366, -0.26798242209690804, BFz, 0.0, 0.2679824220969084, 0.9634238015780376
Time, 0.316, Pos_X, -0.042399933981279184, Pos_Y, 0.05694954249825763, Pos_Z, 0.003568491801800537, BFx, 1.0, 0.0, 0.0,                             BFy, 0.0, 0.9613695153921666, -0.27526106676141604, BFz, 0.0, 0.2752610667614163, 0.9613695153921674
