Time, 0, Pos_X, 0.0, Pos_Y, 0.0, Pos_Z, 0.0, BFx, 1.0, 0.0, 0.0,                         BFy, 0.0, 1.0, 0.0, BFz, 0.0, 0.0, 1.0
Time, 0.0, Pos_X, 0.0, Pos_Y, 0.0, Pos_Z, 0.0, BFx, 1.0, 0.0, 0.0,                             BFy, 0.0, 1.0, 0.0, BFz, 0.0, 0.0, 1.0
Time, 0.002, Pos_X, -8.394965e-07, Pos_Y, 5.204892933038779e-07, Pos_Z, -1.3001897258989592e-06, BFx, 1.0, 0.0, 0.0,                             BFy, 0.0, 0.9999978305708653, -0.002082991493697882, BFz, 0.0, 0.002082991493697882, 0.9999978305708654
Time, 0.004, Pos_X, -3.3289575000000002e-06, Pos_Y, 2.074247604253438e-06, Pos_Z, -5.215234761399914e-06, BFx, 1.0, 0.0, 0.0,                             BFy, 0.0, 0.9999913567685759, -0.004157690241332271, BFz, 0.0, 0.004157690241332272, 0.9999913567685759
Time, 0.006, Pos_X, -7.4114529e-06, Pos_Y, 4.6479700699307824e-06, Pos_Z, -1.1776234871133968e-05, BFx, 1.0, 0.0, 0.0,                             BFy, 0.0, 0.9999806384624714, -0.006222756638976902, BFz, 0.0, 0.006222756638976903, 0.9999806384624714
Time, 0.008, Pos_X, -1.303407162e-05, Pos_Y, 8.233918132141089e-06, Pos_Z, -2.101752204915038e-05, BFx, 1.0, 0.0, 0.0,                             BFy, 0.0, 0.9999657459477642, -0.008276891393015058, BFz, 0.0, 0.008276891393015058, 0.9999657459477641
Time, 0.01, Pos_X, -2.015032374e-05, Pos_Y, 1.2832645410297043e-05, Pos_Z, -3.297564206730757e-05, BFx, 1.0, 0.0, 0.0,                             BFy, 0.0, 0.9999467594714063, -0.010318828549471195, BFz, 0.0, 0.010318828549471191, 0.9999467594714063
Time, 0.012, Pos_X, -2.872169024e-05, Pos_Y, 1.8455065466164084e-05, Pos_Z, -4.768951863955429e-05, BFx, 1.0, 0.0, 0.0,                             BFy, 0.0, 0.9999237676297448, -0.01234742601258179, BFz, 0.0, 0.012347426012581786, 0.9999237676297448
Time, 0.014, Pos_X, -3.8718922040000006e-05, Pos_Y, 2.512341279522219e-05, Pos_Z, -6.520131196026697e-05, BFx, 1.0, 0.0, 0.0,                             BFy, 0.0, 0.9998968638971486, -0.014361809379280359, BFz, 0.0, 0.014361809379280355, 0.9998968638971486
Time, 0.016, Pos_X, -5.012319264000001e-05, Pos_Y, 3.2871663641410906e-05, Pos_Z, -8.555779613866936e-05, BFx, 1.0, 0.0, 0.0,                             BFy, 0.0, 0.9998661395437245, -0.01636163176240966, BFz, 0.0, 0.016361631762409658, 0.9998661395437246
Time, 0.018, Pos_X, -6.292748964e-05, Pos_Y, 4.174589858670847e-05, Pos_Z, -0.00010881188230677206, BFx, 1.0, 0.0, 0.0,                             BFy, 0.0, 0.9998316769072981, -0.018347148354434094, BFz, 0.0, 0.01834714835443409, 0.9998316769072982
Time, 0.02, Pos_X, -7.713802152000002e-05, Pos_Y, 5.180514485406799e-05, Pos_Z, -0.0001350238081171729, BFx, 1.0, 0.0, 0.0,                             BFy, 0.0, 0.9997935422890848, -0.020319271567744053, BFz, 0.0, 0.02031927156774405, 0.9997935422890849
Time, 0.022, Pos_X, -9.277566716000001e-05, Pos_Y, 6.312245154722594e-05, Pos_Z, -0.0001642613683733614, BFx, 1.0, 0.0, 0.0,                             BFy, 0.0, 0.9997517781062344, -0.022279635845814518, BFz, 0.0, 0.02227963584581451, 0.9997517781062345
Time, 0.024, Pos_X, -0.00010987724304000002, Pos_Y, 7.578588481984055e-05, Pos_Z, -0.00019659989106658257, BFx, 1.0, 0.0, 0.0,                             BFy, 0.0, 0.999706400613755, -0.024230405937370993, BFz, 0.0, 0.024230405937370986, 0.9997064006137553
Time, 0.026, Pos_X, -0.00012849705668, Pos_Y, 8.989945819752647e-05, Pos_Z, -0.00023212220078160805, BFx, 1.0, 0.0, 0.0,                             BFy, 0.0, 0.9996574035882754, -0.026173946036996028, BFz, 0.0, 0.02617394603699602, 0.9996574035882756
Time, 0.028, Pos_X, -0.00014870845560000003, Pos_Y, 0.00010558360520511647, Pos_Z, -0.0002709182402108116, BFx, 1.0, 0.0, 0.0,                             BFy, 0.0, 0.9996047711099955, -0.028112302896303502, BFz, 0.0, 0.028112302896303492, 0.9996047711099957
Time, 0.03, Pos_X, -0.00017060468334000002, Pos_Y, 0.00012297536432565091, Pos_Z, -0.00031308482207380344, BFx, 1.0, 0.0, 0.0,                             BFy, 0.0, 0.9995484676406864, -0.030047642788674157, BFz, 0.0, 0.03004764278867415, 0.9995484676406864
Time, 0.032, Pos_X, -0.00019429899586000004, Pos_Y, 0.000142227919294331, Pos_Z, -0.0003587259400659258, BFx, 1.0, 0.0, 0.0,                             BFy, 0.0, 0.9994884704879852, -0.03198120325421994, BFz, 0.0, 0.03198120325421995, 0.9994884704879852
Time, 0.034, Pos_X, -0.00021992424876000007, Pos_Y, 0.0001635096281124609, Pos_Z, -0.000407953333703624, BFx, 1.0, 0.0, 0.0,                             BFy, 0.0, 0.9994247567406147, -0.033913944240718176, BFz, 0.0, 0.033913944240718176, 0.9994247567406147
Time, 0.036, Pos_X, -0.0002476322484, Pos_Y, 0.00018700278837026674, Pos_Z, -0.0004608870484511569, BFx, 1.0, 0.0, 0.0,                             BFy, 0.0, 0.9993573058187629, -0.0358465522283943, BFz, 0.0, 0.03584655222839431, 0.9993573058187629
Time, 0.038, Pos_X, -0.00027759237244000007, Pos_Y, 0.00021290219300846612, Pos_Z, -0.0005176557770330538, BFx, 1.0, 0.0, 0.0,                             BFy, 0.0, 0.999286094257116, -0.03777964828261272, BFz, 0.0, 0.037779648282612724, 0.999286094257116
Time, 0.04, Pos_X, -0.0003099895912800001, Pos_Y, 0.00024141336252519614, Pos_Z, -0.0005783967680899677, BFx, 1.0, 0.0, 0.0,                             BFy, 0.0, 0.999211088740681, -0.0397139791214949, BFz, 0.0, 0.03971397912149491, 0.999211088740681
Time, 0.042, Pos_X, -0.00034502218432000013, Pos_Y, 0.00027275002770984336, Pos_Z, -0.0006432552845017688, BFx, 1.0, 0.0, 0.0,                             BFy, 0.0, 0.9991322398475733, -0.04165053777768402, BFz, 0.0, 0.04165053777768402, 0.9991322398475735
Time, 0.044, Pos_X, -0.00038289894696000006, Pos_Y, 0.0003071313897147466, Pos_Z, -0.0007123835287965289, BFx, 1.0, 0.0, 0.0,                             BFy, 0.0, 0.9990494870114853, -0.0435903946080663, BFz, 0.0, 0.043590394608066296, 0.9990494870114854
Time, 0.046, Pos_X, -0.0004238358899000001, Pos_Y, 0.00034477908175221966, Pos_Z, -0.000785939252310335, BFx, 1.0, 0.0, 0.0,                             BFy, 0.0, 0.998962765566138, -0.04553452549936134, BFz, 0.0, 0.04553452549936134, 0.9989627655661381
Time, 0.048, Pos_X, -0.0004680523343400002, Pos_Y, 0.00038591357305565316, Pos_Z, -0.0008640844479780641, BFx, 1.0, 0.0, 0.0,                             BFy, 0.0, 0.9988720311148123, -0.04748331766598241, BFz, 0.0, 0.047483317665982405, 0.9988720311148123
Time, 0.05, Pos_X, -0.0005157664773800002, Pos_Y, 0.00043075064683478873, Pos_Z, -0.0009469842588697751, BFx, 1.0, 0.0, 0.0,                             BFy, 0.0, 0.9987772904719342, -0.04943606009322081, BFz, 0.0, 0.04943606009322079, 0.9987772904719343
Time, 0.052, Pos_X, -0.0005671906712200001, Pos_Y, 0.00047949789773872657, Pos_Z, -0.0010348056864454712, BFx, 1.0, 0.0, 0.0,                             BFy, 0.0, 0.9986786268320716, -0.051390663634619374, BFz, 0.0, 0.05139066363461935, 0.9986786268320719
Time, 0.054, Pos_X, -0.0006225264556600002, Pos_Y, 0.0005323513256894644, Pos_Z, -0.0011277160796435133, BFx, 1.0, 0.0, 0.0,                             BFy, 0.0, 0.9985762207168183, -0.05334352274564616, BFz, 0.0, 0.05334352274564614, 0.9985762207168184
Time, 0.056, Pos_X, -0.0006819596187000002, Pos_Y, 0.0005894926006940809, Pos_Z, -0.0012258831748367816, BFx, 1.0, 0.0, 0.0,                             BFy, 0.0, 0.998470366280737, -0.055289489590791295, BFz, 0.0, 0.05528948959079126, 0.9984703662807372
Time, 0.058, Pos_X, -0.0007456556959400003, Pos_Y, 0.0006510859903628006, Pos_Z, -0.0013294733435899036, BFx, 1.0, 0.0, 0.0,                             BFy, 0.0, 0.9983614696625543, -0.057222162605269127, BFz, 0.0, 0.05722216260526909, 0.9983614696625545
Time, 0.06, Pos_X, -0.0008137554285800001, Pos_Y, 0.0007172750468790544, Pos_Z, -0.0014386481233370609, BFx, 1.0, 0.0, 0.0,                             BFy, 0.0, 0.9982500292554689, -0.059134415457116285, BFz, 0.0, 0.05913441545711626, 0.9982500292554689
Time, 0.062, Pos_X, -0.0008863707368200002, Pos_Y, 0.0007881802031533355, Pos_Z, -0.0015535627686843062, BFx, 1.0, 0.0, 0.0,                             BFy, 0.0, 0.9981366047028427, -0.06101899992855494, BFz, 0.0, 0.06101899992855491, 0.9981366047028426
Time, 0.064, Pos_X, -0.0009635813612600004, Pos_Y, 0.0008638969054689458, Pos_Z, -0.0016743650001461393, BFx, 1.0, 0.0, 0.0,                             BFy, 0.0, 0.9980217835760261, -0.06286906638186597, BFz, 0.0, 0.06286906638186594, 0.9980217835760259
Time, 0.066, Pos_X, -0.0010454321575000005, Pos_Y, 0.0009444946490197616, Pos_Z, -0.0018011936951528584, BFx, 1.0, 0.0, 0.0,                             BFy, 0.0, 0.9979061544407656, -0.06467848892207355, BFz, 0.0, 0.06467848892207351, 0.9979061544407655
Time, 0.068, Pos_X, -0.0011319312609400006, Pos_Y, 0.0010300170913924219, Pos_Z, -0.0019341773874903673, BFx, 1.0, 0.0, 0.0,                             BFy, 0.0, 0.9977902895513121, -0.06644199031567798, BFz, 0.0, 0.06644199031567795, 0.9977902895513119
Time, 0.07, Pos_X, -0.0012230490515800006, Pos_Y, 0.0011204827324508405, Pos_Z, -0.0020734329073443148, BFx, 1.0, 0.0, 0.0,                             BFy, 0.0, 0.9976747427593496, -0.06815502666763121, BFz, 0.0, 0.0681550266676312, 0.9976747427593494
Time, 0.072, Pos_X, -0.0013187186298200002, Pos_Y, 0.0012158864248155256, Pos_Z, -0.002219065033569417, BFx, 1.0, 0.0, 0.0,                             BFy, 0.0, 0.9975600373370096, -0.06981383751223148, BFz, 0.0, 0.06981383751223146, 0.9975600373370093
Time, 0.074, Pos_X, -0.0014188378250600002, Pos_Y, 0.0013162013856053616, Pos_Z, -0.0023711661821140106, BFx, 1.0, 0.0, 0.0,                             BFy, 0.0, 0.9974466699623232, -0.07141526854302638, BFz, 0.0, 0.07141526854302634, 0.9974466699623228
Time, 0.076, Pos_X, -0.0015232712965000002, Pos_Y, 0.0014213811910498881, Pos_Z, -0.0025298155280876365, BFx, 1.0, 0.0, 0.0,                             BFy, 0.0, 0.9973351142008169, -0.07295663082985746, BFz, 0.0, 0.07295663082985741, 0.9973351142008164
Time, 0.078, Pos_X, -0.0016318525793400003, Pos_Y, 0.001531362142942258, Pos_Z, -0.0026950780304187214, BFx, 1.0, 0.0, 0.0,                             BFy, 0.0, 0.9972258036461088, -0.07443585522026912, BFz, 0.0, 0.07443585522026908, 0.9972258036461085
Time, 0.08, Pos_X, -0.0017443871265800004, Pos_Y, 0.0016460663038171828, Pos_Z, -0.002867004046415361, BFx, 1.0, 0.0, 0.0,                             BFy, 0.0, 0.9971191205527457, -0.07585156180408706, BFz, 0.0, 0.075851561804087, 0.9971191205527453
Time, 0.082, Pos_X, -0.0018606574078200006, Pos_Y, 0.0017654062696958667, Pos_Z, -0.0030456296781629475, BFx, 1.0, 0.0, 0.0,                             BFy, 0.0, 0.9970153831846085, -0.07720314561757682, BFz, 0.0, 0.07720314561757677, 0.9970153831846081
Time, 0.084, Pos_X, -0.0019804299403800006, Pos_Y, 0.001889290841491528, Pos_Z, -0.003230976893646548, BFx, 1.0, 0.0, 0.0,                             BFy, 0.0, 0.9969148439706176, -0.07849072474528475, BFz, 0.0, 0.0784907247452847, 0.996914843970617
Time, 0.086, Pos_X, -0.00210346205474, Pos_Y, 0.0020176295340453756, Pos_Z, -0.0034230534560304926, BFx, 1.0, 0.0, 0.0,                             BFy, 0.0, 0.9968176441088011, -0.0797156471050723, BFz, 0.0, 0.07971564710507227, 0.9968176441088006
Time, 0.088, Pos_X, -0.0022295075041799998, Pos_Y, 0.002150335896308906, Pos_Z, -0.003621852135433147, BFx, 1.0, 0.0, 0.0,                             BFy, 0.0, 0.9967238690596087, -0.08087971838999353, BFz, 0.0, 0.0808797183899935, 0.9967238690596083
Time, 0.09, Pos_X, -0.0023583213358999997, Pos_Y, 0.002287330387540093, Pos_Z, -0.0038273490440349565, BFx, 1.0, 0.0, 0.0,                             BFy, 0.0, 0.9966335218326832, -0.08198550578841848, BFz, 0.0, 0.08198550578841847, 0.9966335218326828
Time, 0.092, Pos_X, -0.0024896655467999997, Pos_Y, 0.0024285445402358148, Pos_Z, -0.004039502996307892, BFx, 1.0, 0.0, 0.0,                             BFy, 0.0, 0.9965465173724993, -0.08303636981915444, BFz, 0.0, 0.08303636981915442, 0.996546517372499
Time, 0.094, Pos_X, -0.0026233178638999997, Pos_Y, 0.0025739266056845874, Pos_Z, -0.004258256120796335, BFx, 1.0, 0.0, 0.0,                             BFy, 0.0, 0.9964626927869789, -0.08403631288748838, BFz, 0.0, 0.08403631288748836, 0.9964626927869785
Time, 0.096, Pos_X, -0.0027590801091, Pos_Y, 0.0027234464202250527, Pos_Z, -0.00448353445335462, BFx, 1.0, 0.0, 0.0,                             BFy, 0.0, 0.9963818133760197, -0.08498989336101015, BFz, 0.0, 0.08498989336101014, 0.9963818133760194
Time, 0.098, Pos_X, -0.0028967819880400003, Pos_Y, 0.0028770977723049382, Pos_Z, -0.004715249047059412, BFx, 1.0, 0.0, 0.0,                             BFy, 0.0, 0.9963035728156825, -0.08590221647144722, BFz, 0.0, 0.08590221647144719, 0.996303572815682
Time, 0.1, Pos_X, -0.0030362852527200004, Pos_Y, 0.0030349003912402985, Pos_Z, -0.0049532980130115615, BFx, 1.0, 0.0, 0.0,                             BFy, 0.0, 0.9962276024870225, -0.0867788225488268, BFz, 0.0, 0.08677882254882677, 0.9962276024870218
Time, 0.102, Pos_X, -0.0031774900144599994, Pos_Y, 0.0031969027406423276, Pos_Z, -0.005197566283333313, BFx, 1.0, 0.0, 0.0,                             BFy, 0.0, 0.9961534828842983, -0.08762555869998058, BFz, 0.0, 0.08762555869998055, 0.9961534828842976
Time, 0.104, Pos_X, -0.0033203386193599994, Pos_Y, 0.0033631833278986796, Pos_Z, -0.005447924162826883, BFx, 1.0, 0.0, 0.0,                             BFy, 0.0, 0.9960807800088287, -0.08844817520449645, BFz, 0.0, 0.08844817520449642, 0.996080780008828
Time, 0.106, Pos_X, -0.0034648175951599997, Pos_Y, 0.003533850362766363, Pos_Z, -0.00570422685868204, BFx, 1.0, 0.0, 0.0,                             BFy, 0.0, 0.9960090889903048, -0.08925186075766317, BFz, 0.0, 0.08925186075766313, 0.9960090889903039
Time, 0.108, Pos_X, -0.0036109606756, Pos_Y, 0.0037090420349396506, Pos_Z, -0.005966309674548101, BFx, 1.0, 0.0, 0.0,                             BFy, 0.0, 0.9959380678580259, -0.09004090732119872, BFz, 0.0, 0.09004090732119867, 0.9959380678580251
Time, 0.11, Pos_X, -0.00375885097632, Pos_Y, 0.003888928596618246, Pos_Z, -0.006233986659312709, BFx, 1.0, 0.0, 0.0,                             BFy, 0.0, 0.9958674669665362, -0.09081843556050445, BFz, 0.0, 0.0908184355605044, 0.9958674669665353
Time, 0.112, Pos_X, -0.00390861993688, Pos_Y, 0.00407371193254713, Pos_Z, -0.006507062750414268, BFx, 1.0, 0.0, 0.0,                             BFy, 0.0, 0.9957971571166618, -0.09158614457644035, BFz, 0.0, 0.09158614457644029, 0.995797157116661
Time, 0.114, Pos_X, -0.0040604476730400005, Pos_Y, 0.004263622165487464, Pos_Z, -0.006785337301032789, BFx, 1.0, 0.0, 0.0,                             BFy, 0.0, 0.9957271595473797, -0.09234405091671852, BFz, 0.0, 0.09234405091671846, 0.9957271595473789
Time, 0.116, Pos_X, -0.004214562534900001, Pos_Y, 0.004458915052226723, Pos_Z, -0.00706860019705303, BFx, 1.0, 0.0, 0.0,                             BFy, 0.0, 0.9956576721217262, -0.09309027846745195, BFz, 0.0, 0.09309027846745191, 0.9956576721217254
Time, 0.118, Pos_X, -0.0043712370640599995, Pos_Y, 0.0046598700510590875, Pos_Z, -0.007356635596583668, BFx, 1.0, 0.0, 0.0,                             BFy, 0.0, 0.9955890903775955, -0.09382090982885684, BFz, 0.0, 0.09382090982885682, 0.9955890903775947
Time, 0.12, Pos_X, -0.00453078410992, Pos_Y, 0.004866786781400559, Pos_Z, -0.007649225209514918, BFx, 1.0, 0.0, 0.0,                             BFy, 0.0, 0.9955220047759118, -0.09453009048420191, BFz, 0.0, 0.09453009048420188, 0.995522004775911
Time, 0.122, Pos_X, -0.00469355226134, Pos_Y, 0.005079979807375055, Pos_Z, -0.007946151221564229, BFx, 1.0, 0.0, 0.0,                             BFy, 0.0, 0.9954571886568525, -0.09521021768380332, BFz, 0.0, 0.09521021768380328, 0.9954571886568518
Time, 0.124, Pos_X, -0.00485992115822, Pos_Y, 0.005299774550163625, Pos_Z, -0.008247198093542537, BFx, 1.0, 0.0, 0.0,                             BFy, 0.0, 0.9953955822029289, -0.095852151415052, BFz, 0.0, 0.09585215141505198, 0.9953955822029282
Time, 0.126, Pos_X, -0.0050302966929000005, Pos_Y, 0.005526504702021829, Pos_Z, -0.008552153393895938, BFx, 1.0, 0.0, 0.0,                             BFy, 0.0, 0.9953382676115472, -0.0964454925232157, BFz, 0.0, 0.09644549252321569, 0.9953382676115466
Time, 0.128, Pos_X, -0.005205105778580001, Pos_Y, 0.005760510974319808, Pos_Z, -0.008860813425880586, BFx, 1.0, 0.0, 0.0,                             BFy, 0.0, 0.9952864096189356, -0.096979187601514, BFz, 0.0, 0.09697918760151399, 0.9952864096189352
Time, 0.13, Pos_X, -0.0053847923518600006, Pos_Y, 0.006002139194971306, Pos_Z, -0.009172986634334062, BFx, 1.0, 0.0, 0.0,                             BFy, 0.0, 0.9952412061283136, -0.09744199107294996, BFz, 0.0, 0.09744199107294994, 0.9952412061283133
Time, 0.132, Pos_X, -0.005569812252940001, Pos_Y, 0.006251737646937628, Pos_Z, -0.00948848921492597, BFx, 1.0, 0.0, 0.0,                             BFy, 0.0, 0.9952038295080995, -0.09782299183941813, BFz, 0.0, 0.09782299183941813, 0.9952038295080993
Time, 0.134, Pos_X, -0.005760624548220001, Pos_Y, 0.006509653290439004, Pos_Z, -0.009807146828653798, BFx, 1.0, 0.0, 0.0,                             BFy, 0.0, 0.9951753546173856, -0.09811224980685165, BFz, 0.0, 0.09811224980685164, 0.9951753546173854
Time, 0.136, Pos_X, -0.005957682827100002, Pos_Y, 0.006776225817983162, Pos_Z, -0.010128799711456955, BFx, 1.0, 0.0, 0.0,                             BFy, 0.0, 0.9951567184243659, -0.09830109752616474, BFz, 0.0, 0.09830109752616473, 0.9951567184243658
Time, 0.138, Pos_X, -0.006161428575580002, Pos_Y, 0.007051781670113362, Pos_Z, -0.010453304609153138, BFx, 1.0, 0.0, 0.0,                             BFy, 0.0, 0.9951486688008304, -0.09838255426617322, BFz, 0.0, 0.0983825542661732, 0.9951486688008303
Time, 0.14, Pos_X, -0.006372284876860002, Pos_Y, 0.0073366294062322404, Pos_Z, -0.010780537810470099, BFx, 1.0, 0.0, 0.0,                             BFy, 0.0, 0.9951516135307389, -0.09835276349533167, BFz, 0.0, 0.09835276349533166, 0.9951516135307388
Time, 0.142, Pos_X, -0.006590649957539999, Pos_Y, 0.007631056949292092, Pos_Z, -0.011110398407535188, BFx, 1.0, 0.0, 0.0,                             BFy, 0.0, 0.9951656460256965, -0.09821067645760341, BFz, 0.0, 0.0982106764576034, 0.9951656460256962
Time, 0.144, Pos_X, -0.006816891170619999, Pos_Y, 0.00793533003353254, Pos_Z, -0.011442811871709223, BFx, 1.0, 0.0, 0.0,                             BFy, 0.0, 0.9951905817693749, -0.09795767431669114, BFz, 0.0, 0.09795767431669113, 0.9951905817693745
Time, 0.146, Pos_X, -0.0070513393600999995, Pos_Y, 0.008249690781406688, Pos_Z, -0.011777733254363166, BFx, 1.0, 0.0, 0.0,                             BFy, 0.0, 0.9952259184842491, -0.09759800805951092, BFz, 0.0, 0.09759800805951092, 0.9952259184842486
Time, 0.148, Pos_X, -0.00729428370298, Pos_Y, 0.008574356210689664, Pos_Z, -0.012115149365166816, BFx, 1.0, 0.0, 0.0,                             BFy, 0.0, 0.9952708753958177, -0.0971384815036978, BFz, 0.0, 0.0971384815036978, 0.9952708753958172
Time, 0.15, Pos_X, -0.007545966399660001, Pos_Y, 0.008909516632344414, Pos_Z, -0.012455080722187118, BFx, 1.0, 0.0, 0.0,                             BFy, 0.0, 0.9953244128431908, -0.09658836989182161, BFz, 0.0, 0.09658836989182161, 0.9953244128431902
Time, 0.152, Pos_X, -0.007806577659540001, Pos_Y, 0.00925533436815217, Pos_Z, -0.012797582145275094, BFx, 1.0, 0.0, 0.0,                             BFy, 0.0, 0.9953852802826014, -0.09595907355080312, BFz, 0.0, 0.09595907355080313, 0.995385280282601
Time, 0.154, Pos_X, -0.008076251811820001, Pos_Y, 0.009611942349029488, Pos_Z, -0.013142740347887661, BFx, 1.0, 0.0, 0.0,                             BFy, 0.0, 0.9954520647431203, -0.09526377484993738, BFz, 0.0, 0.0952637748499374, 0.99545206474312
Time, 0.156, Pos_X, -0.008355064316900002, Pos_Y, 0.009979442162837665, Pos_Z, -0.013490669762827678, BFx, 1.0, 0.0, 0.0,                             BFy, 0.0, 0.9955232242319069, -0.09451724718224305, BFz, 0.0, 0.09451724718224307, 0.9955232242319066
Time, 0.158, Pos_X, -0.008643030603180002, Pos_Y, 0.010357902956987236, Pos_Z, -0.013841507235909248, BFx, 1.0, 0.0, 0.0,                             BFy, 0.0, 0.9955971441348543, -0.09373540734707644, BFz, 0.0, 0.09373540734707646, 0.9955971441348542
Time, 0.16, Pos_X, -0.008940105626260002, Pos_Y, 0.010747360719304176, Pos_Z, -0.014195405541207224, BFx, 1.0, 0.0, 0.0,                             BFy, 0.0, 0.9956722922626114, -0.09293377438002365, BFz, 0.0, 0.09293377438002365, 0.9956722922626113
Time, 0.162, Pos_X, -0.009246182380140003, Pos_Y, 0.011147816775230737, Pos_Z, -0.01455252578232339, BFx, 1.0, 0.0, 0.0,                             BFy, 0.0, 0.9957472676295378, -0.09212697220852235, BFz, 0.0, 0.09212697220852234, 0.9957472676295377
Time, 0.164, Pos_X, -0.009561091328020004, Pos_Y, 0.011559236708394911, Pos_Z, -0.014913030014577855, BFx, 1.0, 0.0, 0.0,                             BFy, 0.0, 0.9958209135145363, -0.09132747783156399, BFz, 0.0, 0.09132747783156396, 0.9958209135145362
Time, 0.166, Pos_X, -0.009884602625900005, Pos_Y, 0.01198155110936314, Pos_Z, -0.015277074723468084, BFx, 1.0, 0.0, 0.0,                             BFy, 0.0, 0.9958924571081311, -0.09054398861950724, BFz, 0.0, 0.0905439886195072, 0.995892457108131
Time, 0.168, Pos_X, -0.010216428958180005, Pos_Y, 0.012414657132950415, Pos_Z, -0.015644803569744844, BFx, 1.0, 0.0, 0.0,                             BFy, 0.0, 0.9959615620215149, -0.08978066036549553, BFz, 0.0, 0.08978066036549551, 0.9959615620215146
Time, 0.17, Pos_X, -0.010556227216660006, Pos_Y, 0.012858419617693408, Pos_Z, -0.01601634003282809, BFx, 1.0, 0.0, 0.0,                             BFy, 0.0, 0.9960283533519054, -0.08903661785519519, BFz, 0.0, 0.08903661785519518, 0.9960283533519052
Time, 0.172, Pos_X, -0.010903600891340001, Pos_Y, 0.013312672581734753, Pos_Z, -0.016391781551625358, BFx, 1.0, 0.0, 0.0,                             BFy, 0.0, 0.9960933789938862, -0.0883061737623262, BFz, 0.0, 0.08830617376232618, 0.9960933789938861
Time, 0.174, Pos_X, -0.011258101253620001, Pos_Y, 0.013777219597139366, Pos_Z, -0.01677119479651608, BFx, 1.0, 0.0, 0.0,                             BFy, 0.0, 0.9961575237014468, -0.08757960934487637, BFz, 0.0, 0.08757960934487635, 0.9961575237014467
Time, 0.176, Pos_X, -0.011619228876900001, Pos_Y, 0.014251833896046095, Pos_Z, -0.0171546128412289, BFx, 1.0, 0.0, 0.0,                             BFy, 0.0, 0.9962218659959567, -0.08684465275153146, BFz, 0.0, 0.08684465275153144, 0.9962218659959565
Time, 0.178, Pos_X, -0.01198643823378, Pos_Y, 0.014736260789808069, Pos_Z, -0.017542032331616355, BFx, 1.0, 0.0, 0.0,                             BFy, 0.0, 0.9962874737258345, -0.08608873153319713, BFz, 0.0, 0.08608873153319713, 0.9962874737258344
Time, 0.18, Pos_X, -0.012359142190860001, Pos_Y, 0.015230221094035228, Pos_Z, -0.01793340970230901, BFx, 1.0, 0.0, 0.0,                             BFy, 0.0, 0.9963552219734586, -0.085301064742596, BFz, 0.0, 0.08530106474259601, 0.9963552219734584
Time, 0.182, Pos_X, -0.012736716184540002, Pos_Y, 0.015733414726599226, Pos_Z, -0.01832865925739616, BFx, 1.0, 0.0, 0.0,                             BFy, 0.0, 0.9964256519572975, -0.08447437553172572, BFz, 0.0, 0.08447437553172574, 0.9964256519572974
Time, 0.184, Pos_X, -0.013118503134340003, Pos_Y, 0.016245524394424705, Pos_Z, -0.018727653326443987, BFx, 1.0, 0.0, 0.0,                             BFy, 0.0, 0.9964988774168084, -0.08360614395510295, BFz, 0.0, 0.08360614395510296, 0.9964988774168083
Time, 0.186, Pos_X, -0.013503819844260002, Pos_Y, 0.016766219652302093, Pos_Z, -0.01913022337148456, BFx, 1.0, 0.0, 0.0,                             BFy, 0.0, 0.9965745772321655, -0.08269892390189647, BFz, 0.0, 0.08269892390189647, 0.9965745772321654
Time, 0.188, Pos_X, -0.013891964254980002, Pos_Y, 0.017295161137182113, Pos_Z, -0.01953616186857395, BFx, 1.0, 0.0, 0.0,                             BFy, 0.0, 0.9966520624339056, -0.08175980948022891, BFz, 0.0, 0.0817598094802289, 0.9966520624339056
Time, 0.19, Pos_X, -0.014282222153100002, Pos_Y, 0.01783200459989245, Pos_Z, -0.019945225678568997, BFx, 1.0, 0.0, 0.0,                             BFy, 0.0, 0.9967304021354884, -0.0807991674389559, BFz, 0.0, 0.08079916743895592, 0.9967304021354884
Time, 0.192, Pos_X, -0.014673873678220003, Pos_Y, 0.01837640396279437, Pos_Z, -0.020357140380483897, BFx, 1.0, 0.0, 0.0,                             BFy, 0.0, 0.9968086050058842, -0.0798285975463939, BFz, 0.0, 0.07982859754639393, 0.9968086050058841
Time, 0.194, Pos_X, -0.015066199485748003, Pos_Y, 0.018928015106601283, Pos_Z, -0.020771605007227353, BFx, 1.0, 0.0, 0.0,                             BFy, 0.0, 0.9968858354798226, -0.07885829708849483, BFz, 0.0, 0.07885829708849486, 0.9968858354798225
Time, 0.196, Pos_X, -0.015458487079304004, Pos_Y, 0.01948650152170245, Pos_Z, -0.02118829723128289, BFx, 1.0, 0.0, 0.0,                             BFy, 0.0, 0.9969614866386275, -0.07789604713526116, BFz, 0.0, 0.0778960471352612, 0.9969614866386274
Time, 0.198, Pos_X, -0.015850037901740006, Pos_Y, 0.020051540324487114, Pos_Z, -0.021606879072353254, BFx, 1.0, 0.0, 0.0,                             BFy, 0.0, 0.9970352470937721, -0.07694618933164972, BFz, 0.0, 0.07694618933164976, 0.9970352470937719
Time, 0.2, Pos_X, -0.016240175683636008, Pos_Y, 0.020622828352464217, Pos_Z, -0.022027002773927336, BFx, 1.0, 0.0, 0.0,                             BFy, 0.0, 0.9971071583681794, -0.0760086490534816, BFz, 0.0, 0.07600864905348166, 0.9971071583681794
Time, 0.202, Pos_X, -0.01662825530193201, Pos_Y, 0.02120008724012842, Pos_Z, -0.022448315750626505, BFx, 1.0, 0.0, 0.0,                             BFy, 0.0, 0.9971775595956731, -0.07507938890813275, BFz, 0.0, 0.0750793889081328, 0.997177559595673
Time, 0.204, Pos_X, -0.017013670449428003, Pos_Y, 0.021783067208947154, Pos_Z, -0.022870464674640885, BFx, 1.0, 0.0, 0.0,                             BFy, 0.0, 0.9972470051188015, -0.07415126958847222, BFz, 0.0, 0.07415126958847228, 0.9972470051188014
Time, 0.206, Pos_X, -0.017395862900524004, Pos_Y, 0.022371551693648076, Pos_Z, -0.023293100769752568, BFx, 1.0, 0.0, 0.0,                             BFy, 0.0, 0.9973161551890146, -0.07321534401341209, BFz, 0.0, 0.07321534401341213, 0.9973161551890145
Time, 0.208, Pos_X, -0.017774331286420003, Pos_Y, 0.022965360974888556, Pos_Z, -0.023715884486825496, BFx, 1.0, 0.0, 0.0,                             BFy, 0.0, 0.9973856684779011, -0.07226221913898649, BFz, 0.0, 0.07226221913898653, 0.997385668477901
Time, 0.21, Pos_X, -0.018148637098516003, Pos_Y, 0.02356435320546516, Pos_Z, -0.024138485834652872, BFx, 1.0, 0.0, 0.0,                             BFy, 0.0, 0.9974561005646712, -0.07128343037706117, BFz, 0.0, 0.07128343037706121, 0.9974561005646712
Time, 0.212, Pos_X, -0.018518409236212004, Pos_Y, 0.02416842380408618, Pos_Z, -0.02456058736329126, BFx, 1.0, 0.0, 0.0,                             BFy, 0.0, 0.9975278438667856, -0.07027233246792247, BFz, 0.0, 0.07027233246792253, 0.9975278438667856
Time, 0.214, Pos_X, -0.018883350663508006, Pos_Y, 0.024777507262821814, Pos_Z, -0.024981889748902655, BFx, 1.0, 0.0, 0.0,                             BFy, 0.0, 0.9976010796493215, -0.06922489351749128, BFz, 0.0, 0.06922489351749134, 0.9976010796493215
Time, 0.216, Pos_X, -0.019243245836404008, Pos_Y, 0.025391581318341575, Pos_Z, -0.025402113289606093, BFx, 1.0, 0.0, 0.0,                             BFy, 0.0, 0.997675864994846, -0.06813859704151502, BFz, 0.0, 0.06813859704151508, 0.9976758649948458
Time, 0.218, Pos_X, -0.019597961173300007, Pos_Y, 0.02601066646814171, Pos_Z, -0.025821002032511108, BFx, 1.0, 0.0, 0.0,                             BFy, 0.0, 0.9977521685490433, -0.0670120150098603, BFz, 0.0, 0.06701201500986034, 0.9977521685490431
Time, 0.22, Pos_X, -0.019947443880596008, Pos_Y, 0.026634823072548636, Pos_Z, -0.026238323983032472, BFx, 1.0, 0.0, 0.0,                             BFy, 0.0, 0.9978299127057522, -0.06584425039159529, BFz, 0.0, 0.06584425039159533, 0.997829912705752
Time, 0.222, Pos_X, -0.02029172685649201, Pos_Y, 0.027264153927603178, Pos_Z, -0.026653859632967968, BFx, 1.0, 0.0, 0.0,                             BFy, 0.0, 0.997909061384087, -0.0646336228872423, BFz, 0.0, 0.06463362288724234, 0.9979090613840869
Time, 0.224, Pos_X, -0.02063093091098801, Pos_Y, 0.027898807388741443, Pos_Z, -0.027067402953011716, BFx, 1.0, 0.0, 0.0,                             BFy, 0.0, 0.997989685866916, -0.063376548527463, BFz, 0.0, 0.06337654852746305, 0.9979896858669159
Time, 0.226, Pos_X, -0.02096526171848401, Pos_Y, 0.028538974136009643, Pos_Z, -0.027478768223552073, BFx, 1.0, 0.0, 0.0,                             BFy, 0.0, 0.998072002905598, -0.06206671423563159, BFz, 0.0, 0.06206671423563164, 0.9980720029055978
Time, 0.228, Pos_X, -0.021295006939780012, Pos_Y, 0.029184880696215432, Pos_Z, -0.02788778562549446, BFx, 1.0, 0.0, 0.0,                             BFy, 0.0, 0.9981563830267577, -0.06069460456202128, BFz, 0.0, 0.06069460456202134, 0.9981563830267575
Time, 0.23, Pos_X, -0.021620533266476012, Pos_Y, 0.029836783782082942, Pos_Z, -0.02829429819523047, BFx, 1.0, 0.0, 0.0,                             BFy, 0.0, 0.998243315036049, -0.059247649622909765, BFz, 0.0, 0.05924764962290983, 0.9982433150360487
Time, 0.232, Pos_X, -0.021942282515972012, Pos_Y, 0.03049496548652403, Pos_Z, -0.02869815803565686, BFx, 1.0, 0.0, 0.0,                             BFy, 0.0, 0.9983333451473371, -0.05771076127489202, BFz, 0.0, 0.05771076127489208, 0.9983333451473367
Time, 0.234, Pos_X, -0.022260762942668013, Pos_Y, 0.031159725011090992, Pos_Z, -0.029099221093703116, BFx, 1.0, 0.0, 0.0,                             BFy, 0.0, 0.9984269734982427, -0.05606762516050803, BFz, 0.0, 0.056067625160508096, 0.9984269734982423
Time, 0.236, Pos_X, -0.02257653810256401, Pos_Y, 0.03183136852636336, Pos_Z, -0.029497346448928322, BFx, 1.0, 0.0, 0.0,                             BFy, 0.0, 0.9985245280217905, -0.05430255002171144, BFz, 0.0, 0.054302550021711506, 0.9985245280217899
Time, 0.238, Pos_X, -0.02289021889192001, Pos_Y, 0.03251020108468002, Pos_Z, -0.029892391071607637, BFx, 1.0, 0.0, 0.0,                             BFy, 0.0, 0.9986260654625724, -0.05240211234999658, BFz, 0.0, 0.05240211234999666, 0.9986260654625718
Time, 0.24, Pos_X, -0.023202453953336012, Pos_Y, 0.03319651906866486, Pos_Z, -0.03028420475634869, BFx, 1.0, 0.0, 0.0,                             BFy, 0.0, 0.9987312687797079, -0.05035725133160841, BFz, 0.0, 0.05035725133160849, 0.9987312687797072
Time, 0.242, Pos_X, -0.023513917161432012, Pos_Y, 0.03389060153359058, Pos_Z, -0.030672635414554325, BFx, 1.0, 0.0, 0.0,                             BFy, 0.0, 0.998839388636399, -0.04816508806661178, BFz, 0.0, 0.04816508806661186, 0.9988393886363983
Time, 0.244, Pos_X, -0.023825300409548014, Pos_Y, 0.034592705205166205, Pos_Z, -0.03105752677955754, BFx, 1.0, 0.0, 0.0,                             BFy, 0.0, 0.9989492389273678, -0.04583031798310587, BFz, 0.0, 0.045830317983105946, 0.9989492389273671
Time, 0.246, Pos_X, -0.024137305542124014, Pos_Y, 0.03530306199016738, Pos_Z, -0.03143871107649067, BFx, 1.0, 0.0, 0.0,                             BFy, 0.0, 0.9990592469615847, -0.043366128032734985, BFz, 0.0, 0.043366128032735055, 0.999059246961584
Time, 0.248, Pos_X, -0.024450630503420015, Pos_Y, 0.03602187421981226, Pos_Z, -0.03181600871749682, BFx, 1.0, 0.0, 0.0,                             BFy, 0.0, 0.9991675568665663, -0.04079452543292355, BFz, 0.0, 0.040794525432923605, 0.9991675568665657
Time, 0.25, Pos_X, -0.024765957027916015, Pos_Y, 0.036749309290856146, Pos_Z, -0.03218922825291744, BFx, 1.0, 0.0, 0.0,                             BFy, 0.0, 0.9992721666635686, -0.03814625710994432, BFz, 0.0, 0.03814625710994437, 0.999272166663568
Time, 0.252, Pos_X, -0.025083940513532015, Pos_Y, 0.03748549430765823, Pos_Z, -0.032558165108093305, BFx, 1.0, 0.0, 0.0,                             BFy, 0.0, 0.9993711124998738, -0.03545954738522791, BFz, 0.0, 0.03545954738522796, 0.9993711124998732
Time, 0.254, Pos_X, -0.025405198634268013, Pos_Y, 0.03823050971406605, Pos_Z, -0.03292260241855202, BFx, 1.0, 0.0, 0.0,                             BFy, 0.0, 0.9994626609508168, -0.0327778792040189, BFz, 0.0, 0.032777879204018964, 0.9994626609508162
Time, 0.256, Pos_X, -0.025730300013804015, Pos_Y, 0.03898438421121961, Pos_Z, -0.03328231367387629, BFx, 1.0, 0.0, 0.0,                             BFy, 0.0, 0.9995454779763141, -0.030146931139046748, BFz, 0.0, 0.030146931139046814, 0.9995454779763137
Time, 0.258, Pos_X, -0.026059754967940014, Pos_Y, 0.03974709217716628, Pos_Z, -0.03363706715997492, BFx, 1.0, 0.0, 0.0,                             BFy, 0.0, 0.9996187336285167, -0.027611363220996922, BFz, 0.0, 0.027611363220996988, 0.999618733628516
Time, 0.26, Pos_X, -0.026394008826876016, Pos_Y, 0.04051855308293896, Pos_Z, -0.03398663237678063, BFx, 1.0, 0.0, 0.0,                             BFy, 0.0, 0.9996821362418057, -0.025211633803087784, BFz, 0.0, 0.02521163380308785, 0.999682136241805
Time, 0.262, Pos_X, -0.026733439002612016, Pos_Y, 0.04129863375674542, Pos_Z, -0.03433078740672928, BFx, 1.0, 0.0, 0.0,                             BFy, 0.0, 0.9997359148575993, -0.02298043828651295, BFz, 0.0, 0.02298043828651302, 0.9997359148575986
Time, 0.264, Pos_X, -0.027078353180948016, Pos_Y, 0.042087152562693034, Pos_Z, -0.03466932857775095, BFx, 1.0, 0.0, 0.0,                             BFy, 0.0, 0.9997807454226088, -0.02093946231911832, BFz, 0.0, 0.02093946231911839, 0.9997807454226082
Time, 0.266, Pos_X, -0.027428986209284016, Pos_Y, 0.04288388449031809, Pos_Z, -0.03500207863541357, BFx, 1.0, 0.0, 0.0,                             BFy, 0.0, 0.9998176172599077, -0.019097963679976036, BFz, 0.0, 0.019097963679976106, 0.9998176172599071
Time, 0.268, Pos_X, -0.027785497342020016, Pos_Y, 0.04368856650736294, Pos_Z, -0.03532888900582638, BFx, 1.0, 0.0, 0.0,                             BFy, 0.0, 0.9998477027981626, -0.017451968635028063, BFz, 0.0, 0.017451968635028133, 0.999847702798162
Time, 0.27, Pos_X, -0.028147970042356016, Pos_Y, 0.04450090263077023, Pos_Z, -0.03564963832082434, BFx, 1.0, 0.0, 0.0,                             BFy, 0.0, 0.9998722379831173, -0.015984608554266207, BFz, 0.0, 0.015984608554266273, 0.9998722379831168
Time, 0.272, Pos_X, -0.028516414721692016, Pos_Y, 0.04532056895863418, Pos_Z, -0.03596423088538369, BFx, 1.0, 0.0, 0.0,                             BFy, 0.0, 0.9998924252694283, -0.014667579514729035, BFz, 0.0, 0.014667579514729105, 0.9998924252694279
Time, 0.274, Pos_X, -0.028890773489628017, Pos_Y, 0.04614721887616326, Pos_Z, -0.03627259442876479, BFx, 1.0, 0.0, 0.0,                             BFy, 0.0, 0.9999093607487582, -0.013463665437399921, BFz, 0.0, 0.013463665437399991, 0.9999093607487577
Time, 0.276, Pos_X, -0.029270925242164018, Pos_Y, 0.046980488444580214, Pos_Z, -0.036574677556527525, BFx, 1.0, 0.0, 0.0,                             BFy, 0.0, 0.9999239837626076, -0.012329910637028572, BFz, 0.0, 0.012329910637028643, 0.9999239837626073
Time, 0.278, Pos_X, -0.02965669226830002, Pos_Y, 0.04782000279320224, Pos_Z, -0.03687045002618108, BFx, 1.0, 0.0, 0.0,                             BFy, 0.0, 0.9999370404665348, -0.011221189911441913, BFz, 0.0, 0.011221189911441987, 0.9999370404665344
Time, 0.28, Pos_X, -0.03004784927383602, Pos_Y, 0.04866538398120295, Pos_Z, -0.03715990454569825, BFx, 1.0, 0.0, 0.0,                             BFy, 0.0, 0.9999490592851954, -0.010093504577394894, BFz, 0.0, 0.010093504577394967, 0.9999490592851951
Time, 0.282, Pos_X, -0.030444130972572012, Pos_Y, 0.049516258792317955, Pos_Z, -0.0374430573790535, BFx, 1.0, 0.0, 0.0,                             BFy, 0.0, 0.9999603315889598, -0.008907033653173786, BFz, 0.0, 0.00890703365317386, 0.9999603315889593
Time, 0.284, Pos_X, -0.03084524070370801, Pos_Y, 0.050372267324737006, Pos_Z, -0.03771994851547318, BFx, 1.0, 0.0, 0.0,                             BFy, 0.0, 0.9999709043857932, -0.007628262047149071, BFz, 0.0, 0.007628262047149148, 0.9999709043857927
Time, 0.286, Pos_X, -0.031250858185444014, Pos_Y, 0.051233070903677465, Pos_Z, -0.037990640896438874, BFx, 1.0, 0.0, 0.0,                             BFy, 0.0, 0.9999805857605373, -0.0062312199458881, BFz, 0.0, 0.0062312199458881765, 0.9999805857605368
Time, 0.288, Pos_X, -0.031660643508900015, Pos_Y, 0.05209835704877547, Pos_Z, -0.03825522002916517, BFx, 1.0, 0.0, 0.0,                             BFy, 0.0, 0.9999889631490029, -0.00469825288628465, BFz, 0.0, 0.004698252886284728, 0.9999889631490024
Time, 0.29, Pos_X, -0.03207424184935601, Pos_Y, 0.052967844080376345, Pos_Z, -0.038513795014292675, BFx, 1.0, 0.0, 0.0,                             BFy, 0.0, 0.9999954400670149, -0.003019908140798686, BFz, 0.0, 0.0030199081407987645, 0.9999954400670144
Time, 0.292, Pos_X, -0.032491287946572016, Pos_Y, 0.05384128577701143, Pos_Z, -0.03876649837382455, BFx, 1.0, 0.0, 0.0,                             BFy, 0.0, 0.9999992865048661, -0.0011945667668940303, BFz, 0.0, 0.0011945667668941096, 0.9999992865048656
Time, 0.294, Pos_X, -0.03291140871106801, Pos_Y, 0.054718475257024106, Pos_Z, -0.03901348616873606, BFx, 1.0, 0.0, 0.0,                             BFy, 0.0, 0.9999997012585281, 0.0007729701520272769, BFz, 0.0, -0.0007729701520271966, 0.9999997012585277
Time, 0.296, Pos_X, -0.03333422581116401, Pos_Y, 0.05559924905721077, Pos_Z, -0.03925493942745678, BFx, 1.0, 0.0, 0.0,                             BFy, 0.0, 0.9999958737647184, 0.0028727083978366, BFz, 0.0, -0.0028727083978365184, 0.999995873764718
Time, 0.298, Pos_X, -0.03375935810012001, Pos_Y, 0.05648349106815576, Pos_Z, -0.039491065888914004, BFx, 1.0, 0.0, 0.0,                             BFy, 0.0, 0.99998704350601, 0.00509046364403223, BFz, 0.0, -0.005090463644032147, 0.9999870435060095
Time, 0.3, Pos_X, -0.03418642272193601, Pos_Y, 0.05737113451366252, Pos_Z, -0.03972210184216385, BFx, 1.0, 0.0, 0.0,                             BFy, 0.0, 0.9999725541608258, 0.007408841007636328, BFz, 0.0, -0.007408841007636244, 0.9999725541608253
Time, 0.302, Pos_X, -0.03461503539659201, Pos_Y, 0.058262162378734036, Pos_Z, -0.03994831429934508, BFx, 1.0, 0.0, 0.0,                             BFy, 0.0, 0.9999518965415645, 0.009808394513407911, BFz, 0.0, -0.009808394513407825, 0.999951896541564
Time, 0.304, Pos_X, -0.03504480979742801, Pos_Y, 0.05915660602933946, Pos_Z, -0.040170004548699866, BFx, 1.0, 0.0, 0.0,                             BFy, 0.0, 0.9999247361306816, 0.012268743782023764, BFz, 0.0, -0.012268743782023677, 0.9999247361306813
Time, 0.306, Pos_X, -0.03547535658600401, Pos_Y, 0.060054542251208695, Pos_Z, -0.040387513565686255, BFx, 1.0, 0.0, 0.0,                             BFy, 0.0, 0.9998909286996445, 0.014769248598521911, BFz, 0.0, -0.014769248598521825, 0.9998909286996442
Time, 0.308, Pos_X, -0.03590628023204001, Pos_Y, 0.06095608762420421, Pos_Z, -0.040601227307495685, BFx, 1.0, 0.0, 0.0,                             BFy, 0.0, 0.999850525943782, 0.01728946991509209, BFz, 0.0, -0.017289469915092, 0.9998505259437818
Time, 0.31, Pos_X, -0.036337178879472014, Pos_Y, 0.06186139364875457, Pos_Z, -0.0408115774426742, BFx, 1.0, 0.0, 0.0,                             BFy, 0.0, 0.9998037764796724, 0.019809304303485504, BFz, 0.0, -0.019809304303485414, 0.9998037764796721
Time, 0.312, Pos_X, -0.03676764764152001, Pos_Y, 0.06277064387777169, Pos_Z, -0.041019046825562885, BFx, 1.0, 0.0, 0.0,                             BFy, 0.0, 0.9997511271073156, 0.022308828917151028, BFz, 0.0, -0.022308828917150934, 0.9997511271073154
Time, 0.314, Pos_X, -0.03719727417288801, Pos_Y, 0.06368404573753571, Pos_Z, -0.04122418726173267, BFx, 1.0, 0.0, 0.0,                             BFy, 0.0, 0.999693229223664, 0.024767871211817602, BFz, 0.0, -0.02476787121181751, 0.9996932292236639
