Time, 0, Pos_X, 0.0, Pos_Y, 0.0, Pos_Z, 0.0, BFx, 1.0, 0.0, 0.0,                         BFy, 0.0, 1.0, 0.0, BFz, 0.0, 0.0, 1.0
Time, 0.0, Pos_X, 0.0, Pos_Y, 0.0, Pos_Z, 0.0, BFx, 1.0, 0.0, 0.0,                             BFy, 0.0, 1.0, 0.0, BFz, 0.0, 0.0, 1.0
Time, 0.002, Pos_X, 5.803637e-07, Pos_Y, -4.941406697451419e-07, Pos_Z, 4.77321665688004e-07, BFx, 1.0, 0.0, 0.0,                             BFy, 0.0, 0.9999989990501025, -0.0014148847279235699, BFz, 0.0, 0.0014148847279235699, 0.9999989990501024
Time, 0.004, Pos_X, 2.29474774e-06, Pos_Y, -1.9650872429448734e-06, Pos_Z, 1.927493183892021e-06, BFx, 1.0, 0.0, 0.0,                             BFy, 0.0, 0.9999960097898756, -0.0028249609425980856, BFz, 0.0, 0.0028249609425980847, 0.9999960097898756
Time, 0.006, Pos_X, 5.087744280000001e-06, Pos_Y, -4.389069628882556e-06, Pos_Z, 4.390709542110959e-06, BFx, 1.0, 0.0, 0.0,                             BFy, 0.0, 0.9999910579436323, -0.004228951734779984, BFz, 0.0, 0.004228951734779984, 0.9999910579436323
Time, 0.008, Pos_X, 8.900551360000002e-06, Pos_Y, -7.740995339553247e-06, Pos_Z, 7.914152607167814e-06, BFx, 1.0, 0.0, 0.0,                             BFy, 0.0, 0.9999841785033963, -0.005625188253513304, BFz, 0.0, 0.005625188253513304, 0.9999841785033966
Time, 0.01, Pos_X, 1.3671238740000003e-05, Pos_Y, -1.1994467416033224e-05, Pos_Z, 1.2552155971686285e-05, BFx, 1.0, 0.0, 0.0,                             BFy, 0.0, 0.999975418657997, -0.007011567568188312, BFz, 0.0, 0.007011567568188313, 0.9999754186579973
Time, 0.012, Pos_X, 1.9334478420000005e-05, Pos_Y, -1.712135547616905e-05, Pos_Z, 1.8366873130458857e-05, BFx, 1.0, 0.0, 0.0,                             BFy, 0.0, 0.9999648405043733, -0.008385568261167622, BFz, 0.0, 0.008385568261167623, 0.9999648405043736
Time, 0.014, Pos_X, 2.5822079980000007e-05, Pos_Y, -2.3091810518626085e-05, Pos_Z, 2.5428204306141898e-05, BFx, 1.0, 0.0, 0.0,                             BFy, 0.0, 0.9999525230555649, -0.009744312947003255, BFz, 0.0, 0.009744312947003259, 0.9999525230555654
Time, 0.016, Pos_X, 3.306368562000001e-05, Pos_Y, -2.9874318130217867e-05, Pos_Z, 3.381354710719787e-05, BFx, 1.0, 0.0, 0.0,                             BFy, 0.0, 0.9999385637531426, -0.011084616335346296, BFz, 0.0, 0.0110846163353463, 0.9999385637531429
Time, 0.018, Pos_X, 4.09876269e-05, Pos_Y, -3.743566103533244e-05, Pos_Z, 4.360720652921176e-05, BFx, 1.0, 0.0, 0.0,                             BFy, 0.0, 0.9999230768195063, -0.012403243277906928, BFz, 0.0, 0.012403243277906933, 0.9999230768195068
Time, 0.02, Pos_X, 4.952126862000001e-05, Pos_Y, -4.5740654084451734e-05, Pos_Z, 5.490001220966521e-05, BFx, 1.0, 0.0, 0.0,                             BFy, 0.0, 0.9999061901470967, -0.013697113035874516, BFz, 0.0, 0.013697113035874522, 0.9999061901470971
Time, 0.022, Pos_X, 5.8590986048000006e-05, Pos_Y, -5.4751654377313016e-05, Pos_Z, 6.778911366723097e-05, BFx, 1.0, 0.0, 0.0,                             BFy, 0.0, 0.9998880394202104, -0.014963576591419031, BFz, 0.0, 0.01496357659141904, 0.9998880394202108
Time, 0.024, Pos_X, 6.812295758400002e-05, Pos_Y, -6.442825142388216e-05, Pos_Z, 8.237719862352607e-05, BFx, 1.0, 0.0, 0.0,                             BFy, 0.0, 0.9998687625686669, -0.016200544416849254, BFz, 0.0, 0.01620054441684926, 0.9998687625686673
Time, 0.026, Pos_X, 7.804459912000002e-05, Pos_Y, -7.472747321532981e-05, Pos_Z, 9.877174411692802e-05, BFx, 1.0, 0.0, 0.0,                             BFy, 0.0, 0.9998484916486349, -0.017406715599126526, BFz, 0.0, 0.017406715599126536, 0.9998484916486353
Time, 0.028, Pos_X, 8.828589556800002e-05, Pos_Y, -8.560426293369171e-05, Pos_Z, 0.00011708478811063447, BFx, 1.0, 0.0, 0.0,                             BFy, 0.0, 0.9998273552186938, -0.0185811667123288, BFz, 0.0, 0.01858116671232881, 0.9998273552186941
Time, 0.03, Pos_X, 9.878067548800001e-05, Pos_Y, -9.701181718163247e-05, Pos_Z, 0.0001374322900773412, BFx, 1.0, 0.0, 0.0,                             BFy, 0.0, 0.999805454606008, -0.019724424961779445, BFz, 0.0, 0.01972442496177946, 0.9998054546060084
Time, 0.032, Pos_X, 0.00010946821427800001, Pos_Y, -0.00010890187382127728, Pos_Z, 0.0001599329742978752, BFx, 1.0, 0.0, 0.0,                             BFy, 0.0, 0.99978287258351, -0.02083765074724675, BFz, 0.0, 0.020837650747246764, 0.9997828725835104
Time, 0.034, Pos_X, 0.00012029497884400002, Pos_Y, -0.0001212250179681981, Pos_Z, 0.00018470680942193562, BFx, 1.0, 0.0, 0.0,                             BFy, 0.0, 0.9997596720524421, -0.02192254861078604, BFz, 0.0, 0.021922548610786054, 0.9997596720524426
Time, 0.036, Pos_X, 0.00013121660157599998, Pos_Y, -0.0001339310255887458, Pos_Z, 0.0002118732058682351, BFx, 1.0, 0.0, 0.0,                             BFy, 0.0, 0.9997358965752169, -0.022981233625413027, BFz, 0.0, 0.02298123362541304, 0.9997358965752174
Time, 0.038, Pos_X, 0.000142199553264, Pos_Y, -0.0001469689874516142, Pos_Z, 0.0002415488521185375, BFx, 1.0, 0.0, 0.0,                             BFy, 0.0, 0.9997115738198067, -0.024016019044037024, BFz, 0.0, 0.024016019044037037, 0.9997115738198072
Time, 0.04, Pos_X, 0.000153223190658, Pos_Y, -0.00016028737690564534, Pos_Z, 0.00027384525710067326, BFx, 1.0, 0.0, 0.0,                             BFy, 0.0, 0.9996867179826963, -0.02502930060915833, BFz, 0.0, 0.025029300609158343, 0.9996867179826967
Time, 0.042, Pos_X, 0.000164281902018, Pos_Y, -0.0001738340922775313, Pos_Z, 0.0003088663981183931, BFx, 1.0, 0.0, 0.0,                             BFy, 0.0, 0.9996613320199715, -0.02602347524937174, BFz, 0.0, 0.026023475249371757, 0.9996613320199719
Time, 0.044, Pos_X, 0.00017538682542599996, Pos_Y, -0.00018755616800335297, Pos_Z, 0.0003467064695402893, BFx, 1.0, 0.0, 0.0,                             BFy, 0.0, 0.9996354061297831, -0.027001015013176106, BFz, 0.0, 0.027001015013176127, 0.9996354061297835
Time, 0.046, Pos_X, 0.00018656774170199998, Pos_Y, -0.0002013996394404011, Pos_Z, 0.00038744761841515927, BFx, 1.0, 0.0, 0.0,                             BFy, 0.0, 0.9996089180638775, -0.027964458284804664, BFz, 0.0, 0.02796445828480468, 0.9996089180638779
Time, 0.048, Pos_X, 0.000197874506242, Pos_Y, -0.00021530966662352508, Pos_Z, 0.00043115790906817755, BFx, 1.0, 0.0, 0.0,                             BFy, 0.0, 0.9995818351504058, -0.028916342046422946, BFz, 0.0, 0.028916342046422964, 0.999581835150406
Time, 0.05, Pos_X, 0.000209378384416, Pos_Y, -0.00022923057025893282, Pos_Z, 0.000477889535000219, BFx, 1.0, 0.0, 0.0,                             BFy, 0.0, 0.9995541148294589, -0.029859195024238352, BFz, 0.0, 0.02985919502423837, 0.999554114829459
Time, 0.052, Pos_X, 0.00022117311939599997, Pos_Y, -0.00024310599766397687, Pos_Z, 0.0005276770902221011, BFx, 1.0, 0.0, 0.0,                             BFy, 0.0, 0.9995257063616539, -0.030795491914166234, BFz, 0.0, 0.030795491914166254, 0.999525706361654
Time, 0.054, Pos_X, 0.00023337538945599997, Pos_Y, -0.000256878776608596, Pos_Z, 0.0005805363828386968, BFx, 1.0, 0.0, 0.0,                             BFy, 0.0, 0.9994965559051318, -0.031727507525462294, BFz, 0.0, 0.031727507525462315, 0.9994965559051319
Time, 0.056, Pos_X, 0.00024612479913599996, Pos_Y, -0.0002704901876327628, Pos_Z, 0.0006364638028442317, BFx, 1.0, 0.0, 0.0,                             BFy, 0.0, 0.9994666051739448, -0.03265739031319415, BFz, 0.0, 0.03265739031319418, 0.999466605173945
Time, 0.058, Pos_X, 0.00025958515767599997, Pos_Y, -0.00028388042088336605, Pos_Z, 0.0006954350313287938, BFx, 1.0, 0.0, 0.0,                             BFy, 0.0, 0.9994357977631644, -0.03358699375511323, BFz, 0.0, 0.033586993755113266, 0.9994357977631645
Time, 0.06, Pos_X, 0.00027394641709599995, Pos_Y, -0.0002969898224487716, Pos_Z, 0.0007574030702195648, BFx, 1.0, 0.0, 0.0,                             BFy, 0.0, 0.9994040787225463, -0.03451792914902703, BFz, 0.0, 0.03451792914902706, 0.9994040787225466
Time, 0.062, Pos_X, 0.00028942475785599995, Pos_Y, -0.0003097591527135186, Pos_Z, 0.000822297380486103, BFx, 1.0, 0.0, 0.0,                             BFy, 0.0, 0.9993713948329538, -0.03545158938094184, BFz, 0.0, 0.03545158938094186, 0.999371394832954
Time, 0.064, Pos_X, 0.00030626157977599994, Pos_Y, -0.0003221293859405984, Pos_Z, 0.0008900250155717921, BFx, 1.0, 0.0, 0.0,                             BFy, 0.0, 0.9993376968688006, -0.03638911398976088, BFz, 0.0, 0.03638911398976089, 0.9993376968688007
Time, 0.066, Pos_X, 0.00032472198005599993, Pos_Y, -0.00033404103989152615, Pos_Z, 0.0009604720934437758, BFx, 1.0, 0.0, 0.0,                             BFy, 0.0, 0.9993029364237551, -0.0373315048566113, BFz, 0.0, 0.03733150485661131, 0.9993029364237552
Time, 0.068, Pos_X, 0.0003450935627359999, Pos_Y, -0.00034543332846290073, Pos_Z, 0.0010335050568806095, BFx, 1.0, 0.0, 0.0,                             BFy, 0.0, 0.9992670616066555, -0.03827975428342658, BFz, 0.0, 0.038279754283426594, 0.9992670616066556
Time, 0.07, Pos_X, 0.00036768586111599993, Pos_Y, -0.00035624434704957286, Pos_Z, 0.0011089725928056556, BFx, 1.0, 0.0, 0.0,                             BFy, 0.0, 0.9992300069312445, -0.03923510224510613, BFz, 0.0, 0.039235102245106145, 0.9992300069312445
Time, 0.072, Pos_X, 0.00039282942119599977, Pos_Y, -0.0003664118359932475, Pos_Z, 0.0011867074947232814, BFx, 1.0, 0.0, 0.0,                             BFy, 0.0, 0.9991916869689959, -0.04019916282774665, BFz, 0.0, 0.040199162827746666, 0.9991916869689956
Time, 0.074, Pos_X, 0.0004208747118759998, Pos_Y, -0.0003758736450531975, Pos_Z, 0.0012665281351414044, BFx, 1.0, 0.0, 0.0,                             BFy, 0.0, 0.999151988020477, -0.04117407964639839, BFz, 0.0, 0.04117407964639841, 0.9991519880204767
Time, 0.076, Pos_X, 0.0004521914097559998, Pos_Y, -0.0003845681890434806, Pos_Z, 0.001348239604776878, BFx, 1.0, 0.0, 0.0,                             BFy, 0.0, 0.9991107610733726, -0.04216262690328503, BFz, 0.0, 0.04216262690328505, 0.9991107610733724
Time, 0.078, Pos_X, 0.00048716801217599985, Pos_Y, -0.00039243503231921296, Pos_Z, 0.00143163447896519, BFx, 1.0, 0.0, 0.0,                             BFy, 0.0, 0.999067815917108, -0.04316826610624346, BFz, 0.0, 0.043168266106243476, 0.9990678159171077
Time, 0.08, Pos_X, 0.0005262121709359999, Pos_Y, -0.0003994154240932434, Pos_Z, 0.001516492927338897, BFx, 1.0, 0.0, 0.0,                             BFy, 0.0, 0.9990229213852215, -0.04419505115888816, BFz, 0.0, 0.044195051158888166, 0.9990229213852214
Time, 0.082, Pos_X, 0.000569751012496, Pos_Y, -0.00040545267606402046, Pos_Z, 0.0016025822940747008, BFx, 1.0, 0.0, 0.0,                             BFy, 0.0, 0.998975803724117, -0.04524758086078847, BFz, 0.0, 0.045247580860788464, 0.998975803724117
Time, 0.084, Pos_X, 0.000618231031256, Pos_Y, -0.0004104927485768377, Pos_Z, 0.00168965658546077, BFx, 1.0, 0.0, 0.0,                             BFy, 0.0, 0.9989261569927074, -0.046330690430643855, BFz, 0.0, 0.04633069043064385, 0.9989261569927074
Time, 0.086, Pos_X, 0.0006721173152159996, Pos_Y, -0.0004144845596278743, Pos_Z, 0.001777456691782397, BFx, 1.0, 0.0, 0.0,                             BFy, 0.0, 0.9988736467420231, -0.047449318691543764, BFz, 0.0, 0.04744931869154374, 0.998873646742023
Time, 0.088, Pos_X, 0.0007318921383759996, Pos_Y, -0.0004173795740015548, Pos_Z, 0.0018657120093313777, BFx, 1.0, 0.0, 0.0,                             BFy, 0.0, 0.998817924687011, -0.0486081610836298, BFz, 0.0, 0.04860816108362978, 0.9988179246870109
Time, 0.09, Pos_X, 0.0007980538463359996, Pos_Y, -0.00041913186349488117, Pos_Z, 0.0019541426565915024, BFx, 1.0, 0.0, 0.0,                             BFy, 0.0, 0.9987586483609403, -0.0498112670409752, BFz, 0.0, 0.049811267040975195, 0.9987586483609401
Time, 0.092, Pos_X, 0.0008711153116959996, Pos_Y, -0.0004196987270957187, Pos_Z, 0.0020424628070134076, BFx, 1.0, 0.0, 0.0,                             BFy, 0.0, 0.9986954995777957, -0.05106171876324835, BFz, 0.0, 0.051061718763248345, 0.9986954995777955
Time, 0.094, Pos_X, 0.0009516014816559996, Pos_Y, -0.00041904107474898737, Pos_Z, 0.002130384313758037, BFx, 1.0, 0.0, 0.0,                             BFy, 0.0, 0.9986281951221944, -0.05236151169502848, BFz, 0.0, 0.05236151169502848, 0.9986281951221943
Time, 0.096, Pos_X, 0.0010400461882159996, Pos_Y, -0.0004171232096572901, Pos_Z, 0.0022176205356242047, BFx, 1.0, 0.0, 0.0,                             BFy, 0.0, 0.998556495918838, -0.05371149279523007, BFz, 0.0, 0.05371149279523006, 0.9985564959188378
Time, 0.098, Pos_X, 0.0011369881811759998, Pos_Y, -0.00041391201728328803, Pos_Z, 0.002303890819944677, BFx, 1.0, 0.0, 0.0,                             BFy, 0.0, 0.9984802172397602, -0.05511130356688443, BFz, 0.0, 0.05511130356688443, 0.99848021723976
Time, 0.1, Pos_X, 0.001242965897336, Pos_Y, -0.00040937572201189685, Pos_Z, 0.002388924004321999, BFx, 1.0, 0.0, 0.0,                             BFy, 0.0, 0.9983992374919053, -0.056559372128600995, BFz, 0.0, 0.05655937212860099, 0.9983992374919052
Time, 0.102, Pos_X, 0.0013585124824959992, Pos_Y, -0.000403482504569821, Pos_Z, 0.002472461530634862, BFx, 1.0, 0.0, 0.0,                             BFy, 0.0, 0.9983135065295241, -0.058052929992598715, BFz, 0.0, 0.058052929992598715, 0.998313506529524
Time, 0.104, Pos_X, 0.0014841507968559992, Pos_Y, -0.0003961986451153125, Pos_Z, 0.0025542598057525542, BFx, 1.0, 0.0, 0.0,                             BFy, 0.0, 0.9982230494600838, -0.05958811564910194, BFz, 0.0, 0.05958811564910194, 0.9982230494600838
Time, 0.106, Pos_X, 0.0016203879106159993, Pos_Y, -0.0003874860736474897, Pos_Z, 0.0026340921498975967, BFx, 1.0, 0.0, 0.0,                             BFy, 0.0, 0.9981279616643843, -0.06116021700174994, BFz, 0.0, 0.06116021700174994, 0.9981279616643842
Time, 0.108, Pos_X, 0.0017677088519759995, Pos_Y, -0.0003772994165017806, Pos_Z, 0.0027117510483392303, BFx, 1.0, 0.0, 0.0,                             BFy, 0.0, 0.9980283928495562, -0.06276405871302128, BFz, 0.0, 0.06276405871302128, 0.9980283928495561
Time, 0.11, Pos_X, 0.0019265695797359996, Pos_Y, -0.00036558268182282567, Pos_Z, 0.002787049952866397, BFx, 1.0, 0.0, 0.0,                             BFy, 0.0, 0.997924529115497, -0.06439436457962366, BFz, 0.0, 0.06439436457962368, 0.9979245291154969
Time, 0.112, Pos_X, 0.0020973900314959996, Pos_Y, -0.0003522656980355208, Pos_Z, 0.002859824589018264, BFx, 1.0, 0.0, 0.0,                             BFy, 0.0, 0.997816556705454, -0.06604634103772632, BFz, 0.0, 0.06604634103772633, 0.9978165567054539
Time, 0.114, Pos_X, 0.0022805477160559996, Pos_Y, -0.0003372610023503816, Pos_Z, 0.0029299338147585167, BFx, 1.0, 0.0, 0.0,                             BFy, 0.0, 0.9977046390337491, -0.06771597485480736, BFz, 0.0, 0.06771597485480738, 0.9977046390337488
Time, 0.116, Pos_X, 0.002476372405816, Pos_Y, -0.00032046151405268103, Pos_Z, 0.0029972610195372856, BFx, 1.0, 0.0, 0.0,                             BFy, 0.0, 0.9975888693168578, -0.06940063267084695, BFz, 0.0, 0.06940063267084697, 0.9975888693168576
Time, 0.118, Pos_X, 0.0026851409899759987, Pos_Y, -0.0003017382281753664, Pos_Z, 0.0030617160491141866, BFx, 1.0, 0.0, 0.0,                             BFy, 0.0, 0.9974692261570111, -0.07109952791498403, BFz, 0.0, 0.07109952791498404, 0.9974692261570111
Time, 0.12, Pos_X, 0.002907073208535999, Pos_Y, -0.00028093827374184695, Pos_Z, 0.003123235827836999, BFx, 1.0, 0.0, 0.0,                             BFy, 0.0, 0.9973455423487052, -0.07281393518528458, BFz, 0.0, 0.07281393518528459, 0.9973455423487052
Time, 0.122, Pos_X, 0.003142328573495999, Pos_Y, -0.0002578836270753203, Pos_Z, 0.003181784136478327, BFx, 1.0, 0.0, 0.0,                             BFy, 0.0, 0.9972174737691496, -0.07454736755563499, BFz, 0.0, 0.07454736755563497, 0.9972174737691497
Time, 0.124, Pos_X, 0.0033910040124559993, Pos_Y, -0.00023237010516204243, Pos_Z, 0.003237351120590705, BFx, 1.0, 0.0, 0.0,                             BFy, 0.0, 0.9970844843330382, -0.07630551161167079, BFz, 0.0, 0.07630551161167079, 0.9970844843330383
Time, 0.126, Pos_X, 0.0036531330208159993, Pos_Y, -0.00020416641280796862, Pos_Z, 0.003289951515723714, BFx, 1.0, 0.0, 0.0,                             BFy, 0.0, 0.9969458465281767, -0.07809596078041847, BFz, 0.0, 0.07809596078041846, 0.9969458465281769
Time, 0.128, Pos_X, 0.0039286861591759994, Pos_Y, -0.00017301377342364232, Pos_Z, 0.003339621788992248, BFx, 1.0, 0.0, 0.0,                             BFy, 0.0, 0.9968006457372738, -0.07992792164039485, BFz, 0.0, 0.07992792164039483, 0.996800645737274
Time, 0.13, Pos_X, 0.004217573010136, Pos_Y, -0.00013862620487246473, Pos_Z, 0.0033864163462412767, BFx, 1.0, 0.0, 0.0,                             BFy, 0.0, 0.9966478176389536, -0.08181153705627418, BFz, 0.0, 0.08181153705627417, 0.9966478176389537
Time, 0.132, Pos_X, 0.004519645747096001, Pos_Y, -0.00010069129291728841, Pos_Z, 0.003430403142796526, BFx, 1.0, 0.0, 0.0,                             BFy, 0.0, 0.9964861725371177, -0.08375743514652635, BFz, 0.0, 0.08375743514652632, 0.9964861725371177
Time, 0.134, Pos_X, 0.004834703483856001, Pos_Y, -5.8871634209354256e-05, Pos_Z, 0.003471659152119419, BFx, 1.0, 0.0, 0.0,                             BFy, 0.0, 0.9963144320388937, -0.08577617682675882, BFz, 0.0, 0.08577617682675878, 0.9963144320388937
Time, 0.136, Pos_X, 0.005162497335616001, Pos_Y, -1.2806745609914453e-05, Pos_Z, 0.003510265819180027, BFx, 1.0, 0.0, 0.0,                             BFy, 0.0, 0.9961312560940672, -0.08787787339515371, BFz, 0.0, 0.08787787339515368, 0.9961312560940672
Time, 0.138, Pos_X, 0.005502736923776002, Pos_Y, 3.78842183066112e-05, Pos_Z, 0.003546304786440996, BFx, 1.0, 0.0, 0.0,                             BFy, 0.0, 0.9959352507957351, -0.09007206127559782, BFz, 0.0, 0.09007206127559782, 0.9959352507957351
Time, 0.14, Pos_X, 0.005855097989136002, Pos_Y, 9.359882924083127e-05, Pos_Z, 0.0035798542400771283, BFx, 1.0, 0.0, 0.0,                             BFy, 0.0, 0.9957249945223787, -0.09236739296639167, BFz, 0.0, 0.09236739296639167, 0.9957249945223786
Time, 0.142, Pos_X, 0.006219230090695998, Pos_Y, 0.00015474704142113426, Pos_Z, 0.003610986304308131, BFx, 1.0, 0.0, 0.0,                             BFy, 0.0, 0.9954990567471061, -0.09477145147997368, BFz, 0.0, 0.09477145147997368, 0.995499056747106
Time, 0.144, Pos_X, 0.0065947649522559975, Pos_Y, 0.00022174645923781855, Pos_Z, 0.0036397651419942463, BFx, 1.0, 0.0, 0.0,                             BFy, 0.0, 0.9952560182847822, -0.0972905857106449, BFz, 0.0, 0.09729058571064489, 0.9952560182847819
Time, 0.146, Pos_X, 0.006981324888415998, Pos_Y, 0.0002950174100519346, Pos_Z, 0.0036662451570917648, BFx, 1.0, 0.0, 0.0,                             BFy, 0.0, 0.9949945021677779, -0.09992967855394377, BFz, 0.0, 0.09992967855394375, 0.9949945021677776
Time, 0.148, Pos_X, 0.007378531394975998, Pos_Y, 0.0003749775864149627, Pos_Z, 0.0036904697188088384, BFx, 1.0, 0.0, 0.0,                             BFy, 0.0, 0.9947132327089868, -0.10269169719911951, BFz, 0.0, 0.10269169719911947, 0.9947132327089867
Time, 0.15, Pos_X, 0.007786013142535998, Pos_Y, 0.00046203680139581807, Pos_Z, 0.0037124706179026664, BFx, 1.0, 0.0, 0.0,                             BFy, 0.0, 0.9944111014876013, -0.10557727614507786, BFz, 0.0, 0.10557727614507782, 0.9944111014876013
Time, 0.152, Pos_X, 0.008203412929895999, Pos_Y, 0.000556592174714908, Pos_Z, 0.003732267776158375, BFx, 1.0, 0.0, 0.0,                             BFy, 0.0, 0.9940872411277919, -0.10858433140620954, BFz, 0.0, 0.1085843314062095, 0.9940872411277919
Time, 0.154, Pos_X, 0.008630394404256, Pos_Y, 0.0006590235381921828, Pos_Z, 0.0037498695307105093, BFx, 1.0, 0.0, 0.0,                             BFy, 0.0, 0.9937410927849121, -0.1117078354935189, BFz, 0.0, 0.11170783549351886, 0.9937410927849122
Time, 0.156, Pos_X, 0.009066647572416, Pos_Y, 0.0007696893270519635, Pos_Z, 0.0037652737310647673, BFx, 1.0, 0.0, 0.0,                             BFy, 0.0, 0.9933724703088227, -0.11493970259464563, BFz, 0.0, 0.11493970259464557, 0.9933724703088228
Time, 0.158, Pos_X, 0.009511893365376, Pos_Y, 0.0008889232839996196, Pos_Z, 0.003778469126603096, BFx, 1.0, 0.0, 0.0,                             BFy, 0.0, 0.9929816148935766, -0.1182688145004561, BFz, 0.0, 0.11826881450045604, 0.9929816148935768
Time, 0.16, Pos_X, 0.009965887243936001, Pos_Y, 0.0010170316692863324, Pos_Z, 0.0037894372045457836, BFx, 1.0, 0.0, 0.0,                             BFy, 0.0, 0.9925692180460494, -0.12168133541119894, BFz, 0.0, 0.12168133541119888, 0.9925692180460495
Time, 0.162, Pos_X, 0.010428421300896001, Pos_Y, 0.0011542912255723104, Pos_Z, 0.0037981544011720944, BFx, 1.0, 0.0, 0.0,                             BFy, 0.0, 0.9921363919471833, -0.12516141487704455, BFz, 0.0, 0.1251614148770445, 0.9921363919471834
Time, 0.164, Pos_X, 0.010899325552256001, Pos_Y, 0.0013009477736354992, Pos_Z, 0.0038045938255791565, BFx, 1.0, 0.0, 0.0,                             BFy, 0.0, 0.9916845964373688, -0.12869211781943388, BFz, 0.0, 0.12869211781943382, 0.9916845964373691
Time, 0.166, Pos_X, 0.011378467758416002, Pos_Y, 0.0014572160031769495, Pos_Z, 0.0038087267924980933, BFx, 1.0, 0.0, 0.0,                             BFy, 0.0, 0.991215526133373, -0.13225649606782539, BFz, 0.0, 0.1322564960678253, 0.9912155261333733
Time, 0.168, Pos_X, 0.011865751884576002, Pos_Y, 0.0016232800964807875, Pos_Z, 0.0038105245444110115, BFx, 1.0, 0.0, 0.0,                             BFy, 0.0, 0.9907309464133458, -0.1358388450293754, BFz, 0.0, 0.13583884502937532, 0.9907309464133459
Time, 0.17, Pos_X, 0.012361115995536002, Pos_Y, 0.0017992947815293836, Pos_Z, 0.0038099596576612153, BFx, 1.0, 0.0, 0.0,                             BFy, 0.0, 0.9902325455172327, -0.1394256281981904, BFz, 0.0, 0.1394256281981903, 0.9902325455172327
Time, 0.172, Pos_X, 0.012864530247895994, Pos_Y, 0.0019853872047393304, Pos_Z, 0.0038070060806910237, BFx, 1.0, 0.0, 0.0,                             BFy, 0.0, 0.9897217816586942, -0.14300627577256372, BFz, 0.0, 0.1430062757725636, 0.9897217816586942
Time, 0.174, Pos_X, 0.013375995146255995, Pos_Y, 0.002181659012976863, Pos_Z, 0.0038016375218164348, BFx, 1.0, 0.0, 0.0,                             BFy, 0.0, 0.9891997524020936, -0.14657370107776804, BFz, 0.0, 0.14657370107776793, 0.9891997524020937
Time, 0.176, Pos_X, 0.013895539239815995, Pos_Y, 0.0023881889069144045, Pos_Z, 0.0037938258380130524, BFx, 1.0, 0.0, 0.0,                             BFy, 0.0, 0.9886671175224243, -0.15012438419490304, BFz, 0.0, 0.15012438419490293, 0.9886671175224244
Time, 0.178, Pos_X, 0.014423215425975995, Pos_Y, 0.0026050356942160058, Pos_Z, 0.0037835400499851555, BFx, 1.0, 0.0, 0.0,                             BFy, 0.0, 0.9881240724497813, -0.15365811870922283, BFz, 0.0, 0.1536581187092227, 0.9881240724497814
Time, 0.18, Pos_X, 0.014959096810535996, Pos_Y, 0.0028322422600278604, Pos_Z, 0.003770745502501702, BFx, 1.0, 0.0, 0.0,                             BFy, 0.0, 0.9875703508063883, -0.15717761357186105, BFz, 0.0, 0.1571776135718609, 0.9875703508063883
Time, 0.182, Pos_X, 0.015503272885695996, Pos_Y, 0.003069839842741129, Pos_Z, 0.003755403218102063, BFx, 1.0, 0.0, 0.0,                             BFy, 0.0, 0.9870052895706379, -0.160687766676805, BFz, 0.0, 0.16068776667680487, 0.9870052895706379
Time, 0.184, Pos_X, 0.016055845799855997, Pos_Y, 0.0033178518932640956, Pos_Z, 0.003737469421878262, BFx, 1.0, 0.0, 0.0,                             BFy, 0.0, 0.9864279069942252, -0.16419495821428348, BFz, 0.0, 0.16419495821428337, 0.986427906994225
Time, 0.186, Pos_X, 0.016616927276016, Pos_Y, 0.0035762977986156163, Pos_Z, 0.003716895516056118, BFx, 1.0, 0.0, 0.0,                             BFy, 0.0, 0.985837031109439, -0.16770613612305701, BFz, 0.0, 0.16770613612305688, 0.9858370311094389
Time, 0.188, Pos_X, 0.017186635540776, Pos_Y, 0.003845196133528806, Pos_Z, 0.003693627956444336, BFx, 1.0, 0.0, 0.0,                             BFy, 0.0, 0.98523141526761, -0.17122808872898262, BFz, 0.0, 0.17122808872898249, 0.98523141526761
Time, 0.19, Pos_X, 0.017765092165136, Pos_Y, 0.004124567458815285, Pos_Z, 0.0036676080323720553, BFx, 1.0, 0.0, 0.0,                             BFy, 0.0, 0.9846098491899986, -0.1747668300280319, BFz, 0.0, 0.17476683002803176, 0.9846098491899984
Time, 0.192, Pos_X, 0.018352419832495998, Pos_Y, 0.004414436945476482, Pos_Z, 0.0036387715806632244, BFx, 1.0, 0.0, 0.0,                             BFy, 0.0, 0.9839712702898654, -0.17832705696037043, BFz, 0.0, 0.1783270569603703, 0.9839712702898653
Time, 0.194, Pos_X, 0.018948741118656, Pos_Y, 0.004714836685875447, Pos_Z, 0.0036070484053526627, BFx, 1.0, 0.0, 0.0,                             BFy, 0.0, 0.9833148218607869, -0.18191195977419325, BFz, 0.0, 0.18191195977419305, 0.9833148218607867
Time, 0.196, Pos_X, 0.019554178033016, Pos_Y, 0.005025807676656414, Pos_Z, 0.0035723609266136865, BFx, 1.0, 0.0, 0.0,                             BFy, 0.0, 0.9826398821583124, -0.1855232114639468, BFz, 0.0, 0.18552321146394657, 0.9826398821583122
Time, 0.198, Pos_X, 0.020168852148976003, Pos_Y, 0.005347401339478636, Pos_Z, 0.0035346223788667503, BFx, 1.0, 0.0, 0.0,                             BFy, 0.0, 0.9819460659776388, -0.18916110464637442, BFz, 0.0, 0.18916110464637417, 0.9819460659776389
Time, 0.2, Pos_X, 0.020792884783536005, Pos_Y, 0.005679681191710146, Pos_Z, 0.003493735598755121, BFx, 1.0, 0.0, 0.0,                             BFy, 0.0, 0.981233227786056, -0.1928246682573463, BFz, 0.0, 0.19282466825734604, 0.9812332277860563
Time, 0.202, Pos_X, 0.021426397303296006, Pos_Y, 0.006022724541393526, Pos_Z, 0.0034495916910831227, BFx, 1.0, 0.0, 0.0,                             BFy, 0.0, 0.9805014244339259, -0.19651197592777978, BFz, 0.0, 0.19651197592777953, 0.9805014244339261
Time, 0.204, Pos_X, 0.022069511476656, Pos_Y, 0.00637662320233814, Pos_Z, 0.003402069931764202, BFx, 1.0, 0.0, 0.0,                             BFy, 0.0, 0.9797508373240943, -0.20022062022362824, BFz, 0.0, 0.20022062022362797, 0.9797508373240943
Time, 0.206, Pos_X, 0.022722350059616, Pos_Y, 0.006741483708770128, Pos_Z, 0.003351038735900151, BFx, 1.0, 0.0, 0.0,                             BFy, 0.0, 0.978981699826952, -0.20394810958655613, BFz, 0.0, 0.20394810958655582, 0.978981699826952
Time, 0.208, Pos_X, 0.023385037313376, Pos_Y, 0.007117427349285819, Pos_Z, 0.0032963568695895487, BFx, 1.0, 0.0, 0.0,                             BFy, 0.0, 0.9781942249095151, -0.20769222025312162, BFz, 0.0, 0.20769222025312128, 0.9781942249095151
Time, 0.21, Pos_X, 0.024057699467136002, Pos_Y, 0.0075045896298394045, Pos_Z, 0.0032378756744374324, BFx, 1.0, 0.0, 0.0,                             BFy, 0.0, 0.9773885326864782, -0.21145130922501265, BFz, 0.0, 0.21145130922501232, 0.9773885326864781
Time, 0.212, Pos_X, 0.024740464470896003, Pos_Y, 0.007903119871887212, Pos_Z, 0.003175441349995133, BFx, 1.0, 0.0, 0.0,                             BFy, 0.0, 0.9765646098533333, -0.21522444745429323, BFz, 0.0, 0.21522444745429295, 0.9765646098533332
Time, 0.214, Pos_X, 0.025433461217656005, Pos_Y, 0.008313181094773161, Pos_Z, 0.0031088969702820226, BFx, 1.0, 0.0, 0.0,                             BFy, 0.0, 0.9757222670024517, -0.21901154690014743, BFz, 0.0, 0.21901154690014715, 0.9757222670024516
Time, 0.216, Pos_X, 0.026136818698416005, Pos_Y, 0.008734950049826237, Pos_Z, 0.0030380840769181714, BFx, 1.0, 0.0, 0.0,                             BFy, 0.0, 0.9748611545072123, -0.22281321646810956, BFz, 0.0, 0.22281321646810928, 0.9748611545072121
Time, 0.218, Pos_X, 0.026850665404576004, Pos_Y, 0.009168617333944383, Pos_Z, 0.0029628435059597213, BFx, 1.0, 0.0, 0.0,                             BFy, 0.0, 0.9739807458674046, -0.2266307716961084, BFz, 0.0, 0.22663077169610812, 0.9739807458674044
Time, 0.22, Pos_X, 0.027575128676536005, Pos_Y, 0.009614387374346223, Pos_Z, 0.0028830158818110387, BFx, 1.0, 0.0, 0.0,                             BFy, 0.0, 0.9730803320587116, -0.23046619570016566, BFz, 0.0, 0.23046619570016538, 0.9730803320587114
Time, 0.222, Pos_X, 0.028310333742296006, Pos_Y, 0.010072478888410633, Pos_Z, 0.002798441505949746, BFx, 1.0, 0.0, 0.0,                             BFy, 0.0, 0.9721590378932732, -0.23432201143389106, BFz, 0.0, 0.23432201143389078, 0.972159037893273
Time, 0.224, Pos_X, 0.029056402355856006, Pos_Y, 0.010543125995342595, Pos_Z, 0.0027089599623189593, BFx, 1.0, 0.0, 0.0,                             BFy, 0.0, 0.9712158286771192, -0.238201205133425, BFz, 0.0, 0.23820120513342477, 0.971215828677119
Time, 0.226, Pos_X, 0.029813450534416006, Pos_Y, 0.011026579937670472, Pos_Z, 0.002614409471288546, BFx, 1.0, 0.0, 0.0,                             BFy, 0.0, 0.970249514753136, -0.24210716453939052, BFz, 0.0, 0.2421071645393903, 0.9702495147531357
Time, 0.228, Pos_X, 0.030581586474576008, Pos_Y, 0.01152311091435665, Pos_Z, 0.002514625702692881, BFx, 1.0, 0.0, 0.0,                             BFy, 0.0, 0.969258766644379, -0.24604358004836566, BFz, 0.0, 0.24604358004836543, 0.9692587666443787
Time, 0.23, Pos_X, 0.03136090859073601, Pos_Y, 0.012033009262643014, Pos_Z, 0.0024094408354833185, BFx, 1.0, 0.0, 0.0,                             BFy, 0.0, 0.9682421168002024, -0.2500144060934541, BFz, 0.0, 0.25001440609345393, 0.968242116800202
Time, 0.232, Pos_X, 0.03215150351589601, Pos_Y, 0.012556586291527741, Pos_Z, 0.002298682892782009, BFx, 1.0, 0.0, 0.0,                             BFy, 0.0, 0.9671979685650314, -0.2540237973176463, BFz, 0.0, 0.2540237973176461, 0.9671979685650307
Time, 0.234, Pos_X, 0.03295344403465601, Pos_Y, 0.013094175084704906, Pos_Z, 0.0021821756547739934, BFx, 1.0, 0.0, 0.0,                             BFy, 0.0, 0.9661246280113382, -0.258075963913639, BFz, 0.0, 0.2580759639136388, 0.9661246280113375
Time, 0.236, Pos_X, 0.033766786830416, Pos_Y, 0.013646130298648982, Pos_Z, 0.0020597393673372484, BFx, 1.0, 0.0, 0.0,                             BFy, 0.0, 0.9650203357556545, -0.2621750399600326, BFz, 0.0, 0.2621750399600324, 0.9650203357556536
Time, 0.238, Pos_X, 0.034591570145976, Pos_Y, 0.014212827614205736, Pos_Z, 0.0019311920752322724, BFx, 1.0, 0.0, 0.0,                             BFy, 0.0, 0.9638833172287089, -0.26632489701148987, BFz, 0.0, 0.26632489701148954, 0.9638833172287082
Time, 0.24, Pos_X, 0.035427811679736, Pos_Y, 0.014794662955952356, Pos_Z, 0.0017963514049115694, BFx, 1.0, 0.0, 0.0,                             BFy, 0.0, 0.9627118508710817, -0.2705289119343375, BFz, 0.0, 0.2705289119343372, 0.962711850871081
Time, 0.242, Pos_X, 0.036275506424296, Pos_Y, 0.015392051146528229, Pos_Z, 0.0016550363711693868, BFx, 1.0, 0.0, 0.0,                             BFy, 0.0, 0.9615043595163, -0.274789677082583, BFz, 0.0, 0.2747896770825827, 0.9615043595162993
Time, 0.244, Pos_X, 0.037134623822456, Pos_Y, 0.016005424862807937, Pos_Z, 0.001507070122171615, BFx, 1.0, 0.0, 0.0,                             BFy, 0.0, 0.9602594761218248, -0.2791088291656833, BFz, 0.0, 0.27910882916568297, 0.9602594761218243
Time, 0.246, Pos_X, 0.038005105056016, Pos_Y, 0.016635233600922776, Pos_Z, 0.0013522831182388015, BFx, 1.0, 0.0, 0.0,                             BFy, 0.0, 0.9589760830186423, -0.2834869877052955, BFz, 0.0, 0.2834869877052952, 0.9589760830186418
Time, 0.248, Pos_X, 0.038886860650776005, Pos_Y, 0.017281941889987624, Pos_Z, 0.001190516016876662, BFx, 1.0, 0.0, 0.0,                             BFy, 0.0, 0.9576533649807552, -0.287923657487601, BFz, 0.0, 0.28792365748760074, 0.9576533649807545
Time, 0.25, Pos_X, 0.039779767626936004, Pos_Y, 0.017946027289049486, Pos_Z, 0.0010216232278162146, BFx, 1.0, 0.0, 0.0,                             BFy, 0.0, 0.9562908541218169, -0.29241717173067433, BFz, 0.0, 0.292417171730674, 0.9562908541218162
Time, 0.252, Pos_X, 0.040683666470496004, Pos_Y, 0.01862797826580523, Pos_Z, 0.0008454768450566409, BFx, 1.0, 0.0, 0.0,                             BFy, 0.0, 0.9548884709985853, -0.29696465775237413, BFz, 0.0, 0.2969646577523738, 0.9548884709985846
Time, 0.254, Pos_X, 0.041598357918056, Pos_Y, 0.01932829146326909, Pos_Z, 0.0006619710407506619, BFx, 1.0, 0.0, 0.0,                             BFy, 0.0, 0.9534465391545136, -0.30156209472392503, BFz, 0.0, 0.3015620947239247, 0.9534465391545129
Time, 0.256, Pos_X, 0.042523600021016, Pos_Y, 0.020047468800245393, Pos_Z, 0.0004710271563494629, BFx, 1.0, 0.0, 0.0,                             BFy, 0.0, 0.9519658010660335, -0.30620436574403376, BFz, 0.0, 0.3062043657440334, 0.9519658010660327
Time, 0.258, Pos_X, 0.04345910526277601, Pos_Y, 0.020786014647668716, Pos_Z, 0.0002725989604573298, BFx, 1.0, 0.0, 0.0,                             BFy, 0.0, 0.9504474442450063, -0.3108852774386982, BFz, 0.0, 0.3108852774386978, 0.9504474442450055
Time, 0.26, Pos_X, 0.04440453766673601, Pos_Y, 0.02154443285140381, Pos_Z, 6.667833425391562e-05, BFx, 1.0, 0.0, 0.0,                             BFy, 0.0, 0.9488930784571579, -0.3155977275838637, BFz, 0.0, 0.31559772758386323, 0.948893078457157
Time, 0.262, Pos_X, 0.045359509154096006, Pos_Y, 0.022323222837199536, Pos_Z, -0.0001466958787733425, BFx, 1.0, 0.0, 0.0,                             BFy, 0.0, 0.9473046724113066, -0.32033397825973375, BFz, 0.0, 0.32033397825973325, 0.9473046724113057
Time, 0.264, Pos_X, 0.04632357725625601, Pos_Y, 0.023122876862177, Pos_Z, -0.00036743256280792684, BFx, 1.0, 0.0, 0.0,                             BFy, 0.0, 0.9456844328496066, -0.32508607085803876, BFz, 0.0, 0.32508607085803826, 0.9456844328496058
Time, 0.266, Pos_X, 0.047296245034616005, Pos_Y, 0.023943880055861747, Pos_Z, -0.0005953904884974113, BFx, 1.0, 0.0, 0.0,                             BFy, 0.0, 0.9440346751774645, -0.32984622487240794, BFz, 0.0, 0.3298462248724075, 0.9440346751774636
Time, 0.268, Pos_X, 0.048276958012776004, Pos_Y, 0.024786709309314113, Pos_Z, -0.0008303742871345122, BFx, 1.0, 0.0, 0.0,                             BFy, 0.0, 0.9423576882211222, -0.3346072136857519, BFz, 0.0, 0.3346072136857514, 0.9423576882211212
Time, 0.27, Pos_X, 0.049265097456936004, Pos_Y, 0.025651832438139538, Pos_Z, -0.0010721240136159094, BFx, 1.0, 0.0, 0.0,                             BFy, 0.0, 0.9406555793717576, -0.3393627572329985, BFz, 0.0, 0.339362757232998, 0.9406555793717567
Time, 0.272, Pos_X, 0.050259978628296, Pos_Y, 0.0265397065673647, Pos_Z, -0.0013203059199478333, BFx, 1.0, 0.0, 0.0,                             BFy, 0.0, 0.9389301959545645, -0.34410766792491393, BFz, 0.0, 0.34410766792491343, 0.9389301959545637
Time, 0.274, Pos_X, 0.051260852034056004, Pos_Y, 0.027450776720658727, Pos_Z, -0.001574512728560347, BFx, 1.0, 0.0, 0.0,                             BFy, 0.0, 0.9371831391405135, -0.3488377326361533, BFz, 0.0, 0.3488377326361529, 0.9371831391405128
Time, 0.276, Pos_X, 0.052266904602416, Pos_Y, 0.028385474994900982, Pos_Z, -0.0018342730574020588, BFx, 1.0, 0.0, 0.0,                             BFy, 0.0, 0.9354157919294493, -0.3535495668346952, BFz, 0.0, 0.35354956683469474, 0.9354157919294486
Time, 0.278, Pos_X, 0.053277261377476, Pos_Y, 0.029344218637252863, Pos_Z, -0.002099056249278334, BFx, 1.0, 0.0, 0.0,                             BFy, 0.0, 0.9336294237963544, -0.35824028112662976, BFz, 0.0, 0.3582402811266293, 0.9336294237963536
Time, 0.28, Pos_X, 0.054290986207636005, Pos_Y, 0.030327410997725207, Pos_Z, -0.0023682714667248653, BFx, 1.0, 0.0, 0.0,                             BFy, 0.0, 0.9318253429424836, -0.3629070545609742, BFz, 0.0, 0.3629070545609737, 0.9318253429424829
Time, 0.282, Pos_X, 0.05530708382119598, Pos_Y, 0.03133544420091676, Pos_Z, -0.002641265566853783, BFx, 1.0, 0.0, 0.0,                             BFy, 0.0, 0.9300050938804699, -0.3675466301795964, BFz, 0.0, 0.3675466301795959, 0.9300050938804693
Time, 0.284, Pos_X, 0.05632450185859598, Pos_Y, 0.03236870227663311, Pos_Z, -0.002917323643023067, BFx, 1.0, 0.0, 0.0,                             BFy, 0.0, 0.9281706395903514, -0.3721548922188676, BFz, 0.0, 0.3721548922188671, 0.9281706395903506
Time, 0.286, Pos_X, 0.05734213362871598, Pos_Y, 0.03342756365437122, Pos_Z, -0.003195673367024027, BFx, 1.0, 0.0, 0.0,                             BFy, 0.0, 0.9263244978526973, -0.3767265914133848, BFz, 0.0, 0.3767265914133843, 0.9263244978526964
Time, 0.288, Pos_X, 0.05835882275091598, Pos_Y, 0.034512403291442534, Pos_Z, -0.003475491373505354, BFx, 1.0, 0.0, 0.0,                             BFy, 0.0, 0.9244697947203585, -0.381255293274333, BFz, 0.0, 0.3812552932743325, 0.9244697947203576
Time, 0.29, Pos_X, 0.059373368380435984, Pos_Y, 0.03562359475950983, Pos_Z, -0.003755911098727663, BFx, 1.0, 0.0, 0.0,                             BFy, 0.0, 0.9226102760831476, -0.3857334292821631, BFz, 0.0, 0.3857334292821626, 0.9226102760831467
Time, 0.292, Pos_X, 0.06038453048167598, Pos_Y, 0.03676151250227109, Pos_Z, -0.004036030794105322, BFx, 1.0, 0.0, 0.0,                             BFy, 0.0, 0.9207501954716623, -0.39015263364341757, BFz, 0.0, 0.39015263364341707, 0.9207501954716614
Time, 0.294, Pos_X, 0.06139103615311598, Pos_Y, 0.03792653465221315, Pos_Z, -0.004314921167137968, BFx, 1.0, 0.0, 0.0,                             BFy, 0.0, 0.9188938949659798, -0.39450476523642847, BFz, 0.0, 0.39450476523642797, 0.918893894965979
Time, 0.296, Pos_X, 0.06239158665875598, Pos_Y, 0.03911904581891772, Pos_Z, -0.004591633415411115, BFx, 1.0, 0.0, 0.0,                             BFy, 0.0, 0.9170456690478722, -0.39878219729639247, BFz, 0.0, 0.39878219729639197, 0.9170456690478714
Time, 0.298, Pos_X, 0.06338486514419599, Pos_Y, 0.04033944017268183, Pos_Z, -0.004865207445105839, BFx, 1.0, 0.0, 0.0,                             BFy, 0.0, 0.9152096789137649, -0.40297796915285833, BFz, 0.0, 0.40297796915285794, 0.9152096789137641
Time, 0.3, Pos_X, 0.06436954493063599, Pos_Y, 0.04158812416780844, Pos_Z, -0.005134680533975161, BFx, 1.0, 0.0, 0.0,                             BFy, 0.0, 0.9133898156143697, -0.40708604094459727, BFz, 0.0, 0.4070860409445968, 0.9133898156143689
Time, 0.302, Pos_X, 0.06534429784387599, Pos_Y, 0.042865518237318205, Pos_Z, -0.00539909604210145, BFx, 1.0, 0.0, 0.0,                             BFy, 0.0, 0.9115895124570244, -0.4111016428796695, BFz, 0.0, 0.4111016428796689, 0.9115895124570235
Time, 0.304, Pos_X, 0.06630780471751599, Pos_Y, 0.04417205686706835, Pos_Z, -0.005657511396142895, BFx, 1.0, 0.0, 0.0,                             BFy, 0.0, 0.9098114539117864, -0.41502182874027266, BFz, 0.0, 0.41502182874027205, 0.9098114539117854
Time, 0.306, Pos_X, 0.06725876759555599, Pos_Y, 0.04550818702689596, Pos_Z, -0.00590900620463264, BFx, 1.0, 0.0, 0.0,                             BFy, 0.0, 0.9080576284810769, -0.4188452498922742, BFz, 0.0, 0.4188452498922735, 0.908057628481076
Time, 0.308, Pos_X, 0.06819592093999599, Pos_Y, 0.04687436732897359, Pos_Z, -0.006152689909068512, BFx, 1.0, 0.0, 0.0,                             BFy, 0.0, 0.9063291827665738, -0.42257237541712717, BFz, 0.0, 0.4225723754171265, 0.9063291827665729
Time, 0.31, Pos_X, 0.06911804205063599, Pos_Y, 0.04827106726183279, Pos_Z, -0.006387708209224612, BFx, 1.0, 0.0, 0.0,                             BFy, 0.0, 0.9046263925302439, -0.42620545507737984, BFz, 0.0, 0.4262054550773791, 0.904626392530243
Time, 0.312, Pos_X, 0.07002396205027599, Pos_Y, 0.04969876528115672, Pos_Z, -0.0066132484656351775, BFx, 1.0, 0.0, 0.0,                             BFy, 0.0, 0.9029487694927758, -0.42974820496597943, BFz, 0.0, 0.42974820496597876, 0.9029487694927749
Time, 0.314, Pos_X, 0.07091257794971599, Pos_Y, 0.051157945933782666, Pos_Z, -0.006828543909757601, BFx, 1.0, 0.0, 0.0,                             BFy, 0.0, 0.9012952658566564, -0.4332053136151248, BFz, 0.0, 0.43320531361512415, 0.9012952658566555
Time, 0.316, Pos_X, 0.071782864396156, Pos_Y, 0.05264909538286101, Pos_Z, -0.007032876428643835, BFx, 1.0, 0.0, 0.0,                             BFy, 0.0, 0.8996645812084167, -0.4365817693388989, BFz, 0.0, 0.43658176933889825, 0.8996645812084159
