Time, 0, Pos_X, 0.0, Pos_Y, 0.0, Pos_Z, 0.0, BFx, 1.0, 0.0, 0.0,                         BFy, 0.0, 1.0, 0.0, BFz, 0.0, 0.0, 1.0
Time, 0.0, Pos_X, 0.0, Pos_Y, 0.0, Pos_Z, 0.0, BFx, 1.0, 0.0, 0.0,                             BFy, 0.0, 1.0, 0.0, BFz, 0.0, 0.0, 1.0
Time, 0.002, Pos_X, -8.9170706e-07, Pos_Y, 9.192487361240831e-07, Pos_Z, -1.2461781859913593e-06, BFx, 1.0, 0.0, 0.0,                             BFy, 0.0, 0.9999986943852723, -0.0016159293767392352, BFz, 0.0, 0.0016159293767392354, 0.9999986943852723
Time, 0.004, Pos_X, -3.6027157800000003e-06, Pos_Y, 3.746783175078642e-06, Pos_Z, -4.993690722116232e-06, BFx, 1.0, 0.0, 0.0,                             BFy, 0.0, 0.9999947632050138, -0.00323628839072856, BFz, 0.0, 0.00323628839072856, 0.9999947632050138
Time, 0.006, Pos_X, -8.20869026e-06, Pos_Y, 8.627624990071461e-06, Pos_Z, -1.1260703927740234e-05, BFx, 1.0, 0.0, 0.0,                             BFy, 0.0, 0.999988179691555, -0.004862147382548832, BFz, 0.0, 0.004862147382548831, 0.9999881796915551
Time, 0.008, Pos_X, -1.4793018700000001e-05, Pos_Y, 1.5718481943314772e-05, Pos_Z, -2.0064929778515193e-05, BFx, 1.0, 0.0, 0.0,                             BFy, 0.0, 0.9999789078562588, -0.006494908975763503, BFz, 0.0, 0.006494908975763501, 0.9999789078562589
Time, 0.01, Pos_X, -2.3447147800000003e-05, Pos_Y, 2.5189395531145792e-05, Pos_Z, -3.142238370316572e-05, BFx, 1.0, 0.0, 0.0,                             BFy, 0.0, 0.999966899403166, -0.008136344266194286, BFz, 0.0, 0.008136344266194286, 0.999966899403166
Time, 0.012, Pos_X, -3.4271542560000004e-05, Pos_Y, 3.722411796180628e-05, Pos_Z, -4.5346515647843613e-05, BFx, 1.0, 0.0, 0.0,                             BFy, 0.0, 0.9999520911973098, -0.009788529518094547, BFz, 0.0, 0.009788529518094547, 0.9999520911973098
Time, 0.014, Pos_X, -4.737596092000001e-05, Pos_Y, 5.201871344662672e-05, Pos_Z, -6.184764347566337e-05, BFx, 1.0, 0.0, 0.0,                             BFy, 0.0, 0.9999344028764073, -0.011453817887592543, BFz, 0.0, 0.011453817887592543, 0.9999344028764073
Time, 0.016, Pos_X, -6.287960988000001e-05, Pos_Y, 6.978051114765117e-05, Pos_Z, -8.093279161809851e-05, BFx, 1.0, 0.0, 0.0,                             BFy, 0.0, 0.9999137335007093, -0.01313489842639776, BFz, 0.0, 0.013134898426397762, 0.9999137335007094
Time, 0.018, Pos_X, -8.091099723999999e-05, Pos_Y, 9.072818543960664e-05, Pos_Z, -0.00010260561601734977, BFx, 1.0, 0.0, 0.0,                             BFy, 0.0, 0.9998899586908304, -0.014834773650076225, BFz, 0.0, 0.014834773650076226, 0.9998899586908305
Time, 0.02, Pos_X, -0.00010160758350000002, Pos_Y, 0.00011509252771943894, Pos_Z, -0.00012686670114445253, BFx, 1.0, 0.0, 0.0,                             BFy, 0.0, 0.9998629278837592, -0.016556734089660248, BFz, 0.0, 0.016556734089660248, 0.9998629278837594
Time, 0.022, Pos_X, -0.00012511550826, Pos_Y, 0.00014311752302791783, Pos_Z, -0.00015371441362708525, BFx, 1.0, 0.0, 0.0,                             BFy, 0.0, 0.99983246306234, -0.01830425651846395, BFz, 0.0, 0.01830425651846395, 0.9998324630623401
Time, 0.024, Pos_X, -0.00015158889542000003, Pos_Y, 0.00017506121455718293, Pos_Z, -0.0001831456032544785, BFx, 1.0, 0.0, 0.0,                             BFy, 0.0, 0.9997983603374121, -0.020080803435653313, BFz, 0.0, 0.020080803435653306, 0.9997983603374122
Time, 0.026, Pos_X, -0.00018118950678000002, Pos_Y, 0.00021119611128697768, Pos_Z, -0.00021515591897899812, BFx, 1.0, 0.0, 0.0,                             BFy, 0.0, 0.9997603942705356, -0.021889587662216152, BFz, 0.0, 0.021889587662216145, 0.9997603942705358
Time, 0.028, Pos_X, -0.00021408549494000004, Pos_Y, 0.0002518087556662883, Pos_Z, -0.00024974058904607535, BFx, 1.0, 0.0, 0.0,                             BFy, 0.0, 0.9997183130702002, -0.02373382632598357, BFz, 0.0, 0.023733826325983563, 0.9997183130702004
Time, 0.03, Pos_X, -0.0002504491893, Pos_Y, 0.0002971983017804591, Pos_Z, -0.00028689511035378417, BFx, 1.0, 0.0, 0.0,                             BFy, 0.0, 0.9996718675065094, -0.02561556784549155, BFz, 0.0, 0.025615567845491544, 0.9996718675065096
Time, 0.032, Pos_X, -0.00029045435658000006, Pos_Y, 0.0003476745663093665, Pos_Z, -0.0003266156817269095, BFx, 1.0, 0.0, 0.0,                             BFy, 0.0, 0.9996208080927419, -0.027536158555843345, BFz, 0.0, 0.027536158555843338, 0.9996208080927421
Time, 0.034, Pos_X, -0.0003342732783800001, Pos_Y, 0.0004035557986897195, Pos_Z, -0.00036890008629169674, BFx, 1.0, 0.0, 0.0,                             BFy, 0.0, 0.9995648976894326, -0.02949602188623465, BFz, 0.0, 0.029496021886234645, 0.9995648976894328
Time, 0.036, Pos_X, -0.00038207400057999996, Pos_Y, 0.0004651664314791441, Pos_Z, -0.0004137489476369022, BFx, 1.0, 0.0, 0.0,                             BFy, 0.0, 0.9995039319405781, -0.03149428575667756, BFz, 0.0, 0.03149428575667755, 0.9995039319405783
Time, 0.038, Pos_X, -0.00043401678517999997, Pos_Y, 0.0005328348915164126, Pos_Z, -0.000461167216826896, BFx, 1.0, 0.0, 0.0,                             BFy, 0.0, 0.9994377514652184, -0.03352880770542543, BFz, 0.0, 0.03352880770542542, 0.9994377514652186
Time, 0.04, Pos_X, -0.00049024965218, Pos_Y, 0.0006068910190766473, Pos_Z, -0.0005111660684611016, BFx, 1.0, 0.0, 0.0,                             BFy, 0.0, 0.9993662504476175, -0.035596312537523135, BFz, 0.0, 0.03559631253752314, 0.9993662504476178
Time, 0.042, Pos_X, -0.00055090432238, Pos_Y, 0.0006876632355621952, Pos_Z, -0.0005637644122879439, BFx, 1.0, 0.0, 0.0,                             BFy, 0.0, 0.9992893716304421, -0.037692860682567365, BFz, 0.0, 0.037692860682567365, 0.9992893716304424
Time, 0.044, Pos_X, -0.0006160925053799998, Pos_Y, 0.0007754762082582816, Pos_Z, -0.0006189889794949425, BFx, 1.0, 0.0, 0.0,                             BFy, 0.0, 0.9992070895443391, -0.03981447229752338, BFz, 0.0, 0.039814472297523384, 0.9992070895443395
Time, 0.046, Pos_X, -0.0006859021239799999, Pos_Y, 0.0008706486221056789, Pos_Z, -0.0006768738678017775, BFx, 1.0, 0.0, 0.0,                             BFy, 0.0, 0.9991193760149613, -0.04195798459738074, BFz, 0.0, 0.04195798459738074, 0.9991193760149616
Time, 0.048, Pos_X, -0.0007603934473800001, Pos_Y, 0.0009734902954648964, Pos_Z, -0.0007374604555722398, BFx, 1.0, 0.0, 0.0,                             BFy, 0.0, 0.999026153296708, -0.04412193365189452, BFz, 0.0, 0.04412193365189453, 0.9990261532967082
Time, 0.05, Pos_X, -0.0008395959841800001, Pos_Y, 0.0010842991193314906, Pos_Z, -0.0008007971365867836, BFx, 1.0, 0.0, 0.0,                             BFy, 0.0, 0.9989272468337914, -0.046307186624337825, BFz, 0.0, 0.04630718662433783, 0.9989272468337915
Time, 0.052, Pos_X, -0.0009235065205799999, Pos_Y, 0.0012033586769238443, Pos_Z, -0.0008669382504104629, BFx, 1.0, 0.0, 0.0,                             BFy, 0.0, 0.9988223361662146, -0.04851742754376894, BFz, 0.0, 0.048517427543768935, 0.998822336166215
Time, 0.054, Pos_X, -0.00101208754198, Pos_Y, 0.0013309366113818137, Pos_Z, -0.0009359426565862286, BFx, 1.0, 0.0, 0.0,                             BFy, 0.0, 0.9987109193548083, -0.050759231293163974, BFz, 0.0, 0.050759231293163974, 0.9987109193548086
Time, 0.056, Pos_X, -0.0011052683945800001, Pos_Y, 0.0014672874286913707, Pos_Z, -0.001007873007617724, BFx, 1.0, 0.0, 0.0,                             BFy, 0.0, 0.9985923090902402, -0.053041495320380064, BFz, 0.0, 0.05304149532038006, 0.9985923090902404
Time, 0.058, Pos_X, -0.0012029457257800003, Pos_Y, 0.00161265190028052, Pos_Z, -0.0010827938871422228, BFx, 1.0, 0.0, 0.0,                             BFy, 0.0, 0.9984656606605828, -0.055374402765407324, BFz, 0.0, 0.05537440276540732, 0.9984656606605831
Time, 0.06, Pos_X, -0.00130498199238, Pos_Y, 0.0017672527814632218, Pos_Z, -0.0011607687510406103, BFx, 1.0, 0.0, 0.0,                             BFy, 0.0, 0.9983300223559584, -0.057768213255662774, BFz, 0.0, 0.057768213255662774, 0.9983300223559584
Time, 0.062, Pos_X, -0.00141120692638, Pos_Y, 0.0019312957471177995, Pos_Z, -0.0012418578518629687, BFx, 1.0, 0.0, 0.0,                             BFy, 0.0, 0.9981844062348746, -0.060231977798596244, BFz, 0.0, 0.060231977798596244, 0.9981844062348747
Time, 0.064, Pos_X, -0.0015214212387800001, Pos_Y, 0.002104972087672258, Pos_Z, -0.00132611712029919, BFx, 1.0, 0.0, 0.0,                             BFy, 0.0, 0.998027859381776, -0.06277254095406513, BFz, 0.0, 0.06277254095406513, 0.9980278593817761
Time, 0.066, Pos_X, -0.0016354011463800002, Pos_Y, 0.0022884619766203682, Pos_Z, -0.0014135969339837409, BFx, 1.0, 0.0, 0.0,                             BFy, 0.0, 0.9978595297122554, -0.06539387557283984, BFz, 0.0, 0.06539387557283985, 0.9978595297122554
Time, 0.068, Pos_X, -0.0017529031458600004, Pos_Y, 0.002481937922220762, Pos_Z, -0.0015043398605617958, BFx, 1.0, 0.0, 0.0,                             BFy, 0.0, 0.9976787021886179, -0.06809704251459957, BFz, 0.0, 0.06809704251459958, 0.9976787021886176
Time, 0.07, Pos_X, -0.0018736693030200005, Pos_Y, 0.002685568348080069, Pos_Z, -0.0015983777262775813, BFx, 1.0, 0.0, 0.0,                             BFy, 0.0, 0.9974848127382786, -0.0708805217001179, BFz, 0.0, 0.07088052170011791, 0.9974848127382785
Time, 0.072, Pos_X, -0.0019974333818999998, Pos_Y, 0.0028995208087687586, Pos_Z, -0.001695728364665703, BFx, 1.0, 0.0, 0.0,                             BFy, 0.0, 0.9972774380582121, -0.07374084038067676, BFz, 0.0, 0.07374084038067677, 0.997277438058212
Time, 0.074, Pos_X, -0.0021239268073, Pos_Y, 0.0031239651434272937, Pos_Z, -0.0017963933883557534, BFx, 1.0, 0.0, 0.0,                             BFy, 0.0, 0.997056246266281, -0.0766736055066718, BFz, 0.0, 0.07667360550667178, 0.9970562462662808
Time, 0.076, Pos_X, -0.0022528843829, Pos_Y, 0.0033590764079790606, Pos_Z, -0.0019003577547210336, BFx, 1.0, 0.0, 0.0,                             BFy, 0.0, 0.9968209320570206, -0.07967452173042569, BFz, 0.0, 0.07967452173042569, 0.9968209320570204
Time, 0.078, Pos_X, -0.0023840501320200004, Pos_Y, 0.0036050376790473554, Pos_Z, -0.002007588883331743, BFx, 1.0, 0.0, 0.0,                             BFy, 0.0, 0.9965711605899442, -0.08274008629685452, BFz, 0.0, 0.08274008629685453, 0.996571160589944
Time, 0.08, Pos_X, -0.0025171837878600004, Pos_Y, 0.0038620435390861307, Pos_Z, -0.002118034780981214, BFx, 1.0, 0.0, 0.0,                             BFy, 0.0, 0.9963065279150308, -0.08586793600579279, BFz, 0.0, 0.08586793600579279, 0.9963065279150307
Time, 0.082, Pos_X, -0.0026520677591000004, Pos_Y, 0.0041303033423528675, Pos_Z, -0.002231622529719108, BFx, 1.0, 0.0, 0.0,                             BFy, 0.0, 0.9960265465272006, -0.08905682799817964, BFz, 0.0, 0.08905682799817966, 0.9960265465272006
Time, 0.084, Pos_X, -0.0027885123606400004, Pos_Y, 0.00441004378320265, Pos_Z, -0.0023482570697755042, BFx, 1.0, 0.0, 0.0,                             BFy, 0.0, 0.9957306371126811, -0.09230654535390877, BFz, 0.0, 0.0923065453539088, 0.9957306371126811
Time, 0.086, Pos_X, -0.00292636063154, Pos_Y, 0.004701510669253108, Pos_Z, -0.0024678202082107224, BFx, 1.0, 0.0, 0.0,                             BFy, 0.0, 0.9954181806270248, -0.09561718295987563, BFz, 0.0, 0.09561718295987565, 0.9954181806270248
Time, 0.088, Pos_X, -0.0030654912127, Pos_Y, 0.005004969138706514, Pos_Z, -0.0025901693695107317, BFx, 1.0, 0.0, 0.0,                             BFy, 0.0, 0.9950885413902311, -0.09898886196871395, BFz, 0.0, 0.098988861968714, 0.9950885413902312
Time, 0.09, Pos_X, -0.00320581984056, Pos_Y, 0.005320703288461531, Pos_Z, -0.0027151370674132376, BFx, 1.0, 0.0, 0.0,                             BFy, 0.0, 0.994741100576272, -0.10242139827353366, BFz, 0.0, 0.10242139827353369, 0.994741100576272
Time, 0.092, Pos_X, -0.00334730136148, Pos_Y, 0.005649015845530417, Pos_Z, -0.0028425332302683647, BFx, 1.0, 0.0, 0.0,                             BFy, 0.0, 0.9943753112844161, -0.10591383435613608, BFz, 0.0, 0.1059138343561361, 0.994375311284416
Time, 0.094, Pos_X, -0.0034899291455200003, Pos_Y, 0.005990227244925631, Pos_Z, -0.0029721480517078624, BFx, 1.0, 0.0, 0.0,                             BFy, 0.0, 0.9939907313876432, -0.10946426775645395, BFz, 0.0, 0.10946426775645397, 0.9939907313876432
Time, 0.096, Pos_X, -0.0036337335464800002, Pos_Y, 0.006344674153444599, Pos_Z, -0.003103753970186803, BFx, 1.0, 0.0, 0.0,                             BFy, 0.0, 0.9935870548738573, -0.11306973240921893, BFz, 0.0, 0.11306973240921894, 0.9935870548738576
Time, 0.098, Pos_X, -0.0037787803805200003, Pos_Y, 0.006712707287274722, Pos_Z, -0.00323710769123353, BFx, 1.0, 0.0, 0.0,                             BFy, 0.0, 0.9931641377866035, -0.11672615565754832, BFz, 0.0, 0.11672615565754832, 0.9931641377866037
Time, 0.1, Pos_X, -0.00392516772994, Pos_Y, 0.0070946877677570165, Pos_Z, -0.0033719519864794907, BFx, 1.0, 0.0, 0.0,                             BFy, 0.0, 0.9927220166194641, -0.12042839249521728, BFz, 0.0, 0.12042839249521729, 0.9927220166194644
Time, 0.102, Pos_X, -0.004073021034619999, Pos_Y, 0.007490982395835164, Pos_Z, -0.0035080184501945924, BFx, 1.0, 0.0, 0.0,                             BFy, 0.0, 0.9922609409186036, -0.12417014587784282, BFz, 0.0, 0.12417014587784284, 0.9922609409186038
Time, 0.104, Pos_X, -0.004222487581439999, Pos_Y, 0.007901958927198728, Pos_Z, -0.0036450314254241685, BFx, 1.0, 0.0, 0.0,                             BFy, 0.0, 0.9917813894480348, -0.12794403286016579, BFz, 0.0, 0.1279440328601658, 0.9917813894480351
Time, 0.106, Pos_X, -0.0043737314963199995, Pos_Y, 0.008327982312605727, Pos_Z, -0.003782711733294785, BFx, 1.0, 0.0, 0.0,                             BFy, 0.0, 0.9912841405045982, -0.1317412341829906, BFz, 0.0, 0.1317412341829906, 0.9912841405045986
Time, 0.108, Pos_X, -0.00452692904612, Pos_Y, 0.008769411279065872, Pos_Z, -0.003920778967742012, BFx, 1.0, 0.0, 0.0,                             BFy, 0.0, 0.9907703186892122, -0.13555137625444705, BFz, 0.0, 0.13555137625444708, 0.9907703186892125
Time, 0.11, Pos_X, -0.00468226284612, Pos_Y, 0.009226593769708564, Pos_Z, -0.004058953426674875, BFx, 1.0, 0.0, 0.0,                             BFy, 0.0, 0.9902414371149336, -0.1393624634560852, BFz, 0.0, 0.13936246345608522, 0.9902414371149341
Time, 0.112, Pos_X, -0.004839916181120001, Pos_Y, 0.009699861941241481, Pos_Z, -0.004196956897083461, BFx, 1.0, 0.0, 0.0,                             BFy, 0.0, 0.9896994392657934, -0.14316081837210962, BFz, 0.0, 0.14316081837210962, 0.9896994392657938
Time, 0.114, Pos_X, -0.005000066955520001, Pos_Y, 0.010189527315481053, Pos_Z, -0.004334513038849325, BFx, 1.0, 0.0, 0.0,                             BFy, 0.0, 0.9891467562712825, -0.1469309176381814, BFz, 0.0, 0.14693091763818142, 0.9891467562712829
Time, 0.116, Pos_X, -0.0051628798629200015, Pos_Y, 0.010695875480488226, Pos_Z, -0.004471352176970384, BFx, 1.0, 0.0, 0.0,                             BFy, 0.0, 0.9885863551171872, -0.1506552968737336, BFz, 0.0, 0.15065529687373364, 0.9885863551171875
Time, 0.118, Pos_X, -0.005328500585120001, Pos_Y, 0.01121916151086103, Pos_Z, -0.004607217477283858, BFx, 1.0, 0.0, 0.0,                             BFy, 0.0, 0.9880217945051217, -0.1543143984950125, BFz, 0.0, 0.1543143984950125, 0.9880217945051221
Time, 0.12, Pos_X, -0.005497051305220001, Pos_Y, 0.011759606663139886, Pos_Z, -0.004741868981274534, BFx, 1.0, 0.0, 0.0,                             BFy, 0.0, 0.9874571812282026, -0.15788703316248365, BFz, 0.0, 0.15788703316248368, 0.9874571812282029
Time, 0.122, Pos_X, -0.005668625398420002, Pos_Y, 0.012317395500929687, Pos_Z, -0.00487508545411279, BFx, 1.0, 0.0, 0.0,                             BFy, 0.0, 0.9868971650008347, -0.16135050577334503, BFz, 0.0, 0.16135050577334506, 0.9868971650008349
Time, 0.124, Pos_X, -0.0058432834869400025, Pos_Y, 0.012892673619990946, Pos_Z, -0.0050066646538100504, BFx, 1.0, 0.0, 0.0,                             BFy, 0.0, 0.9863469135458744, -0.1646808007586991, BFz, 0.0, 0.1646808007586991, 0.9863469135458747
Time, 0.126, Pos_X, -0.006021051085660003, Pos_Y, 0.013485545919230743, Pos_Z, -0.005136423278138957, BFx, 1.0, 0.0, 0.0,                             BFy, 0.0, 0.9858120082276093, -0.1678531633131976, BFz, 0.0, 0.1678531633131976, 0.9858120082276094
Time, 0.128, Pos_X, -0.006201917862660003, Pos_Y, 0.014096074764153874, Pos_Z, -0.005264196118479129, BFx, 1.0, 0.0, 0.0,                             BFy, 0.0, 0.985298361525324, -0.1708424384499094, BFz, 0.0, 0.17084243844990946, 0.9852983615253238
Time, 0.13, Pos_X, -0.006385836777660003, Pos_Y, 0.01472427720979434, Pos_Z, -0.005389834913035953, BFx, 1.0, 0.0, 0.0,                             BFy, 0.0, 0.9848120697195546, -0.17362369462342003, BFz, 0.0, 0.1736236946234201, 0.9848120697195544
Time, 0.132, Pos_X, -0.0065727233620600034, Pos_Y, 0.01537012234529988, Pos_Z, -0.005513206523631349, BFx, 1.0, 0.0, 0.0,                             BFy, 0.0, 0.9843592192318719, -0.17617300449620216, BFz, 0.0, 0.17617300449620218, 0.9843592192318719
Time, 0.134, Pos_X, -0.006762456550260003, Pos_Y, 0.016033530037635087, Pos_Z, -0.005634190321298476, BFx, 1.0, 0.0, 0.0,                             BFy, 0.0, 0.983945669526593, -0.1784682588581616, BFz, 0.0, 0.1784682588581616, 0.9839456695265931
Time, 0.136, Pos_X, -0.006954880088460003, Pos_Y, 0.01671437093973755, Pos_Z, -0.005752674884412148, BFx, 1.0, 0.0, 0.0,                             BFy, 0.0, 0.9835767982933686, -0.1804901156821752, BFz, 0.0, 0.18049011568217524, 0.9835767982933687
Time, 0.138, Pos_X, -0.007149804601060004, Pos_Y, 0.01741246746969537, Pos_Z, -0.005868553545871257, BFx, 1.0, 0.0, 0.0,                             BFy, 0.0, 0.9832572406191811, -0.18222293700287173, BFz, 0.0, 0.18222293700287176, 0.9832572406191813
Time, 0.14, Pos_X, -0.007347010676260004, Pos_Y, 0.018127595504088042, Pos_Z, -0.005981719824681602, BFx, 1.0, 0.0, 0.0,                             BFy, 0.0, 0.9829905873237725, -0.18365594254709952, BFz, 0.0, 0.18365594254709958, 0.9829905873237725
Time, 0.142, Pos_X, -0.0075462525381200015, Pos_Y, 0.018859485902040934, Pos_Z, -0.006092063060495478, BFx, 1.0, 0.0, 0.0,                             BFy, 0.0, 0.9827791571010379, -0.18478400463181896, BFz, 0.0, 0.18478400463181904, 0.9827791571010378
Time, 0.144, Pos_X, -0.007747261567320002, Pos_Y, 0.019607826115510558, Pos_Z, -0.006199463214096755, BFx, 1.0, 0.0, 0.0,                             BFy, 0.0, 0.9826238014762085, -0.1856083639614426, BFz, 0.0, 0.18560836396144273, 0.9826238014762084
Time, 0.146, Pos_X, -0.007949750018600002, Pos_Y, 0.020372261833523607, Pos_Z, -0.006303785185831494, BFx, 1.0, 0.0, 0.0,                             BFy, 0.0, 0.9825238011102604, -0.1861369932384317, BFz, 0.0, 0.18613699323843183, 0.9825238011102602
Time, 0.148, Pos_X, -0.008153415034320002, Pos_Y, 0.02115239838926355, Pos_Z, -0.0064048738406430085, BFx, 1.0, 0.0, 0.0,                             BFy, 0.0, 0.9824768579966495, -0.1863846117602794, BFz, 0.0, 0.18638461176027957, 0.9824768579966492
Time, 0.15, Pos_X, -0.008357943033500003, Pos_Y, 0.021947802205268447, Pos_Z, -0.006502549214422402, BFx, 1.0, 0.0, 0.0,                             BFy, 0.0, 0.9824792582097209, -0.18637195923119745, BFz, 0.0, 0.18637195923119762, 0.9824792582097207
Time, 0.152, Pos_X, -0.008563013141680002, Pos_Y, 0.022758002491782267, Pos_Z, -0.006596602352692568, BFx, 1.0, 0.0, 0.0,                             BFy, 0.0, 0.9825260768556237, -0.1861249803188596, BFz, 0.0, 0.18612498031885977, 0.9825260768556234
Time, 0.154, Pos_X, -0.008768299814034002, Pos_Y, 0.02358249294628295, Pos_Z, -0.0066867934884340995, BFx, 1.0, 0.0, 0.0,                             BFy, 0.0, 0.9826114807477606, -0.1856735789031171, BFz, 0.0, 0.18567357890311725, 0.9826114807477605
Time, 0.156, Pos_X, -0.008973475723322003, Pos_Y, 0.024420733714222112, Pos_Z, -0.006772850805315652, BFx, 1.0, 0.0, 0.0,                             BFy, 0.0, 0.982729001464032, -0.18505055979787097, BFz, 0.0, 0.18505055979787116, 0.982729001464032
Time, 0.158, Pos_X, -0.009178214004110003, Pos_Y, 0.025272154342768745, Pos_Z, -0.0068544691008612805, BFx, 1.0, 0.0, 0.0,                             BFy, 0.0, 0.9828718431039234, -0.18429036880286304, BFz, 0.0, 0.18429036880286326, 0.9828718431039233
Time, 0.16, Pos_X, -0.009382189238398004, Pos_Y, 0.026136156632440198, Pos_Z, -0.006931309935095072, BFx, 1.0, 0.0, 0.0,                             BFy, 0.0, 0.983033146026841, -0.18342800716512744, BFz, 0.0, 0.1834280071651277, 0.983033146026841
Time, 0.162, Pos_X, -0.009585076977826004, Pos_Y, 0.027012116046427316, Pos_Z, -0.007003003461293361, BFx, 1.0, 0.0, 0.0,                             BFy, 0.0, 0.9832062655949998, -0.18249777887616364, BFz, 0.0, 0.1824977788761639, 0.9832062655949999
Time, 0.164, Pos_X, -0.009786554513794005, Pos_Y, 0.027899382819276734, Pos_Z, -0.0070691495153812536, BFx, 1.0, 0.0, 0.0,                             BFy, 0.0, 0.9833849827035325, -0.1815322995865246, BFz, 0.0, 0.18153229958652484, 0.9833849827035326
Time, 0.166, Pos_X, -0.009986301279422006, Pos_Y, 0.028797283360737166, Pos_Z, -0.007129320129712294, BFx, 1.0, 0.0, 0.0,                             BFy, 0.0, 0.983563651524258, -0.18056174401092412, BFz, 0.0, 0.18056174401092437, 0.9835636515242581
Time, 0.168, Pos_X, -0.010183997546770006, Pos_Y, 0.029705122034982132, Pos_Z, -0.007183065156043662, BFx, 1.0, 0.0, 0.0,                             BFy, 0.0, 0.9837372757004962, -0.17961339704310703, BFz, 0.0, 0.1796133970431073, 0.9837372757004963
Time, 0.17, Pos_X, -0.010379324348918006, Pos_Y, 0.030622184238539733, Pos_Z, -0.007229918576614107, BFx, 1.0, 0.0, 0.0,                             BFy, 0.0, 0.9839015744681535, -0.17871119651294315, BFz, 0.0, 0.17871119651294343, 0.9839015744681535
Time, 0.172, Pos_X, -0.010571961761466004, Pos_Y, 0.03154773835671495, Pos_Z, -0.0072694047137748475, BFx, 1.0, 0.0, 0.0,                             BFy, 0.0, 0.9840529777174857, -0.17787562240326454, BFz, 0.0, 0.17787562240326482, 0.9840529777174857
Time, 0.174, Pos_X, -0.010761585172614005, Pos_Y, 0.032481034701021844, Pos_Z, -0.007301042394567316, BFx, 1.0, 0.0, 0.0,                             BFy, 0.0, 0.9841886630645185, -0.17712333413549858, BFz, 0.0, 0.17712333413549888, 0.9841886630645181
Time, 0.176, Pos_X, -0.010947867492902006, Pos_Y, 0.033421305999926224, Pos_Z, -0.007324347055167419, BFx, 1.0, 0.0, 0.0,                             BFy, 0.0, 0.9843064655393038, -0.1764675094671053, BFz, 0.0, 0.1764675094671056, 0.9843064655393035
Time, 0.178, Pos_X, -0.011130479873730005, Pos_Y, 0.03436776966462854, Pos_Z, -0.007338838722592907, BFx, 1.0, 0.0, 0.0,                             BFy, 0.0, 0.984404789150609, -0.1759181943328895, BFz, 0.0, 0.17591819433288977, 0.9844047891506089
Time, 0.18, Pos_X, -0.011309085179958005, Pos_Y, 0.03531962684650968, Pos_Z, -0.0073440601729494875, BFx, 1.0, 0.0, 0.0,                             BFy, 0.0, 0.9844825476386867, -0.17548251592349604, BFz, 0.0, 0.17548251592349629, 0.9844825476386866
Time, 0.182, Pos_X, -0.011483337818586006, Pos_Y, 0.036276060738969336, Pos_Z, -0.007339587075163608, BFx, 1.0, 0.0, 0.0,                             BFy, 0.0, 0.9845390764365637, -0.17516508490403354, BFz, 0.0, 0.17516508490403374, 0.9845390764365636
Time, 0.184, Pos_X, -0.011652886760814007, Pos_Y, 0.037236236466658176, Pos_Z, -0.007325024420041169, BFx, 1.0, 0.0, 0.0,                             BFy, 0.0, 0.9845741162603981, -0.1749680244789168, BFz, 0.0, 0.17496802447891702, 0.984574116260398
Time, 0.186, Pos_X, -0.011817375827842007, Pos_Y, 0.03819930520597531, Pos_Z, -0.0073000128651681566, BFx, 1.0, 0.0, 0.0,                             BFy, 0.0, 0.9845877903050868, -0.17489106089833598, BFz, 0.0, 0.17489106089833623, 0.9845877903050866
Time, 0.188, Pos_X, -0.011976443443470007, Pos_Y, 0.03916441150391557, Pos_Z, -0.007264247152624522, BFx, 1.0, 0.0, 0.0,                             BFy, 0.0, 0.9845805968169615, -0.1749315533903323, BFz, 0.0, 0.17493155339033256, 0.9845805968169612
Time, 0.19, Pos_X, -0.012129721466298007, Pos_Y, 0.04013069874092502, Pos_Z, -0.007217488358396772, BFx, 1.0, 0.0, 0.0,                             BFy, 0.0, 0.9845534331814113, -0.1750843716917499, BFz, 0.0, 0.17508437169175012, 0.984553433181411
Time, 0.192, Pos_X, -0.012276834339726006, Pos_Y, 0.041097313246697215, Pos_Z, -0.0071595685002318376, BFx, 1.0, 0.0, 0.0,                             BFy, 0.0, 0.984507609061455, -0.17534185952046885, BFz, 0.0, 0.17534185952046907, 0.9845076090614548
Time, 0.194, Pos_X, -0.012417398725754007, Pos_Y, 0.04206340648943215, Pos_Z, -0.007090394307182187, BFx, 1.0, 0.0, 0.0,                             BFy, 0.0, 0.984444874281277, -0.1756937377976787, BFz, 0.0, 0.1756937377976789, 0.9844448742812769
Time, 0.196, Pos_X, -0.012551020435382008, Pos_Y, 0.04302813402155938, Pos_Z, -0.00700994887566541, BFx, 1.0, 0.0, 0.0,                             BFy, 0.0, 0.9843674679573486, -0.1761269088675475, BFz, 0.0, 0.17612690886754775, 0.9843674679573484
Time, 0.198, Pos_X, -0.012677290949810007, Pos_Y, 0.043990655922977136, Pos_Z, -0.006918291856219217, BFx, 1.0, 0.0, 0.0,                             BFy, 0.0, 0.9842781693379692, -0.17662526819426336, BFz, 0.0, 0.1766252681942636, 0.9842781693379689
Time, 0.2, Pos_X, -0.012795784805638007, Pos_Y, 0.04495013984689178, Pos_Z, -0.006815553025370875, BFx, 1.0, 0.0, 0.0,                             BFy, 0.0, 0.9841803316396242, -0.17716962158823701, BFz, 0.0, 0.17716962158823726, 0.9841803316396238
Time, 0.202, Pos_X, -0.012906060275866008, Pos_Y, 0.04590576655843329, Pos_Z, -0.006701915664610549, BFx, 1.0, 0.0, 0.0,                             BFy, 0.0, 0.9840778089153435, -0.17773819510835834, BFz, 0.0, 0.17773819510835853, 0.9840778089153431
Time, 0.204, Pos_X, -0.013007668699694006, Pos_Y, 0.04685674453580308, Pos_Z, -0.006577611319408495, BFx, 1.0, 0.0, 0.0,                             BFy, 0.0, 0.983974818196474, -0.17830747924643012, BFz, 0.0, 0.1783074792464303, 0.9839748181964737
Time, 0.206, Pos_X, -0.013100165092522006, Pos_Y, 0.04780233393725387, Pos_Z, -0.006442934063312966, BFx, 1.0, 0.0, 0.0,                             BFy, 0.0, 0.9838758262234245, -0.17885289646291405, BFz, 0.0, 0.17885289646291425, 0.9838758262234242
Time, 0.208, Pos_X, -0.013183117026750006, Pos_Y, 0.048741871583815315, Pos_Z, -0.006298251546236369, BFx, 1.0, 0.0, 0.0,                             BFy, 0.0, 0.9837852410545751, -0.179350493401026, BFz, 0.0, 0.17935049340102618, 0.9837852410545749
Time, 0.21, Pos_X, -0.013256116104978007, Pos_Y, 0.0496747856545113, Pos_Z, -0.00614399285957084, BFx, 1.0, 0.0, 0.0,                             BFy, 0.0, 0.9837071362784411, -0.17977839145700453, BFz, 0.0, 0.1797783914570047, 0.983707136278441
Time, 0.212, Pos_X, -0.013318788149206007, Pos_Y, 0.05060059424421652, Pos_Z, -0.0059806248523019264, BFx, 1.0, 0.0, 0.0,                             BFy, 0.0, 0.9836451750296502, -0.1801170998014577, BFz, 0.0, 0.18011709980145785, 0.9836451750296501
Time, 0.214, Pos_X, -0.013370794779434007, Pos_Y, 0.05151889581254254, Pos_Z, -0.005808645225973909, BFx, 1.0, 0.0, 0.0,                             BFy, 0.0, 0.9836023193683023, -0.18035098373254133, BFz, 0.0, 0.18035098373254146, 0.9836023193683022
Time, 0.216, Pos_X, -0.013411827812262007, Pos_Y, 0.05242936559837418, Pos_Z, -0.005628596357367716, BFx, 1.0, 0.0, 0.0,                             BFy, 0.0, 0.9835804270952052, -0.18047033948882743, BFz, 0.0, 0.1804703394888276, 0.9835804270952051
Time, 0.218, Pos_X, -0.013441601271690006, Pos_Y, 0.05333176350805133, Pos_Z, -0.00544108437041668, BFx, 1.0, 0.0, 0.0,                             BFy, 0.0, 0.9835799219594741, -0.18047309250465465, BFz, 0.0, 0.18047309250465482, 0.9835799219594742
Time, 0.22, Pos_X, -0.013459845951718006, Pos_Y, 0.054225949815503195, Pos_Z, -0.005246791353547847, BFx, 1.0, 0.0, 0.0,                             BFy, 0.0, 0.9835994418989095, -0.18036667623525277, BFz, 0.0, 0.180366676235253, 0.9835994418989096
Time, 0.222, Pos_X, -0.013466308987946006, Pos_Y, 0.05511190353226177, Pos_Z, -0.005046475223563357, BFx, 1.0, 0.0, 0.0,                             BFy, 0.0, 0.9836355916932671, -0.18016942791227028, BFz, 0.0, 0.18016942791227047, 0.9836355916932674
Time, 0.224, Pos_X, -0.013460756223174006, Pos_Y, 0.055989739907078936, Pos_Z, -0.004840958123669219, BFx, 1.0, 0.0, 0.0,                             BFy, 0.0, 0.9836828488239354, -0.17991123625172706, BFz, 0.0, 0.17991123625172725, 0.9836828488239359
Time, 0.226, Pos_X, -0.013442974823802006, Pos_Y, 0.05685972555695014, Pos_Z, -0.004631109853614135, BFx, 1.0, 0.0, 0.0,                             BFy, 0.0, 0.9837335871009867, -0.1796335982198859, BFz, 0.0, 0.17963359821988606, 0.9837335871009871
Time, 0.228, Pos_X, -0.013412774280030005, Pos_Y, 0.05772229022788744, Pos_Z, -0.004417831515065861, BFx, 1.0, 0.0, 0.0,                             BFy, 0.0, 0.9837781832229664, -0.1793892031715322, BFz, 0.0, 0.17938920317153237, 0.9837781832229668
Time, 0.23, Pos_X, -0.013369988356058005, Pos_Y, 0.058578035147077795, Pos_Z, -0.004202043213350422, BFx, 1.0, 0.0, 0.0,                             BFy, 0.0, 0.9838054014022383, -0.1792398732753919, BFz, 0.0, 0.17923987327539206, 0.9838054014022386
Time, 0.232, Pos_X, -0.013314479404686006, Pos_Y, 0.05942773919913824, Pos_Z, -0.003984679637433469, BFx, 1.0, 0.0, 0.0,                             BFy, 0.0, 0.9838027335307296, -0.17925451597508413, BFz, 0.0, 0.1792545159750843, 0.98380273353073
Time, 0.234, Pos_X, -0.013246144272314006, Pos_Y, 0.060272362317931816, Pos_Z, -0.0037666918270864106, BFx, 1.0, 0.0, 0.0,                             BFy, 0.0, 0.9837567967714272, -0.17950644781182265, BFz, 0.0, 0.17950644781182282, 0.9837567967714276
Time, 0.236, Pos_X, -0.013164921346542006, Pos_Y, 0.061113044475733604, Pos_Z, -0.0035490520269677397, BFx, 1.0, 0.0, 0.0,                             BFy, 0.0, 0.9836538081958315, -0.18006994647035382, BFz, 0.0, 0.180069946470354, 0.9836538081958318
Time, 0.238, Pos_X, -0.013070798109970007, Pos_Y, 0.06195110024031995, Pos_Z, -0.0033327597860561588, BFx, 1.0, 0.0, 0.0,                             BFy, 0.0, 0.9834799738993172, -0.1810169631249962, BFz, 0.0, 0.1810169631249964, 0.9834799738993175
Time, 0.24, Pos_X, -0.012963820081798007, Pos_Y, 0.06278800923070439, Pos_Z, -0.0031188466180920725, BFx, 1.0, 0.0, 0.0,                             BFy, 0.0, 0.9832217097890564, -0.18241455369427623, BFz, 0.0, 0.1824145536942764, 0.9832217097890569
Time, 0.242, Pos_X, -0.012844099916826007, Pos_Y, 0.06362540233386359, Pos_Z, -0.0029083773828572673, BFx, 1.0, 0.0, 0.0,                             BFy, 0.0, 0.9828657058171538, -0.18432309765340182, BFz, 0.0, 0.184323097653402, 0.9828657058171543
Time, 0.244, Pos_X, -0.012711826066454006, Pos_Y, 0.06446504473211649, Pos_Z, -0.002702447620387855, BFx, 1.0, 0.0, 0.0,                             BFy, 0.0, 0.9823989335549332, -0.18679490183119923, BFz, 0.0, 0.18679490183119943, 0.9823989335549337
Time, 0.246, Pos_X, -0.012567270789682006, Pos_Y, 0.06530881643624145, Pos_Z, -0.0025021773368240486, BFx, 1.0, 0.0, 0.0,                             BFy, 0.0, 0.9818084507679318, -0.18987407932804065, BFz, 0.0, 0.18987407932804085, 0.9818084507679322
Time, 0.248, Pos_X, -0.012410795849910006, Pos_Y, 0.0661586892584109, Pos_Z, -0.0023087018477784492, BFx, 1.0, 0.0, 0.0,                             BFy, 0.0, 0.9810810140562851, -0.19359763391707224, BFz, 0.0, 0.19359763391707244, 0.9810810140562858
Time, 0.25, Pos_X, -0.012242854391738006, Pos_Y, 0.06701669906454766, Pos_Z, -0.0021231590178816344, BFx, 1.0, 0.0, 0.0,                             BFy, 0.0, 0.9802029314547982, -0.1979954877450928, BFz, 0.0, 0.197995487745093, 0.980202931454799
Time, 0.252, Pos_X, -0.012063988896566007, Pos_Y, 0.0678849137209943, Pos_Z, -0.0019466723698389977, BFx, 1.0, 0.0, 0.0,                             BFy, 0.0, 0.9791605595720981, -0.20308766229993652, BFz, 0.0, 0.20308766229993674, 0.9791605595720988
Time, 0.254, Pos_X, -0.011874825545594006, Pos_Y, 0.06876539752604126, Pos_Z, -0.001780330852380164, BFx, 1.0, 0.0, 0.0,                             BFy, 0.0, 0.9779413904235589, -0.20887947935695778, BFz, 0.0, 0.20887947935695803, 0.9779413904235595
Time, 0.256, Pos_X, -0.011676063805022006, Pos_Y, 0.06966017378564959, Pos_Z, -0.0016251672702393687, BFx, 1.0, 0.0, 0.0,                             BFy, 0.0, 0.9765357008712744, -0.215355577879576, BFz, 0.0, 0.21535557787957627, 0.9765357008712752
Time, 0.258, Pos_X, -0.011468461920650007, Pos_Y, 0.07057118747160387, Pos_Z, -0.0014821374072644493, BFx, 1.0, 0.0, 0.0,                             BFy, 0.0, 0.9749385373979828, -0.22247437671848658, BFz, 0.0, 0.2224743767184869, 0.9749385373979836
Time, 0.26, Pos_X, -0.011252818793678006, Pos_Y, 0.07150026913131612, Pos_Z, -0.0013521019028939893, BFx, 1.0, 0.0, 0.0,                             BFy, 0.0, 0.9731518064773446, -0.23016420562258896, BFz, 0.0, 0.23016420562258938, 0.9731518064773456
Time, 0.262, Pos_X, -0.011029952875506007, Pos_Y, 0.07244910044171787, Pos_Z, -0.001235812320276902, BFx, 1.0, 0.0, 0.0,                             BFy, 0.0, 0.9711863217126391, -0.23832148144527562, BFz, 0.0, 0.23832148144527607, 0.97118632171264
Time, 0.264, Pos_X, -0.010800678038334007, Pos_Y, 0.07341918258747314, Pos_Z, -0.0011339004936419949, BFx, 1.0, 0.0, 0.0,                             BFy, 0.0, 0.9690631923614471, -0.24681274118294058, BFz, 0.0, 0.24681274118294103, 0.969063192361448
Time, 0.266, Pos_X, -0.010565777467762006, Pos_Y, 0.07441180895532579, Pos_Z, -0.001046870995777604, BFx, 1.0, 0.0, 0.0,                             BFy, 0.0, 0.9668141402526729, -0.2554807589770338, BFz, 0.0, 0.25548075897703426, 0.9668141402526738
Time, 0.268, Pos_X, -0.010325977907590007, Pos_Y, 0.07542804230020257, Pos_Z, -0.0009750956835960898, BFx, 1.0, 0.0, 0.0,                             BFy, 0.0, 0.9644808228004389, -0.26415287704317164, BFz, 0.0, 0.2641528770431721, 0.9644808228004398
Time, 0.27, Pos_X, -0.010081924381118006, Pos_Y, 0.07646869759309408, Pos_Z, -0.0009188096467857794, BFx, 1.0, 0.0, 0.0,                             BFy, 0.0, 0.9621128015630885, -0.27265171385564735, BFz, 0.0, 0.27265171385564785, 0.9621128015630894
Time, 0.272, Pos_X, -0.009834156996046006, Pos_Y, 0.07753433181312504, Pos_Z, -0.0008781089706986075, BFx, 1.0, 0.0, 0.0,                             BFy, 0.0, 0.9597640222797766, -0.28080780177434683, BFz, 0.0, 0.2808078017743474, 0.9597640222797778
Time, 0.274, Pos_X, -0.009583089275074006, Pos_Y, 0.07862524017688562, Pos_Z, -0.0008529518003863583, BFx, 1.0, 0.0, 0.0,                             BFy, 0.0, 0.9574884830172764, -0.2884714975335887, BFz, 0.0, 0.28847149753358936, 0.9574884830172776
Time, 0.276, Pos_X, -0.009328990386102007, Pos_Y, 0.07974145882135097, Pos_Z, -0.000843160607037889, BFx, 1.0, 0.0, 0.0,                             BFy, 0.0, 0.9553355655101523, -0.2955231924424782, BFz, 0.0, 0.2955231924424789, 0.9553355655101538
Time, 0.278, Pos_X, -0.009071973493130006, Pos_Y, 0.08088277437919014, Pos_Z, -0.0008484248406215835, BFx, 1.0, 0.0, 0.0,                             BFy, 0.0, 0.9533457195713559, -0.30188067009162733, BFz, 0.0, 0.301880670091628, 0.9533457195713573
Time, 0.28, Pos_X, -0.008811988734758006, Pos_Y, 0.08204874051446018, Pos_Z, -0.0008683066319575756, BFx, 1.0, 0.0, 0.0,                             BFy, 0.0, 0.9515472401604592, -0.30750260119714384, BFz, 0.0, 0.30750260119714456, 0.9515472401604606
Time, 0.282, Pos_X, -0.008548822305286013, Pos_Y, 0.08323870208105927, Pos_Z, -0.0009022488403427224, BFx, 1.0, 0.0, 0.0,                             BFy, 0.0, 0.9499545888097953, -0.31238802665788784, BFz, 0.0, 0.3123880266578885, 0.9499545888097966
Time, 0.284, Pos_X, -0.008282101494914013, Pos_Y, 0.08445182626362208, Pos_Z, -0.0009495865808451273, BFx, 1.0, 0.0, 0.0,                             BFy, 0.0, 0.9485681625839589, -0.3165729630465757, BFz, 0.0, 0.31657296304657634, 0.9485681625839603
Time, 0.286, Pos_X, -0.008011300815742013, Pos_Y, 0.0856871367689217, Pos_Z, -0.0010095624326139938, BFx, 1.0, 0.0, 0.0,                             BFy, 0.0, 0.9473758645382457, -0.3201233688602069, BFz, 0.0, 0.32012336886020754, 0.9473758645382472
Time, 0.288, Pos_X, -0.007735756312970013, Pos_Y, 0.08694354934823681, Pos_Z, -0.0010813380764519377, BFx, 1.0, 0.0, 0.0,                             BFy, 0.0, 0.9463557750475292, -0.3231265186179973, BFz, 0.0, 0.3231265186179979, 0.9463557750475308
Time, 0.29, Pos_X, -0.007454689494998013, Pos_Y, 0.08821990949793786, Pos_Z, -0.0011639997850388059, BFx, 1.0, 0.0, 0.0,                             BFy, 0.0, 0.9454793012978421, -0.32568219296937495, BFz, 0.0, 0.3256821929693757, 0.9454793012978435
Time, 0.292, Pos_X, -0.007167227272826013, Pos_Y, 0.0895150308349608, Pos_Z, -0.0012565759002820419, BFx, 1.0, 0.0, 0.0,                             BFy, 0.0, 0.9447145811663438, -0.3278938244793527, BFz, 0.0, 0.32789382447935345, 0.9447145811663452
Time, 0.294, Pos_X, -0.006872422881654012, Pos_Y, 0.09082773023496858, Pos_Z, -0.0013580655495761607, BFx, 1.0, 0.0, 0.0,                             BFy, 0.0, 0.9440297174712878, -0.3298604137071882, BFz, 0.0, 0.32986041370718894, 0.9440297174712893
Time, 0.296, Pos_X, -0.006569281495482012, Pos_Y, 0.09215685285245619, Pos_Z, -0.0014674541661111255, BFx, 1.0, 0.0, 0.0,                             BFy, 0.0, 0.9433953609674919, -0.3316703075420122, BFz, 0.0, 0.331670307542013, 0.9433953609674932
Time, 0.298, Pos_X, -0.006256785931910012, Pos_Y, 0.09350129042773775, Pos_Z, -0.001583720306947547, BFx, 1.0, 0.0, 0.0,                             BFy, 0.0, 0.942786397494204, -0.3333973735647866, BFz, 0.0, 0.3333973735647874, 0.9427863974942055
Time, 0.3, Pos_X, -0.005933922099538012, Pos_Y, 0.09486000083374847, Pos_Z, -0.0017058503014153483, BFx, 1.0, 0.0, 0.0,                             BFy, 0.0, 0.9421830548869646, -0.33509862888985964, BFz, 0.0, 0.3350986288898604, 0.9421830548869661
Time, 0.302, Pos_X, -0.005599702184366012, Pos_Y, 0.09623202752503501, Pos_Z, -0.001832856551986164, BFx, 1.0, 0.0, 0.0,                             BFy, 0.0, 0.9415714160240262, -0.33681340312776625, BFz, 0.0, 0.3368134031277669, 0.9415714160240276
Time, 0.304, Pos_X, -0.0052531860273940115, Pos_Y, 0.09761651739185229, Pos_Z, -0.001963791467328638, BFx, 1.0, 0.0, 0.0,                             BFy, 0.0, 0.9409429724368381, -0.33856509362561976, BFz, 0.0, 0.33856509362562054, 0.9409429724368394
Time, 0.306, Pos_X, -0.004893501240222011, Pos_Y, 0.09901273574482422, Pos_Z, -0.00209775907142168, BFx, 1.0, 0.0, 0.0,                             BFy, 0.0, 0.940293406488488, -0.3403649654624756, BFz, 0.0, 0.34036496546247635, 0.9402934064884894
Time, 0.308, Pos_X, -0.004519858578250011, Pos_Y, 0.10042007373658936, Pos_Z, -0.0022339238571609443, BFx, 1.0, 0.0, 0.0,                             BFy, 0.0, 0.9396214429072673, -0.3422156396614013, BFz, 0.0, 0.342215639661402, 0.9396214429072688
Time, 0.31, Pos_X, -0.004131560764878011, Pos_Y, 0.10183804830609715, Pos_Z, -0.002371519654122151, BFx, 1.0, 0.0, 0.0,                             BFy, 0.0, 0.9389281598555677, -0.3441132235620049, BFz, 0.0, 0.3441132235620056, 0.9389281598555692
Time, 0.312, Pos_X, -0.0037280035817060108, Pos_Y, 0.10326629605383537, Pos_Z, -0.0025098583891557677, BFx, 1.0, 0.0, 0.0,                             BFy, 0.0, 0.9382166320105778, -0.3460484813125538, BFz, 0.0, 0.3460484813125545, 0.9382166320105795
Time, 0.314, Pos_X, -0.0033086694717340106, Pos_Y, 0.10470455655387444, Pos_Z, -0.00264832223671926, BFx, 1.0, 0.0, 0.0,                             BFy, 0.0, 0.9374918670628183, -0.348007182671662, BFz, 0.0, 0.34800718267166264, 0.9374918670628201
Time, 0.316, Pos_X, -0.00287312002896201, Pos_Y, 0.1061526485227543, Pos_Z, -0.00278634104298388, BFx, 1.0, 0.0, 0.0,                             BFy, 0.0, 0.9367608437023726, -0.34997017259477353, BFz, 0.0, 0.3499701725947742, 0.9367608437023742
