Time, 0, Pos_X, 0.0, Pos_Y, 0.0, Pos_Z, 0.0, BFx, 1.0, 0.0, 0.0,                         BFy, 0.0, 1.0, 0.0, BFz, 0.0, 0.0, 1.0
Time, 0.0, Pos_X, 0.0, Pos_Y, 0.0, Pos_Z, 0.0, BFx, 1.0, 0.0, 0.0,                             BFy, 0.0, 1.0, 0.0, BFz, 0.0, 0.0, 1.0
Time, 0.002, Pos_X, -1.073476e-06, Pos_Y, 6.626839523460669e-07, Pos_Z, -8.204585607187305e-07, BFx, 1.0, 0.0, 0.0,                             BFy, 0.0, 0.9999993197855499, -0.0011663740555384325, BFz, 0.0, 0.0011663740555384323, 0.9999993197855499
Time, 0.004, Pos_X, -4.28161908e-06, Pos_Y, 2.6529258624502662e-06, Pos_Z, -3.281777547867005e-06, BFx, 1.0, 0.0, 0.0,                             BFy, 0.0, 0.9999972502698734, -0.0023450911905416707, BFz, 0.0, 0.0023450911905416702, 0.9999972502698734
Time, 0.006, Pos_X, -9.599678960000002e-06, Pos_Y, 5.9769404801225654e-06, Pos_Z, -7.3848691991216585e-06, BFx, 1.0, 0.0, 0.0,                             BFy, 0.0, 0.9999937442396769, -0.0035371572641121865, BFz, 0.0, 0.003537157264112186, 0.9999937442396769
Time, 0.008, Pos_X, -1.7002003560000003e-05, Pos_Y, 1.0644602630153883e-05, Pos_Z, -1.3132671348508651e-05, BFx, 1.0, 0.0, 0.0,                             BFy, 0.0, 0.9999887503032776, -0.0047433392128774276, BFz, 0.0, 0.004743339212877426, 0.9999887503032775
Time, 0.01, Pos_X, -2.6461291960000002e-05, Pos_Y, 1.6669859451853018e-05, Pos_Z, -2.0529628426941483e-05, BFx, 1.0, 0.0, 0.0,                             BFy, 0.0, 0.9999822147974592, -0.005964066462371795, BFz, 0.0, 0.005964066462371792, 0.999982214797459
Time, 0.012, Pos_X, -3.794806836e-05, Pos_Y, 2.4071384073828257e-05, Pos_Z, -2.958053238742606e-05, BFx, 1.0, 0.0, 0.0,                             BFy, 0.0, 0.9999740834909384, -0.007199468484325169, BFz, 0.0, 0.0071994684843251664, 0.9999740834909383
Time, 0.014, Pos_X, -5.142991424e-05, Pos_Y, 3.287304001022255e-05, Pos_Z, -4.028912395206105e-05, BFx, 1.0, 0.0, 0.0,                             BFy, 0.0, 0.9999643052226851, -0.00844915856828675, BFz, 0.0, 0.008449158568286746, 0.999964305222685
Time, 0.016, Pos_X, -6.687099746e-05, Pos_Y, 4.3104372247865175e-05, Pos_Z, -5.265641184563537e-05, BFx, 1.0, 0.0, 0.0,                             BFy, 0.0, 0.9999528369825323, -0.009712044614009615, BFz, 0.0, 0.009712044614009612, 0.9999528369825321
Time, 0.018, Pos_X, -8.423162549999998e-05, Pos_Y, 5.4800924471008294e-05, Pos_Z, -6.667858545696053e-05, BFx, 1.0, 0.0, 0.0,                             BFy, 0.0, 0.9999396511834979, -0.010986081695655604, BFz, 0.0, 0.010986081695655599, 0.9999396511834977
Time, 0.02, Pos_X, -0.00010346732822, Pos_Y, 6.800449500359558e-05, Pos_Z, -8.234516545474487e-05, BFx, 1.0, 0.0, 0.0,                             BFy, 0.0, 0.9999247449058765, -0.012268028566854479, BFz, 0.0, 0.012268028566854472, 0.9999247449058761
Time, 0.022, Pos_X, -0.00012452817957999998, Pos_Y, 8.276351475697878e-05, Pos_Z, -9.963732191824591e-05, BFx, 1.0, 0.0, 0.0,                             BFy, 0.0, 0.9999081494799877, -0.01355332444478763, BFz, 0.0, 0.013553324444787625, 0.9999081494799875
Time, 0.024, Pos_X, -0.00014735774752, Pos_Y, 9.913299360246795e-05, Pos_Z, -0.0001185258045004815, BFx, 1.0, 0.0, 0.0,                             BFy, 0.0, 0.9998899423517973, -0.014835874888872128, BFz, 0.0, 0.014835874888872122, 0.9998899423517972
Time, 0.026, Pos_X, -0.00017189175497999998, Pos_Y, 0.00011717396091834226, Pos_Z, -0.00013896843796294765, BFx, 1.0, 0.0, 0.0,                             BFy, 0.0, 0.9998702608255956, -0.016107809179225763, BFz, 0.0, 0.01610780917922576, 0.9998702608255956
Time, 0.028, Pos_X, -0.0001980570055, Pos_Y, 0.000136953005681699, Pos_Z, -0.0001609074082034455, BFx, 1.0, 0.0, 0.0,                             BFy, 0.0, 0.9998493064160088, -0.017359851941332115, BFz, 0.0, 0.017359851941332105, 0.9998493064160088
Time, 0.03, Pos_X, -0.00022577043607999997, Pos_Y, 0.00015854202270056556, Pos_Z, -0.0001842668513506969, BFx, 1.0, 0.0, 0.0,                             BFy, 0.0, 0.9998273653304164, -0.018580622606279337, BFz, 0.0, 0.018580622606279327, 0.9998273653304165
Time, 0.032, Pos_X, -0.00025493828299999997, Pos_Y, 0.00018201799261158887, Pos_Z, -0.00020895126699654117, BFx, 1.0, 0.0, 0.0,                             BFy, 0.0, 0.999804802125437, -0.019757470660857913, BFz, 0.0, 0.019757470660857906, 0.9998048021254371
Time, 0.034, Pos_X, -0.00028545510784, Pos_Y, 0.00020746261661970424, Pos_Z, -0.00023484451862819017, BFx, 1.0, 0.0, 0.0,                             BFy, 0.0, 0.9997820485814837, -0.02087714861303959, BFz, 0.0, 0.020877148613039583, 0.9997820485814837
Time, 0.036, Pos_X, -0.00031720270211999993, Pos_Y, 0.00023496188126392344, Pos_Z, -0.00026180939495481256, BFx, 1.0, 0.0, 0.0,                             BFy, 0.0, 0.9997595845853556, -0.021926537111832838, BFz, 0.0, 0.021926537111832824, 0.9997595845853554
Time, 0.038, Pos_X, -0.00035004933799999996, Pos_Y, 0.0002646056265011966, Pos_Z, -0.0002896879703759193, BFx, 1.0, 0.0, 0.0,                             BFy, 0.0, 0.999737903113827, -0.022893778140964216, BFz, 0.0, 0.0228937781409642, 0.9997379031138269
Time, 0.04, Pos_X, -0.00038384942085999997, Pos_Y, 0.00029648689491725634, Pos_Z, -0.0003183023367469673, BFx, 1.0, 0.0, 0.0,                             BFy, 0.0, 0.9997174680877016, -0.023769392089718983, BFz, 0.0, 0.02376939208971897, 0.9997174680877015
Time, 0.042, Pos_X, -0.00041844338934, Pos_Y, 0.0003307012494705575, Pos_Z, -0.0003474558651199184, BFx, 1.0, 0.0, 0.0,                             BFy, 0.0, 0.9996986694976469, -0.024547305445481567, BFz, 0.0, 0.02454730544548155, 0.9996986694976467
Time, 0.044, Pos_X, -0.00045365814105999996, Pos_Y, 0.0003673460494433578, Pos_Z, -0.000376935185964272, BFx, 1.0, 0.0, 0.0,                             BFy, 0.0, 0.9996817835853545, -0.02522561332462532, BFz, 0.0, 0.025225613324625303, 0.9996817835853544
Time, 0.046, Pos_X, -0.00048930745066, Pos_Y, 0.0004065197440912158, Pos_Z, -0.00040651303706669157, BFx, 1.0, 0.0, 0.0,                             BFy, 0.0, 0.9996669443799754, -0.02580698188480578, BFz, 0.0, 0.025806981884805756, 0.9996669443799753
Time, 0.048, Pos_X, -0.0005251927087600001, Pos_Y, 0.0004483211314153581, Pos_Z, -0.00043595219280756535, BFx, 1.0, 0.0, 0.0,                             BFy, 0.0, 0.9996541292602521, -0.02629870439635332, BFz, 0.0, 0.02629870439635329, 0.999654129260252
Time, 0.05, Pos_X, -0.0005611039266480001, Pos_Y, 0.0004928485589585889, Pos_Z, -0.000465010488479538, BFx, 1.0, 0.0, 0.0,                             BFy, 0.0, 0.9996431608971033, -0.02671237300667103, BFz, 0.0, 0.026712373006671, 0.9996431608971031
Time, 0.052, Pos_X, -0.000596820839234, Pos_Y, 0.0005401991958526725, Pos_Z, -0.0004934462925994379, BFx, 1.0, 0.0, 0.0,                             BFy, 0.0, 0.9996337231042175, -0.02706325244312278, BFz, 0.0, 0.027063252443122753, 0.9996337231042174
Time, 0.054, Pos_X, -0.00063211434837, Pos_Y, 0.0005904685656505414, Pos_Z, -0.0005210243344874584, BFx, 1.0, 0.0, 0.0,                             BFy, 0.0, 0.9996253876955005, -0.027369403987301845, BFz, 0.0, 0.027369403987301817, 0.9996253876955004
Time, 0.056, Pos_X, -0.000666746386126, Pos_Y, 0.0006437510012902857, Pos_Z, -0.0005475201524509136, BFx, 1.0, 0.0, 0.0,                             BFy, 0.0, 0.999617649338013, -0.02765059008313135, BFz, 0.0, 0.027650590083131327, 0.9996176493380129
Time, 0.058, Pos_X, -0.000700471887122, Pos_Y, 0.0007001397654408178, Pos_Z, -0.0005727266536232478, BFx, 1.0, 0.0, 0.0,                             BFy, 0.0, 0.9996099584379606, -0.02792724461271599, BFz, 0.0, 0.02792724461271597, 0.9996099584379606
Time, 0.06, Pos_X, -0.000733041787098, Pos_Y, 0.0007597267703406282, Pos_Z, -0.0005964630480445797, BFx, 1.0, 0.0, 0.0,                             BFy, 0.0, 0.9996017512811062, -0.028219476177730716, BFz, 0.0, 0.028219476177730695, 0.9996017512811061
Time, 0.062, Pos_X, -0.000764204067354, Pos_Y, 0.0008226025488242752, Pos_Z, -0.0006185817411682367, BFx, 1.0, 0.0, 0.0,                             BFy, 0.0, 0.9995924703759411, -0.02854633370021103, BFz, 0.0, 0.028546333700211014, 0.9995924703759409
Time, 0.064, Pos_X, -0.00079370474629, Pos_Y, 0.0008888558939565111, Pos_Z, -0.0006389739806154477, BFx, 1.0, 0.0, 0.0,                             BFy, 0.0, 0.9995815814000041, -0.028925112374332283, BFz, 0.0, 0.02892511237433226, 0.999581581400004
Time, 0.066, Pos_X, -0.000821288705566, Pos_Y, 0.0009585733295021476, Pos_Z, -0.0006575735785950455, BFx, 1.0, 0.0, 0.0,                             BFy, 0.0, 0.9995685868333934, -0.029370737408067907, BFz, 0.0, 0.029370737408067886, 0.9995685868333933
Time, 0.068, Pos_X, -0.000846700627502, Pos_Y, 0.0010318391843867547, Pos_Z, -0.0006743590106613495, BFx, 1.0, 0.0, 0.0,                             BFy, 0.0, 0.9995530300681378, -0.029895485973726734, BFz, 0.0, 0.02989548597372672, 0.9995530300681377
Time, 0.07, Pos_X, -0.0008696858218980001, Pos_Y, 0.0011087363264499497, Pos_Z, -0.0006893545460908071, BFx, 1.0, 0.0, 0.0,                             BFy, 0.0, 0.9995344994140327, -0.030508760727696475, BFz, 0.0, 0.030508760727696458, 0.9995344994140326
Time, 0.072, Pos_X, -0.000889990893694, Pos_Y, 0.001189346806683363, Pos_Z, -0.000702630418097014, BFx, 1.0, 0.0, 0.0,                             BFy, 0.0, 0.9995126400446909, -0.031216700512593606, BFz, 0.0, 0.03121670051259359, 0.9995126400446908
Time, 0.074, Pos_X, -0.00090736401721, Pos_Y, 0.0012737524815577893, Pos_Z, -0.0007143022948003094, BFx, 1.0, 0.0, 0.0,                             BFy, 0.0, 0.9994871651125417, -0.03202197331982301, BFz, 0.0, 0.03202197331982299, 0.9994871651125417
Time, 0.076, Pos_X, -0.0009215556810460001, Pos_Y, 0.001362035716088467, Pos_Z, -0.0007245297410938953, BFx, 1.0, 0.0, 0.0,                             BFy, 0.0, 0.9994578715016882, -0.03292359478118713, BFz, 0.0, 0.03292359478118711, 0.9994578715016882
Time, 0.078, Pos_X, -0.0009323200656820001, Pos_Y, 0.001454280487763266, Pos_Z, -0.0007335130921183895, BFx, 1.0, 0.0, 0.0,                             BFy, 0.0, 0.9994246557852958, -0.03391691920625398, BFz, 0.0, 0.03391691920625396, 0.9994246557852957
Time, 0.08, Pos_X, -0.0009394157984380002, Pos_Y, 0.001550573502156319, Pos_Z, -0.0007414895441712351, BFx, 1.0, 0.0, 0.0,                             BFy, 0.0, 0.9993875221565366, -0.03499400745583077, BFz, 0.0, 0.034994007455830756, 0.9993875221565365
Time, 0.082, Pos_X, -0.0009426068781140002, Pos_Y, 0.0016510053139654713, Pos_Z, -0.0007487285875236988, BFx, 1.0, 0.0, 0.0,                             BFy, 0.0, 0.9993465914656058, -0.03614401922968959, BFz, 0.0, 0.03614401922968958, 0.9993465914656057
Time, 0.084, Pos_X, -0.0009416639679900001, Pos_Y, 0.0017556715006302294, Pos_Z, -0.0007555274386949417, BFx, 1.0, 0.0, 0.0,                             BFy, 0.0, 0.9993020946961972, -0.03735402971290986, BFz, 0.0, 0.03735402971290984, 0.9993020946961971
Time, 0.086, Pos_X, -0.0009363654492660001, Pos_Y, 0.001864674148563648, Pos_Z, -0.0007622066419806275, BFx, 1.0, 0.0, 0.0,                             BFy, 0.0, 0.999254355318252, -0.03861001654370193, BFz, 0.0, 0.03861001654370191, 0.9992543553182519
Time, 0.088, Pos_X, -0.0009264997743420001, Pos_Y, 0.0019781236261126457, Pos_Z, -0.0007691055370167534, BFx, 1.0, 0.0, 0.0,                             BFy, 0.0, 0.9992037624176121, -0.039897884285869205, BFz, 0.0, 0.03989788428586918, 0.999203762417612
Time, 0.09, Pos_X, -0.0009118681256180002, Pos_Y, 0.0020961394214951195, Pos_Z, -0.0007765779642064408, BFx, 1.0, 0.0, 0.0,                             BFy, 0.0, 0.9991507302877584, -0.0412045891308148, BFz, 0.0, 0.04120458913081478, 0.9991507302877584
Time, 0.092, Pos_X, -0.0008922863730940002, Pos_Y, 0.0022188502282436107, Pos_Z, -0.0007849874255789519, BFx, 1.0, 0.0, 0.0,                             BFy, 0.0, 0.999095659733215, -0.04251896873458014, BFz, 0.0, 0.042518968734580116, 0.999095659733215
Time, 0.094, Pos_X, -0.0008675870213700001, Pos_Y, 0.002346393698239332, Pos_Z, -0.0007947019540587776, BFx, 1.0, 0.0, 0.0,                             BFy, 0.0, 0.999038900334724, -0.04383235811573767, BFz, 0.0, 0.04383235811573765, 0.9990389003347238
Time, 0.096, Pos_X, -0.0008376217924460001, Pos_Y, 0.002478917091564363, Pos_Z, -0.0008060896874759035, BFx, 1.0, 0.0, 0.0,                             BFy, 0.0, 0.9989807240561132, -0.045138818818444684, BFz, 0.0, 0.045138818818444656, 0.9989807240561132
Time, 0.098, Pos_X, -0.000802264617122, Pos_Y, 0.0026165792376567493, Pos_Z, -0.000819514925104933, BFx, 1.0, 0.0, 0.0,                             BFy, 0.0, 0.9989213082521549, -0.04643511515871997, BFz, 0.0, 0.046435115158719946, 0.998921308252155
Time, 0.1, Pos_X, -0.000761414240398, Pos_Y, 0.002759553164803853, Pos_Z, -0.0008353347054214016, BFx, 1.0, 0.0, 0.0,                             BFy, 0.0, 0.9988607319605863, -0.04772041646048683, BFz, 0.0, 0.04772041646048682, 0.9988607319605863
Time, 0.102, Pos_X, -0.0007149968164740002, Pos_Y, 0.002908029157773247, Pos_Z, -0.0008538966876404143, BFx, 1.0, 0.0, 0.0,                             BFy, 0.0, 0.9987989904268422, -0.048995680649639974, BFz, 0.0, 0.04899568064963996, 0.9987989904268421
Time, 0.104, Pos_X, -0.0006629689419500002, Pos_Y, 0.0030622171404766324, Pos_Z, -0.0008755366633868223, BFx, 1.0, 0.0, 0.0,                             BFy, 0.0, 0.9987360211218979, -0.0502629099197444, BFz, 0.0, 0.050262909919744386, 0.9987360211218979
Time, 0.106, Pos_X, -0.0006053206850260001, Pos_Y, 0.0032223485214502873, Pos_Z, -0.0009005753563668151, BFx, 1.0, 0.0, 0.0,                             BFy, 0.0, 0.9986717381081363, -0.05152435835674336, BFz, 0.0, 0.051524358356743356, 0.9986717381081363
Time, 0.108, Pos_X, -0.000542077761902, Pos_Y, 0.0033886774280617567, Pos_Z, -0.0009293162772265546, BFx, 1.0, 0.0, 0.0,                             BFy, 0.0, 0.9986060675685541, -0.05278183224622435, BFz, 0.0, 0.05278183224622436, 0.9986060675685541
Time, 0.11, Pos_X, -0.00047330344737799994, Pos_Y, 0.0035614810661801226, Pos_Z, -0.0009620435199889124, BFx, 1.0, 0.0, 0.0,                             BFy, 0.0, 0.9985389726801246, -0.05403628446628755, BFz, 0.0, 0.05403628446628757, 0.9985389726801246
Time, 0.112, Pos_X, -0.0003991003146539999, Pos_Y, 0.0037410594433634186, Pos_Z, -0.0009990184095040762, BFx, 1.0, 0.0, 0.0,                             BFy, 0.0, 0.998470478033242, -0.05528747142046887, BFz, 0.0, 0.05528747142046889, 0.9984704780332422
Time, 0.114, Pos_X, -0.0003196114499299998, Pos_Y, 0.003927734751251567, Pos_Z, -0.0010404767959682796, BFx, 1.0, 0.0, 0.0,                             BFy, 0.0, 0.9984006682602825, -0.056534110211635194, BFz, 0.0, 0.0565341102116352, 0.9984006682602827
Time, 0.116, Pos_X, -0.0002350208858059997, Pos_Y, 0.004121850016021304, Pos_Z, -0.0010866276067910815, BFx, 1.0, 0.0, 0.0,                             BFy, 0.0, 0.9983296734363432, -0.0577742428464819, BFz, 0.0, 0.05777424284648191, 0.9983296734363434
Time, 0.118, Pos_X, -0.00014555318348200022, Pos_Y, 0.004323767047829216, Pos_Z, -0.001137651870721676, BFx, 1.0, 0.0, 0.0,                             BFy, 0.0, 0.9982576430322567, -0.059005746564915855, BFz, 0.0, 0.05900574656491587, 0.998257643032257
Time, 0.12, Pos_X, -5.147180255800013e-05, Pos_Y, 0.004533863612455518, Pos_Z, -0.0011937028855570876, BFx, 1.0, 0.0, 0.0,                             BFy, 0.0, 0.9981847038061263, -0.06022704614602365, BFz, 0.0, 0.060227046146023665, 0.9981847038061267
Time, 0.122, Pos_X, 4.692404636599996e-05, Pos_Y, 0.004752529574242137, Pos_Z, -0.0012549074135013688, BFx, 1.0, 0.0, 0.0,                             BFy, 0.0, 0.998110906038213, -0.06143793003981577, BFz, 0.0, 0.061437930039815784, 0.9981109060382132
Time, 0.124, Pos_X, 0.00014930301337000008, Pos_Y, 0.004980162821068216, Pos_Z, -0.0013213668294208437, BFx, 1.0, 0.0, 0.0,                             BFy, 0.0, 0.9980361664919007, -0.06264032546332352, BFz, 0.0, 0.06264032546332352, 0.9980361664919009
Time, 0.126, Pos_X, 0.0002553064456540002, Pos_Y, 0.005217164782604526, Pos_Z, -0.0013931587185440724, BFx, 1.0, 0.0, 0.0,                             BFy, 0.0, 0.9979602102240099, -0.06383900696008835, BFz, 0.0, 0.06383900696008833, 0.9979602102240098
Time, 0.128, Pos_X, 0.0003645542693380003, Pos_Y, 0.00546393565096093, Pos_Z, -0.0014703392549762907, BFx, 1.0, 0.0, 0.0,                             BFy, 0.0, 0.9978825420190162, -0.06504177375861521, BFz, 0.0, 0.0650417737586152, 0.997882542019016
Time, 0.13, Pos_X, 0.00047665158452200044, Pos_Y, 0.005720869044986728, Pos_Z, -0.0015529452471306328, BFx, 1.0, 0.0, 0.0,                             BFy, 0.0, 0.9978024449137051, -0.06625919501649051, BFz, 0.0, 0.0662591950164905, 0.9978024449137048
Time, 0.132, Pos_X, 0.0005911963687060006, Pos_Y, 0.005988346415509162, Pos_Z, -0.00164099609615945, BFx, 1.0, 0.0, 0.0,                             BFy, 0.0, 0.997718999558341, -0.06750405854690528, BFz, 0.0, 0.06750405854690526, 0.9977189995583408
Time, 0.134, Pos_X, 0.0007077870528900007, Pos_Y, 0.006266731849646326, Pos_Z, -0.0017344965522226314, BFx, 1.0, 0.0, 0.0,                             BFy, 0.0, 0.9976311462568294, -0.06879023199761387, BFz, 0.0, 0.06879023199761386, 0.9976311462568291
Time, 0.136, Pos_X, 0.0008260300268340009, Pos_Y, 0.0065563671709537915, Pos_Z, -0.0018334401756566836, BFx, 1.0, 0.0, 0.0,                             BFy, 0.0, 0.9975377727035151, -0.07013124859655172, BFz, 0.0, 0.0701312485965517, 0.9975377727035148
Time, 0.138, Pos_X, 0.000945547840638001, Pos_Y, 0.006857567167762932, Pos_Z, -0.0019378128666191537, BFx, 1.0, 0.0, 0.0,                             BFy, 0.0, 0.9974378162067528, -0.07153882023562583, BFz, 0.0, 0.07153882023562583, 0.9974378162067526
Time, 0.14, Pos_X, 0.0010659875303820011, Pos_Y, 0.007170614987206371, Pos_Z, -0.0020475959728407495, BFx, 1.0, 0.0, 0.0,                             BFy, 0.0, 0.997330369970049, -0.07302145667820163, BFz, 0.0, 0.07302145667820163, 0.9973303699700488
Time, 0.142, Pos_X, 0.0011870279526979997, Pos_Y, 0.007495758314252177, Pos_Z, -0.0021627687429671546, BFx, 1.0, 0.0, 0.0,                             BFy, 0.0, 0.9972147835988817, -0.0745833451370794, BFz, 0.0, 0.0745833451370794, 0.9972147835988817
Time, 0.144, Pos_X, 0.001308385975266, Pos_Y, 0.007833206993253327, Pos_Z, -0.002283310563325665, BFx, 1.0, 0.0, 0.0,                             BFy, 0.0, 0.9970907357142116, -0.07622378075701396, BFz, 0.0, 0.07622378075701397, 0.9970907357142115
Time, 0.146, Pos_X, 0.001429821773076, Pos_Y, 0.008183132197509796, Pos_Z, -0.0024092029495232353, BFx, 1.0, 0.0, 0.0,                             BFy, 0.0, 0.9969582744842853, -0.07793714735168017, BFz, 0.0, 0.07793714735168018, 0.9969582744842852
Time, 0.148, Pos_X, 0.0015511434883080002, Pos_Y, 0.008545666622237012, Pos_Z, -0.002540431529459881, BFx, 1.0, 0.0, 0.0,                             BFy, 0.0, 0.9968178221593437, -0.07971342061098992, BFz, 0.0, 0.07971342061098996, 0.9968178221593434
Time, 0.15, Pos_X, 0.0016722107725280003, Pos_Y, 0.008920905410155684, Pos_Z, -0.0026769884518876306, BFx, 1.0, 0.0, 0.0,                             BFy, 0.0, 0.9966701271607333, -0.08153930110939929, BFz, 0.0, 0.08153930110939933, 0.9966701271607332
Time, 0.152, Pos_X, 0.0017929368411360004, Pos_Y, 0.009308907953198076, Pos_Z, -0.0028188745288353387, BFx, 1.0, 0.0, 0.0,                             BFy, 0.0, 0.9965161923754828, -0.08339951039107893, BFz, 0.0, 0.08339951039107896, 0.9965161923754827
Time, 0.154, Pos_X, 0.0019132891118440005, Pos_Y, 0.009709700522454916, Pos_Z, -0.0029661009342703856, BFx, 1.0, 0.0, 0.0,                             BFy, 0.0, 0.9963571824484488, -0.08527816240626986, BFz, 0.0, 0.0852781624062699, 0.9963571824484487
Time, 0.156, Pos_X, 0.002033288190452001, Pos_Y, 0.010123279826939256, Pos_Z, -0.003118690255099971, BFx, 1.0, 0.0, 0.0,                             BFy, 0.0, 0.9961943109693795, -0.08716016746338345, BFz, 0.0, 0.08716016746338351, 0.9961943109693794
Time, 0.158, Pos_X, 0.002153005875766001, Pos_Y, 0.010549617758000802, Pos_Z, -0.003276676450519178, BFx, 1.0, 0.0, 0.0,                             BFy, 0.0, 0.9960287444955601, -0.08903224212946681, BFz, 0.0, 0.08903224212946687, 0.99602874449556
Time, 0.16, Pos_X, 0.002272562169346001, Pos_Y, 0.010988666570646309, Pos_Z, -0.003440104246884338, BFx, 1.0, 0.0, 0.0,                             BFy, 0.0, 0.9958615178006724, -0.0908836473945795, BFz, 0.0, 0.09088364739457955, 0.9958615178006724
Time, 0.162, Pos_X, 0.002392121502286001, Pos_Y, 0.011440364149363998, Pos_Z, -0.0036090285885180787, BFx, 1.0, 0.0, 0.0,                             BFy, 0.0, 0.9956934953969451, -0.092706327854223, BFz, 0.0, 0.09270632785422303, 0.9956934953969452
Time, 0.164, Pos_X, 0.002511888161876001, Pos_Y, 0.01190463926220253, Pos_Z, -0.0037835136939270955, BFx, 1.0, 0.0, 0.0,                             BFy, 0.0, 0.9955253726194685, -0.0944946160946185, BFz, 0.0, 0.09449461609461852, 0.9955253726194686
Time, 0.166, Pos_X, 0.0026321009686760015, Pos_Y, 0.012381416138292033, Pos_Z, -0.003963631442672404, BFx, 1.0, 0.0, 0.0,                             BFy, 0.0, 0.9953577064623031, -0.09624466835157452, BFz, 0.0, 0.09624466835157455, 0.9953577064623033
Time, 0.168, Pos_X, 0.0027530277516360016, Pos_Y, 0.012870618797460794, Pos_Z, -0.00414945884407724, BFx, 1.0, 0.0, 0.0,                             BFy, 0.0, 0.9951909874387366, -0.09795355287437855, BFz, 0.0, 0.09795355287437858, 0.9951909874387367
Time, 0.17, Pos_X, 0.002874959023076002, Pos_Y, 0.013372175444898476, Pos_Z, -0.004341075156997453, BFx, 1.0, 0.0, 0.0,                             BFy, 0.0, 0.9950257074075302, -0.09961848020395397, BFz, 0.0, 0.09961848020395399, 0.9950257074075304
Time, 0.172, Pos_X, 0.002998201564516, Pos_Y, 0.013886022517202166, Pos_Z, -0.004538558859967902, BFx, 1.0, 0.0, 0.0,                             BFy, 0.0, 0.9948624178984017, -0.10123620623742689, BFz, 0.0, 0.10123620623742689, 0.9948624178984021
Time, 0.174, Pos_X, 0.003123072725876, Pos_Y, 0.014412107845065416, Pos_Z, -0.004741984592971293, BFx, 1.0, 0.0, 0.0,                             BFy, 0.0, 0.9947017768026478, -0.10280260320466596, BFz, 0.0, 0.10280260320466596, 0.9947017768026483
Time, 0.176, Pos_X, 0.0032498951943160004, Pos_Y, 0.014950393314655096, Pos_Z, -0.004951420667542019, BFx, 1.0, 0.0, 0.0,                             BFy, 0.0, 0.9945445921629904, -0.10431229169830275, BFz, 0.0, 0.10431229169830275, 0.9945445921629908
Time, 0.178, Pos_X, 0.0033789915669760005, Pos_Y, 0.015500856262224886, Pos_Z, -0.005166926860717633, BFx, 1.0, 0.0, 0.0,                             BFy, 0.0, 0.9943918321476996, -0.10575861268918874, BFz, 0.0, 0.10575861268918872, 0.9943918321477
Time, 0.18, Pos_X, 0.0035106790175760006, Pos_Y, 0.01606348994956682, Pos_Z, -0.005388552248534762, BFx, 1.0, 0.0, 0.0,                             BFy, 0.0, 0.9942446071399496, -0.10713384700050681, BFz, 0.0, 0.1071338470005068, 0.99424460713995
Time, 0.182, Pos_X, 0.0036452649071760006, Pos_Y, 0.01663830388903919, Pos_Z, -0.005616332902515583, BFx, 1.0, 0.0, 0.0,                             BFy, 0.0, 0.994104139566567, -0.10842951487771271, BFz, 0.0, 0.1084295148777127, 0.9941041395665674
Time, 0.184, Pos_X, 0.003783042812776001, Pos_Y, 0.017225323543560964, Pos_Z, -0.005850289775403836, BFx, 1.0, 0.0, 0.0,                             BFy, 0.0, 0.9939717032761223, -0.10963691479773231, BFz, 0.0, 0.10963691479773228, 0.9939717032761226
Time, 0.186, Pos_X, 0.003924289788176001, Pos_Y, 0.01782458966480564, Pos_Z, -0.006090427325755254, BFx, 1.0, 0.0, 0.0,                             BFy, 0.0, 0.9938485580745421, -0.11074765737095392, BFz, 0.0, 0.11074765737095388, 0.9938485580745425
Time, 0.188, Pos_X, 0.004069264431976001, Pos_Y, 0.018436156886793145, Pos_Z, -0.006336731984384917, BFx, 1.0, 0.0, 0.0,                             BFy, 0.0, 0.9937358746908014, -0.11175424534445415, BFz, 0.0, 0.11175424534445412, 0.9937358746908019
Time, 0.19, Pos_X, 0.004218203910176002, Pos_Y, 0.01906009250750467, Pos_Z, -0.006589170321043636, BFx, 1.0, 0.0, 0.0,                             BFy, 0.0, 0.9936346618175292, -0.11265060512382803, BFz, 0.0, 0.11265060512382799, 0.9936346618175298
Time, 0.192, Pos_X, 0.004371321357976002, Pos_Y, 0.019696475523307, Pos_Z, -0.0068476871636603785, BFx, 1.0, 0.0, 0.0,                             BFy, 0.0, 0.9935456879917092, -0.11343264906137715, BFz, 0.0, 0.11343264906137711, 0.9935456879917098
Time, 0.194, Pos_X, 0.004528804490176002, Pos_Y, 0.020345395008167077, Pos_Z, -0.007112203524776224, BFx, 1.0, 0.0, 0.0,                             BFy, 0.0, 0.9934694294312062, -0.11409860991981394, BFz, 0.0, 0.11409860991981391, 0.9934694294312069
Time, 0.196, Pos_X, 0.0046908140809760026, Pos_Y, 0.021006948380927308, Pos_Z, -0.007382615187601247, BFx, 1.0, 0.0, 0.0,                             BFy, 0.0, 0.9934060337448007, -0.11464925695103381, BFz, 0.0, 0.11464925695103378, 0.9934060337448014
Time, 0.198, Pos_X, 0.0048574814443760024, Pos_Y, 0.02168124092557736, Pos_Z, -0.007658790585220318, BFx, 1.0, 0.0, 0.0,                             BFy, 0.0, 0.9933553261430288, -0.11508777529902056, BFz, 0.0, 0.11508777529902052, 0.9933553261430292
Time, 0.2, Pos_X, 0.005028904045376002, Pos_Y, 0.02236838724972317, Pos_Z, -0.007940570005454813, BFx, 1.0, 0.0, 0.0,                             BFy, 0.0, 0.9933168508006575, -0.1154193827546538, BFz, 0.0, 0.11541938275465378, 0.9933168508006578
Time, 0.202, Pos_X, 0.005205139206576002, Pos_Y, 0.023068514904277297, Pos_Z, -0.008227768412698098, BFx, 1.0, 0.0, 0.0,                             BFy, 0.0, 0.9932899322577834, -0.1156508126877145, BFz, 0.0, 0.11565081268771449, 0.9932899322577836
Time, 0.204, Pos_X, 0.0053862000933759995, Pos_Y, 0.023781764998430502, Pos_Z, -0.008520174318174902, BFx, 1.0, 0.0, 0.0,                             BFy, 0.0, 0.9932737723822344, -0.1157895206724947, BFz, 0.0, 0.11578952067249469, 0.9932737723822346
Time, 0.206, Pos_X, 0.005572057100776, Pos_Y, 0.024508289896080664, Pos_Z, -0.008817550681914492, BFx, 1.0, 0.0, 0.0,                             BFy, 0.0, 0.993267538923701, -0.11584298045395149, BFz, 0.0, 0.11584298045395147, 0.9932675389237012
Time, 0.208, Pos_X, 0.005762639509376, Pos_Y, 0.025248252350082698, Pos_Z, -0.009119644624737107, BFx, 1.0, 0.0, 0.0,                             BFy, 0.0, 0.9932704401965893, -0.11581810148536496, BFz, 0.0, 0.11581810148536496, 0.9932704401965895
Time, 0.21, Pos_X, 0.0059578332031759995, Pos_Y, 0.02600182325357283, Pos_Z, -0.009426194076953519, BFx, 1.0, 0.0, 0.0,                             BFy, 0.0, 0.9932817841008593, -0.11572077330114149, BFz, 0.0, 0.11572077330114149, 0.9932817841008597
Time, 0.212, Pos_X, 0.006157476831176, Pos_Y, 0.026769180367406165, Pos_Z, -0.00973692827920265, BFx, 1.0, 0.0, 0.0,                             BFy, 0.0, 0.9933009988699478, -0.11555572527557435, BFz, 0.0, 0.11555572527557437, 0.9933009988699482
Time, 0.214, Pos_X, 0.006361358819376, Pos_Y, 0.027550511807860854, Pos_Z, -0.010051568598345884, BFx, 1.0, 0.0, 0.0,                             BFy, 0.0, 0.9933276222820131, -0.11532664397944761, BFz, 0.0, 0.11532664397944761, 0.9933276222820135
Time, 0.216, Pos_X, 0.006569215111856001, Pos_Y, 0.02834602116733362, Pos_Z, -0.010369832913564274, BFx, 1.0, 0.0, 0.0,                             BFy, 0.0, 0.9933612551141002, -0.11503658912771951, BFz, 0.0, 0.1150365891277195, 0.9933612551141006
Time, 0.218, Pos_X, 0.006780727540416001, Pos_Y, 0.029155930770435417, Pos_Z, -0.010691441522589343, BFx, 1.0, 0.0, 0.0,                             BFy, 0.0, 0.9934014847415551, -0.11468866601924733, BFz, 0.0, 0.11468866601924733, 0.9934014847415553
Time, 0.22, Pos_X, 0.006995522793056002, Pos_Y, 0.029980483021483713, Pos_Z, -0.011016122622300483, BFx, 1.0, 0.0, 0.0,                             BFy, 0.0, 0.9934478404460451, -0.11428643101037743, BFz, 0.0, 0.11428643101037746, 0.9934478404460453
Time, 0.222, Pos_X, 0.0072131718216760015, Pos_Y, 0.030819941500428907, Pos_Z, -0.011343617639118021, BFx, 1.0, 0.0, 0.0,                             BFy, 0.0, 0.9934997280192913, -0.11383448697821974, BFz, 0.0, 0.11383448697821977, 0.9934997280192913
Time, 0.224, Pos_X, 0.0074331897811160015, Pos_Y, 0.03167459191423455, Pos_Z, -0.01167368655021612, BFx, 1.0, 0.0, 0.0,                             BFy, 0.0, 0.9935563989713732, -0.11333879328384294, BFz, 0.0, 0.113338793283843, 0.9935563989713734
Time, 0.226, Pos_X, 0.007655036002876002, Pos_Y, 0.03254474330945184, Pos_Z, -0.012006113273725959, BFx, 1.0, 0.0, 0.0,                             BFy, 0.0, 0.993616966413891, -0.11280657806376561, BFz, 0.0, 0.11280657806376566, 0.9936169664138912
Time, 0.228, Pos_X, 0.007878115153636003, Pos_Y, 0.03343072955181998, Pos_Z, -0.01234071140266404, BFx, 1.0, 0.0, 0.0,                             BFy, 0.0, 0.9936804443195314, -0.11224604481645936, BFz, 0.0, 0.11224604481645943, 0.9936804443195316
Time, 0.23, Pos_X, 0.008101779196204003, Pos_Y, 0.034332910948415556, Pos_Z, -0.012677329739757728, BFx, 1.0, 0.0, 0.0,                             BFy, 0.0, 0.9937457783405284, -0.11166614540843267, BFz, 0.0, 0.11166614540843274, 0.9937457783405286
Time, 0.232, Pos_X, 0.008325329900300002, Pos_Y, 0.03525167530067714, Pos_Z, -0.013015856873898696, BFx, 1.0, 0.0, 0.0,                             BFy, 0.0, 0.9938119941993532, -0.11107529061634273, BFz, 0.0, 0.11107529061634282, 0.9938119941993533
Time, 0.234, Pos_X, 0.008548022731196002, Pos_Y, 0.036187437309043634, Pos_Z, -0.013356224898757079, BFx, 1.0, 0.0, 0.0,                             BFy, 0.0, 0.9938783209975379, -0.11048023828321088, BFz, 0.0, 0.11048023828321095, 0.9938783209975381
Time, 0.236, Pos_X, 0.008769071351571999, Pos_Y, 0.03714063717611276, Pos_Z, -0.013698412420999357, BFx, 1.0, 0.0, 0.0,                             BFy, 0.0, 0.993944159884136, -0.10988633687688083, BFz, 0.0, 0.1098863368768809, 0.9939441598841362
Time, 0.238, Pos_X, 0.008987654388947998, Pos_Y, 0.038111737595827914, Pos_Z, -0.014042448325995119, BFx, 1.0, 0.0, 0.0,                             BFy, 0.0, 0.9940091493162757, -0.1092968941714903, BFz, 0.0, 0.10929689417149036, 0.9940091493162762
Time, 0.24, Pos_X, 0.009202925067263999, Pos_Y, 0.03910121966421873, Pos_Z, -0.01438841741968193, BFx, 1.0, 0.0, 0.0,                             BFy, 0.0, 0.9940732409908332, -0.10871242590422114, BFz, 0.0, 0.1087124259042212, 0.9940732409908335
Time, 0.242, Pos_X, 0.00941402225992, Pos_Y, 0.04010957779766446, Pos_Z, -0.014736465233126276, BFx, 1.0, 0.0, 0.0,                             BFy, 0.0, 0.9941367103479989, -0.10813048200419142, BFz, 0.0, 0.10813048200419147, 0.9941367103479993
Time, 0.244, Pos_X, 0.009620081536176, Pos_Y, 0.041137315200661745, Pos_Z, -0.01508679950085508, BFx, 1.0, 0.0, 0.0,                             BFy, 0.0, 0.9942001707893373, -0.10754543413112737, BFz, 0.0, 0.10754543413112741, 0.9942001707893375
Time, 0.246, Pos_X, 0.009820247239832, Pos_Y, 0.04218493922068703, Pos_Z, -0.015439690256791809, BFx, 1.0, 0.0, 0.0,                             BFy, 0.0, 0.9942645956565166, -0.10694818289238546, BFz, 0.0, 0.1069481828923855, 0.9942645956565169
Time, 0.248, Pos_X, 0.010013685639688, Pos_Y, 0.04325295402808496, Pos_Z, -0.015795467960478034, BFx, 1.0, 0.0, 0.0,                             BFy, 0.0, 0.9943312887653454, -0.10632632873492266, BFz, 0.0, 0.10632632873492269, 0.9943312887653456
Time, 0.25, Pos_X, 0.010199596389544, Pos_Y, 0.04434185328755661, Pos_Z, -0.016154516962508435, BFx, 1.0, 0.0, 0.0,                             BFy, 0.0, 0.9944018197060713, -0.10566466280291487, BFz, 0.0, 0.1056646628029149, 0.9944018197060714
Time, 0.252, Pos_X, 0.0103772240114, Pos_Y, 0.04545211213647012, Pos_Z, -0.01651726552533961, BFx, 1.0, 0.0, 0.0,                             BFy, 0.0, 0.9944779523079728, -0.10494571155288412, BFz, 0.0, 0.10494571155288415, 0.9944779523079729
Time, 0.254, Pos_X, 0.010545869832056, Pos_Y, 0.04658417779648226, Pos_Z, -0.01688417403765673, BFx, 1.0, 0.0, 0.0,                             BFy, 0.0, 0.9945615612066412, -0.10415037671659284, BFz, 0.0, 0.10415037671659287, 0.9945615612066412
Time, 0.256, Pos_X, 0.010704902231512, Pos_Y, 0.04773846006118828, Pos_Z, -0.017255722739387264, BFx, 1.0, 0.0, 0.0,                             BFy, 0.0, 0.9946545406402946, -0.10325863055282418, BFz, 0.0, 0.10325863055282421, 0.9946545406402943
Time, 0.258, Pos_X, 0.010853766331768, Pos_Y, 0.0489153216986093, Pos_Z, -0.017632399541128146, BFx, 1.0, 0.0, 0.0,                             BFy, 0.0, 0.9947587098550101, -0.10225022820314919, BFz, 0.0, 0.1022502282031492, 0.9947587098550098
Time, 0.26, Pos_X, 0.010991992756824, Pos_Y, 0.050115070617068894, Pos_Z, -0.018014687051940724, BFx, 1.0, 0.0, 0.0,                             BFy, 0.0, 0.9948757271708648, -0.10110532867382997, BFz, 0.0, 0.10110532867382999, 0.9948757271708644
Time, 0.262, Pos_X, 0.01111920433128, Pos_Y, 0.05133795314795737, Pos_Z, -0.018403049056535434, BFx, 1.0, 0.0, 0.0,                             BFy, 0.0, 0.995007015353293, -0.09980500687706932, BFz, 0.0, 0.09980500687706934, 0.9950070153532925
Time, 0.264, Pos_X, 0.011235120860336, Pos_Y, 0.05258414839960823, Pos_Z, -0.018797915593014955, BFx, 1.0, 0.0, 0.0,                             BFy, 0.0, 0.995153682503838, -0.09833182698928239, BFz, 0.0, 0.09833182698928239, 0.9951536825038376
Time, 0.266, Pos_X, 0.011339561462592, Pos_Y, 0.053853764359052175, Pos_Z, -0.01919966726473869, BFx, 1.0, 0.0, 0.0,                             BFy, 0.0, 0.9953164809105732, -0.09667007203779213, BFz, 0.0, 0.09667007203779213, 0.9953164809105729
Time, 0.268, Pos_X, 0.011432445248248, Pos_Y, 0.055146834563945875, Pos_Z, -0.019608620950197914, BFx, 1.0, 0.0, 0.0,                             BFy, 0.0, 0.9954957878262888, -0.09480578263015484, BFz, 0.0, 0.09480578263015485, 0.9954957878262884
Time, 0.27, Pos_X, 0.011513790894104, Pos_Y, 0.05646331585256475, Pos_Z, -0.020025016879442477, BFx, 1.0, 0.0, 0.0,                             BFy, 0.0, 0.9956915522696522, -0.09272719524955964, BFz, 0.0, 0.09272719524955966, 0.995691552269652
Time, 0.272, Pos_X, 0.01158371294516, Pos_Y, 0.057803088281304975, Pos_Z, -0.020449006543939188, BFx, 1.0, 0.0, 0.0,                             BFy, 0.0, 0.9959032687256103, -0.09042499290375504, BFz, 0.0, 0.09042499290375505, 0.9959032687256102
Time, 0.274, Pos_X, 0.011642416342216, Pos_Y, 0.059165956362517404, Pos_Z, -0.020880642004573777, BFx, 1.0, 0.0, 0.0,                             BFy, 0.0, 0.9961299143369922, -0.08789308142838047, BFz, 0.0, 0.08789308142838047, 0.996129914336992
Time, 0.276, Pos_X, 0.011690190811071999, Pos_Y, 0.060551651424369114, Pos_Z, -0.021319867539365295, BFx, 1.0, 0.0, 0.0,                             BFy, 0.0, 0.9963699141363053, -0.08512927935798924, BFz, 0.0, 0.08512927935798924, 0.9963699141363052
Time, 0.278, Pos_X, 0.011727404386927999, Pos_Y, 0.06195983494192003, Pos_Z, -0.021766513612237703, BFx, 1.0, 0.0, 0.0,                             BFy, 0.0, 0.9966211945962211, -0.08213522071316258, BFz, 0.0, 0.08213522071316258, 0.9966211945962209
Time, 0.28, Pos_X, 0.011754496602783998, Pos_Y, 0.06339010262177594, Pos_Z, -0.022220292525589703, BFx, 1.0, 0.0, 0.0,                             BFy, 0.0, 0.9968812425579067, -0.0789163369411107, BFz, 0.0, 0.07891633694111068, 0.9968812425579063
Time, 0.282, Pos_X, 0.011771970476039997, Pos_Y, 0.06484198972967176, Pos_Z, -0.02268079566228136, BFx, 1.0, 0.0, 0.0,                             BFy, 0.0, 0.9971472122196934, -0.07548136963842558, BFz, 0.0, 0.07548136963842556, 0.9971472122196929
Time, 0.284, Pos_X, 0.011780383590695997, Pos_Y, 0.06631497755868018, Pos_Z, -0.02314749234963984, BFx, 1.0, 0.0, 0.0,                             BFy, 0.0, 0.9974160657494872, -0.07184143501359867, BFz, 0.0, 0.07184143501359865, 0.9974160657494868
Time, 0.286, Pos_X, 0.011780339698951998, Pos_Y, 0.0678085002668088, Pos_Z, -0.023619730578295046, BFx, 1.0, 0.0, 0.0,                             BFy, 0.0, 0.9976846974739286, -0.06800914957823141, BFz, 0.0, 0.06800914957823137, 0.9976846974739282
Time, 0.288, Pos_X, 0.011772481672607998, Pos_Y, 0.06932195080249566, Pos_Z, -0.024096739301540774, BFx, 1.0, 0.0, 0.0,                             BFy, 0.0, 0.9979500982367436, -0.06399688609043888, BFz, 0.0, 0.06399688609043884, 0.9979500982367432
Time, 0.29, Pos_X, 0.011757484904663999, Pos_Y, 0.07085468484280102, Pos_Z, -0.024577631168660463, BFx, 1.0, 0.0, 0.0,                             BFy, 0.0, 0.998209495044747, -0.05981474736643527, BFz, 0.0, 0.05981474736643523, 0.9982094950447465
Time, 0.292, Pos_X, 0.01173605038292, Pos_Y, 0.07240602366139763, Pos_Z, -0.025061405962497826, BFx, 1.0, 0.0, 0.0,                             BFy, 0.0, 0.9984603613349609, -0.05546987329045257, BFz, 0.0, 0.05546987329045253, 0.9984603613349605
Time, 0.294, Pos_X, 0.011708897944575998, Pos_Y, 0.07397525740708343, Pos_Z, -0.025546955034030136, BFx, 1.0, 0.0, 0.0,                             BFy, 0.0, 0.9987003532946704, -0.05096669823620024, BFz, 0.0, 0.0509666982362002, 0.9987003532946701
Time, 0.296, Pos_X, 0.011676759794831999, Pos_Y, 0.07556164872834664, Pos_Z, -0.026033067187779115, BFx, 1.0, 0.0, 0.0,                             BFy, 0.0, 0.9989272305971334, -0.04630753687619765, BFz, 0.0, 0.04630753687619762, 0.9989272305971332
Time, 0.298, Pos_X, 0.011640374968888, Pos_Y, 0.07716443627553245, Pos_Z, -0.02651843657618948, BFx, 1.0, 0.0, 0.0,                             BFy, 0.0, 0.9991387550678296, -0.04149395283057537, BFz, 0.0, 0.04149395283057534, 0.9991387550678296
Time, 0.3, Pos_X, 0.011600485307344, Pos_Y, 0.07878283751786633, Pos_Z, -0.02700167129983341, BFx, 1.0, 0.0, 0.0,                             BFy, 0.0, 0.9993326040830013, -0.03652870674806453, BFz, 0.0, 0.03652870674806449, 0.9993326040830013
Time, 0.302, Pos_X, 0.01155783247532, Pos_Y, 0.0804160514735895, Pos_Z, -0.027481304841456968, BFx, 1.0, 0.0, 0.0,                             BFy, 0.0, 0.9995063333732797, -0.03141798126393778, BFz, 0.0, 0.031417981263937744, 0.9995063333732795
Time, 0.304, Pos_X, 0.011513156360515999, Pos_Y, 0.0820632607428047, Pos_Z, -0.027955810393725362, BFx, 1.0, 0.0, 0.0,                             BFy, 0.0, 0.9996574102048073, -0.026173693331600783, BFz, 0.0, 0.026173693331600745, 0.9996574102048071
Time, 0.306, Pos_X, 0.011467194615711999, Pos_Y, 0.08372363231224406, Pos_Z, -0.028423614793521148, BFx, 1.0, 0.0, 0.0,                             BFy, 0.0, 0.9997833299649784, -0.02081569417863076, BFz, 0.0, 0.02081569417863072, 0.9997833299649783
Time, 0.308, Pos_X, 0.011420677632177998, Pos_Y, 0.08539631921005954, Pos_Z, -0.028883114163890534, BFx, 1.0, 0.0, 0.0,                             BFy, 0.0, 0.9998818172320852, -0.01537372982272031, BFz, 0.0, 0.015373729822720273, 0.999881817232085
Time, 0.31, Pos_X, 0.011374322427813999, Pos_Y, 0.08708046259099725, Pos_Z, -0.029332690153044183, BFx, 1.0, 0.0, 0.0,                             BFy, 0.0, 0.9999511112976742, -0.009888124925650051, BFz, 0.0, 0.009888124925650017, 0.999951111297674
Time, 0.312, Pos_X, 0.01132883730893, Pos_Y, 0.08877518704387799, Pos_Z, -0.02977072435945486, BFx, 1.0, 0.0, 0.0,                             BFy, 0.0, 0.9999902779023165, -0.004409546557930254, BFz, 0.0, 0.004409546557930222, 0.9999902779023163
Time, 0.314, Pos_X, 0.011284925333046, Pos_Y, 0.0904795923477606, Pos_Z, -0.030195618079954502, BFx, 1.0, 0.0, 0.0,                             BFy, 0.0, 0.999999497722702, 0.0010022745841934278, BFz, 0.0, -0.0010022745841934582, 0.9999994977227018
Time, 0.316, Pos_X, 0.011243279962782, Pos_Y, 0.09219274538879671, Pos_Z, -0.030605806756071444, BFx, 1.0, 0.0, 0.0,                             BFy, 0.0, 0.9999802764814538, 0.006280656659458245, BFz, 0.0, -0.006280656659458274, 0.9999802764814535
