Time, 0, Pos_X, 0.0, Pos_Y, 0.0, Pos_Z, 0.0, BFx, 1.0, 0.0, 0.0,                         BFy, 0.0, 1.0, 0.0, BFz, 0.0, 0.0, 1.0
Time, 0.0, Pos_X, 0.0, Pos_Y, 0.0, Pos_Z, 0.0, BFx, 1.0, 0.0, 0.0,                             BFy, 0.0, 1.0, 0.0, BFz, 0.0, 0.0, 1.0
Time, 0.002, Pos_X, -6.2904012e-07, Pos_Y, 1.381364210225071e-06, Pos_Z, -1.6917805683493669e-06, BFx, 1.0, 0.0, 0.0,                             BFy, 0.0, 0.9999999920890608, 0.0001257850496683074, BFz, 0.0, -0.0001257850496683074, 0.9999999920890608
Time, 0.004, Pos_X, -2.85965602e-06, Pos_Y, 5.702814467074591e-06, Pos_Z, -6.722983279948651e-06, BFx, 1.0, 0.0, 0.0,                             BFy, 0.0, 0.9999999817951364, 0.0001908133308420898, BFz, 0.0, -0.00019081333084208977, 0.9999999817951364
Time, 0.006, Pos_X, -7.40479806e-06, Pos_Y, 1.3328508755372318e-05, Pos_Z, -1.4997958450163218e-05, BFx, 1.0, 0.0, 0.0,                             BFy, 0.0, 0.9999999822851867, 0.0001882275920085278, BFz, 0.0, -0.00018822759200852777, 0.9999999822851867
Time, 0.008, Pos_X, -1.502996268e-05, Pos_Y, 2.464267092881041e-05, Pos_Z, -2.6406720520922248e-05, BFx, 1.0, 0.0, 0.0,                             BFy, 0.0, 0.9999999938508978, 0.00011089727089269381, BFz, 0.0, -0.00011089727089269377, 0.9999999938508978
Time, 0.01, Pos_X, -2.6554733400000002e-05, Pos_Y, 4.00517091509798e-05, Pos_Z, -4.083089150015147e-05, BFx, 1.0, 0.0, 0.0,                             BFy, 0.0, 0.9999999988341869, -4.8286916861235464e-05, BFz, 0.0, 4.8286916861235505e-05, 0.9999999988341869
Time, 0.012, Pos_X, -4.285530952e-05, Pos_Y, 5.998431384743554e-05, Pos_Z, -5.814728362741674e-05, BFx, 1.0, 0.0, 0.0,                             BFy, 0.0, 0.9999999562068178, -0.0002959499325598035, BFz, 0.0, 0.0002959499325598035, 0.9999999562068178
Time, 0.014, Pos_X, -6.486694844e-05, Pos_Y, 8.489042959230792e-05, Pos_Z, -7.822188054964765e-05, BFx, 1.0, 0.0, 0.0,                             BFy, 0.0, 0.99999979662054, -0.0006377765116431157, BFz, 0.0, 0.0006377765116431157, 0.9999997966205398
Time, 0.016, Pos_X, -9.358840256e-05, Pos_Y, 0.00011524406214181124, Pos_Z, -0.00010090220696422299, BFx, 1.0, 0.0, 0.0,                             BFy, 0.0, 0.9999994189663367, -0.0010779921100967167, BFz, 0.0, 0.0010779921100967167, 0.9999994189663365
Time, 0.018, Pos_X, -0.00013008338487999996, Pos_Y, 0.00015154491025285485, Pos_Z, -0.00012601314646845487, BFx, 1.0, 0.0, 0.0,                             BFy, 0.0, 0.9999986896547753, -0.001618854141793698, BFz, 0.0, 0.0016188541417936977, 0.9999986896547751
Time, 0.02, Pos_X, -0.00017547871299999999, Pos_Y, 0.00019431546440754923, Pos_Z, -0.00015335792041500267, BFx, 1.0, 0.0, 0.0,                             BFy, 0.0, 0.9999974454212628, -0.0022603431041365563, BFz, 0.0, 0.002260343104136556, 0.9999974454212625
Time, 0.022, Pos_X, -0.00023096429771999992, Pos_Y, 0.0002440974620600821, Pos_Z, -0.00018272584547633953, BFx, 1.0, 0.0, 0.0,                             BFy, 0.0, 0.9999955001802864, -0.00299993652914739, BFz, 0.0, 0.002999936529147389, 0.9999955001802862
Time, 0.024, Pos_X, -0.00029778895083999995, Pos_Y, 0.0003014472622253596, Pos_Z, -0.0002139008143119198, BFx, 1.0, 0.0, 0.0,                             BFy, 0.0, 0.9999926553029235, -0.0038326675055918263, BFz, 0.0, 0.0038326675055918255, 0.9999926553029233
Time, 0.026, Pos_X, -0.00037725521115999986, Pos_Y, 0.0003669330451939852, Pos_Z, -0.00024666251001640615, BFx, 1.0, 0.0, 0.0,                             BFy, 0.0, 0.9999887122353871, -0.004751357891396125, BFz, 0.0, 0.004751357891396124, 0.9999887122353869
Time, 0.028, Pos_X, -0.00047071502827999995, Pos_Y, 0.000441135049168131, Pos_Z, -0.00028078286350767485, BFx, 1.0, 0.0, 0.0,                             BFy, 0.0, 0.9999834709793769, -0.0057495885103148675, BFz, 0.0, 0.005749588510314866, 0.9999834709793765
Time, 0.03, Pos_X, -0.0005795649591999999, Pos_Y, 0.0005246469248635682, Pos_Z, -0.00031602404623242174, BFx, 1.0, 0.0, 0.0,                             BFy, 0.0, 0.9999767739660025, -0.006815535822434203, BFz, 0.0, 0.0068155358224342025, 0.999976773966002
Time, 0.032, Pos_X, -0.00070524029912, Pos_Y, 0.0006180754201977567, Pos_Z, -0.0003521411065019976, BFx, 1.0, 0.0, 0.0,                             BFy, 0.0, 0.9999685036414764, -0.00793673264177127, BFz, 0.0, 0.00793673264177127, 0.9999685036414759
Time, 0.034, Pos_X, -0.0008492069676400002, Pos_Y, 0.0007220373176688402, Pos_Z, -0.0003888851433165407, BFx, 1.0, 0.0, 0.0,                             BFy, 0.0, 0.9999585927252673, -0.009100155762583002, BFz, 0.0, 0.009100155762583004, 0.9999585927252668
Time, 0.036, Pos_X, -0.0010129523199599998, Pos_Y, 0.0008371558637677402, Pos_Z, -0.00042600307764668985, BFx, 1.0, 0.0, 0.0,                             BFy, 0.0, 0.9999470328237974, -0.010292305226915044, BFz, 0.0, 0.010292305226915046, 0.9999470328237967
Time, 0.038, Pos_X, -0.00119797694748, Pos_Y, 0.0009640604823211373, Pos_Z, -0.00046323959484719115, BFx, 1.0, 0.0, 0.0,                             BFy, 0.0, 0.9999338735521874, -0.011499935778873987, BFz, 0.0, 0.011499935778873989, 0.9999338735521868
Time, 0.04, Pos_X, -0.0014057837960000001, Pos_Y, 0.0011033835748475325, Pos_Z, -0.0005003458676967468, BFx, 1.0, 0.0, 0.0,                             BFy, 0.0, 0.99991921457376, -0.012710795655470756, BFz, 0.0, 0.012710795655470756, 0.9999192145737592
Time, 0.042, Pos_X, -0.0016378632541200005, Pos_Y, 0.0012557540431433407, Pos_Z, -0.0005370867084337648, BFx, 1.0, 0.0, 0.0,                             BFy, 0.0, 0.9999031914539995, -0.013914299123803238, BFz, 0.0, 0.013914299123803238, 0.9999031914539988
Time, 0.044, Pos_X, -0.0018956818108399997, Pos_Y, 0.0014217962709615645, Pos_Z, -0.0005732437680622815, BFx, 1.0, 0.0, 0.0,                             BFy, 0.0, 0.9998859562894375, -0.015102132801602306, BFz, 0.0, 0.015102132801602306, 0.9998859562894369
Time, 0.046, Pos_X, -0.00218067152256, Pos_Y, 0.0016021300330130662, Pos_Z, -0.0006086189187597764, BFx, 1.0, 0.0, 0.0,                             BFy, 0.0, 0.9998676521777137, -0.01626893139166888, BFz, 0.0, 0.016268931391668878, 0.999867652177713
Time, 0.048, Pos_X, -0.0024942168048800004, Pos_Y, 0.0017973690274388932, Pos_Z, -0.0006430377521475405, BFx, 1.0, 0.0, 0.0,                             BFy, 0.0, 0.9998483775364272, -0.017413269014584908, BFz, 0.0, 0.017413269014584898, 0.9998483775364265
Time, 0.05, Pos_X, -0.0028376410848000005, Pos_Y, 0.002008119328850521, Pos_Z, -0.0006763537678444005, BFx, 1.0, 0.0, 0.0,                             BFy, 0.0, 0.9998281407545481, -0.01853884989161585, BFz, 0.0, 0.01853884989161584, 0.9998281407545473
Time, 0.052, Pos_X, -0.0032121940495199995, Pos_Y, 0.0022349773678648076, Pos_Z, -0.0007084533264239522, BFx, 1.0, 0.0, 0.0,                             BFy, 0.0, 0.9998068157230753, -0.01965531057207978, BFz, 0.0, 0.01965531057207977, 0.9998068157230743
Time, 0.054, Pos_X, -0.00361903930504, Pos_Y, 0.0024785277729803138, Pos_Z, -0.0007392608758938073, BFx, 1.0, 0.0, 0.0,                             BFy, 0.0, 0.999784106613679, -0.020778358036378057, BFz, 0.0, 0.02077835803637804, 0.999784106613678
Time, 0.056, Pos_X, -0.00405925806256, Pos_Y, 0.0027393489699919734, Pos_Z, -0.0007687431923531949, BFx, 1.0, 0.0, 0.0,                             BFy, 0.0, 0.9997595081694944, -0.021930021082777935, BFz, 0.0, 0.021930021082777917, 0.9997595081694934
Time, 0.058, Pos_X, -0.00453383494808, Pos_Y, 0.003018009395160724, Pos_Z, -0.0007969141681976725, BFx, 1.0, 0.0, 0.0,                             BFy, 0.0, 0.9997322737729013, -0.0231382967580916, BFz, 0.0, 0.023138296758091578, 0.9997322737729003
Time, 0.06, Pos_X, -0.005043630433599999, Pos_Y, 0.0033150569376315035, Pos_Z, -0.0008238382659518283, BFx, 1.0, 0.0, 0.0,                             BFy, 0.0, 0.9997013893051483, -0.024436289025901812, BFz, 0.0, 0.02443628902590179, 0.9997013893051473
Time, 0.062, Pos_X, -0.00558937444212, Pos_Y, 0.0036310188539301082, Pos_Z, -0.0008496312328541378, BFx, 1.0, 0.0, 0.0,                             BFy, 0.0, 0.9996655632898147, -0.02586042483136525, BFz, 0.0, 0.025860424831365227, 0.9996655632898137
Time, 0.064, Pos_X, -0.00617166092964, Pos_Y, 0.003966402815666012, Pos_Z, -0.0008744612581002601, BFx, 1.0, 0.0, 0.0,                             BFy, 0.0, 0.9996232343065569, -0.0274479404418513, BFz, 0.0, 0.027447940441851268, 0.9996232343065559
Time, 0.066, Pos_X, -0.006790944241160001, Pos_Y, 0.004321698459560425, Pos_Z, -0.0008985493696099679, BFx, 1.0, 0.0, 0.0,                             BFy, 0.0, 0.9995725897020556, -0.02923419087860647, BFz, 0.0, 0.02923419087860643, 0.9995725897020549
Time, 0.068, Pos_X, -0.007447537528680001, Pos_Y, 0.004697378539605375, Pos_Z, -0.000922167140385446, BFx, 1.0, 0.0, 0.0,                             BFy, 0.0, 0.9995116123139651, -0.031249589589924673, BFz, 0.0, 0.03124958958992463, 0.9995116123139643
Time, 0.07, Pos_X, -0.008141612032200003, Pos_Y, 0.005093900298247814, Pos_Z, -0.0009456316743457382, BFx, 1.0, 0.0, 0.0,                             BFy, 0.0, 0.9994381802917021, -0.03351602266397568, BFz, 0.0, 0.03351602266397563, 0.9994381802917013
Time, 0.072, Pos_X, -0.008873199369719998, Pos_Y, 0.005511707412964698, Pos_Z, -0.0009693002519137574, BFx, 1.0, 0.0, 0.0,                             BFy, 0.0, 0.9993502262480691, -0.03604338077836407, BFz, 0.0, 0.03604338077836402, 0.9993502262480684
Time, 0.074, Pos_X, -0.009642196315239998, Pos_Y, 0.005951232479858142, Pos_Z, -0.0009935646569132707, BFx, 1.0, 0.0, 0.0,                             BFy, 0.0, 0.9992459246417292, -0.03882759440007283, BFz, 0.0, 0.038827594400072774, 0.9992459246417285
Time, 0.076, Pos_X, -0.010448371058759998, Pos_Y, 0.006412899439457571, Pos_Z, -0.001018843726505211, BFx, 1.0, 0.0, 0.0,                             BFy, 0.0, 0.9991239168968085, -0.041849715468331564, BFz, 0.0, 0.04184971546833151, 0.9991239168968079
Time, 0.078, Pos_X, -0.011291371832279998, Pos_Y, 0.006897126164224683, Pos_Z, -0.0010455738266301332, BFx, 1.0, 0.0, 0.0,                             BFy, 0.0, 0.9989835488593086, -0.04507625881173537, BFz, 0.0, 0.045076258811735305, 0.998983548859308
Time, 0.08, Pos_X, -0.012170737111799999, Pos_Y, 0.00740432688400403, Pos_Z, -0.0010741980300559297, BFx, 1.0, 0.0, 0.0,                             BFy, 0.0, 0.9988250675203192, -0.04846116479234607, BFz, 0.0, 0.048461164792346, 0.9988250675203185
Time, 0.082, Pos_X, -0.01308590733132, Pos_Y, 0.00793491324624059, Pos_Z, -0.0011051551618109171, BFx, 1.0, 0.0, 0.0,                             BFy, 0.0, 0.9986497451313665, -0.051948884002040875, BFz, 0.0, 0.0519488840020408, 0.9986497451313658
Time, 0.084, Pos_X, -0.01403623732484, Pos_Y, 0.008489294249351402, Pos_Z, -0.0011388687736977085, BFx, 1.0, 0.0, 0.0,                             BFy, 0.0, 0.9984598885111646, -0.05547838348648329, BFz, 0.0, 0.05547838348648321, 0.9984598885111639
Time, 0.086, Pos_X, -0.015021009750359995, Pos_Y, 0.009067875223776764, Pos_Z, -0.0011757362569068527, BFx, 1.0, 0.0, 0.0,                             BFy, 0.0, 0.9982587180662384, -0.05898755635514079, BFz, 0.0, 0.0589875563551407, 0.9982587180662376
Time, 0.088, Pos_X, -0.016039449799879996, Pos_Y, 0.009671055559971057, Pos_Z, -0.00121611883245439, BFx, 1.0, 0.0, 0.0,                             BFy, 0.0, 0.9980501298024924, -0.06241745269737368, BFz, 0.0, 0.06241745269737359, 0.9980501298024915
Time, 0.09, Pos_X, -0.017090739799399998, Pos_Y, 0.010299225700961836, Pos_Z, -0.0012603319433509917, BFx, 1.0, 0.0, 0.0,                             BFy, 0.0, 0.9978383554860168, -0.06571618005455425, BFz, 0.0, 0.06571618005455415, 0.997838355486016
Time, 0.092, Pos_X, -0.01817403377492, Pos_Y, 0.010952763520977307, Pos_Z, -0.0013086358241212997, BFx, 1.0, 0.0, 0.0,                             BFy, 0.0, 0.997627585068399, -0.0688418587096225, BFz, 0.0, 0.06884185870962238, 0.997627585068398
Time, 0.094, Pos_X, -0.01928847215644, Pos_Y, 0.011632030223129535, Pos_Z, -0.0013612265063358384, BFx, 1.0, 0.0, 0.0,                             BFy, 0.0, 0.9974215694208987, -0.07176498348047085, BFz, 0.0, 0.07176498348047072, 0.9974215694208978
Time, 0.096, Pos_X, -0.02043319526476, Pos_Y, 0.012337365626266212, Pos_Z, -0.0014182278709097863, BFx, 1.0, 0.0, 0.0,                             BFy, 0.0, 0.9972232487815244, -0.07447007512835632, BFz, 0.0, 0.0744700751283562, 0.9972232487815234
Time, 0.098, Pos_X, -0.02160735516788, Pos_Y, 0.013069082704446369, Pos_Z, -0.0014796854186882456, BFx, 1.0, 0.0, 0.0,                             BFy, 0.0, 0.9970344776206681, -0.07695615917964227, BFz, 0.0, 0.07695615917964216, 0.9970344776206671
Time, 0.1, Pos_X, -0.0228101264102, Pos_Y, 0.01382746176891992, Pos_Z, -0.0015455613708012471, BFx, 1.0, 0.0, 0.0,                             BFy, 0.0, 0.9968558645390319, -0.07923626274718187, BFz, 0.0, 0.07923626274718176, 0.9968558645390309
Time, 0.102, Pos_X, -0.024040715195719993, Pos_Y, 0.014612744573969393, Pos_Z, -0.001615731267516365, BFx, 1.0, 0.0, 0.0,                             BFy, 0.0, 0.9966867542118673, -0.08133580994010915, BFz, 0.0, 0.08133580994010906, 0.9966867542118664
Time, 0.104, Pos_X, -0.025298366452839994, Pos_Y, 0.015425127623369192, Pos_Z, -0.0016899818559081828, BFx, 1.0, 0.0, 0.0,                             BFy, 0.0, 0.9965253433156108, -0.08329009622821107, BFz, 0.0, 0.08329009622821097, 0.9965253433156098
Time, 0.106, Pos_X, -0.026582368520159994, Pos_Y, 0.016264754934089246, Pos_Z, -0.0017680097262687223, BFx, 1.0, 0.0, 0.0,                             BFy, 0.0, 0.9963688689664421, -0.08514151134748389, BFz, 0.0, 0.0851415113474838, 0.9963688689664408
Time, 0.108, Pos_X, -0.027892055690079996, Pos_Y, 0.017131711560355006, Pos_Z, -0.0018494211162047014, BFx, 1.0, 0.0, 0.0,                             BFy, 0.0, 0.9962138378486654, -0.0869366969629814, BFz, 0.0, 0.08693669696298133, 0.9962138378486644
Time, 0.11, Pos_X, -0.029226808885999996, Pos_Y, 0.01802601814647305, Pos_Z, -0.0019337331811234114, BFx, 1.0, 0.0, 0.0,                             BFy, 0.0, 0.9960563370541147, -0.08872301513327745, BFz, 0.0, 0.08872301513327738, 0.9960563370541138
Time, 0.112, Pos_X, -0.030586056145919995, Pos_Y, 0.018947626081325376, Pos_Z, -0.0020203763887759246, BFx, 1.0, 0.0, 0.0,                             BFy, 0.0, 0.9958923201974299, -0.09054549448635896, BFz, 0.0, 0.09054549448635887, 0.9958923201974291
Time, 0.114, Pos_X, -0.03196927574104, Pos_Y, 0.019896412463465817, Pos_Z, -0.002108696463071311, BFx, 1.0, 0.0, 0.0,                             BFy, 0.0, 0.9957178573896976, -0.09244429931190418, BFz, 0.0, 0.0924442993119041, 0.9957178573896969
Time, 0.116, Pos_X, -0.03337599006136, Pos_Y, 0.020872174109053978, Pos_Z, -0.002197957454043451, BFx, 1.0, 0.0, 0.0,                             BFy, 0.0, 0.9955292967315017, -0.09445326542412825, BFz, 0.0, 0.09445326542412817, 0.9955292967315008
Time, 0.118, Pos_X, -0.03480575485167999, Pos_Y, 0.021874625595418976, Pos_Z, -0.002287347741062844, BFx, 1.0, 0.0, 0.0,                             BFy, 0.0, 0.9953233745520963, -0.09659906868198305, BFz, 0.0, 0.09659906868198298, 0.9953233745520955
Time, 0.12, Pos_X, -0.036258155732799995, Pos_Y, 0.02290339513954328, Pos_Z, -0.002375981873204579, BFx, 1.0, 0.0, 0.0,                             BFy, 0.0, 0.9950972951761935, -0.0989008247337843, BFz, 0.0, 0.09890082473378423, 0.9950972951761927
Time, 0.122, Pos_X, -0.037732800640719995, Pos_Y, 0.023958013904300208, Pos_Z, -0.0024629012234972845, BFx, 1.0, 0.0, 0.0,                             BFy, 0.0, 0.9948487431136291, -0.10137050027118975, BFz, 0.0, 0.10137050027118968, 0.9948487431136284
Time, 0.124, Pos_X, -0.03922930803324, Pos_Y, 0.025037910837921524, Pos_Z, -0.0025470825600593496, BFx, 1.0, 0.0, 0.0,                             BFy, 0.0, 0.9945758031583675, -0.10401428638359106, BFz, 0.0, 0.10401428638359099, 0.9945758031583666
Time, 0.126, Pos_X, -0.04074729580296, Pos_Y, 0.026142414112082478, Pos_Z, -0.0026274514218232402, BFx, 1.0, 0.0, 0.0,                             BFy, 0.0, 0.9942768345630777, -0.10683434022460175, BFz, 0.0, 0.10683434022460166, 0.9942768345630768
Time, 0.128, Pos_X, -0.04228637478868, Pos_Y, 0.027270756039988717, Pos_Z, -0.0027028935077701537, BFx, 1.0, 0.0, 0.0,                             BFy, 0.0, 0.9939504235076523, -0.10982966634274162, BFz, 0.0, 0.10982966634274151, 0.9939504235076516
Time, 0.13, Pos_X, -0.0438461453118, Pos_Y, 0.02842207942736552, Pos_Z, -0.0027722623548409823, BFx, 1.0, 0.0, 0.0,                             BFy, 0.0, 0.9935952756122646, -0.112997470241539, BFz, 0.0, 0.11299747024153887, 0.9935952756122639
Time, 0.132, Pos_X, -0.04542619395552, Pos_Y, 0.029595443512772178, Pos_Z, -0.0028343850741011627, BFx, 1.0, 0.0, 0.0,                             BFy, 0.0, 0.9932100868567432, -0.11633453213048925, BFz, 0.0, 0.11633453213048912, 0.9932100868567425
Time, 0.134, Pos_X, -0.04702608663444, Pos_Y, 0.03078982637661537, Pos_Z, -0.002888071725264611, BFx, 1.0, 0.0, 0.0,                             BFy, 0.0, 0.9927934154776431, -0.11983836691241714, BFz, 0.0, 0.11983836691241699, 0.9927934154776425
Time, 0.136, Pos_X, -0.04864535891496, Pos_Y, 0.03200412309447963, Pos_Z, -0.0029321324338846123, BFx, 1.0, 0.0, 0.0,                             BFy, 0.0, 0.9923435290284335, -0.12350838188314947, BFz, 0.0, 0.12350838188314932, 0.9923435290284329
Time, 0.138, Pos_X, -0.05028351064908, Pos_Y, 0.033237142466299996, Pos_Z, -0.002965394443608846, BFx, 1.0, 0.0, 0.0,                             BFy, 0.0, 0.9918582407223288, -0.12734688968014268, BFz, 0.0, 0.12734688968014254, 0.9918582407223282
Time, 0.14, Pos_X, -0.0519400005678, Pos_Y, 0.03448760400269497, Pos_Z, -0.002986711998671524, BFx, 1.0, 0.0, 0.0,                             BFy, 0.0, 0.9913347527581036, -0.13135984155756805, BFz, 0.0, 0.13135984155756794, 0.9913347527581029
Time, 0.142, Pos_X, -0.05361424152451998, Pos_Y, 0.035754139864293745, Pos_Z, -0.0029949741274465603, BFx, 1.0, 0.0, 0.0,                             BFy, 0.0, 0.9907695483389612, -0.13555700676914664, BFz, 0.0, 0.13555700676914653, 0.9907695483389606
Time, 0.144, Pos_X, -0.055305597452439986, Pos_Y, 0.03703530033193776, Pos_Z, -0.0029891158653503553, BFx, 1.0, 0.0, 0.0,                             BFy, 0.0, 0.9901585335498972, -0.1399502713049048, BFz, 0.0, 0.1399502713049047, 0.9901585335498966
Time, 0.146, Pos_X, -0.05701338068275999, Pos_Y, 0.03832955848823859, Pos_Z, -0.0029681334764406686, BFx, 1.0, 0.0, 0.0,                             BFy, 0.0, 0.9894972050614171, -0.14455200163139648, BFz, 0.0, 0.14455200163139637, 0.9894972050614165
Time, 0.148, Pos_X, -0.05873684893547999, Pos_Y, 0.03963531260417181, Pos_Z, -0.0029310991733850515, BFx, 1.0, 0.0, 0.0,                             BFy, 0.0, 0.988780536678151, -0.14937553443073318, BFz, 0.0, 0.14937553443073306, 0.9887805366781504
Time, 0.15, Pos_X, -0.06047520594019999, Pos_Y, 0.040950893182527946, Pos_Z, -0.002877171963718243, BFx, 1.0, 0.0, 0.0,                             BFy, 0.0, 0.9880029359271966, -0.1544350951022438, BFz, 0.0, 0.15443509510224365, 0.9880029359271959
Time, 0.152, Pos_X, -0.06222760562851999, Pos_Y, 0.04227457426598099, Pos_Z, -0.0028056119626796764, BFx, 1.0, 0.0, 0.0,                             BFy, 0.0, 0.9871584915480319, -0.1597438967992633, BFz, 0.0, 0.1597438967992632, 0.987158491548031
Time, 0.154, Pos_X, -0.06399315331663999, Pos_Y, 0.04360458145419041, Pos_Z, -0.002715797796763992, BFx, 1.0, 0.0, 0.0,                             BFy, 0.0, 0.9862415045846008, -0.16531090295168813, BFz, 0.0, 0.16531090295168802, 0.9862415045845999
Time, 0.156, Pos_X, -0.06577090828016, Pos_Y, 0.04493910149095143, Pos_Z, -0.0026072409998845595, BFx, 1.0, 0.0, 0.0,                             BFy, 0.0, 0.9852470123225028, -0.17113832040072557, BFz, 0.0, 0.17113832040072544, 0.9852470123225018
Time, 0.158, Pos_X, -0.06755988912228, Pos_Y, 0.04627629341153974, Pos_Z, -0.0024795970437320927, BFx, 1.0, 0.0, 0.0,                             BFy, 0.0, 0.9841710752235113, -0.17722103343959184, BFz, 0.0, 0.1772210334395917, 0.9841710752235101
Time, 0.16, Pos_X, -0.06935907934840001, Pos_Y, 0.04761429868574462, Pos_Z, -0.002332671481262687, BFx, 1.0, 0.0, 0.0,                             BFy, 0.0, 0.9830110217325415, -0.18354653674843371, BFz, 0.0, 0.18354653674843355, 0.9830110217325401
Time, 0.162, Pos_X, -0.07116743243692, Pos_Y, 0.04895125087793934, Pos_Z, -0.0021664216393817567, BFx, 1.0, 0.0, 0.0,                             BFy, 0.0, 0.9817657662884898, -0.19009466100859657, BFz, 0.0, 0.1900946610085964, 0.9817657662884884
Time, 0.164, Pos_X, -0.07298387592904, Pos_Y, 0.050285284838598565, Pos_Z, -0.0019809548116015044, BFx, 1.0, 0.0, 0.0,                             BFy, 0.0, 0.9804357601313752, -0.1968393259885105, BFz, 0.0, 0.1968393259885103, 0.9804357601313739
Time, 0.166, Pos_X, -0.07480731529276001, Pos_Y, 0.05161454582052158, Pos_Z, -0.0017765225673636194, BFx, 1.0, 0.0, 0.0,                             BFy, 0.0, 0.9790230602109105, -0.2037494725766486, BFz, 0.0, 0.20374947257664838, 0.9790230602109092
Time, 0.168, Pos_X, -0.07663663870788001, Pos_Y, 0.052937199391294314, Pos_Z, -0.00155351601338849, BFx, 1.0, 0.0, 0.0,                             BFy, 0.0, 0.9775315815373654, -0.21078901085458693, BFz, 0.0, 0.2107890108545867, 0.9775315815373643
Time, 0.17, Pos_X, -0.07847073965320002, Pos_Y, 0.05425144535978595, Pos_Z, -0.0013124570531075242, BFx, 1.0, 0.0, 0.0,                             BFy, 0.0, 0.9759672810529194, -0.21791710881472728, BFz, 0.0, 0.21791710881472703, 0.9759672810529183
Time, 0.172, Pos_X, -0.080308507347, Pos_Y, 0.055555509982426456, Pos_Z, -0.0010539711210705341, BFx, 1.0, 0.0, 0.0,                             BFy, 0.0, 0.9743384841613991, -0.22508780127333594, BFz, 0.0, 0.22508780127333566, 0.974338484161398
Time, 0.174, Pos_X, -0.0821488010444, Pos_Y, 0.056847634828680785, Pos_Z, -0.0007787762182765209, BFx, 1.0, 0.0, 0.0,                             BFy, 0.0, 0.9726563649476107, -0.2322489951041734, BFz, 0.0, 0.23224899510417313, 0.9726563649476095
Time, 0.176, Pos_X, -0.08399046555754, Pos_Y, 0.058126093228853704, Pos_Z, -0.0004876802378790403, BFx, 1.0, 0.0, 0.0,                             BFy, 0.0, 0.9709354325655881, -0.23934156719774385, BFz, 0.0, 0.23934156719774355, 0.970935432565587
Time, 0.178, Pos_X, -0.0858323275132, Pos_Y, 0.05938919880679565, Pos_Z, -0.00018153598493743822, BFx, 1.0, 0.0, 0.0,                             BFy, 0.0, 0.9691940252757728, -0.24629848024245385, BFz, 0.0, 0.24629848024245354, 0.9691940252757718
Time, 0.18, Pos_X, -0.0876731633625, Pos_Y, 0.06063530077283644, Pos_Z, 0.00013881674462121809, BFx, 1.0, 0.0, 0.0,                             BFy, 0.0, 0.9674546733066791, -0.2530443737708161, BFz, 0.0, 0.25304437377081584, 0.9674546733066781
Time, 0.182, Pos_X, -0.08951171073174, Pos_Y, 0.06186279990967255, Pos_Z, 0.00047259110730333783, BFx, 1.0, 0.0, 0.0,                             BFy, 0.0, 0.9657441075803394, -0.25949627872833114, BFz, 0.0, 0.25949627872833086, 0.9657441075803384
Time, 0.184, Pos_X, -0.09134671020918, Pos_Y, 0.06307018118876109, Pos_Z, 0.0008190704614129934, BFx, 1.0, 0.0, 0.0,                             BFy, 0.0, 0.9640927643032646, -0.26556570150922704, BFz, 0.0, 0.2655657015092268, 0.9640927643032636
Time, 0.186, Pos_X, -0.09317689903802001, Pos_Y, 0.0642560322022615, Pos_Z, 0.001177604400376469, BFx, 1.0, 0.0, 0.0,                             BFy, 0.0, 0.9625337592635982, -0.2711618746761481, BFz, 0.0, 0.2711618746761479, 0.9625337592635973
Time, 0.188, Pos_X, -0.09500098779066002, Pos_Y, 0.06541904499104777, Pos_Z, 0.0015476203891504046, BFx, 1.0, 0.0, 0.0,                             BFy, 0.0, 0.9611014340041071, -0.2761956436210504, BFz, 0.0, 0.27619564362105015, 0.9611014340041062
Time, 0.19, Pos_X, -0.09681766395990002, Pos_Y, 0.06655800176310783, Pos_Z, 0.0019286710147814635, BFx, 1.0, 0.0, 0.0,                             BFy, 0.0, 0.9598295630991115, -0.28058369482378287, BFz, 0.0, 0.2805836948237826, 0.9598295630991107
Time, 0.192, Pos_X, -0.09862559779234002, Pos_Y, 0.06767174707032311, Pos_Z, 0.00232047648169647, BFx, 1.0, 0.0, 0.0,                             BFy, 0.0, 0.9587495342938454, -0.2842522304069602, BFz, 0.0, 0.28425223040695985, 0.9587495342938447
Time, 0.194, Pos_X, -0.10042344197598002, Pos_Y, 0.06875917773804668, Pos_Z, 0.002722924505465716, BFx, 1.0, 0.0, 0.0,                             BFy, 0.0, 0.9578885931177584, -0.2871401107036044, BFz, 0.0, 0.28714011070360407, 0.9578885931177578
Time, 0.196, Pos_X, -0.10220983805722002, Pos_Y, 0.06981927372439634, Pos_Z, 0.0031360363646436287, BFx, 1.0, 0.0, 0.0,                             BFy, 0.0, 0.9572682663937649, -0.28920142834272605, BFz, 0.0, 0.2892014283427257, 0.9572682663937642
Time, 0.198, Pos_X, -0.10398342178046002, Pos_Y, 0.07085115275735722, Pos_Z, 0.0035599193305578727, BFx, 1.0, 0.0, 0.0,                             BFy, 0.0, 0.9569026540591357, -0.2904088680715163, BFz, 0.0, 0.290408868071516, 0.9569026540591349
Time, 0.2, Pos_X, -0.10574281268290002, Pos_Y, 0.07185410944324629, Pos_Z, 0.003994747423396324, BFx, 1.0, 0.0, 0.0,                             BFy, 0.0, 0.9567976024414933, -0.2907547900933146, BFz, 0.0, 0.29075479009331445, 0.9567976024414926
Time, 0.202, Pos_X, -0.10748663995854002, Pos_Y, 0.07282765188246515, Pos_Z, 0.0044407874422704606, BFx, 1.0, 0.0, 0.0,                             BFy, 0.0, 0.956950103169723, -0.29025247637781465, BFz, 0.0, 0.2902524763778146, 0.9569501031697223
Time, 0.204, Pos_X, -0.10921357810217999, Pos_Y, 0.07377153207813121, Pos_Z, 0.0048984197364763575, BFx, 1.0, 0.0, 0.0,                             BFy, 0.0, 0.9573475963649092, -0.28893871276505684, BFz, 0.0, 0.2889387127650567, 0.9573475963649086
Time, 0.206, Pos_X, -0.11092233591082, Pos_Y, 0.07468573998246146, Pos_Z, 0.005368125892065334, BFx, 1.0, 0.0, 0.0,                             BFy, 0.0, 0.9579679018086633, -0.28687540693531766, BFz, 0.0, 0.2868754069353175, 0.9579679018086628
Time, 0.208, Pos_X, -0.11261163634586, Pos_Y, 0.07557048977794271, Pos_Z, 0.005850459078018507, BFx, 1.0, 0.0, 0.0,                             BFy, 0.0, 0.9587786223202246, -0.2841541014691306, BFz, 0.0, 0.2841541014691305, 0.9587786223202243
Time, 0.21, Pos_X, -0.1142802169055, Pos_Y, 0.07642623217460978, Pos_Z, 0.006346004703249475, BFx, 1.0, 0.0, 0.0,                             BFy, 0.0, 0.9597367086302809, -0.28090113938450334, BFz, 0.0, 0.28090113938450323, 0.9597367086302806
Time, 0.212, Pos_X, -0.11592685673034, Pos_Y, 0.07725369531030418, Pos_Z, 0.006855327970656156, BFx, 1.0, 0.0, 0.0,                             BFy, 0.0, 0.9607885752664403, -0.27728201102394057, BFz, 0.0, 0.27728201102394046, 0.9607885752664401
Time, 0.214, Pos_X, -0.11755040808018001, Pos_Y, 0.07805392968607862, Pos_Z, 0.0073789111654596696, BFx, 1.0, 0.0, 0.0,                             BFy, 0.0, 0.9618706676452572, -0.27350469598100907, BFz, 0.0, 0.27350469598100896, 0.9618706676452571
Time, 0.216, Pos_X, -0.11914981784502002, Pos_Y, 0.0788283400838252, Pos_Z, 0.00791707911830271, BFx, 1.0, 0.0, 0.0,                             BFy, 0.0, 0.9629107684903613, -0.26982003618207956, BFz, 0.0, 0.26982003618207956, 0.9629107684903611
Time, 0.218, Pos_X, -0.12072414003186002, Pos_Y, 0.07957869712020665, Pos_Z, 0.008469914114060692, BFx, 1.0, 0.0, 0.0,                             BFy, 0.0, 0.9638306739338365, -0.2665153503726261, BFz, 0.0, 0.26651535037262614, 0.9638306739338363
Time, 0.22, Pos_X, -0.12227254763870002, Pos_Y, 0.08030712622527746, Pos_Z, 0.009037173267363773, BFx, 1.0, 0.0, 0.0,                             BFy, 0.0, 0.9645480068374185, -0.2639074506450325, BFz, 0.0, 0.2639074506450325, 0.9645480068374183
Time, 0.222, Pos_X, -0.12379434674554002, Pos_Y, 0.08101607948161325, Pos_Z, 0.00961822520108966, BFx, 1.0, 0.0, 0.0,                             BFy, 0.0, 0.964976359640061, -0.26233685470366636, BFz, 0.0, 0.2623368547036663, 0.9649763596400608
Time, 0.224, Pos_X, -0.12528898960438, Pos_Y, 0.08170830177474905, Pos_Z, 0.010212013535327236, BFx, 1.0, 0.0, 0.0,                             BFy, 0.0, 0.9650262326779173, -0.26215333345861336, BFz, 0.0, 0.26215333345861336, 0.9650262326779172
Time, 0.226, Pos_X, -0.12675609751322, Pos_Y, 0.08238679654266028, Pos_Z, 0.01081704823331575, BFx, 1.0, 0.0, 0.0,                             BFy, 0.0, 0.9646057852448945, -0.2636961870639717, BFz, 0.0, 0.26369618706397163, 0.9646057852448943
Time, 0.228, Pos_X, -0.12819548271706, Pos_Y, 0.08305478404798336, Pos_Z, 0.011431420480509876, BFx, 1.0, 0.0, 0.0,                             BFy, 0.0, 0.9636210737935744, -0.26727219485183074, BFz, 0.0, 0.2672721948518307, 0.9636210737935743
Time, 0.23, Pos_X, -0.1296071539785, Pos_Y, 0.08371565894605758, Pos_Z, 0.012052834166117785, BFx, 1.0, 0.0, 0.0,                             BFy, 0.0, 0.9619779777774489, -0.27312702222813195, BFz, 0.0, 0.27312702222813184, 0.9619779777774488
Time, 0.232, Pos_X, -0.13099131709174, Pos_Y, 0.08437295382353277, Pos_Z, 0.012678653660827975, BFx, 1.0, 0.0, 0.0,                             BFy, 0.0, 0.9595866313600712, -0.28141339149910244, BFz, 0.0, 0.28141339149910227, 0.959586631360071
Time, 0.234, Pos_X, -0.13234837106918002, Pos_Y, 0.085030298477063, Pos_Z, 0.013305972010130201, BFx, 1.0, 0.0, 0.0,                             BFy, 0.0, 0.9563675071316984, -0.2921663760645591, BFz, 0.0, 0.2921663760645589, 0.9563675071316982
Time, 0.236, Pos_X, -0.13367889505162, Pos_Y, 0.08569137322392589, Pos_Z, 0.013931697420323854, BFx, 1.0, 0.0, 0.0,                             BFy, 0.0, 0.952260532440547, -0.30528655122039466, BFz, 0.0, 0.3052865512203945, 0.9522605324405469
Time, 0.238, Pos_X, -0.13498362683306, Pos_Y, 0.08635986101983606, Pos_Z, 0.014552649271100995, BFx, 1.0, 0.0, 0.0,                             BFy, 0.0, 0.9472380583584493, -0.32053090459004335, BFz, 0.0, 0.3205309045900432, 0.9472380583584493
Time, 0.24, Pos_X, -0.1362634344495, Pos_Y, 0.0870393965574533, Pos_Z, 0.015165656675427332, BFx, 1.0, 0.0, 0.0,                             BFy, 0.0, 0.9413193186769699, -0.3375173184971719, BFz, 0.0, 0.3375173184971717, 0.9413193186769699
Time, 0.242, Pos_X, -0.13751928094594001, Pos_Y, 0.08773350613757772, Pos_Z, 0.015767654746838614, BFx, 1.0, 0.0, 0.0,                             BFy, 0.0, 0.9345835911140762, -0.3557436032036467, BFz, 0.0, 0.3557436032036464, 0.9345835911140764
Time, 0.244, Pos_X, -0.13875219123238003, Pos_Y, 0.08844554174683407, Pos_Z, 0.01635577290850931, BFx, 1.0, 0.0, 0.0,                             BFy, 0.0, 0.927178307830101, -0.3746203217783398, BFz, 0.0, 0.37462032177833954, 0.9271783078301011
Time, 0.246, Pos_X, -0.13996321594282002, Pos_Y, 0.08917860995221913, Pos_Z, 0.016927408548714513, BFx, 1.0, 0.0, 0.0,                             BFy, 0.0, 0.9193183438739574, -0.3935146536240303, BFz, 0.0, 0.39351465362403004, 0.9193183438739576
Time, 0.248, Pos_X, -0.14115338673846, Pos_Y, 0.08993549602928984, Pos_Z, 0.017480279518997454, BFx, 1.0, 0.0, 0.0,                             BFy, 0.0, 0.9112741596845704, -0.4118002014219715, BFz, 0.0, 0.41180020142197116, 0.9112741596845706
Time, 0.25, Pos_X, -0.1423236724147, Pos_Y, 0.09071858921474771, Pos_Z, 0.0180124559005773, BFx, 1.0, 0.0, 0.0,                             BFy, 0.0, 0.9033496120194849, -0.4289049760311045, BFz, 0.0, 0.4289049760311043, 0.9033496120194852
Time, 0.252, Pos_X, -0.14347493830894, Pos_Y, 0.09152981177087761, Pos_Z, 0.018522379308801993, BFx, 1.0, 0.0, 0.0,                             BFy, 0.0, 0.8958534649160594, -0.4443496026755135, BFz, 0.0, 0.4443496026755132, 0.8958534649160597
Time, 0.254, Pos_X, -0.14460791113178, Pos_Y, 0.09237056092851591, Pos_Z, 0.019008872955330637, BFx, 1.0, 0.0, 0.0,                             BFy, 0.0, 0.8890689724130175, -0.45777326515695194, BFz, 0.0, 0.45777326515695166, 0.8890689724130177
Time, 0.256, Pos_X, -0.14572314967162, Pos_Y, 0.09324167083028222, Pos_Z, 0.019471144289151494, BFx, 1.0, 0.0, 0.0,                             BFy, 0.0, 0.8832273379403199, -0.46894506023078236, BFz, 0.0, 0.4689450602307821, 0.8832273379403203
Time, 0.258, Pos_X, -0.14682102291446, Pos_Y, 0.0941433956117564, Pos_Z, 0.019908783280520276, BFx, 1.0, 0.0, 0.0,                             BFy, 0.0, 0.8784880801789834, -0.4777642650758216, BFz, 0.0, 0.4777642650758213, 0.8784880801789837
Time, 0.26, Pos_X, -0.1479016969341, Pos_Y, 0.09507541540351731, Pos_Z, 0.02032175740865134, BFx, 1.0, 0.0, 0.0,                             BFy, 0.0, 0.87492883536586, -0.4842515183717398, BFz, 0.0, 0.4842515183717396, 0.8749288353658603
Time, 0.262, Pos_X, -0.14896513126594, Pos_Y, 0.09603686579409869, Pos_Z, 0.02071040402015329, BFx, 1.0, 0.0, 0.0,                             BFy, 0.0, 0.8725478945146155, -0.4885285782614025, BFz, 0.0, 0.4885285782614022, 0.8725478945146156
Time, 0.264, Pos_X, -0.15001108482198, Pos_Y, 0.09702638910883146, Pos_Z, 0.021075418625501243, BFx, 1.0, 0.0, 0.0,                             BFy, 0.0, 0.8712762564563107, -0.49079291451229484, BFz, 0.0, 0.49079291451229456, 0.8712762564563108
Time, 0.266, Pos_X, -0.15103913042882, Pos_Y, 0.09804220403950901, Pos_Z, 0.021417838088650037, BFx, 1.0, 0.0, 0.0,                             BFy, 0.0, 0.8709949875127027, -0.49129190073493173, BFz, 0.0, 0.4912919007349314, 0.8709949875127031
Time, 0.268, Pos_X, -0.15204867928566002, Pos_Y, 0.09908218898416019, Pos_Z, 0.021739018106681156, BFx, 1.0, 0.0, 0.0,                             BFy, 0.0, 0.8715539057090709, -0.4902996934970073, BFz, 0.0, 0.49029969349700697, 0.8715539057090713
Time, 0.27, Pos_X, -0.15303901402130002, Pos_Y, 0.1001439730590231, Pos_Z, 0.0220406045415655, BFx, 1.0, 0.0, 0.0,                             BFy, 0.0, 0.872788909719813, -0.48809785808800177, BFz, 0.0, 0.48809785808800144, 0.8727889097198136
Time, 0.272, Pos_X, -0.15400932817474003, Pos_Y, 0.10122502831014518, Pos_Z, 0.022324498815681586, BFx, 1.0, 0.0, 0.0,                             BFy, 0.0, 0.8745362925422393, -0.48496007364160354, BFz, 0.0, 0.48496007364160315, 0.87453629254224
Time, 0.274, Pos_X, -0.15495877087018003, Pos_Y, 0.10232275795690819, Pos_Z, 0.022592817990935626, BFx, 1.0, 0.0, 0.0,                             BFy, 0.0, 0.8766450769523174, -0.4811376196632935, BFz, 0.0, 0.4811376196632931, 0.876645076952318
Time, 0.276, Pos_X, -0.15588649435982005, Pos_Y, 0.10343457643910936, Pos_Z, 0.022847851273115533, BFx, 1.0, 0.0, 0.0,                             BFy, 0.0, 0.8789866609699241, -0.4768463587330183, BFz, 0.0, 0.47684635873301795, 0.8789866609699246
Time, 0.278, Pos_X, -0.15679169987666006, Pos_Y, 0.10455797640482814, Pos_Z, 0.023092017027553174, BFx, 1.0, 0.0, 0.0,                             BFy, 0.0, 0.8814581007677252, -0.47226223286533264, BFz, 0.0, 0.4722622328653323, 0.8814581007677257
Time, 0.28, Pos_X, -0.15767366731350005, Pos_Y, 0.10569058120854004, Pos_Z, 0.023327816466594795, BFx, 1.0, 0.0, 0.0,                             BFy, 0.0, 0.8839820875872915, -0.4675207683352782, BFz, 0.0, 0.4675207683352778, 0.8839820875872921
Time, 0.282, Pos_X, -0.15853181386554002, Pos_Y, 0.10683020577583317, Pos_Z, 0.023557783627451263, BFx, 1.0, 0.0, 0.0,                             BFy, 0.0, 0.8865052626163017, -0.4627185098454527, BFz, 0.0, 0.4627185098454522, 0.8865052626163025
Time, 0.284, Pos_X, -0.15936575204938003, Pos_Y, 0.10797489538328565, Pos_Z, 0.023784458170094246, BFx, 1.0, 0.0, 0.0,                             BFy, 0.0, 0.8889936594643427, -0.4579195054069993, BFz, 0.0, 0.4579195054069988, 0.8889936594643436
Time, 0.286, Pos_X, -0.16017529663782004, Pos_Y, 0.1091229266348796, Pos_Z, 0.024010360076688508, BFx, 1.0, 0.0, 0.0,                             BFy, 0.0, 0.891427490370548, -0.4531633584168755, BFz, 0.0, 0.45316335841687494, 0.8914274903705488
Time, 0.288, Pos_X, -0.16096048761026005, Pos_Y, 0.1102728211977653, Pos_Z, 0.024237936735105978, BFx, 1.0, 0.0, 0.0,                             BFy, 0.0, 0.8937982829436195, -0.44846920675452445, BFz, 0.0, 0.4484692067545239, 0.8937982829436203
Time, 0.29, Pos_X, -0.16172162600130005, Pos_Y, 0.11142336191993064, Pos_Z, 0.024469521703567778, BFx, 1.0, 0.0, 0.0,                             BFy, 0.0, 0.8961059418755558, -0.4438402200514481, BFz, 0.0, 0.4438402200514475, 0.8961059418755568
Time, 0.292, Pos_X, -0.16245925588494006, Pos_Y, 0.11257357579766629, Pos_Z, 0.024707323097719634, BFx, 1.0, 0.0, 0.0,                             BFy, 0.0, 0.8983550076762987, -0.4392701676450518, BFz, 0.0, 0.43927016764505117, 0.8983550076762997
Time, 0.294, Pos_X, -0.16317412520518007, Pos_Y, 0.11372270224940263, Pos_Z, 0.024953436041371117, BFx, 1.0, 0.0, 0.0,                             BFy, 0.0, 0.9005518192751483, -0.43474868694478536, BFz, 0.0, 0.4347486869447848, 0.9005518192751493
Time, 0.296, Pos_X, -0.16386719484802006, Pos_Y, 0.11487018214677569, Pos_Z, 0.02520986686083695, BFx, 1.0, 0.0, 0.0,                             BFy, 0.0, 0.9027024254794395, -0.4302654192862024, BFz, 0.0, 0.4302654192862018, 0.9027024254794405
Time, 0.298, Pos_X, -0.16453964870286006, Pos_Y, 0.11601566370343995, Pos_Z, 0.025478532597738565, BFx, 1.0, 0.0, 0.0,                             BFy, 0.0, 0.9048114784380522, -0.4258123864881579, BFz, 0.0, 0.42581238648815734, 0.9048114784380532
Time, 0.3, Pos_X, -0.16519286731570007, Pos_Y, 0.1171590159795721, Pos_Z, 0.02576123355591154, BFx, 1.0, 0.0, 0.0,                             BFy, 0.0, 0.9068819415633439, -0.4213847933496104, BFz, 0.0, 0.42138479334960977, 0.9068819415633449
Time, 0.302, Pos_X, -0.16582839999254007, Pos_Y, 0.11830034120127295, Pos_Z, 0.026059637430876133, BFx, 1.0, 0.0, 0.0,                             BFy, 0.0, 0.908915417248005, -0.41698053226605164, BFz, 0.0, 0.416980532266051, 0.9089154172480056
Time, 0.304, Pos_X, -0.16644794311218006, Pos_Y, 0.1194399550811402, Pos_Z, 0.02637529466841699, BFx, 1.0, 0.0, 0.0,                             BFy, 0.0, 0.9109124028817609, -0.41259979917126843, BFz, 0.0, 0.4125997991712677, 0.9109124028817616
Time, 0.306, Pos_X, -0.16705331078182006, Pos_Y, 0.1205783310060895, Pos_Z, 0.026709662015139916, BFx, 1.0, 0.0, 0.0,                             BFy, 0.0, 0.9128719268991529, -0.4082460594781316, BFz, 0.0, 0.4082460594781308, 0.9128719268991535
Time, 0.308, Pos_X, -0.16764640925626006, Pos_Y, 0.1217160451517025, Pos_Z, 0.02706411253433526, BFx, 1.0, 0.0, 0.0,                             BFy, 0.0, 0.9147912582983122, -0.40392691633634054, BFz, 0.0, 0.4039269163363398, 0.914791258298313
Time, 0.31, Pos_X, -0.16822922587130007, Pos_Y, 0.12285375994397348, Pos_Z, 0.02743990788664029, BFx, 1.0, 0.0, 0.0,                             BFy, 0.0, 0.9166661838054782, -0.39965373445958907, BFz, 0.0, 0.3996537344595883, 0.9166661838054787
Time, 0.312, Pos_X, -0.16880378632494006, Pos_Y, 0.12399222159692899, Pos_Z, 0.027838135431869443, BFx, 1.0, 0.0, 0.0,                             BFy, 0.0, 0.9184917631902546, -0.3954401104486646, BFz, 0.0, 0.3954401104486639, 0.918491763190255
Time, 0.314, Pos_X, -0.16937211681618006, Pos_Y, 0.1251322625856413, Pos_Z, 0.0282596686801444, BFx, 1.0, 0.0, 0.0,                             BFy, 0.0, 0.9202628831263084, -0.3913006848192944, BFz, 0.0, 0.39130068481929364, 0.9202628831263091
Time, 0.316, Pos_X, -0.16993625523056005, Pos_Y, 0.1262748248579506, Pos_Z, 0.02870517029259738, BFx, 1.0, 0.0, 0.0,                             BFy, 0.0, 0.9219745925967129, -0.3872503719896472, BFz, 0.0, 0.3872503719896464, 0.9219745925967135
Time, 0.318, Pos_X, -0.17049826025894005, Pos_Y, 0.1274209699601411, Pos_Z, 0.02917510560274188, BFx, 1.0, 0.0, 0.0,                             BFy, 0.0, 0.9236223143551384, -0.3833038226071489, BFz, 0.0, 0.38330382260714807, 0.9236223143551392
