Time, 0, Pos_X, 0.0, Pos_Y, 0.0, Pos_Z, 0.0, BFx, 1.0, 0.0, 0.0,                         BFy, 0.0, 1.0, 0.0, BFz, 0.0, 0.0, 1.0
Time, 0.0, Pos_X, 0.0, Pos_Y, 0.0, Pos_Z, 0.0, BFx, 1.0, 0.0, 0.0,                             BFy, 0.0, 1.0, 0.0, BFz, 0.0, 0.0, 1.0
Time, 0.002, Pos_X, -3.468143e-06, Pos_Y, 6.841592448246856e-06, Pos_Z, -2.5619910550662363e-06, BFx, 1.0, 0.0, 0.0,                             BFy, 0.0, 0.9999868265108802, 0.005132913860419599, BFz, 0.0, -0.005132913860419599, 0.9999868265108802
Time, 0.004, Pos_X, -1.3902500400000001e-05, Pos_Y, 2.7279637339101153e-05, Pos_Z, -1.0416444908974118e-05, BFx, 1.0, 0.0, 0.0,                             BFy, 0.0, 0.9999476500873086, 0.010232159345378274, BFz, 0.0, -0.010232159345378274, 0.9999476500873085
Time, 0.006, Pos_X, -3.13511932e-05, Pos_Y, 6.112287008170698e-05, Pos_Z, -2.3920605978191272e-05, BFx, 1.0, 0.0, 0.0,                             BFy, 0.0, 0.9998831529526673, 0.015286609873761224, BFz, 0.0, -0.015286609873761224, 0.999883152952667
Time, 0.008, Pos_X, -5.5836954e-05, Pos_Y, 0.00010814244026731289, Pos_Z, -4.347486283029748e-05, BFx, 1.0, 0.0, 0.0,                             BFy, 0.0, 0.9997942942663838, 0.020282237361385996, BFz, 0.0, -0.020282237361385996, 0.9997942942663834
Time, 0.01, Pos_X, -8.73535386e-05, Pos_Y, 0.00016806697554732933, Pos_Z, -6.952775494323706e-05, BFx, 1.0, 0.0, 0.0,                             BFy, 0.0, 0.9996823766712215, 0.025202098582805404, BFz, 0.0, -0.025202098582805397, 0.9996823766712213
Time, 0.012, Pos_X, -0.0001258624008, Pos_Y, 0.00024057648831600227, Pos_Z, -0.00010258062325325427, BFx, 1.0, 0.0, 0.0,                             BFy, 0.0, 0.99954913258206, 0.03002551505721004, BFz, 0.0, -0.03002551505721003, 0.9995491325820597
Time, 0.014, Pos_X, -0.0001712897556, Pos_Y, 0.0003252968131536984, Pos_Z, -0.0001431919351652121, BFx, 1.0, 0.0, 0.0,                             BFy, 0.0, 0.9993968118399921, 0.03472769045097188, BFz, 0.0, -0.03472769045097187, 0.9993968118399918
Time, 0.016, Pos_X, -0.00022352404, Pos_Y, 0.0004217947212132377, Pos_Z, -0.0001919819548629048, BFx, 1.0, 0.0, 0.0,                             BFy, 0.0, 0.9992282506249824, 0.03927980591775351, BFz, 0.0, -0.03927980591775349, 0.9992282506249822
Time, 0.018, Pos_X, -0.00028241383599999993, Pos_Y, 0.0005295727340233699, Pos_Z, -0.0002496367903479503, BFx, 1.0, 0.0, 0.0,                             BFy, 0.0, 0.9990469005968079, 0.04364963239147768, BFz, 0.0, -0.04364963239147766, 0.9990469005968078
Time, 0.02, Pos_X, -0.0003477648284, Pos_Y, 0.0006480626202415182, Pos_Z, -0.0003169089711676561, BFx, 1.0, 0.0, 0.0,                             BFy, 0.0, 0.9988567873714773, 0.04780291122861062, BFz, 0.0, -0.047802911228610606, 0.9988567873714772
Time, 0.022, Pos_X, -0.0004193382659999999, Pos_Y, 0.0007766202586923204, Pos_Z, -0.00039461697981642074, BFx, 1.0, 0.0, 0.0,                             BFy, 0.0, 0.9986623685214234, 0.051705644751612746, BFz, 0.0, -0.051705644751612725, 0.9986623685214233
Time, 0.024, Pos_X, -0.0004968534816, Pos_Y, 0.00091452430135676, Pos_Z, -0.0004836449533168251, BFx, 1.0, 0.0, 0.0,                             BFy, 0.0, 0.9984682863736595, 0.055327037748710145, BFz, 0.0, -0.05532703774871011, 0.9984682863736594
Time, 0.026, Pos_X, -0.0005799908657999999, Pos_Y, 0.0010609767227218482, Pos_Z, -0.0005849408658769704, BFx, 1.0, 0.0, 0.0,                             BFy, 0.0, 0.9982790397965696, 0.058642635537961264, BFz, 0.0, -0.05864263553796124, 0.9982790397965695
Time, 0.028, Pos_X, -0.0006683951758, Pos_Y, 0.0012151048181553434, Pos_Z, -0.0006995135648697405, BFx, 1.0, 0.0, 0.0,                             BFy, 0.0, 0.998098824840957, 0.061633885575221446, BFz, 0.0, -0.061633885575221425, 0.9980988248409569
Time, 0.03, Pos_X, -0.0007616796155999999, Pos_Y, 0.0013759637352087296, Pos_Z, -0.0008284270036808762, BFx, 1.0, 0.0, 0.0,                             BFy, 0.0, 0.9979307032048441, 0.06429861274618877, BFz, 0.0, -0.06429861274618877, 0.997930703204844
Time, 0.032, Pos_X, -0.0008594302964, Pos_Y, 0.001542537625643462, Pos_Z, -0.0009727902728133289, BFx, 1.0, 0.0, 0.0,                             BFy, 0.0, 0.9977765075082028, 0.06664863888131725, BFz, 0.0, -0.06664863888131722, 0.9977765075082026
Time, 0.034, Pos_X, -0.0009612095434000001, Pos_Y, 0.0017137387688997547, Pos_Z, -0.001133742742474922, BFx, 1.0, 0.0, 0.0,                             BFy, 0.0, 0.9976366201782901, 0.06871080030997466, BFz, 0.0, -0.06871080030997465, 0.9976366201782899
Time, 0.036, Pos_X, -0.0010665620751999997, Pos_Y, 0.0018884086018840175, Pos_Z, -0.0013124367703216504, BFx, 1.0, 0.0, 0.0,                             BFy, 0.0, 0.9975098807799151, 0.07052685833382145, BFz, 0.0, -0.07052685833382145, 0.9975098807799149
Time, 0.038, Pos_X, -0.0011750274623999997, Pos_Y, 0.0020653248563494834, Pos_Z, -0.0015100219330999728, BFx, 1.0, 0.0, 0.0,                             BFy, 0.0, 0.9973936541787599, 0.07215191337684633, BFz, 0.0, -0.07215191337684632, 0.9973936541787596
Time, 0.04, Pos_X, -0.0012861538469999998, Pos_Y, 0.002243210775853446, Pos_Z, -0.001727627598168115, BFx, 1.0, 0.0, 0.0,                             BFy, 0.0, 0.9972840234990437, 0.07365172417233969, BFz, 0.0, -0.07365172417233966, 0.9972840234990433
Time, 0.042, Pos_X, -0.0013995085841399999, Pos_Y, 0.002420740644580573, Pos_Z, -0.0019663424346597924, BFx, 1.0, 0.0, 0.0,                             BFy, 0.0, 0.9971760527535956, 0.07509939956323052, BFz, 0.0, -0.0750993995632305, 0.9971760527535951
Time, 0.044, Pos_X, -0.0015146869954799995, Pos_Y, 0.0025965423840785583, Pos_Z, -0.002227199235546079, BFx, 1.0, 0.0, 0.0,                             BFy, 0.0, 0.9970640549739704, 0.0765719940896328, BFz, 0.0, -0.07657199408963283, 0.9970640549739699
Time, 0.046, Pos_X, -0.0016313215060799996, Pos_Y, 0.002769199889496323, Pos_Z, -0.0025111611812867253, BFx, 1.0, 0.0, 0.0,                             BFy, 0.0, 0.9969418289813774, 0.07814723045166289, BFz, 0.0, -0.0781472304516629, 0.996941828981377
Time, 0.048, Pos_X, -0.0017490874680399996, Pos_Y, 0.002937256189513128, Pos_Z, -0.0028191004804829314, BFx, 1.0, 0.0, 0.0,                             BFy, 0.0, 0.9968028456921217, 0.07990048072500733, BFz, 0.0, -0.07990048072500731, 0.9968028456921212
Time, 0.05, Pos_X, -0.0018677093464999996, Pos_Y, 0.0030992190253773247, Pos_Z, -0.0031517761804211062, BFx, 1.0, 0.0, 0.0,                             BFy, 0.0, 0.9966404025928425, 0.08190181878063446, BFz, 0.0, -0.08190181878063443, 0.9966404025928419
Time, 0.052, Pos_X, -0.0019869646268399995, Pos_Y, 0.0032535671418768004, Pos_Z, -0.0035098147341970226, BFx, 1.0, 0.0, 0.0,                             BFy, 0.0, 0.9964477267465459, 0.08421358478084048, BFz, 0.0, -0.08421358478084047, 0.9964477267465454
Time, 0.054, Pos_X, -0.0021066823691319996, Pos_Y, 0.0033987563822625937, Pos_Z, -0.0038936989740048196, BFx, 1.0, 0.0, 0.0,                             BFy, 0.0, 0.9962179582908957, 0.08688946759370632, BFz, 0.0, -0.08688946759370628, 0.9962179582908951
Time, 0.056, Pos_X, -0.0022267468316359996, Pos_Y, 0.003533219915622852, Pos_Z, -0.004303770547549304, BFx, 1.0, 0.0, 0.0,                             BFy, 0.0, 0.9959441130166082, 0.08997401706914816, BFz, 0.0, -0.08997401706914812, 0.9959441130166077
Time, 0.058, Pos_X, -0.0023470955410599998, Pos_Y, 0.0036553783118855356, Pos_Z, -0.004740218357311755, BFx, 1.0, 0.0, 0.0,                             BFy, 0.0, 0.9956192470789696, 0.09350034676889482, BFz, 0.0, -0.09350034676889478, 0.9956192470789691
Time, 0.06, Pos_X, -0.002467709070103999, Pos_Y, 0.0037636550847957814, Pos_Z, -0.005203066290986254, BFx, 1.0, 0.0, 0.0,                             BFy, 0.0, 0.9952365298760976, 0.09748974099966352, BFz, 0.0, -0.09748974099966348, 0.995236529876097
Time, 0.062, Pos_X, -0.002588605142327999, Pos_Y, 0.003856483432702712, Pos_Z, -0.005692181019126261, BFx, 1.0, 0.0, 0.0,                             BFy, 0.0, 0.9947894126634714, 0.10195108853103765, BFz, 0.0, -0.10195108853103763, 0.994789412663471
Time, 0.064, Pos_X, -0.0027098410721319993, Pos_Y, 0.003932318708668119, Pos_Z, -0.006207274304827887, BFx, 1.0, 0.0, 0.0,                             BFy, 0.0, 0.9942719239206588, 0.10688003229373347, BFz, 0.0, -0.10688003229373343, 0.9942719239206582
Time, 0.066, Pos_X, -0.0028315143517359995, Pos_Y, 0.003989651094600395, Pos_Z, -0.006747897730987407, BFx, 1.0, 0.0, 0.0,                             BFy, 0.0, 0.99367895227708, 0.11225925263212169, BFz, 0.0, -0.11225925263212165, 0.9936789522770795
Time, 0.068, Pos_X, -0.0029537507455199997, Pos_Y, 0.004027012863842606, Pos_Z, -0.007313451319111369, BFx, 1.0, 0.0, 0.0,                             BFy, 0.0, 0.9930066250052507, 0.11805864091916178, BFz, 0.0, -0.11805864091916174, 0.99300662500525
Time, 0.07, Pos_X, -0.0030766954251239998, Pos_Y, 0.004042987115939981, Pos_Z, -0.007903208302669688, BFx, 1.0, 0.0, 0.0,                             BFy, 0.0, 0.9922527196820315, 0.1242358252824427, BFz, 0.0, -0.12423582528244265, 0.992252719682031
Time, 0.072, Pos_X, -0.003200509261087999, Pos_Y, 0.004036217430055827, Pos_Z, -0.008516336900483736, BFx, 1.0, 0.0, 0.0,                             BFy, 0.0, 0.9914172073846332, 0.13073607345202323, BFz, 0.0, -0.13073607345202318, 0.9914172073846328
Time, 0.074, Pos_X, -0.0033253558676719992, Pos_Y, 0.004005410769225056, Pos_Z, -0.009151924091011157, BFx, 1.0, 0.0, 0.0,                             BFy, 0.0, 0.9905028498229251, 0.13749219793377765, BFz, 0.0, -0.1374921979337776, 0.9905028498229249
Time, 0.076, Pos_X, -0.0034513826905559993, Pos_Y, 0.003949334770828411, Pos_Z, -0.009809010316699465, BFx, 1.0, 0.0, 0.0,                             BFy, 0.0, 0.989515753630794, 0.1444249746978653, BFz, 0.0, -0.14442497469786522, 0.9895157536307938
Time, 0.078, Pos_X, -0.0035787036432799995, Pos_Y, 0.0038668123651851415, Pos_Z, -0.010486626761393005, BFx, 1.0, 0.0, 0.0,                             BFy, 0.0, 0.988465866284956, 0.15144382189290165, BFz, 0.0, -0.15144382189290156, 0.9884658662849558
Time, 0.08, Pos_X, -0.0037073828141839997, Pos_Y, 0.0037567151731356238, Pos_Z, -0.011183833769053696, BFx, 1.0, 0.0, 0.0,                             BFy, 0.0, 0.9873671699647982, 0.1584489560574719, BFz, 0.0, -0.15844895605747178, 0.987367169964798
Time, 0.082, Pos_X, -0.0038374200540279998, Pos_Y, 0.0036179600819305283, Pos_Z, -0.01189975282944135, BFx, 1.0, 0.0, 0.0,                             BFy, 0.0, 0.9862374594339115, 0.1653350344281002, BFz, 0.0, -0.16533503442810013, 0.9862374594339113
Time, 0.084, Pos_X, -0.003968741779212, Pos_Y, 0.003449513366202263, Pos_Z, -0.012633593938411293, BFx, 1.0, 0.0, 0.0,                             BFy, 0.0, 0.985097763760402, 0.17199533666426242, BFz, 0.0, -0.17199533666426228, 0.9850977637604017
Time, 0.086, Pos_X, -0.004101196433235999, Pos_Y, 0.0032504005537571136, Pos_Z, -0.013384681425028779, BFx, 1.0, 0.0, 0.0,                             BFy, 0.0, 0.9839711828845232, 0.17832753924402725, BFz, 0.0, -0.17832753924402708, 0.9839711828845229
Time, 0.088, Pos_X, -0.004234551681019999, Pos_Y, 0.003019718285671178, Pos_Z, -0.014152463541332, BFx, 1.0, 0.0, 0.0,                             BFy, 0.0, 0.9828813009481097, 0.18423992033907605, BFz, 0.0, -0.1842399203390759, 0.9828813009481093
Time, 0.09, Pos_X, -0.004368496324331999, Pos_Y, 0.0027566495106351764, Pos_Z, -0.014936512793601801, BFx, 1.0, 0.0, 0.0,                             BFy, 0.0, 0.981850362826727, 0.18965723033151669, BFz, 0.0, -0.18965723033151655, 0.9818503628267267
Time, 0.092, Pos_X, -0.0045026478434447995, Pos_Y, 0.002460482077438191, Pos_Z, -0.015736527026340884, BFx, 1.0, 0.0, 0.0,                             BFy, 0.0, 0.9808973701060957, 0.1945259605269762, BFz, 0.0, -0.19452596052697607, 0.9808973701060952
Time, 0.094, Pos_X, -0.004636561135670399, Pos_Y, 0.0021306253210210207, Pos_Z, -0.016552327931790834, BFx, 1.0, 0.0, 0.0,                             BFy, 0.0, 0.9800362985864972, 0.1988186446309191, BFz, 0.0, -0.19881864463091897, 0.9800362985864968
Time, 0.096, Pos_X, -0.004769738259035999, Pos_Y, 0.0017666219222928286, Pos_Z, -0.017383858070856205, BFx, 1.0, 0.0, 0.0,                             BFy, 0.0, 0.9792748309047233, 0.20253593645702272, BFz, 0.0, -0.2025359364570226, 0.9792748309047228
Time, 0.098, Pos_X, -0.0049016417045816, Pos_Y, 0.0013681562874388702, Pos_Z, -0.01823117687675562, BFx, 1.0, 0.0, 0.0,                             BFy, 0.0, 0.9786140476254931, 0.2057049969982407, BFz, 0.0, -0.20570499699824057, 0.9786140476254926
Time, 0.1, Pos_X, -0.005031710440967199, Pos_Y, 0.0009350582719704688, Pos_Z, -0.019094452809889584, BFx, 1.0, 0.0, 0.0,                             BFy, 0.0, 0.9780488851515348, 0.20837557019439001, BFz, 0.0, -0.20837557019438985, 0.9780488851515344
Time, 0.102, Pos_X, -0.005159378571192799, Pos_Y, 0.000467302014917874, Pos_Z, -0.019973950286684288, BFx, 1.0, 0.0, 0.0,                             BFy, 0.0, 0.9775693770099, 0.21061365846609612, BFz, 0.0, -0.21061365846609592, 0.9775693770098997
Time, 0.104, Pos_X, -0.005284095271138399, Pos_Y, -3.4998979287340136e-05, Pos_Z, -0.02087001154274263, BFx, 1.0, 0.0, 0.0,                             BFy, 0.0, 0.9771624908304428, 0.21249345052034457, BFz, 0.0, -0.21249345052034438, 0.9771624908304425
Time, 0.106, Pos_X, -0.005405344584883999, Pos_Y, -0.0005716003209173032, Pos_Z, -0.02178303573974278, BFx, 1.0, 0.0, 0.0,                             BFy, 0.0, 0.9768140576612532, 0.21408945970167592, BFz, 0.0, -0.21408945970167573, 0.9768140576612527
Time, 0.108, Pos_X, -0.0055226635216295995, Pos_Y, -0.001142137063819962, Pos_Z, -0.022713456593433975, BFx, 1.0, 0.0, 0.0,                             BFy, 0.0, 0.9765108258374748, 0.2154683434340422, BFz, 0.0, -0.21546834343404203, 0.9765108258374744
Time, 0.11, Pos_X, -0.005635657156775199, Pos_Y, -0.0017461354292443165, Pos_Z, -0.0236617191428331, BFx, 1.0, 0.0, 0.0,                             BFy, 0.0, 0.9762423654891867, 0.21668143396256723, BFz, 0.0, -0.2166814339625671, 0.9762423654891863
Time, 0.112, Pos_X, -0.005744011711520799, Pos_Y, -0.002383026148033723, Pos_Z, -0.024628257270710822, BFx, 1.0, 0.0, 0.0,                             BFy, 0.0, 0.9760023961984287, 0.2177597819041044, BFz, 0.0, -0.21775978190410422, 0.9760023961984281
Time, 0.114, Pos_X, -0.005847503350866399, Pos_Y, -0.0030521610020561177, Pos_Z, -0.02561347207385717, BFx, 1.0, 0.0, 0.0,                             BFy, 0.0, 0.9757894896421596, 0.218711846738789, BFz, 0.0, -0.2187118467387888, 0.9757894896421591
Time, 0.116, Pos_X, -0.005946002267811999, Pos_Y, -0.003752831402034894, Pos_Z, -0.02661770498938111, BFx, 1.0, 0.0, 0.0,                             BFy, 0.0, 0.9756070937484936, 0.21952402744942476, BFz, 0.0, -0.21952402744942454, 0.975607093748493
Time, 0.118, Pos_X, -0.0060394785593575985, Pos_Y, -0.00448428507293971, Pos_Z, -0.027641213062438563, BFx, 1.0, 0.0, 0.0,                             BFy, 0.0, 0.9754627926880174, 0.22016434788878028, BFz, 0.0, -0.22016434788878006, 0.9754627926880166
Time, 0.12, Pos_X, -0.006127997193503198, Pos_Y, -0.005245748523057606, Pos_Z, -0.02868416885457583, BFx, 1.0, 0.0, 0.0,                             BFy, 0.0, 0.9753669380675744, 0.22058861286268328, BFz, 0.0, -0.22058861286268308, 0.9753669380675735
Time, 0.122, Pos_X, -0.006211702733048798, Pos_Y, -0.006036453267575348, Pos_Z, -0.02974666249502079, BFx, 1.0, 0.0, 0.0,                             BFy, 0.0, 0.9753308480669468, 0.2207481297973074, BFz, 0.0, -0.22074812979730718, 0.9753308480669459
Time, 0.124, Pos_X, -0.006290813893594398, Pos_Y, -0.00685565461490195, Pos_Z, -0.030828681420605346, BFx, 1.0, 0.0, 0.0,                             BFy, 0.0, 0.9753647381307468, 0.22059834000086725, BFz, 0.0, -0.22059834000086703, 0.975364738130746
Time, 0.126, Pos_X, -0.0063656139483399985, Pos_Y, -0.007702648397810556, Pos_Z, -0.03193009536332072, BFx, 1.0, 0.0, 0.0,                             BFy, 0.0, 0.9754755731894323, 0.2201077147915245, BFz, 0.0, -0.22010771479152427, 0.9754755731894315
Time, 0.128, Pos_X, -0.006436426834805598, Pos_Y, -0.008576788899401543, Pos_Z, -0.03305065190141991, BFx, 1.0, 0.0, 0.0,                             BFy, 0.0, 0.9756653762432288, 0.2192648480722742, BFz, 0.0, -0.21926484807227395, 0.975665376243228
Time, 0.13, Pos_X, -0.006503595565791199, Pos_Y, -0.009477500059842372, Pos_Z, -0.03418996647639486, BFx, 1.0, 0.0, 0.0,                             BFy, 0.0, 0.9759302139364832, 0.21808305189970434, BFz, 0.0, -0.2180830518997041, 0.9759302139364823
Time, 0.132, Pos_X, -0.006567463385836799, Pos_Y, -0.010404283223805124, Pos_Z, -0.03534751533062229, BFx, 1.0, 0.0, 0.0,                             BFy, 0.0, 0.9762599811861076, 0.21660205247065403, BFz, 0.0, -0.21660205247065378, 0.9762599811861067
Time, 0.134, Pos_X, -0.0066283474183423995, Pos_Y, -0.011356729787764629, Pos_Z, -0.03652263555821025, BFx, 1.0, 0.0, 0.0,                             BFy, 0.0, 0.9766392717721066, 0.21488539464665385, BFz, 0.0, -0.21488539464665363, 0.9766392717721059
Time, 0.136, Pos_X, -0.006686508853728, Pos_Y, -0.012334533279285152, Pos_Z, -0.03771452379443951, BFx, 1.0, 0.0, 0.0,                             BFy, 0.0, 0.9770490576849175, 0.21301441002198393, BFz, 0.0, -0.2130144100219837, 0.9770490576849167
Time, 0.138, Pos_X, -0.0067421325712936, Pos_Y, -0.013337493340378979, Pos_Z, -0.03892224061896531, BFx, 1.0, 0.0, 0.0,                             BFy, 0.0, 0.9774687571063674, 0.2110801480029144, BFz, 0.0, -0.21108014800291416, 0.9774687571063667
Time, 0.14, Pos_X, -0.0067953141458992, Pos_Y, -0.014365512257523597, Pos_Z, -0.04014471207998788, BFx, 1.0, 0.0, 0.0,                             BFy, 0.0, 0.9778785212887847, 0.20917360637054241, BFz, 0.0, -0.2091736063705422, 0.9778785212887843
Time, 0.142, Pos_X, -0.006846046369244799, Pos_Y, -0.01541858930363605, Pos_Z, -0.041380730235830374, BFx, 1.0, 0.0, 0.0,                             BFy, 0.0, 0.9782611513398497, 0.2073767580497648, BFz, 0.0, -0.2073767580497646, 0.9782611513398493
Time, 0.144, Pos_X, -0.006894210885590399, Pos_Y, -0.01649681393692932, Pos_Z, -0.04262896736931427, BFx, 1.0, 0.0, 0.0,                             BFy, 0.0, 0.978603514862171, 0.20575509884181128, BFz, 0.0, -0.20575509884181106, 0.9786035148621706
Time, 0.146, Pos_X, -0.006939571203735999, Pos_Y, -0.01760035814323023, Pos_Z, -0.043887991998802084, BFx, 1.0, 0.0, 0.0,                             BFy, 0.0, 0.9788974003813625, 0.20435234162252566, BFz, 0.0, -0.2043523416225254, 0.9788974003813622
Time, 0.148, Pos_X, -0.006981765381881599, Pos_Y, -0.018729471288523206, Pos_Z, -0.04515628637180736, BFx, 1.0, 0.0, 0.0,                             BFy, 0.0, 0.9791395951753696, 0.20318871317032397, BFz, 0.0, -0.20318871317032372, 0.9791395951753693
Time, 0.15, Pos_X, -0.007020303937627199, Pos_Y, -0.019884475589731655, Pos_Z, -0.046432269672321766, BFx, 1.0, 0.0, 0.0,                             BFy, 0.0, 0.9793314466916415, 0.20226200216762352, BFz, 0.0, -0.20226200216762327, 0.9793314466916411
Time, 0.152, Pos_X, -0.007054576696772799, Pos_Y, -0.021065757785048975, Pos_Z, -0.047714324008918806, BFx, 1.0, 0.0, 0.0,                             BFy, 0.0, 0.9794778207854564, 0.20155197490814303, BFz, 0.0, -0.20155197490814278, 0.979477820785456
Time, 0.154, Pos_X, -0.007083864883518399, Pos_Y, -0.0222737596561551, Pos_Z, -0.04900081908269654, BFx, 1.0, 0.0, 0.0,                             BFy, 0.0, 0.9795859646321212, 0.20102571451373094, BFz, 0.0, -0.20102571451373072, 0.9795859646321209
Time, 0.156, Pos_X, -0.007107354532463999, Pos_Y, -0.023508971845452475, Pos_Z, -0.05029014077220011, BFx, 1.0, 0.0, 0.0,                             BFy, 0.0, 0.9796642987688945, 0.20064361868160546, BFz, 0.0, -0.20064361868160524, 0.9796642987688943
Time, 0.158, Pos_X, -0.0071241547254095984, Pos_Y, -0.024771932151094907, Pos_Z, -0.05158072768166638, BFx, 1.0, 0.0, 0.0,                             BFy, 0.0, 0.9797213757900065, 0.20036473197680346, BFz, 0.0, -0.20036473197680324, 0.9797213757900063
Time, 0.16, Pos_X, -0.007133315244755198, Pos_Y, -0.026063227423603286, Pos_Z, -0.052871106703941684, BFx, 1.0, 0.0, 0.0,                             BFy, 0.0, 0.9797654378975849, 0.20014916113077685, BFz, 0.0, -0.2001491611307766, 0.9797654378975845
Time, 0.162, Pos_X, -0.0071338456607007985, Pos_Y, -0.02738349419354439, Pos_Z, -0.05415992848932269, BFx, 1.0, 0.0, 0.0,                             BFy, 0.0, 0.9798043549974221, 0.1999585605271388, BFz, 0.0, -0.1999585605271386, 0.9798043549974219
Time, 0.164, Pos_X, -0.007124739545846398, Pos_Y, -0.028733415283861627, Pos_Z, -0.05544600110867776, BFx, 1.0, 0.0, 0.0,                             BFy, 0.0, 0.9798455876268076, 0.1997564126837377, BFz, 0.0, -0.19975641268373748, 0.9798455876268075
Time, 0.166, Pos_X, -0.0071049953989919985, Pos_Y, -0.030113715867833207, Pos_Z, -0.056728324396204476, BFx, 1.0, 0.0, 0.0,                             BFy, 0.0, 0.9798964667783259, 0.19950667757083504, BFz, 0.0, -0.19950667757083487, 0.9798964667783259
Time, 0.168, Pos_X, -0.007073638011537598, Pos_Y, -0.03152515708203928, Pos_Z, -0.058006129935477574, BFx, 1.0, 0.0, 0.0,                             BFy, 0.0, 0.9799644961006515, 0.19917225304292724, BFz, 0.0, -0.19917225304292707, 0.9799644961006515
Time, 0.17, Pos_X, -0.007029745115083198, Pos_Y, -0.032968522528487434, Pos_Z, -0.05927891402286628, BFx, 1.0, 0.0, 0.0,                             BFy, 0.0, 0.9800575348882777, 0.19871393586940922, BFz, 0.0, -0.19871393586940905, 0.9800575348882777
Time, 0.172, Pos_X, -0.006972469884428799, Pos_Y, -0.034444603268393305, Pos_Z, -0.06054646086924244, BFx, 1.0, 0.0, 0.0,                             BFy, 0.0, 0.9801840124282015, 0.19808912585033692, BFz, 0.0, -0.19808912585033675, 0.9801840124282015
Time, 0.174, Pos_X, -0.006901051271774399, Pos_Y, -0.03595418763849599, Pos_Z, -0.06180886901743874, BFx, 1.0, 0.0, 0.0,                             BFy, 0.0, 0.9803527840175041, 0.19725217075897544, BFz, 0.0, -0.19725217075897522, 0.9803527840175041
Time, 0.176, Pos_X, -0.006814825655719999, Pos_Y, -0.03749804916012072, Pos_Z, -0.06306657796846186, BFx, 1.0, 0.0, 0.0,                             BFy, 0.0, 0.9805727322126502, 0.19615584834772995, BFz, 0.0, -0.19615584834772973, 0.9805727322126501
Time, 0.178, Pos_X, -0.006713247257065599, Pos_Y, -0.039076927506735706, Pos_Z, -0.06432037329869451, BFx, 1.0, 0.0, 0.0,                             BFy, 0.0, 0.9808522397048111, 0.1947533924378595, BFz, 0.0, -0.19475339243785925, 0.980852239704811
Time, 0.18, Pos_X, -0.006595899986611199, Pos_Y, -0.040691510961193014, Pos_Z, -0.0655713733309604, BFx, 1.0, 0.0, 0.0,                             BFy, 0.0, 0.9811983657973522, 0.19300198692398196, BFz, 0.0, -0.19300198692398174, 0.981198365797352
Time, 0.182, Pos_X, -0.006462501522956798, Pos_Y, -0.04234241973859518, Pos_Z, -0.0668210158782362, BFx, 1.0, 0.0, 0.0,                             BFy, 0.0, 0.981616070074644, 0.19086615983775362, BFz, 0.0, -0.1908661598377534, 0.9816160700746438
Time, 0.184, Pos_X, -0.006312912598702398, Pos_Y, -0.044030183178144625, Pos_Z, -0.06807103617719254, BFx, 1.0, 0.0, 0.0,                             BFy, 0.0, 0.9821076318423599, 0.18832047014860262, BFz, 0.0, -0.18832047014860237, 0.9821076318423597
Time, 0.186, Pos_X, -0.006147144083847998, Pos_Y, -0.045755216262352134, Pos_Z, -0.06932342824366275, BFx, 1.0, 0.0, 0.0,                             BFy, 0.0, 0.9826721492559173, 0.18535222436419596, BFz, 0.0, -0.1853522243641957, 0.9826721492559171
Time, 0.188, Pos_X, -0.005965354332993598, Pos_Y, -0.047517801540004366, Pos_Z, -0.07058040085705401, BFx, 1.0, 0.0, 0.0,                             BFy, 0.0, 0.9833052099814759, 0.18196390857333378, BFz, 0.0, -0.18196390857333355, 0.9833052099814756
Time, 0.19, Pos_X, -0.005767842221339197, Pos_Y, -0.04931807727970033, Pos_Z, -0.07184433076801056, BFx, 1.0, 0.0, 0.0,                             BFy, 0.0, 0.983998857809292, 0.17817476765807208, BFz, 0.0, -0.17817476765807183, 0.9839988578092917
Time, 0.192, Pos_X, -0.005555035593084797, Pos_Y, -0.051156034289392784, Pos_Z, -0.07311771210039589, BFx, 1.0, 0.0, 0.0,                             BFy, 0.0, 0.9847418643555957, 0.17402143714342982, BFz, 0.0, -0.17402143714342955, 0.9847418643555955
Time, 0.194, Pos_X, -0.005327471775030397, Pos_Y, -0.05303152262432381, Pos_Z, -0.07440310733798766, BFx, 1.0, 0.0, 0.0,                             BFy, 0.0, 0.9855203122397351, 0.16955740668839595, BFz, 0.0, -0.16955740668839567, 0.9855203122397349
Time, 0.196, Pos_X, -0.005085772586175996, Pos_Y, -0.05494426602409059, Pos_Z, -0.07570310066011315, BFx, 1.0, 0.0, 0.0,                             BFy, 0.0, 0.9863184410972589, 0.16485124431278103, BFz, 0.0, -0.16485124431278073, 0.9863184410972586
Time, 0.198, Pos_X, -0.004830617124521596, Pos_Y, -0.05689388022206008, Pos_Z, -0.07702025132783345, BFx, 1.0, 0.0, 0.0,                             BFy, 0.0, 0.9871195977270675, 0.15998406102843968, BFz, 0.0, -0.15998406102843937, 0.9871195977270674
Time, 0.2, Pos_X, -0.004562714050267196, Pos_Y, -0.05887989290025517, Pos_Z, -0.07835704647545229, BFx, 1.0, 0.0, 0.0,                             BFy, 0.0, 0.9879073051934167, 0.15504565890562783, BFz, 0.0, -0.15504565890562752, 0.9879073051934166
Time, 0.202, Pos_X, -0.004282774513612795, Pos_Y, -0.06090176438651907, Pos_Z, -0.07971585028924183, BFx, 1.0, 0.0, 0.0,                             BFy, 0.0, 0.9886663813215744, 0.1501292324782288, BFz, 0.0, -0.1501292324782285, 0.9886663813215741
Time, 0.204, Pos_X, -0.003991488081158399, Pos_Y, -0.06295890689457667, Pos_Z, -0.08109885099069804, BFx, 1.0, 0.0, 0.0,                             BFy, 0.0, 0.9893837401943235, 0.14532657925888856, BFz, 0.0, -0.14532657925888826, 0.9893837401943233
Time, 0.206, Pos_X, -0.0036895026335039987, Pos_Y, -0.06505070089792905, Pos_Z, -0.08250801112477933, BFx, 1.0, 0.0, 0.0,                             BFy, 0.0, 0.9900489976448629, 0.1407230694037088, BFz, 0.0, -0.14072306940370852, 0.9900489976448626
Time, 0.208, Pos_X, -0.0033774063498495984, Pos_Y, -0.06717650908656192, Pos_Z, -0.08394502436268755, BFx, 1.0, 0.0, 0.0,                             BFy, 0.0, 0.9906548109060773, 0.13639298232916192, BFz, 0.0, -0.13639298232916164, 0.9906548109060771
Time, 0.21, Pos_X, -0.003055711082595198, Pos_Y, -0.06933568807995283, Pos_Z, -0.08541128050300942, BFx, 1.0, 0.0, 0.0,                             BFy, 0.0, 0.9911969624384489, 0.13239554997352107, BFz, 0.0, -0.13239554997352082, 0.9911969624384486
Time, 0.212, Pos_X, -0.0027248372675407976, Pos_Y, -0.07152759855631106, Pos_Z, -0.08690784096750356, BFx, 1.0, 0.0, 0.0,                             BFy, 0.0, 0.9916741885157347, 0.12877229450335168, BFz, 0.0, -0.12877229450335143, 0.9916741885157345
Time, 0.214, Pos_X, -0.0023851023178863974, Pos_Y, -0.07375161432965606, Pos_Z, -0.0884354267103532, BFx, 1.0, 0.0, 0.0,                             BFy, 0.0, 0.9920877544183785, 0.12554635611238596, BFz, 0.0, -0.12554635611238574, 0.992087754418378
Time, 0.216, Pos_X, -0.002036712992631997, Pos_Y, -0.07600713126067324, Pos_Z, -0.08999441688207571, BFx, 1.0, 0.0, 0.0,                             BFy, 0.0, 0.9924409172729713, 0.12272337072612534, BFz, 0.0, -0.1227233707261251, 0.9924409172729709
Time, 0.218, Pos_X, -0.0016797609573775967, Pos_Y, -0.0782935775996646, Pos_Z, -0.09158485639425346, BFx, 1.0, 0.0, 0.0,                             BFy, 0.0, 0.9927384847709865, 0.12029256358813108, BFz, 0.0, -0.12029256358813085, 0.992738484770986
Time, 0.22, Pos_X, -0.0013142221057231963, Pos_Y, -0.08061042415961299, Pos_Z, -0.0932064717593969, BFx, 1.0, 0.0, 0.0,                             BFy, 0.0, 0.992986331567543, 0.11822920671320082, BFz, 0.0, -0.11822920671320059, 0.9929863315675423
Time, 0.222, Pos_X, -0.0009399579246687959, Pos_Y, -0.08295719288487956, Pos_Z, -0.09485869304310933, BFx, 1.0, 0.0, 0.0,                             BFy, 0.0, 0.9931909569579281, 0.11649773824840645, BFz, 0.0, -0.11649773824840622, 0.9931909569579275
Time, 0.224, Pos_X, -0.0005567201674143954, Pos_Y, -0.08533346184723994, Pos_Z, -0.09654068035186282, BFx, 1.0, 0.0, 0.0,                             BFy, 0.0, 0.9933590355151951, 0.11505575413824677, BFz, 0.0, -0.11505575413824654, 0.9933590355151946
Time, 0.226, Pos_X, -0.000164157975759995, Pos_Y, -0.08773886672192388, Pos_Z, -0.09825135762366008, BFx, 1.0, 0.0, 0.0,                             BFy, 0.0, 0.9934969293304542, 0.11385891010789494, BFz, 0.0, -0.11385891010789471, 0.9934969293304536
Time, 0.228, Pos_X, 0.00023817861569440542, Pos_Y, -0.09017310291905553, Pos_Z, -0.09998944492216849, BFx, 1.0, 0.0, 0.0,                             BFy, 0.0, 0.9936103822865636, 0.11286455693594771, BFz, 0.0, -0.11286455693594748, 0.9936103822865631
Time, 0.23, Pos_X, 0.0006508267067488058, Pos_Y, -0.09263592327030583, Pos_Z, -0.10175347259915889, BFx, 1.0, 0.0, 0.0,                             BFy, 0.0, 0.9937042667669588, 0.1120349508374044, BFz, 0.0, -0.11203495083740415, 0.9937042667669582
Time, 0.232, Pos_X, 0.0010743954440032063, Pos_Y, -0.09512713252169326, Pos_Z, -0.10354180340770637, BFx, 1.0, 0.0, 0.0,                             BFy, 0.0, 0.9937823968062623, 0.1113397853330028, BFz, 0.0, -0.11133978533300255, 0.9937823968062619
Time, 0.234, Pos_X, 0.001509565263457607, Pos_Y, -0.09764658801675904, Pos_Z, -0.10535267774281597, BFx, 1.0, 0.0, 0.0,                             BFy, 0.0, 0.9938474857556279, 0.11075727992875165, BFz, 0.0, -0.1107572799287514, 0.9938474857556274
Time, 0.236, Pos_X, 0.001957083720312001, Pos_Y, -0.10019420211265989, Pos_Z, -0.10718424746080024, BFx, 1.0, 0.0, 0.0,                             BFy, 0.0, 0.9939011153550757, 0.1102749876260933, BFz, 0.0, -0.11027498762609304, 0.9939011153550753
Time, 0.238, Pos_X, 0.0024177509239664014, Pos_Y, -0.10276994277418955, Pos_Z, -0.10903459797043917, BFx, 1.0, 0.0, 0.0,                             BFy, 0.0, 0.9939437494761295, 0.10989004903689607, BFz, 0.0, -0.10989004903689582, 0.9939437494761292
Time, 0.24, Pos_X, 0.002892410489020802, Pos_Y, -0.10537383775876867, Pos_Z, -0.11090177765418419, BFx, 1.0, 0.0, 0.0,                             BFy, 0.0, 0.9939748094450042, 0.10960875051183691, BFz, 0.0, -0.10960875051183666, 0.9939748094450038
Time, 0.242, Pos_X, 0.003381945143075202, Pos_Y, -0.1080059805921827, Pos_Z, -0.11278382243749324, BFx, 1.0, 0.0, 0.0,                             BFy, 0.0, 0.9939927523136947, 0.10944591517203603, BFz, 0.0, -0.1094459151720358, 0.9939927523136943
Time, 0.244, Pos_X, 0.0038872673211296027, Pos_Y, -0.11066653210917969, Pos_Z, -0.11467877298221342, BFx, 1.0, 0.0, 0.0,                             BFy, 0.0, 0.9939951676528466, 0.10942397672716958, BFz, 0.0, -0.10942397672716936, 0.9939951676528462
Time, 0.246, Pos_X, 0.004409306289184003, Pos_Y, -0.11335572092886421, Pos_Z, -0.11658469555868749, BFx, 1.0, 0.0, 0.0,                             BFy, 0.0, 0.9939788714202369, 0.10957190867257328, BFz, 0.0, -0.10957190867257306, 0.9939788714202366
Time, 0.248, Pos_X, 0.004949003269238404, Pos_Y, -0.11607384906503868, Pos_Z, -0.11849969839714738, BFx, 1.0, 0.0, 0.0,                             BFy, 0.0, 0.9939400189447758, 0.10992378605223298, BFz, 0.0, -0.10992378605223276, 0.9939400189447755
Time, 0.25, Pos_X, 0.005507310707292804, Pos_Y, -0.11882129870468099, Pos_Z, -0.1204219515686098, BFx, 1.0, 0.0, 0.0,                             BFy, 0.0, 0.9938742193993338, 0.11051712995442464, BFz, 0.0, -0.11051712995442443, 0.9938742193993334
Time, 0.252, Pos_X, 0.006085187483347204, Pos_Y, -0.12159853497851811, Pos_Z, -0.12234970640817698, BFx, 1.0, 0.0, 0.0,                             BFy, 0.0, 0.9937766393979415, 0.11139116206832689, BFz, 0.0, -0.11139116206832667, 0.993776639397941
Time, 0.254, Pos_X, 0.0066835938314016045, Pos_Y, -0.1244061073786317, Pos_Z, -0.12428130362797472, BFx, 1.0, 0.0, 0.0,                             BFy, 0.0, 0.9936420791752695, 0.11258516106595322, BFz, 0.0, -0.11258516106595297, 0.9936420791752689
Time, 0.256, Pos_X, 0.007303484071456005, Pos_Y, -0.12724465150994824, Pos_Z, -0.1262151833790651, BFx, 1.0, 0.0, 0.0,                             BFy, 0.0, 0.9934650724557627, 0.11413654020718156, BFz, 0.0, -0.11413654020718131, 0.9934650724557621
Time, 0.258, Pos_X, 0.007945796976510405, Pos_Y, -0.13011488951178343, Pos_Z, -0.1281498938685632, BFx, 1.0, 0.0, 0.0,                             BFy, 0.0, 0.9932399753982326, 0.11607907335483685, BFz, 0.0, -0.1160790733548366, 0.9932399753982321
Time, 0.26, Pos_X, 0.008611443798564806, Pos_Y, -0.1330176273174612, Pos_Z, -0.13008409808710514, BFx, 1.0, 0.0, 0.0,                             BFy, 0.0, 0.99296108196423, 0.1184410811518744, BFz, 0.0, -0.11844108115187416, 0.9929610819642297
Time, 0.262, Pos_X, 0.009301295171619206, Pos_Y, -0.13595374872601879, Pos_Z, -0.13201658233943775, BFx, 1.0, 0.0, 0.0,                             BFy, 0.0, 0.992622749526719, 0.12124387457523543, BFz, 0.0, -0.12124387457523518, 0.9926227495267187
Time, 0.264, Pos_X, 0.010016167679073606, Pos_Y, -0.13892420600619226, Pos_Z, -0.13394626408846916, BFx, 1.0, 0.0, 0.0,                             BFy, 0.0, 0.9922195292544588, 0.12450062556493068, BFz, 0.0, -0.12450062556493043, 0.9922195292544584
Time, 0.266, Pos_X, 0.010756810283928006, Pos_Y, -0.14193000688276783, Pos_Z, -0.13587220083084994, BFx, 1.0, 0.0, 0.0,                             BFy, 0.0, 0.9917463336104564, 0.1282154817883389, BFz, 0.0, -0.12821548178833864, 0.9917463336104562
Time, 0.268, Pos_X, 0.011523892095582407, Pos_Y, -0.14497220066307845, Pos_Z, -0.13779360148164863, BFx, 1.0, 0.0, 0.0,                             BFy, 0.0, 0.9911986410861778, 0.13238298194599227, BFz, 0.0, -0.13238298194599205, 0.9911986410861774
Time, 0.27, Pos_X, 0.012317990867436809, Pos_Y, -0.1480518657391858, Pos_Z, -0.1397098359375511, BFx, 1.0, 0.0, 0.0,                             BFy, 0.0, 0.9905727209175439, 0.13698789937075556, BFz, 0.0, -0.1369878993707553, 0.9905727209175436
Time, 0.272, Pos_X, 0.01313958244869121, Pos_Y, -0.15117009954659424, Pos_Z, -0.14162043834612625, BFx, 1.0, 0.0, 0.0,                             BFy, 0.0, 0.9898658674513057, 0.14200550853707322, BFz, 0.0, -0.14200550853707297, 0.9898658674513053
Time, 0.274, Pos_X, 0.01398903269734561, Pos_Y, -0.15432801113256422, Pos_Z, -0.1435251048777242, BFx, 1.0, 0.0, 0.0,                             BFy, 0.0, 0.989076619864368, 0.1474023067583251, BFz, 0.0, -0.14740230675832486, 0.9890766198643677
Time, 0.276, Pos_X, 0.014866590131400011, Pos_Y, -0.15752671416924427, Pos_Z, -0.14542369051534917, BFx, 1.0, 0.0, 0.0,                             BFy, 0.0, 0.9882049634193566, 0.15313703103216783, BFz, 0.0, -0.15313703103216758, 0.9882049634193563
Time, 0.278, Pos_X, 0.01577237845745441, Pos_Y, -0.16076731934258057, Pos_Z, -0.14731620811036203, BFx, 1.0, 0.0, 0.0,                             BFy, 0.0, 0.9872525305911228, 0.15916168144821488, BFz, 0.0, -0.15916168144821466, 0.9872525305911227
Time, 0.28, Pos_X, 0.01670639117750881, Pos_Y, -0.16405092616837771, Pos_Z, -0.1492028284123362, BFx, 1.0, 0.0, 0.0,                             BFy, 0.0, 0.9862227732313508, 0.16542261501941838, BFz, 0.0, -0.16542261501941816, 0.9862227732313505
Time, 0.282, Pos_X, 0.017668489149563184, Pos_Y, -0.1673786143910263, Pos_Z, -0.15108388097271222, BFx, 1.0, 0.0, 0.0,                             BFy, 0.0, 0.9851210313147877, 0.17186201925174918, BFz, 0.0, -0.17186201925174896, 0.9851210313147873
Time, 0.284, Pos_X, 0.018658401087617585, Pos_Y, -0.1707514359984409, Pos_Z, -0.15295985462501602, BFx, 1.0, 0.0, 0.0,                             BFy, 0.0, 0.9839545064209303, 0.17841953170531305, BFz, 0.0, -0.17841953170531286, 0.9839545064209299
Time, 0.286, Pos_X, 0.019675727342271986, Pos_Y, -0.1741704096180812, Pos_Z, -0.15483139668878462, BFx, 1.0, 0.0, 0.0,                             BFy, 0.0, 0.9827321322493834, 0.18503393268419782, BFz, 0.0, -0.18503393268419763, 0.9827321322493829
Time, 0.288, Pos_X, 0.020719946222726385, Pos_Y, -0.1776365169872217, Pos_Z, -0.15669931066623405, BFx, 1.0, 0.0, 0.0,                             BFy, 0.0, 0.9814643855505966, 0.19164461874988803, BFz, 0.0, -0.19164461874988784, 0.9814643855505961
Time, 0.29, Pos_X, 0.021790422841380785, Pos_Y, -0.18115070114894993, Pos_Z, -0.15856455137941067, BFx, 1.0, 0.0, 0.0,                             BFy, 0.0, 0.9801630535317591, 0.19819280635607758, BFz, 0.0, -0.1981928063560774, 0.9801630535317587
Time, 0.292, Pos_X, 0.022886419630235185, Pos_Y, -0.1847138672936389, Pos_Z, -0.1604282178006621, BFx, 1.0, 0.0, 0.0,                             BFy, 0.0, 0.9788409170977573, 0.20462272360425018, BFz, 0.0, -0.20462272360425, 0.9788409170977569
Time, 0.294, Pos_X, 0.024007106674289586, Pos_Y, -0.18832688446473272, Pos_Z, -0.16229154391799053, BFx, 1.0, 0.0, 0.0,                             BFy, 0.0, 0.9775113743174215, 0.21088269981215982, BFz, 0.0, -0.21088269981215968, 0.9775113743174212
Time, 0.296, Pos_X, 0.025151571890343987, Pos_Y, -0.19199058606567954, Pos_Z, -0.16415588871690548, BFx, 1.0, 0.0, 0.0,                             BFy, 0.0, 0.9761880256298261, 0.2169261132665721, BFz, 0.0, -0.21692611326657196, 0.9761880256298257
Time, 0.298, Pos_X, 0.026318832618998388, Pos_Y, -0.19570576994016023, Pos_Z, -0.1660227252154776, BFx, 1.0, 0.0, 0.0,                             BFy, 0.0, 0.9748841957047392, 0.22271238170591895, BFz, 0.0, -0.22271238170591878, 0.9748841957047388
Time, 0.3, Pos_X, 0.027507848873252787, Pos_Y, -0.19947319908289698, Pos_Z, -0.16789362699754234, BFx, 1.0, 0.0, 0.0,                             BFy, 0.0, 0.9736124789460534, 0.22820767042437476, BFz, 0.0, -0.2282076704243746, 0.973612478946053
Time, 0.302, Pos_X, 0.028717537488507187, Pos_Y, -0.20329360210901848, Pos_Z, -0.1697702519522203, BFx, 1.0, 0.0, 0.0,                             BFy, 0.0, 0.9723843694272253, 0.23338517110908458, BFz, 0.0, -0.2333851711090844, 0.9723843694272248
Time, 0.304, Pos_X, 0.02994678721296159, Pos_Y, -0.20716767391788354, Pos_Z, -0.17165432507631204, BFx, 1.0, 0.0, 0.0,                             BFy, 0.0, 0.9712099068323103, 0.2382253489257055, BFz, 0.0, -0.23822534892570535, 0.97120990683231
Time, 0.306, Pos_X, 0.03119447351721599, Pos_Y, -0.21109607608268544, Pos_Z, -0.1735476211498109, BFx, 1.0, 0.0, 0.0,                             BFy, 0.0, 0.9700973361029702, 0.24271620977165914, BFz, 0.0, -0.242716209771659, 0.97009733610297
Time, 0.308, Pos_X, 0.03245947244007039, Pos_Y, -0.21507943597422105, Pos_Z, -0.17545194629038363, BFx, 1.0, 0.0, 0.0,                             BFy, 0.0, 0.9690528353516203, 0.24685340244157927, BFz, 0.0, -0.24685340244157916, 0.9690528353516201
Time, 0.31, Pos_X, 0.033740673850124796, Pos_Y, -0.21911834531271107, Pos_Z, -0.17736911816808593, BFx, 1.0, 0.0, 0.0,                             BFy, 0.0, 0.9680803512291938, 0.25064004780553284, BFz, 0.0, -0.25064004780553273, 0.9680803512291937
Time, 0.312, Pos_X, 0.0350369933999792, Pos_Y, -0.22321335816705562, Pos_Z, -0.1793009469413221, BFx, 1.0, 0.0, 0.0,                             BFy, 0.0, 0.9671814971981544, 0.2540865039263909, BFz, 0.0, -0.2540865039263908, 0.9671814971981542
Time, 0.314, Pos_X, 0.036347382515633596, Pos_Y, -0.22736498853453838, Pos_Z, -0.18124921668119517, BFx, 1.0, 0.0, 0.0,                             BFy, 0.0, 0.9663554398119825, 0.2572103496086221, BFz, 0.0, -0.257210349608622, 0.9663554398119822
Time, 0.316, Pos_X, 0.037670837596488, Pos_Y, -0.2315737074251839, Pos_Z, -0.18321566478892953, BFx, 1.0, 0.0, 0.0,                             BFy, 0.0, 0.9655988343745702, 0.2600363264131979, BFz, 0.0, -0.2600363264131978, 0.9655988343745701
