Time, 0, Pos_X, 0.0, Pos_Y, 0.0, Pos_Z, 0.0, BFx, 1.0, 0.0, 0.0,                         BFy, 0.0, 1.0, 0.0, BFz, 0.0, 0.0, 1.0
Time, 0.0, Pos_X, 0.0, Pos_Y, 0.0, Pos_Z, 0.0, BFx, 1.0, 0.0, 0.0,                             BFy, 0.0, 1.0, 0.0, BFz, 0.0, 0.0, 1.0
Time, 0.002, Pos_X, -2.6469718e-06, Pos_Y, -4.861446360993124e-07, Pos_Z, -1.4569592205625775e-06, BFx, 1.0, 0.0, 0.0,                             BFy, 0.0, 0.9999910751562248, 0.004224879631158237, BFz, 0.0, -0.004224879631158237, 0.9999910751562247
Time, 0.004, Pos_X, -1.0560768600000001e-05, Pos_Y, -1.974143503236833e-06, Pos_Z, -5.806219752267037e-06, BFx, 1.0, 0.0, 0.0,                             BFy, 0.0, 0.999964092960078, 0.008474242770218694, BFz, 0.0, -0.008474242770218693, 0.9999640929600777
Time, 0.006, Pos_X, -2.36835948e-05, Pos_Y, -4.525112208668296e-06, Pos_Z, -1.3002989783831666e-05, BFx, 1.0, 0.0, 0.0,                             BFy, 0.0, 0.9999187180962292, 0.012749792186307793, BFz, 0.0, -0.012749792186307786, 0.9999187180962289
Time, 0.008, Pos_X, -4.19500064e-05, Pos_Y, -8.203949936632826e-06, Pos_Z, -2.2999449147090215e-05, BFx, 1.0, 0.0, 0.0,                             BFy, 0.0, 0.9998545858051723, 0.017053071405702124, BFz, 0.0, -0.017053071405702114, 0.999854585805172
Time, 0.01, Pos_X, -6.52862838e-05, Pos_Y, -1.307944785716101e-05, Pos_Z, -3.5744619089628326e-05, BFx, 1.0, 0.0, 0.0,                             BFy, 0.0, 0.9997713086368588, 0.021385285280845392, BFz, 0.0, -0.021385285280845382, 0.9997713086368587
Time, 0.012, Pos_X, -9.36098004e-05, Pos_Y, -1.922438468075651e-05, Pos_Z, -5.118448399351714e-05, BFx, 1.0, 0.0, 0.0,                             BFy, 0.0, 0.9996684853423322, 0.02574722146888663, BFz, 0.0, -0.025747221468886625, 0.999668485342332
Time, 0.014, Pos_X, -0.0001268283612, Pos_Y, -2.6715758695980204e-05, Pos_Z, -6.926226217727697e-05, BFx, 1.0, 0.0, 0.0,                             BFy, 0.0, 0.9995457157987926, 0.030139044913201418, BFz, 0.0, -0.030139044913201407, 0.9995457157987924
Time, 0.016, Pos_X, -0.0001648394802, Pos_Y, -3.563494616370032e-05, Pos_Z, -8.991830629474688e-05, BFx, 1.0, 0.0, 0.0,                             BFy, 0.0, 0.9994026158475593, 0.0345602580582969, BFz, 0.0, -0.03456025805829689, 0.9994026158475593
Time, 0.018, Pos_X, -0.00020752960659999996, Pos_Y, -4.6067450621184604e-05, Pos_Z, -0.00011309021565395452, BFx, 1.0, 0.0, 0.0,                             BFy, 0.0, 0.9992388339017888, 0.03900965037773703, BFz, 0.0, -0.03900965037773702, 0.9992388339017889
Time, 0.02, Pos_X, -0.00025477372800000004, Pos_Y, -5.810287112223466e-05, Pos_Z, -0.00013871302270939052, BFx, 1.0, 0.0, 0.0,                             BFy, 0.0, 0.9990540639200238, 0.04348536954982722, BFz, 0.0, -0.043485369549827214, 0.9990540639200238
Time, 0.022, Pos_X, -0.0003064350802, Pos_Y, -7.183484356376873e-05, Pos_Z, -0.00016671947909331996, BFx, 1.0, 0.0, 0.0,                             BFy, 0.0, 0.9988480538396093, 0.04798505330647504, BFz, 0.0, -0.04798505330647503, 0.9988480538396094
Time, 0.024, Pos_X, -0.00036236449800000007, Pos_Y, -8.736097866160097e-05, Pos_Z, -0.00019704036614177434, BFx, 1.0, 0.0, 0.0,                             BFy, 0.0, 0.9986206156804189, 0.05250586574909138, BFz, 0.0, -0.05250586574909138, 0.998620615680419
Time, 0.026, Pos_X, -0.00042240006760000006, Pos_Y, -0.00010478233905296667, Pos_Z, -0.0002296048355653929, BFx, 1.0, 0.0, 0.0,                             BFy, 0.0, 0.998371624247206, 0.05704471840579494, BFz, 0.0, -0.057044718405794934, 0.9983716242472062
Time, 0.028, Pos_X, -0.00048636744080000015, Pos_Y, -0.00012420296864573213, Pos_Z, -0.00026434100202366256, BFx, 1.0, 0.0, 0.0,                             BFy, 0.0, 0.9981009543267654, 0.06159939100349008, BFz, 0.0, -0.06159939100349007, 0.9981009543267656
Time, 0.03, Pos_X, -0.0005540795214000001, Pos_Y, -0.00014572957137003862, Pos_Z, -0.00030117640543580733, BFx, 1.0, 0.0, 0.0,                             BFy, 0.0, 0.9978086033521341, 0.06616638932618071, BFz, 0.0, -0.06616638932618073, 0.9978086033521344
Time, 0.032, Pos_X, -0.0006253363524800001, Pos_Y, -0.00016947094425091326, Pos_Z, -0.00034003841578067733, BFx, 1.0, 0.0, 0.0,                             BFy, 0.0, 0.9974945990054449, 0.07074266714626228, BFz, 0.0, -0.0707426671462623, 0.9974945990054452
Time, 0.034, Pos_X, -0.0006999257131200002, Pos_Y, -0.0001955372979475775, Pos_Z, -0.000380854651565171, BFx, 1.0, 0.0, 0.0,                             BFy, 0.0, 0.9971589918110343, 0.07532559359475537, BFz, 0.0, -0.07532559359475541, 0.9971589918110345
Time, 0.036, Pos_X, -0.0007776235568400001, Pos_Y, -0.0002240396115503241, Pos_Z, -0.0004235534965499388, BFx, 1.0, 0.0, 0.0,                             BFy, 0.0, 0.996801837788113, 0.07991305389134508, BFz, 0.0, -0.07991305389134512, 0.9968018377881133
Time, 0.038, Pos_X, -0.0008581945314800001, Pos_Y, -0.0002550889293167935, Pos_Z, -0.0004680647070004028, BFx, 1.0, 0.0, 0.0,                             BFy, 0.0, 0.996423185689519, 0.08450346158797935, BFz, 0.0, -0.08450346158797939, 0.9964231856895194
Time, 0.04, Pos_X, -0.0009413925583200002, Pos_Y, -0.0002887953756123238, Pos_Z, -0.0005143200281652517, BFx, 1.0, 0.0, 0.0,                             BFy, 0.0, 0.9960230629845513, 0.08909577993863423, BFz, 0.0, -0.08909577993863427, 0.9960230629845516
Time, 0.042, Pos_X, -0.0010269617969400004, Pos_Y, -0.00032526734255800026, Pos_Z, -0.0005622538252638702, BFx, 1.0, 0.0, 0.0,                             BFy, 0.0, 0.9956014712807133, 0.09368943581685113, BFz, 0.0, -0.09368943581685117, 0.9956014712807136
Time, 0.044, Pos_X, -0.0011146380132600001, Pos_Y, -0.0003646107340403563, Pos_Z, -0.0006118035742790466, BFx, 1.0, 0.0, 0.0,                             BFy, 0.0, 0.9951583743226151, 0.0982843325030533, BFz, 0.0, -0.09828433250305334, 0.9951583743226156
Time, 0.046, Pos_X, -0.0012041496541200002, Pos_Y, -0.000406928119796221, Pos_Z, -0.0006629104243815898, BFx, 1.0, 0.0, 0.0,                             BFy, 0.0, 0.9946936866880128, 0.102880851780158, BFz, 0.0, -0.10288085178015804, 0.9946936866880132
Time, 0.048, Pos_X, -0.0012952191743800003, Pos_Y, -0.0004523180408788101, Pos_Z, -0.0007155195787788149, BFx, 1.0, 0.0, 0.0,                             BFy, 0.0, 0.9942072813464833, 0.10747968048722621, BFz, 0.0, -0.10747968048722625, 0.9942072813464835
Time, 0.05, Pos_X, -0.0013875645532200004, Pos_Y, -0.0005008742498398078, Pos_Z, -0.0007695806381110516, BFx, 1.0, 0.0, 0.0,                             BFy, 0.0, 0.9936989757318836, 0.11208187020837537, BFz, 0.0, -0.11208187020837541, 0.9936989757318838
Time, 0.052, Pos_X, -0.0014809006595400001, Pos_Y, -0.0005526848169987584, Pos_Z, -0.0008250479351634868, BFx, 1.0, 0.0, 0.0,                             BFy, 0.0, 0.9931685306742312, 0.11668877271781708, BFz, 0.0, -0.1166887727178171, 0.9931685306742314
Time, 0.054, Pos_X, -0.0015749405501000002, Pos_Y, -0.0006078313573062853, Pos_Z, -0.000881880756443171, BFx, 1.0, 0.0, 0.0,                             BFy, 0.0, 0.9926156551906012, 0.12130194174264175, BFz, 0.0, -0.12130194174264176, 0.9926156551906015
Time, 0.056, Pos_X, -0.0016693952585080003, Pos_Y, -0.000666389142112007, Pos_Z, -0.0009400429976282187, BFx, 1.0, 0.0, 0.0,                             BFy, 0.0, 0.9920399983654957, 0.1259231576914613, BFz, 0.0, -0.1259231576914613, 0.9920399983654961
Time, 0.058, Pos_X, -0.0017639755588808005, Pos_Y, -0.0007284261444077494, Pos_Z, -0.0009995034760962285, BFx, 1.0, 0.0, 0.0,                             BFy, 0.0, 0.9914411554113322, 0.1305543387124466, BFz, 0.0, -0.13055433871244654, 0.9914411554113324
Time, 0.06, Pos_X, -0.0018583954089704002, Pos_Y, -0.0007940013365322235, Pos_Z, -0.0010602371216316758, BFx, 1.0, 0.0, 0.0,                             BFy, 0.0, 0.990818656089078, 0.13519759889078925, BFz, 0.0, -0.1351975988907892, 0.9908186560890784
Time, 0.062, Pos_X, -0.0019523734347800003, Pos_Y, -0.0008631640714073565, Pos_Z, -0.0011222252243903727, BFx, 1.0, 0.0, 0.0,                             BFy, 0.0, 0.9901719670507778, 0.13985519535145907, BFz, 0.0, -0.13985519535145907, 0.9901719670507781
Time, 0.064, Pos_X, -0.0020456345491296005, Pos_Y, -0.000935953493852894, Pos_Z, -0.0011854557260610982, BFx, 1.0, 0.0, 0.0,                             BFy, 0.0, 0.9895004764315931, 0.14452960645366605, BFz, 0.0, -0.14452960645366605, 0.9895004764315936
Time, 0.066, Pos_X, -0.0021379110111392004, Pos_Y, -0.001012398153836086, Pos_Z, -0.001249923314289412, BFx, 1.0, 0.0, 0.0,                             BFy, 0.0, 0.9888034916957648, 0.14922350622561154, BFz, 0.0, -0.14922350622561156, 0.9888034916957652
Time, 0.068, Pos_X, -0.0022289434647288003, Pos_Y, -0.0010925155142356528, Pos_Z, -0.0013156294572374814, BFx, 1.0, 0.0, 0.0,                             BFy, 0.0, 0.9880802161850923, 0.15393987912046295, BFz, 0.0, -0.15393987912046295, 0.9880802161850928
Time, 0.07, Pos_X, -0.0023184821525384005, Pos_Y, -0.0011763112459373796, Pos_Z, -0.0013825826969781413, BFx, 1.0, 0.0, 0.0,                             BFy, 0.0, 0.987329750708302, 0.15868195665003723, BFz, 0.0, -0.15868195665003723, 0.9873297507083023
Time, 0.072, Pos_X, -0.002406287503768, Pos_Y, -0.0012637789073870465, Pos_Z, -0.001450798849905025, BFx, 1.0, 0.0, 0.0,                             BFy, 0.0, 0.9865510888158883, 0.1634532017312208, BFz, 0.0, -0.1634532017312208, 0.9865510888158886
Time, 0.074, Pos_X, -0.0024921306389776, Pos_Y, -0.0013548998183756183, Pos_Z, -0.0015203013624888548, BFx, 1.0, 0.0, 0.0,                             BFy, 0.0, 0.9857431203076904, 0.16825724580552223, BFz, 0.0, -0.16825724580552223, 0.985743120307691
Time, 0.076, Pos_X, -0.0025757937127072, Pos_Y, -0.0014496429819287483, Pos_Z, -0.0015911214805417906, BFx, 1.0, 0.0, 0.0,                             BFy, 0.0, 0.984904627790084, 0.1730978745036387, BFz, 0.0, -0.17309787450363873, 0.9849046277900845
Time, 0.078, Pos_X, -0.0026570702859368, Pos_Y, -0.0015479648713020485, Pos_Z, -0.0016632985448961199, BFx, 1.0, 0.0, 0.0,                             BFy, 0.0, 0.984034260305691, 0.17797914075709317, BFz, 0.0, -0.17797914075709317, 0.9840342603056914
Time, 0.08, Pos_X, -0.0027357652061664, Pos_Y, -0.0016498094890011813, Pos_Z, -0.001736880389633627, BFx, 1.0, 0.0, 0.0,                             BFy, 0.0, 0.9831305595582097, 0.18290517451062704, BFz, 0.0, -0.18290517451062702, 0.98313055955821
Time, 0.082, Pos_X, -0.0028116944304960004, Pos_Y, -0.001755108589046275, Pos_Z, -0.0018119235113810517, BFx, 1.0, 0.0, 0.0,                             BFy, 0.0, 0.982191971459112, 0.18788009793819013, BFz, 0.0, -0.18788009793819008, 0.9821919714591124
Time, 0.084, Pos_X, -0.0028846845506256004, Pos_Y, -0.0018637817147820444, Pos_Z, -0.0018884931731653265, BFx, 1.0, 0.0, 0.0,                             BFy, 0.0, 0.9812168407034443, 0.1929080390236563, BFz, 0.0, -0.19290803902365622, 0.9812168407034448
Time, 0.086, Pos_X, -0.0029545724530352, Pos_Y, -0.0019757361873223786, Pos_Z, -0.0019666634641210792, BFx, 1.0, 0.0, 0.0,                             BFy, 0.0, 0.980203422138602, 0.1979930585343198, BFz, 0.0, -0.19799305853431967, 0.9802034221386023
Time, 0.088, Pos_X, -0.0030212051571248, Pos_Y, -0.0020908669577280373, Pos_Z, -0.002046517637618599, BFx, 1.0, 0.0, 0.0,                             BFy, 0.0, 0.9791498673625693, 0.20313920656501577, BFz, 0.0, -0.20313920656501563, 0.9791498673625694
Time, 0.09, Pos_X, -0.0030844386662144, Pos_Y, -0.002209056887931618, Pos_Z, -0.0021281484021592814, BFx, 1.0, 0.0, 0.0,                             BFy, 0.0, 0.9780542622783442, 0.20835033006732984, BFz, 0.0, -0.2083503300673297, 0.9780542622783442
Time, 0.092, Pos_X, -0.003144136830904, Pos_Y, -0.0023301774580951045, Pos_Z, -0.0022116577356319136, BFx, 1.0, 0.0, 0.0,                             BFy, 0.0, 0.9769146524342454, 0.2136299647972614, BFz, 0.0, -0.21362996479726126, 0.9769146524342454
Time, 0.094, Pos_X, -0.0032001703291136, Pos_Y, -0.00245408954495389, Pos_Z, -0.002297156964971637, BFx, 1.0, 0.0, 0.0,                             BFy, 0.0, 0.975729060047836, 0.21898128088530272, BFz, 0.0, -0.21898128088530255, 0.975729060047836
Time, 0.096, Pos_X, -0.0032524157194432, Pos_Y, -0.002580644096301414, Pos_Z, -0.0023847666845989335, BFx, 1.0, 0.0, 0.0,                             BFy, 0.0, 0.9744954967239965, 0.22440705618285034, BFz, 0.0, -0.22440705618285015, 0.9744954967239964
Time, 0.098, Pos_X, -0.0033007548389728, Pos_Y, -0.0027096829419183677, Pos_Z, -0.002474616390741884, BFx, 1.0, 0.0, 0.0,                             BFy, 0.0, 0.9732120110825642, 0.22990950716451983, BFz, 0.0, -0.22990950716451963, 0.9732120110825642
Time, 0.1, Pos_X, -0.0033450741301024, Pos_Y, -0.0028410392957474674, Pos_Z, -0.0025668440524169002, BFx, 1.0, 0.0, 0.0,                             BFy, 0.0, 0.9718767181603782, 0.23549022208536466, BFz, 0.0, -0.2354902220853645, 0.9718767181603784
Time, 0.102, Pos_X, -0.0033852640386319998, Pos_Y, -0.0029745379401091942, Pos_Z, -0.002661595381278055, BFx, 1.0, 0.0, 0.0,                             BFy, 0.0, 0.970487832880064, 0.24115009067333673, BFz, 0.0, -0.24115009067333656, 0.9704878328800639
Time, 0.104, Pos_X, -0.0034212187685616, Pos_Y, -0.003109995569280347, Pos_Z, -0.0027590232631825294, BFx, 1.0, 0.0, 0.0,                             BFy, 0.0, 0.9690437444177158, 0.246889087253557, BFz, 0.0, -0.24688908725355682, 0.9690437444177157
Time, 0.106, Pos_X, -0.0034528365262911998, Pos_Y, -0.0032472211194907136, Pos_Z, -0.0028592869567296217, BFx, 1.0, 0.0, 0.0,                             BFy, 0.0, 0.967543055002341, 0.2527062261139188, BFz, 0.0, -0.25270622611391863, 0.9675430550023408
Time, 0.108, Pos_X, -0.0034800200190208, Pos_Y, -0.003386015802095446, Pos_Z, -0.002962550894246648, BFx, 1.0, 0.0, 0.0,                             BFy, 0.0, 0.9659846142665828, 0.2585995456303878, BFz, 0.0, -0.2585995456303876, 0.9659846142665827
Time, 0.11, Pos_X, -0.0035026768105504, Pos_Y, -0.003526173248853739, Pos_Z, -0.0030689842612339553, BFx, 1.0, 0.0, 0.0,                             BFy, 0.0, 0.9643676115359593, 0.2645658893743319, BFz, 0.0, -0.26456588937433173, 0.9643676115359591
Time, 0.112, Pos_X, -0.0035207205784799998, Pos_Y, -0.00366747976963859, Pos_Z, -0.0031787611735914633, BFx, 1.0, 0.0, 0.0,                             BFy, 0.0, 0.9626915940845298, 0.2706009879490267, BFz, 0.0, -0.2706009879490265, 0.9626915940845295
Time, 0.114, Pos_X, -0.0035340727984096, Pos_Y, -0.0038097145750814764, Pos_Z, -0.003292060849846126, BFx, 1.0, 0.0, 0.0,                             BFy, 0.0, 0.9609565068880669, 0.2766994612742983, BFz, 0.0, -0.27669946127429806, 0.9609565068880667
Time, 0.116, Pos_X, -0.0035426645113391998, Pos_Y, -0.003952649589033651, Pos_Z, -0.0034090679933749648, BFx, 1.0, 0.0, 0.0,                             BFy, 0.0, 0.9591626701878796, 0.28285503728599043, BFz, 0.0, -0.2828550372859902, 0.9591626701878794
Time, 0.118, Pos_X, -0.0035464388762687996, Pos_Y, -0.0040960491854864, Pos_Z, -0.003529973098380683, BFx, 1.0, 0.0, 0.0,                             BFy, 0.0, 0.9573107910539822, 0.28906063262160264, BFz, 0.0, -0.28906063262160236, 0.957310791053982
Time, 0.12, Pos_X, -0.0035453537511983997, Pos_Y, -0.004239669790525751, Pos_Z, -0.003654972631400245, BFx, 1.0, 0.0, 0.0,                             BFy, 0.0, 0.9554019479436971, 0.295308513025601, BFz, 0.0, -0.2953085130256008, 0.9554019479436967
Time, 0.122, Pos_X, -0.003539384534328, Pos_Y, -0.004383258930825367, Pos_Z, -0.003784268782865055, BFx, 1.0, 0.0, 0.0,                             BFy, 0.0, 0.9534375392364779, 0.3015905482184277, BFz, 0.0, -0.30159054821842746, 0.9534375392364776
Time, 0.124, Pos_X, -0.0035285276592576, Pos_Y, -0.004526553664218173, Pos_Z, -0.0039180691833504, BFx, 1.0, 0.0, 0.0,                             BFy, 0.0, 0.9514192438383068, 0.3078983963162956, BFz, 0.0, -0.3078983963162955, 0.9514192438383064
Time, 0.126, Pos_X, -0.0035128046145872, Pos_Y, -0.004669279165851889, Pos_Z, -0.0040565870079808915, BFx, 1.0, 0.0, 0.0,                             BFy, 0.0, 0.9493489286632515, 0.31422382412213584, BFz, 0.0, -0.31422382412213573, 0.9493489286632513
Time, 0.128, Pos_X, -0.0034922661647168, Pos_Y, -0.00481114782817972, Pos_Z, -0.00420004111259469, BFx, 1.0, 0.0, 0.0,                             BFy, 0.0, 0.9472286015982461, 0.32055885000142065, BFz, 0.0, -0.3205588500014206, 0.9472286015982458
Time, 0.13, Pos_X, -0.0034669963076464, Pos_Y, -0.004951858034809858, Pos_Z, -0.004348655243759197, BFx, 1.0, 0.0, 0.0,                             BFy, 0.0, 0.9450603891548961, 0.3268957950943978, BFz, 0.0, -0.3268957950943977, 0.9450603891548959
Time, 0.132, Pos_X, -0.003437116706376, Pos_Y, -0.005091092767639674, Pos_Z, -0.004502657071999809, BFx, 1.0, 0.0, 0.0,                             BFy, 0.0, 0.9428465222580634, 0.33322730300183534, BFz, 0.0, -0.33322730300183523, 0.9428465222580632
Time, 0.134, Pos_X, -0.0034027911473055996, Pos_Y, -0.005228518347259399, Pos_Z, -0.004662279922155134, BFx, 1.0, 0.0, 0.0,                             BFy, 0.0, 0.9405892958248603, 0.3395464277233605, BFz, 0.0, -0.3395464277233604, 0.9405892958248601
Time, 0.136, Pos_X, -0.0033642287544351996, Pos_Y, -0.005363783752714121, Pos_Z, -0.00482776508858057, BFx, 1.0, 0.0, 0.0,                             BFy, 0.0, 0.938291080953305, 0.3458465662739482, BFz, 0.0, -0.34584656627394816, 0.9382910809533047
Time, 0.138, Pos_X, -0.0033216864993647994, Pos_Y, -0.005496518989349245, Pos_Z, -0.0049993618555189715, BFx, 1.0, 0.0, 0.0,                             BFy, 0.0, 0.9359543332360671, 0.3521214081771103, BFz, 0.0, -0.35212140817711024, 0.9359543332360667
Time, 0.14, Pos_X, -0.0032754717624943995, Pos_Y, -0.005626333273593815, Pos_Z, -0.005177327065695636, BFx, 1.0, 0.0, 0.0,                             BFy, 0.0, 0.9335815887436327, 0.3583649217751599, BFz, 0.0, -0.35836492177515983, 0.9335815887436323
Time, 0.142, Pos_X, -0.0032259447192240004, Pos_Y, -0.005752813972653066, Pos_Z, -0.005361926094328326, BFx, 1.0, 0.0, 0.0,                             BFy, 0.0, 0.9311754742315251, 0.3645713046712486, BFz, 0.0, -0.36457130467124854, 0.9311754742315247
Time, 0.144, Pos_X, -0.0031735198228736005, Pos_Y, -0.005875526355113054, Pos_Z, -0.005553435985584485, BFx, 1.0, 0.0, 0.0,                             BFy, 0.0, 0.9287386507487683, 0.3707351057093994, BFz, 0.0, -0.37073510570939927, 0.9287386507487677
Time, 0.146, Pos_X, -0.0031186663438432004, Pos_Y, -0.005994014356106843, Pos_Z, -0.0057521477566089265, BFx, 1.0, 0.0, 0.0,                             BFy, 0.0, 0.9262738249858166, 0.37685116577522587, BFz, 0.0, -0.37685116577522576, 0.9262738249858161
Time, 0.148, Pos_X, -0.0030619080216128004, Pos_Y, -0.006107801564163912, Pos_Z, -0.005958364552034404, BFx, 1.0, 0.0, 0.0,                             BFy, 0.0, 0.9237836621404087, 0.3829148019631226, BFz, 0.0, -0.3829148019631225, 0.9237836621404083
Time, 0.15, Pos_X, -0.0030038221515024, Pos_Y, -0.006216391668260215, Pos_Z, -0.006172398198871031, BFx, 1.0, 0.0, 0.0,                             BFy, 0.0, 0.9212706856138586, 0.38892200224283136, BFz, 0.0, -0.3889220022428313, 0.9212706856138582
Time, 0.152, Pos_X, -0.0029450377131400004, Pos_Y, -0.006319267945688013, Pos_Z, -0.0063945682571597525, BFx, 1.0, 0.0, 0.0,                             BFy, 0.0, 0.9187370802947051, 0.39486982322223935, BFz, 0.0, -0.39486982322223935, 0.9187370802947048
Time, 0.154, Pos_X, -0.0028862323922656005, Pos_Y, -0.006415893880443579, Pos_Z, -0.0066252042347158735, BFx, 1.0, 0.0, 0.0,                             BFy, 0.0, 0.9161845489731263, 0.40075662467751066, BFz, 0.0, -0.4007566246775107, 0.9161845489731258
Time, 0.156, Pos_X, -0.0028281292105912003, Pos_Y, -0.006505714565758042, Pos_Z, -0.006864648160785012, BFx, 1.0, 0.0, 0.0,                             BFy, 0.0, 0.9136141221580892, 0.4065823850012514, BFz, 0.0, -0.40658238500125143, 0.9136141221580887
Time, 0.158, Pos_X, -0.0027714927905568, Pos_Y, -0.006588157788961362, Pos_Z, -0.007113255930008242, BFx, 1.0, 0.0, 0.0,                             BFy, 0.0, 0.9110259693999038, 0.4123489821485765, BFz, 0.0, -0.4123489821485766, 0.9110259693999032
Time, 0.16, Pos_X, -0.0027171246015624, Pos_Y, -0.00666263584625898, Pos_Z, -0.007371397335689559, BFx, 1.0, 0.0, 0.0,                             BFy, 0.0, 0.9084192371441382, 0.41806038987981553, BFz, 0.0, -0.41806038987981564, 0.9084192371441376
Time, 0.162, Pos_X, -0.002665858107508, Pos_Y, -0.006728547371754174, Pos_Z, -0.007639455326880198, BFx, 1.0, 0.0, 0.0,                             BFy, 0.0, 0.9057920274120657, 0.42372255436398565, BFz, 0.0, -0.42372255436398576, 0.9057920274120651
Time, 0.164, Pos_X, -0.0026185527452536, Pos_Y, -0.006785279002403337, Pos_Z, -0.007917824446614121, BFx, 1.0, 0.0, 0.0,                             BFy, 0.0, 0.9031414691195401, 0.4293430874680529, BFz, 0.0, -0.42934308746805305, 0.9031414691195396
Time, 0.166, Pos_X, -0.0025760924973992, Pos_Y, -0.006832205575147014, Pos_Z, -0.008206908978824477, BFx, 1.0, 0.0, 0.0,                             BFy, 0.0, 0.9004639497452729, 0.4349306556327616, BFz, 0.0, -0.4349306556327618, 0.9004639497452726
Time, 0.168, Pos_X, -0.0025393805789448, Pos_Y, -0.006868689573195875, Pos_Z, -0.008507116991353276, BFx, 1.0, 0.0, 0.0,                             BFy, 0.0, 0.8977554179386344, 0.440494278693639, BFz, 0.0, -0.44049427869363916, 0.8977554179386341
Time, 0.17, Pos_X, -0.0025093289268904, Pos_Y, -0.006894082858951231, Pos_Z, -0.008818855870708454, BFx, 1.0, 0.0, 0.0,                             BFy, 0.0, 0.8950118210983026, 0.4460424196130919, BFz, 0.0, -0.44604241961309204, 0.8950118210983022
Time, 0.172, Pos_X, -0.0024868551250360003, Pos_Y, -0.006907730240971005, Pos_Z, -0.00914253613363218, BFx, 1.0, 0.0, 0.0,                             BFy, 0.0, 0.89222962577599, 0.45158199132343463, BFz, 0.0, -0.45158199132343474, 0.8922296257759896
Time, 0.174, Pos_X, -0.0024728782999816003, Pos_Y, -0.0069089712724401875, Pos_Z, -0.009478574153650872, BFx, 1.0, 0.0, 0.0,                             BFy, 0.0, 0.8894064110889734, 0.4571173108883907, BFz, 0.0, -0.45711731088839086, 0.8894064110889731
Time, 0.176, Pos_X, -0.0024683130473272, Pos_Y, -0.006897141198188439, Pos_Z, -0.009827392302784455, BFx, 1.0, 0.0, 0.0,                             BFy, 0.0, 0.8865413907716455, 0.4626492866618065, BFz, 0.0, -0.46264928666180666, 0.8865413907716452
Time, 0.178, Pos_X, -0.0024740653080728, Pos_Y, -0.0068715717391281865, Pos_Z, -0.01018941737591142, BFx, 1.0, 0.0, 0.0,                             BFy, 0.0, 0.8836357267964405, 0.4681750765781194, BFz, 0.0, -0.4681750765781197, 0.8836357267964403
Time, 0.18, Pos_X, -0.0024910293646184, Pos_Y, -0.0068315898590608735, Pos_Z, -0.010565076203067158, BFx, 1.0, 0.0, 0.0,                             BFy, 0.0, 0.8806926534081684, 0.47368813604826654, BFz, 0.0, -0.4736881360482669, 0.8806926534081683
Time, 0.182, Pos_X, -0.0025200856089640004, Pos_Y, -0.006776516489495155, Pos_Z, -0.010954791366435363, BFx, 1.0, 0.0, 0.0,                             BFy, 0.0, 0.8777174390511695, 0.4791785650313019, BFz, 0.0, -0.47917856503130224, 0.8777174390511695
Time, 0.184, Pos_X, -0.0025620984329096006, Pos_Y, -0.00670566624232654, Pos_Z, -0.011358977969484835, BFx, 1.0, 0.0, 0.0,                             BFy, 0.0, 0.8747172034419441, 0.48463369053616745, BFz, 0.0, -0.4846336905361679, 0.874717203441944
Time, 0.186, Pos_X, -0.0026179139594552005, Pos_Y, -0.006618346814982403, Pos_Z, -0.011778040514137897, BFx, 1.0, 0.0, 0.0,                             BFy, 0.0, 0.8717005571423857, 0.4900389154726954, BFz, 0.0, -0.49003891547269585, 0.8717005571423855
Time, 0.188, Pos_X, -0.0026883583124008006, Pos_Y, -0.0065138567698372, Pos_Z, -0.012212369751666442, BFx, 1.0, 0.0, 0.0,                             BFy, 0.0, 0.8686771189681055, 0.49537870662885125, BFz, 0.0, -0.49537870662885164, 0.8686771189681052
Time, 0.19, Pos_X, -0.0027742361805464005, Pos_Y, -0.006391483221546139, Pos_Z, -0.012662341141499889, BFx, 1.0, 0.0, 0.0,                             BFy, 0.0, 0.8656566933794423, 0.5006380820586581, BFz, 0.0, -0.5006380820586586, 0.8656566933794421
Time, 0.192, Pos_X, -0.002876329137492001, Pos_Y, -0.006250500363214046, Pos_Z, -0.01312831369434924, BFx, 1.0, 0.0, 0.0,                             BFy, 0.0, 0.8626484083153529, 0.5058040367879538, BFz, 0.0, -0.5058040367879544, 0.8626484083153526
Time, 0.194, Pos_X, -0.002995394349037601, Pos_Y, -0.006090167650062556, Pos_Z, -0.013610628790973038, BFx, 1.0, 0.0, 0.0,                             BFy, 0.0, 0.8596599001532309, 0.51086676939153, BFz, 0.0, -0.5108667693915305, 0.8596599001532305
Time, 0.196, Pos_X, -0.0031321622105832015, Pos_Y, -0.005909727893043932, Pos_Z, -0.014109609382446138, BFx, 1.0, 0.0, 0.0,                             BFy, 0.0, 0.8566963905574899, 0.5158209906602972, BFz, 0.0, -0.5158209906602977, 0.8566963905574895
Time, 0.198, Pos_X, -0.0032873325627288015, Pos_Y, -0.005708406552947653, Pos_Z, -0.01462555864614292, BFx, 1.0, 0.0, 0.0,                             BFy, 0.0, 0.8537598989206633, 0.520666913674165, BFz, 0.0, -0.5206669136741655, 0.8537598989206628
Time, 0.2, Pos_X, -0.0034615706296744018, Pos_Y, -0.005485412042505355, Pos_Z, -0.015158758904824389, BFx, 1.0, 0.0, 0.0,                             BFy, 0.0, 0.8508487189826205, 0.5254107511325162, BFz, 0.0, -0.5254107511325167, 0.8508487189826202
Time, 0.202, Pos_X, -0.003655501914220002, Pos_Y, -0.005239937367886327, Pos_Z, -0.015709470137081613, BFx, 1.0, 0.0, 0.0,                             BFy, 0.0, 0.8479567954936623, 0.5300653478356425, BFz, 0.0, -0.5300653478356429, 0.8479567954936621
Time, 0.204, Pos_X, -0.003869706516765599, Pos_Y, -0.004971162742210196, Pos_Z, -0.016277926595597562, BFx, 1.0, 0.0, 0.0,                             BFy, 0.0, 0.8450737644615365, 0.5346497289055789, BFz, 0.0, -0.5346497289055794, 0.8450737644615363
Time, 0.206, Pos_X, -0.0041047123301112, Pos_Y, -0.004678259851746408, Pos_Z, -0.016864332648228786, BFx, 1.0, 0.0, 0.0,                             BFy, 0.0, 0.8421853873429064, 0.5391880686236304, BFz, 0.0, -0.5391880686236308, 0.842185387342906
Time, 0.208, Pos_X, -0.004360985749256799, Pos_Y, -0.004360398552609414, Pos_Z, -0.017468857418893823, BFx, 1.0, 0.0, 0.0,                             BFy, 0.0, 0.8392738919254941, 0.5437088690946985, BFz, 0.0, -0.5437088690946988, 0.8392738919254937
Time, 0.21, Pos_X, -0.004638925005402399, Pos_Y, -0.004016752955116229, Pos_Z, -0.0180916268482595, BFx, 1.0, 0.0, 0.0,                             BFy, 0.0, 0.8363185046401556, 0.5482438862371893, BFz, 0.0, -0.5482438862371896, 0.8363185046401551
Time, 0.212, Pos_X, -0.004938849663548, Pos_Y, -0.0036465080909690696, Pos_Z, -0.01873271567072487, BFx, 1.0, 0.0, 0.0,                             BFy, 0.0, 0.8332960775950288, 0.5528269594228754, BFz, 0.0, -0.5528269594228756, 0.8332960775950284
Time, 0.214, Pos_X, -0.005260986873693601, Pos_Y, -0.003248869953179164, Pos_Z, -0.01939213757790611, BFx, 1.0, 0.0, 0.0,                             BFy, 0.0, 0.8301818419641865, 0.5574926988517, BFz, 0.0, -0.5574926988517004, 0.8301818419641862
Time, 0.216, Pos_X, -0.005605458905839201, Pos_Y, -0.0028230791377575623, Pos_Z, -0.020069830761574616, BFx, 1.0, 0.0, 0.0,                             BFy, 0.0, 0.8269502088270382, 0.5622751569480194, BFz, 0.0, -0.5622751569480198, 0.8269502088270378
Time, 0.218, Pos_X, -0.005972267556984802, Pos_Y, -0.0023684253048255827, Pos_Z, -0.020765642949279184, BFx, 1.0, 0.0, 0.0,                             BFy, 0.0, 0.8235758402401588, 0.5672061665503279, BFz, 0.0, -0.5672061665503283, 0.8235758402401586
Time, 0.22, Pos_X, -0.006361281346330403, Pos_Y, -0.00188425793576226, Pos_Z, -0.02147932134191717, BFx, 1.0, 0.0, 0.0,                             BFy, 0.0, 0.8200348842800147, 0.5723135404337946, BFz, 0.0, -0.5723135404337951, 0.8200348842800146
Time, 0.222, Pos_X, -0.006772224850876003, Pos_Y, -0.0013699949566190169, Pos_Z, -0.022210509646991027, BFx, 1.0, 0.0, 0.0,                             BFy, 0.0, 0.816306001682856, 0.5776196946231587, BFz, 0.0, -0.5776196946231592, 0.8163060016828558
Time, 0.224, Pos_X, -0.007204668138021603, Pos_Y, -0.0008251344984116165, Pos_Z, -0.022958749311763463, BFx, 1.0, 0.0, 0.0,                             BFy, 0.0, 0.8123711910783405, 0.5831406759144492, BFz, 0.0, -0.5831406759144497, 0.8123711910783402
Time, 0.226, Pos_X, -0.0076580175757672035, Pos_Y, -0.0002492725199768394, Pos_Z, -0.023723478054593, BFx, 1.0, 0.0, 0.0,                             BFy, 0.0, 0.8082162789879382, 0.5888857668333427, BFz, 0.0, -0.5888857668333433, 0.8082162789879378
Time, 0.228, Pos_X, -0.008131505532512804, Pos_Y, 0.0003578762577721215, Pos_Z, -0.024504019213544777, BFx, 1.0, 0.0, 0.0,                             BFy, 0.0, 0.8038312529761765, 0.5948573919341955, BFz, 0.0, -0.5948573919341962, 0.8038312529761761
Time, 0.23, Pos_X, -0.008624179492858404, Pos_Y, 0.0009964576286977216, Pos_Z, -0.025299562745670617, BFx, 1.0, 0.0, 0.0,                             BFy, 0.0, 0.7992106070155245, 0.6010510840468387, BFz, 0.0, -0.6010510840468394, 0.7992106070155239
Time, 0.232, Pos_X, -0.009134894177004005, Pos_Y, 0.0016664603304411285, Pos_Z, -0.026109144804581933, BFx, 1.0, 0.0, 0.0,                             BFy, 0.0, 0.7943533705669988, 0.6074559429858692, BFz, 0.0, -0.6074559429858698, 0.7943533705669982
Time, 0.234, Pos_X, -0.009662306013349605, Pos_Y, 0.0023677035346465294, Pos_Z, -0.02693163114097772, BFx, 1.0, 0.0, 0.0,                             BFy, 0.0, 0.7892629778366725, 0.6140553328621058, BFz, 0.0, -0.6140553328621063, 0.789262977836672
Time, 0.236, Pos_X, -0.010204869482095199, Pos_Y, 0.003099828053972487, Pos_Z, -0.027765706203317666, BFx, 1.0, 0.0, 0.0,                             BFy, 0.0, 0.783946718423607, 0.6208281104080748, BFz, 0.0, -0.6208281104080755, 0.7839467184236065
Time, 0.238, Pos_X, -0.010760835747240799, Pos_Y, 0.0038622884377135062, Pos_Z, -0.028609867284000796, BFx, 1.0, 0.0, 0.0,                             BFy, 0.0, 0.7784151766843678, 0.6277498010413445, BFz, 0.0, -0.627749801041345, 0.7784151766843672
Time, 0.24, Pos_X, -0.0113282549609864, Pos_Y, 0.004654344480032687, Pos_Z, -0.029462423369750114, BFx, 1.0, 0.0, 0.0,                             BFy, 0.0, 0.7726813484834963, 0.6347940876423855, BFz, 0.0, -0.6347940876423861, 0.7726813484834957
Time, 0.242, Pos_X, -0.011904982047932, Pos_Y, 0.0054750535432129535, Pos_Z, -0.030321496565908875, BFx, 1.0, 0.0, 0.0,                             BFy, 0.0, 0.7667602552750611, 0.6419335720544035, BFz, 0.0, -0.641933572054404, 0.7667602552750604
Time, 0.244, Pos_X, -0.012488687089077601, Pos_Y, 0.006323265966457657, Pos_Z, -0.031185023567058365, BFx, 1.0, 0.0, 0.0,                             BFy, 0.0, 0.7606697823069396, 0.6491390315526527, BFz, 0.0, -0.6491390315526534, 0.7606697823069388
Time, 0.246, Pos_X, -0.013076870954023202, Pos_Y, 0.007197623277466533, Pos_Z, -0.032050761147810636, BFx, 1.0, 0.0, 0.0,                             BFy, 0.0, 0.7544313524987512, 0.6563789563711712, BFz, 0.0, -0.6563789563711717, 0.7544313524987503
Time, 0.248, Pos_X, -0.013666884263728802, Pos_Y, 0.008096558117087493, Pos_Z, -0.032916298230598155, BFx, 1.0, 0.0, 0.0,                             BFy, 0.0, 0.7480700919399104, 0.663619723595537, BFz, 0.0, -0.6636197235955376, 0.7480700919399094
Time, 0.25, Pos_X, -0.014255955430194402, Pos_Y, 0.009018297578609962, Pos_Z, -0.03377907530403402, BFx, 1.0, 0.0, 0.0,                             BFy, 0.0, 0.741614835659242, 0.6708259353439744, BFz, 0.0, -0.6708259353439749, 0.741614835659241
Time, 0.252, Pos_X, -0.014841244090860002, Pos_Y, 0.00996087485162128, Pos_Z, -0.03463640927042072, BFx, 1.0, 0.0, 0.0,                             BFy, 0.0, 0.73509790780927, 0.6779609619546221, BFz, 0.0, -0.6779609619546229, 0.7350979078092691
Time, 0.254, Pos_X, -0.015419844400525603, Pos_Y, 0.010922145194607347, Pos_Z, -0.03548547186512764, BFx, 1.0, 0.0, 0.0,                             BFy, 0.0, 0.728554880931743, 0.6849874345347776, BFz, 0.0, -0.6849874345347784, 0.7285548809317423
Time, 0.256, Pos_X, -0.0159887335567912, Pos_Y, 0.011899780207962583, Pos_Z, -0.03632325918089946, BFx, 1.0, 0.0, 0.0,                             BFy, 0.0, 0.7220248287121173, 0.691867145283862, BFz, 0.0, -0.6918671452838627, 0.7220248287121165
Time, 0.258, Pos_X, -0.0165447839364568, Pos_Y, 0.012891299180697417, Pos_Z, -0.03714663938480762, BFx, 1.0, 0.0, 0.0,                             BFy, 0.0, 0.7155496139711709, 0.6985619156135777, BFz, 0.0, -0.6985619156135785, 0.7155496139711701
Time, 0.26, Pos_X, -0.0170848430129224, Pos_Y, 0.013894141167916353, Pos_Z, -0.03795249165141894, BFx, 1.0, 0.0, 0.0,                             BFy, 0.0, 0.7091726684657049, 0.7050348404874996, BFz, 0.0, -0.7050348404875004, 0.7091726684657043
Time, 0.262, Pos_X, -0.017605830931388, Pos_Y, 0.014905697326209683, Pos_Z, -0.0387378662623477, BFx, 1.0, 0.0, 0.0,                             BFy, 0.0, 0.7029371322495497, 0.7112519863626267, BFz, 0.0, -0.7112519863626275, 0.702937132249549
Time, 0.264, Pos_X, -0.018104770454853602, Pos_Y, 0.015923351756220935, Pos_Z, -0.03950002536477733, BFx, 1.0, 0.0, 0.0,                             BFy, 0.0, 0.6968830904474334, 0.7171847448520067, BFz, 0.0, -0.7171847448520073, 0.6968830904474325
Time, 0.266, Pos_X, -0.018578796020719202, Pos_Y, 0.01694455440465365, Pos_Z, -0.040236386855346896, BFx, 1.0, 0.0, 0.0,                             BFy, 0.0, 0.6910445278131843, 0.7228121890086364, BFz, 0.0, -0.7228121890086371, 0.6910445278131833
Time, 0.268, Pos_X, -0.019025207162784802, Pos_Y, 0.017966821509069697, Pos_Z, -0.0409445369897349, BFx, 1.0, 0.0, 0.0,                             BFy, 0.0, 0.6854460784404264, 0.7281233917068208, BFz, 0.0, -0.7281233917068215, 0.6854460784404254
Time, 0.27, Pos_X, -0.019441500822650403, Pos_Y, 0.01898764458612488, Pos_Z, -0.041622330418471326, BFx, 1.0, 0.0, 0.0,                             BFy, 0.0, 0.6801000143152195, 0.7331193426233151, BFz, 0.0, -0.7331193426233158, 0.6801000143152185
Time, 0.272, Pos_X, -0.019825376019516002, Pos_Y, 0.020004464784611008, Pos_Z, -0.04226796313334887, BFx, 1.0, 0.0, 0.0,                             BFy, 0.0, 0.6750036932059711, 0.7378143493849266, BFz, 0.0, -0.7378143493849272, 0.6750036932059701
Time, 0.274, Pos_X, -0.0201747302463816, Pos_Y, 0.021014752116127185, Pos_Z, -0.04288001095721668, BFx, 1.0, 0.0, 0.0,                             BFy, 0.0, 0.6701379564918193, 0.7422365655698807, BFz, 0.0, -0.7422365655698813, 0.6701379564918183
Time, 0.276, Pos_X, -0.020487650539247202, Pos_Y, 0.02201604294205981, Pos_Z, -0.043457439827741924, BFx, 1.0, 0.0, 0.0,                             BFy, 0.0, 0.6654669094747196, 0.7464273523888099, BFz, 0.0, -0.7464273523888105, 0.6654669094747186
Time, 0.278, Pos_X, -0.0207624098241128, Pos_Y, 0.02300596122712838, Pos_Z, -0.04399956201638524, BFx, 1.0, 0.0, 0.0,                             BFy, 0.0, 0.6609387544330593, 0.7504398462824845, BFz, 0.0, -0.7504398462824853, 0.6609387544330584
Time, 0.28, Pos_X, -0.0209974758009784, Pos_Y, 0.023982315649869346, Pos_Z, -0.04450600088955246, BFx, 1.0, 0.0, 0.0,                             BFy, 0.0, 0.6564886879513648, 0.7543358685571688, BFz, 0.0, -0.7543358685571695, 0.6564886879513638
Time, 0.282, Pos_X, -0.021191529075843995, Pos_Y, 0.024943186598100433, Pos_Z, -0.04497673237393987, BFx, 1.0, 0.0, 0.0,                             BFy, 0.0, 0.6520448771881499, 0.7581803730859125, BFz, 0.0, -0.758180373085913, 0.6520448771881489
Time, 0.284, Pos_X, -0.021343484814709594, Pos_Y, 0.025886950705682303, Pos_Z, -0.0454121853705192, BFx, 1.0, 0.0, 0.0,                             BFy, 0.0, 0.6475359072953596, 0.7620349393322977, BFz, 0.0, -0.7620349393322983, 0.6475359072953586
Time, 0.286, Pos_X, -0.021452496447575194, Pos_Y, 0.026812266905943155, Pos_Z, -0.04581334163535386, BFx, 1.0, 0.0, 0.0,                             BFy, 0.0, 0.6428978325042148, 0.7659519416787096, BFz, 0.0, -0.7659519416787103, 0.6428978325042138
Time, 0.288, Pos_X, -0.021517941228440793, Pos_Y, 0.027718048200900607, Pos_Z, -0.046181788007809754, BFx, 1.0, 0.0, 0.0,                             BFy, 0.0, 0.6380855175493237, 0.7699655007166326, BFz, 0.0, -0.7699655007166333, 0.6380855175493225
Time, 0.29, Pos_X, -0.021539410365306395, Pos_Y, 0.02860345223037403, Pos_Z, -0.04651970838886341, BFx, 1.0, 0.0, 0.0,                             BFy, 0.0, 0.6330890503254183, 0.7740789716547424, BFz, 0.0, -0.774078971654743, 0.6330890503254171
Time, 0.292, Pos_X, -0.021516720812171996, Pos_Y, 0.029467890396928244, Pos_Z, -0.04682985014310005, BFx, 1.0, 0.0, 0.0,                             BFy, 0.0, 0.6279441843905648, 0.7782583769482163, BFz, 0.0, -0.7782583769482171, 0.6279441843905637
Time, 0.294, Pos_X, -0.021449938043037596, Pos_Y, 0.030311018920693482, Pos_Z, -0.047115499683514375, BFx, 1.0, 0.0, 0.0,                             BFy, 0.0, 0.622736031865569, 0.7824319999950977, BFz, 0.0, -0.7824319999950986, 0.6227360318655679
Time, 0.296, Pos_X, -0.021339387607903198, Pos_Y, 0.031132694599438827, Pos_Z, -0.047380462179579974, BFx, 1.0, 0.0, 0.0,                             BFy, 0.0, 0.6175934992811841, 0.7864974695735679, BFz, 0.0, -0.7864974695735688, 0.617593499281183
Time, 0.298, Pos_X, -0.021185654688768797, Pos_Y, 0.03193291626891688, Pos_Z, -0.04762902461445737, BFx, 1.0, 0.0, 0.0,                             BFy, 0.0, 0.6126909898033249, 0.7903225613721431, BFz, 0.0, -0.7903225613721439, 0.6126909898033239
Time, 0.3, Pos_X, -0.020989581998634398, Pos_Y, 0.03271177824017738, Pos_Z, -0.04786589898011339, BFx, 1.0, 0.0, 0.0,                             BFy, 0.0, 0.6082472564158842, 0.7937476142090459, BFz, 0.0, -0.7937476142090467, 0.6082472564158831
Time, 0.302, Pos_X, -0.020752261997499997, Pos_Y, 0.033469438366760924, Pos_Z, -0.04809615384328249, BFx, 1.0, 0.0, 0.0,                             BFy, 0.0, 0.6045119993999865, 0.7965960347512618, BFz, 0.0, -0.7965960347512627, 0.6045119993999853
Time, 0.304, Pos_X, -0.020475010766365598, Pos_Y, 0.03420609003171017, Pos_Z, -0.048325136431896364, BFx, 1.0, 0.0, 0.0,                             BFy, 0.0, 0.6017642489045579, 0.7986737686567249, BFz, 0.0, -0.7986737686567259, 0.6017642489045568
Time, 0.306, Pos_X, -0.020159321857231197, Pos_Y, 0.034921931832402005, Pos_Z, -0.04855838528714239, BFx, 1.0, 0.0, 0.0,                             BFy, 0.0, 0.6002844299831093, 0.7997865984872817, BFz, 0.0, -0.7997865984872825, 0.6002844299831082
Time, 0.308, Pos_X, -0.019806807680096798, Pos_Y, 0.035617143592709545, Pos_Z, -0.04880152691092574, BFx, 1.0, 0.0, 0.0,                             BFy, 0.0, 0.6003007856809942, 0.7997743223627426, BFz, 0.0, -0.7997743223627434, 0.6003007856809931
Time, 0.31, Pos_X, -0.0194191374109624, Pos_Y, 0.03629187942452916, Pos_Z, -0.04906015046825523, BFx, 1.0, 0.0, 0.0,                             BFy, 0.0, 0.6019476510644128, 0.7985355504785239, BFz, 0.0, -0.7985355504785246, 0.6019476510644117
Time, 0.312, Pos_X, -0.018997977791827998, Pos_Y, 0.03694627332201301, Pos_Z, -0.049339669416039775, BFx, 1.0, 0.0, 0.0,                             BFy, 0.0, 0.6052375344100964, 0.7960449277152581, BFz, 0.0, -0.7960449277152589, 0.6052375344100953
Time, 0.314, Pos_X, -0.018544937174693597, Pos_Y, 0.0375804454542192, Pos_Z, -0.04964518294822481, BFx, 1.0, 0.0, 0.0,                             BFy, 0.0, 0.6100453697531316, 0.7923664851839508, BFz, 0.0, -0.7923664851839516, 0.6100453697531307
Time, 0.316, Pos_X, -0.0180615119727592, Pos_Y, 0.03819450131386067, Pos_Z, -0.04998134696935322, BFx, 1.0, 0.0, 0.0,                             BFy, 0.0, 0.616110201660763, 0.7876599643307617, BFz, 0.0, -0.7876599643307627, 0.6161102016607624
