Time, 0, Pos_X, 0.0, Pos_Y, 0.0, Pos_Z, 0.0, BFx, 1.0, 0.0, 0.0,                         BFy, 0.0, 1.0, 0.0, BFz, 0.0, 0.0, 1.0
Time, 0.0, Pos_X, 0.0, Pos_Y, 0.0, Pos_Z, 0.0, BFx, 1.0, 0.0, 0.0,                             BFy, 0.0, 1.0, 0.0, BFz, 0.0, 0.0, 1.0
Time, 0.002, Pos_X, 2.0614038e-07, Pos_Y, -1.5167385344852553e-08, Pos_Z, 3.4758349286862356e-07, BFx, 1.0, 0.0, 0.0,                             BFy, 0.0, 0.9999989879366326, -0.0014227177200396436, BFz, 0.0, 0.0014227177200396436, 0.9999989879366326
Time, 0.004, Pos_X, 8.611380480000001e-07, Pos_Y, -7.39759460360217e-08, Pos_Z, 1.372183143644979e-06, BFx, 1.0, 0.0, 0.0,                             BFy, 0.0, 0.9999959941716856, -0.00283048416051608, BFz, 0.0, 0.0028304841605160803, 0.9999959941716855
Time, 0.006, Pos_X, 2.039728964e-06, Pos_Y, -2.0319295631292487e-07, Pos_Z, 3.0383598624533586e-06, BFx, 1.0, 0.0, 0.0,                             BFy, 0.0, 0.9999910882623101, -0.004221776398834011, BFz, 0.0, 0.004221776398834012, 0.99999108826231
Time, 0.008, Pos_X, 3.81968352e-06, Pos_Y, -4.299785201252402e-07, Pos_Z, 5.312361937331719e-06, BFx, 1.0, 0.0, 0.0,                             BFy, 0.0, 0.9999843475204161, -0.005595061587621471, BFz, 0.0, 0.005595061587621472, 0.9999843475204159
Time, 0.01, Pos_X, 6.281648876000001e-06, Pos_Y, -7.818673504742355e-07, Pos_Z, 8.162470948984059e-06, BFx, 1.0, 0.0, 0.0,                             BFy, 0.0, 0.9999758570131254, -0.006948769018113553, BFz, 0.0, 0.006948769018113554, 0.9999758570131251
Time, 0.012, Pos_X, 9.508781132000001e-06, Pos_Y, -1.2864159395690882e-06, Pos_Z, 1.155961891496818e-05, BFx, 1.0, 0.0, 0.0,                             BFy, 0.0, 0.9999657087184608, -0.008281387998899112, BFz, 0.0, 0.00828138799889911, 0.9999657087184604
Time, 0.014, Pos_X, 1.3586447688000002e-05, Pos_Y, -1.970728362943343e-06, Pos_Z, 1.5478117576616476e-05, BFx, 1.0, 0.0, 0.0,                             BFy, 0.0, 0.9999540016727049, -0.009591378354840507, BFz, 0.0, 0.009591378354840504, 0.9999540016727045
Time, 0.016, Pos_X, 1.8601689984000003e-05, Pos_Y, -2.8607490898457676e-06, Pos_Z, 1.9896523249527474e-05, BFx, 1.0, 0.0, 0.0,                             BFy, 0.0, 0.9999408409010707, -0.01087725599870288, BFz, 0.0, 0.010877255998702874, 0.9999408409010704
Time, 0.018, Pos_X, 2.464262556e-05, Pos_Y, -3.98083618306592e-06, Pos_Z, 2.479819316166412e-05, BFx, 1.0, 0.0, 0.0,                             BFy, 0.0, 0.9999263358405075, -0.012137664214273687, BFz, 0.0, 0.012137664214273683, 0.999926335840507
Time, 0.02, Pos_X, 3.1797917176000005e-05, Pos_Y, -5.3535066524385035e-06, Pos_Z, 3.0172052341700454e-05, BFx, 1.0, 0.0, 0.0,                             BFy, 0.0, 0.9999105984553517, -0.013371428370299577, BFz, 0.0, 0.013371428370299572, 0.9999105984553512
Time, 0.022, Pos_X, 4.0156202192e-05, Pos_Y, -6.999184263424243e-06, Pos_Z, 3.601339028399957e-05, BFx, 1.0, 0.0, 0.0,                             BFy, 0.0, 0.9998937399671599, -0.014577680696442568, BFz, 0.0, 0.014577680696442566, 0.9998937399671595
Time, 0.024, Pos_X, 4.9805628148000006e-05, Pos_Y, -8.935749261082248e-06, Pos_Z, 4.232434353128905e-05, BFx, 1.0, 0.0, 0.0,                             BFy, 0.0, 0.9998758688410634, -0.01575585317685669, BFz, 0.0, 0.015755853176856686, 0.9998758688410629
Time, 0.026, Pos_X, 6.0833374443999995e-05, Pos_Y, -1.1178122853571922e-05, Pos_Z, 4.911411371875953e-05, BFx, 1.0, 0.0, 0.0,                             BFy, 0.0, 0.9998570868369695, -0.016905794920417064, BFz, 0.0, 0.016905794920417057, 0.9998570868369691
Time, 0.028, Pos_X, 7.332510004e-05, Pos_Y, -1.3737886516879782e-05, Pos_Z, 5.639892229606516e-05, BFx, 1.0, 0.0, 0.0,                             BFy, 0.0, 0.9998374956553172, -0.018027264953561963, BFz, 0.0, 0.018027264953561956, 0.9998374956553168
Time, 0.03, Pos_X, 8.736416805599998e-05, Pos_Y, -1.662247057614529e-05, Pos_Z, 6.420179177686261e-05, BFx, 1.0, 0.0, 0.0,                             BFy, 0.0, 0.9998171642768924, -0.019121663560369807, BFz, 0.0, 0.0191216635603698, 0.9998171642768919
Time, 0.032, Pos_X, 0.000103030810032, Pos_Y, -1.9834311954894144e-05, Pos_Z, 7.255212023571278e-05, BFx, 1.0, 0.0, 0.0,                             BFy, 0.0, 0.9997961425731373, -0.020190921125035885, BFz, 0.0, 0.020190921125035878, 0.999796142573137
Time, 0.034, Pos_X, 0.00012040132820800002, Pos_Y, -2.3370026941416486e-05, Pos_Z, 8.148519280439174e-05, BFx, 1.0, 0.0, 0.0,                             BFy, 0.0, 0.9997744569108998, -0.021237591871914194, BFz, 0.0, 0.021237591871914187, 0.9997744569108994
Time, 0.036, Pos_X, 0.00013954766054399996, Pos_Y, -2.7219708121975633e-05, Pos_Z, 9.104142184825732e-05, BFx, 1.0, 0.0, 0.0,                             BFy, 0.0, 0.9997521076810274, -0.022264841956454187, BFz, 0.0, 0.022264841956454177, 0.9997521076810268
Time, 0.038, Pos_X, 0.00016053686439999998, Pos_Y, -3.1366102305647505e-05, Pos_Z, 0.00010126535175683214, BFx, 1.0, 0.0, 0.0,                             BFy, 0.0, 0.9997290678322863, -0.02327640288339874, BFz, 0.0, 0.02327640288339873, 0.9997290678322858
Time, 0.04, Pos_X, 0.000183431109896, Pos_Y, -3.578394275167709e-05, Pos_Z, 0.00011220426585862584, BFx, 1.0, 0.0, 0.0,                             BFy, 0.0, 0.9997052808303931, -0.02427656235604535, BFz, 0.0, 0.02427656235604534, 0.9997052808303927
Time, 0.042, Pos_X, 0.00020828774665200003, Pos_Y, -4.043957254176897e-05, Pos_Z, 0.00012390621269315285, BFx, 1.0, 0.0, 0.0,                             BFy, 0.0, 0.9996806646508519, -0.02526991735707207, BFz, 0.0, 0.025269917357072055, 0.9996806646508516
Time, 0.044, Pos_X, 0.00023515937700799996, Pos_Y, -4.529064687496872e-05, Pos_Z, 0.00013641754482528092, BFx, 1.0, 0.0, 0.0,                             BFy, 0.0, 0.9996551135801819, -0.026261262212545117, BFz, 0.0, 0.0262612622125451, 0.9996551135801814
Time, 0.046, Pos_X, 0.000264094771624, Pos_Y, -5.0285926611215055e-05, Pos_Z, 0.00014978005629236654, BFx, 1.0, 0.0, 0.0,                             BFy, 0.0, 0.9996285027172188, -0.027255394976658714, BFz, 0.0, 0.027255394976658697, 0.9996285027172184
Time, 0.048, Pos_X, 0.00029513968964, Pos_Y, -5.53649096605944e-05, Pos_Z, 0.0001640277361521074, BFx, 1.0, 0.0, 0.0,                             BFy, 0.0, 0.999600691839789, -0.028256979198372816, BFz, 0.0, 0.0282569791983728, 0.9996006918397886
Time, 0.05, Pos_X, 0.000328338001336, Pos_Y, -6.045757282602818e-05, Pos_Z, 0.0001791834291958458, BFx, 1.0, 0.0, 0.0,                             BFy, 0.0, 0.9995715328970348, -0.029270302729455827, BFz, 0.0, 0.029270302729455813, 0.9995715328970344
Time, 0.052, Pos_X, 0.0003637334185119999, Pos_Y, -6.548455046428331e-05, Pos_Z, 0.0001952558223766901, BFx, 1.0, 0.0, 0.0,                             BFy, 0.0, 0.9995408762465207, -0.030299120652913094, BFz, 0.0, 0.030299120652913084, 0.9995408762465201
Time, 0.054, Pos_X, 0.0004013711160079999, Pos_Y, -7.035707497670046e-05, Pos_Z, 0.000212236316199506, BFx, 1.0, 0.0, 0.0,                             BFy, 0.0, 0.9995085737944472, -0.031346625199401026, BFz, 0.0, 0.03134662519940102, 0.9995085737944467
Time, 0.056, Pos_X, 0.0004413005305639999, Pos_Y, -7.497651698189412e-05, Pos_Z, 0.00023009481905778448, BFx, 1.0, 0.0, 0.0,                             BFy, 0.0, 0.9994744833110892, -0.0324153853907863, BFz, 0.0, 0.03241538539078628, 0.9994744833110887
Time, 0.058, Pos_X, 0.00048357657677999995, Pos_Y, -7.923409987874138e-05, Pos_Z, 0.0002487773565274435, BFx, 1.0, 0.0, 0.0,                             BFy, 0.0, 0.999438475615152, -0.033507215044869205, BFz, 0.0, 0.03350721504486919, 0.9994384756151514
Time, 0.06, Pos_X, 0.0005282595883759998, Pos_Y, -8.301087577548723e-05, Pos_Z, 0.0002682047341405602, BFx, 1.0, 0.0, 0.0,                             BFy, 0.0, 0.9994004404111605, -0.03462310942102014, BFz, 0.0, 0.03462310942102013, 0.9994004404111599
Time, 0.062, Pos_X, 0.0005754168810319999, Pos_Y, -8.61781414197952e-05, Pos_Z, 0.00028827019237059117, BFx, 1.0, 0.0, 0.0,                             BFy, 0.0, 0.9993602927739471, -0.03576318255933487, BFz, 0.0, 0.035763182559334854, 0.9993602927739464
Time, 0.064, Pos_X, 0.000625124789888, Pos_Y, -8.859776664378152e-05, Pos_Z, 0.00030883761202216023, BFx, 1.0, 0.0, 0.0,                             BFy, 0.0, 0.9993179811962702, -0.03692658199471956, BFz, 0.0, 0.03692658199471954, 0.9993179811962695
Time, 0.066, Pos_X, 0.000677470322944, Pos_Y, -9.012246016609714e-05, Pos_Z, 0.0003297402414481136, BFx, 1.0, 0.0, 0.0,                             BFy, 0.0, 0.9992734952354694, -0.03811143817661628, BFz, 0.0, 0.03811143817661627, 0.9992734952354686
Time, 0.068, Pos_X, 0.0007325519326000001, Pos_Y, -9.059619288448139e-05, Pos_Z, 0.00035078026063331037, BFx, 1.0, 0.0, 0.0,                             BFy, 0.0, 0.9992268710948374, -0.03931488372134293, BFz, 0.0, 0.03931488372134291, 0.9992268710948365
Time, 0.07, Pos_X, 0.0007904802437760001, Pos_Y, -8.985435857671353e-05, Pos_Z, 0.00037172879446184157, BFx, 1.0, 0.0, 0.0,                             BFy, 0.0, 0.999178198109885, -0.040533053448823776, BFz, 0.0, 0.040533053448823755, 0.9991781981098841
Time, 0.072, Pos_X, 0.0008513785908719997, Pos_Y, -8.772442461775486e-05, Pos_Z, 0.00039232699199719123, BFx, 1.0, 0.0, 0.0,                             BFy, 0.0, 0.999127623396997, -0.04176113222926699, BFz, 0.0, 0.04176113222926696, 0.9991276233969961
Time, 0.074, Pos_X, 0.0009153832702679998, Pos_Y, -8.402644188273095e-05, Pos_Z, 0.0004122883115240536, BFx, 1.0, 0.0, 0.0,                             BFy, 0.0, 0.9990753486301457, -0.042993578119935, BFz, 0.0, 0.04299357811993497, 0.9990753486301448
Time, 0.076, Pos_X, 0.0009826428777639999, Pos_Y, -7.857324847696529e-05, Pos_Z, 0.00043130137395393394, BFx, 1.0, 0.0, 0.0,                             BFy, 0.0, 0.9990216228315948, -0.0442243950204996, BFz, 0.0, 0.044224395020499574, 0.9990216228315938
Time, 0.078, Pos_X, 0.00105331700406, Pos_Y, -7.117056551172284e-05, Pos_Z, 0.000449033362931493, BFx, 1.0, 0.0, 0.0,                             BFy, 0.0, 0.9989667231883849, -0.04544761778424748, BFz, 0.0, 0.045447617784247454, 0.998966723188384
Time, 0.08, Pos_X, 0.001127575137836, Pos_Y, -6.161731658093054e-05, Pos_Z, 0.00046513384072346573, BFx, 1.0, 0.0, 0.0,                             BFy, 0.0, 0.9989109367709925, -0.0466576938917966, BFz, 0.0, 0.046657693891796574, 0.9989109367709915
Time, 0.082, Pos_X, 0.001205595334172, Pos_Y, -4.970645243976892e-05, Pos_Z, 0.0004792388725325047, BFx, 1.0, 0.0, 0.0,                             BFy, 0.0, 0.9988545420416169, -0.04784980504489234, BFz, 0.0, 0.04784980504489231, 0.9988545420416161
Time, 0.084, Pos_X, 0.0012875622945880002, Pos_Y, -3.52257101036233e-05, Pos_Z, 0.0004909752415298614, BFx, 1.0, 0.0, 0.0,                             BFy, 0.0, 0.9987977840376366, -0.049020267252522655, BFz, 0.0, 0.049020267252522606, 0.9987977840376357
Time, 0.086, Pos_X, 0.0013736649360039997, Pos_Y, -1.7958055953962258e-05, Pos_Z, 0.0004999647641042831, BFx, 1.0, 0.0, 0.0,                             BFy, 0.0, 0.9987408540799604, -0.05016678574149773, BFz, 0.0, 0.05016678574149768, 0.9987408540799595
Time, 0.088, Pos_X, 0.0014640939688199998, Pos_Y, 2.3180274186626066e-06, Pos_Z, 0.0005058286001491882, BFx, 1.0, 0.0, 0.0,                             BFy, 0.0, 0.9986838753938609, -0.051288566253130476, BFz, 0.0, 0.05128856625313042, 0.99868387539386
Time, 0.09, Pos_X, 0.0015590393000359999, Pos_Y, 2.582810682841423e-05, Pos_Z, 0.0005081914000268221, BFx, 1.0, 0.0, 0.0,                             BFy, 0.0, 0.9986268944401848, -0.052386312150735755, BFz, 0.0, 0.0523863121507357, 0.9986268944401839
Time, 0.092, Pos_X, 0.0016586871348519998, Pos_Y, 5.280162543946281e-05, Pos_Z, 0.0005066853938789471, BFx, 1.0, 0.0, 0.0,                             BFy, 0.0, 0.9985698794460542, -0.05346209744384463, BFz, 0.0, 0.05346209744384458, 0.9985698794460532
Time, 0.094, Pos_X, 0.001763217012468, Pos_Y, 8.347187089483832e-05, Pos_Z, 0.0005009543391321855, BFx, 1.0, 0.0, 0.0,                             BFy, 0.0, 0.9985127274354707, -0.05451910811247687, BFz, 0.0, 0.05451910811247682, 0.9985127274354697
Time, 0.096, Pos_X, 0.001872798951484, Pos_Y, 0.00011807601330463277, Pos_Z, 0.0004906571346832508, BFx, 1.0, 0.0, 0.0,                             BFy, 0.0, 0.9984552677797672, -0.055561481647230786, BFz, 0.0, 0.05556148164723072, 0.9984552677797662
Time, 0.098, Pos_X, 0.0019875904655, Pos_Y, 0.00015685527176910943, Pos_Z, 0.00047547101579554005, BFx, 1.0, 0.0, 0.0,                             BFy, 0.0, 0.9983972795619622, -0.05659392337764986, BFz, 0.0, 0.0565939233776498, 0.998397279561961
Time, 0.1, Pos_X, 0.002107733999116, Pos_Y, 0.00020005460675388018, Pos_Z, 0.0004550941615426816, BFx, 1.0, 0.0, 0.0,                             BFy, 0.0, 0.998338502660157, -0.05762147261462345, BFz, 0.0, 0.05762147261462339, 0.9983385026601559
Time, 0.102, Pos_X, 0.0022333547241319995, Pos_Y, 0.00024792279340740876, Pos_Z, 0.0004292478000428577, BFx, 1.0, 0.0, 0.0,                             BFy, 0.0, 0.9982786473775825, -0.05864931534115302, BFz, 0.0, 0.05864931534115294, 0.9982786473775815
Time, 0.104, Pos_X, 0.0023645578073479994, Pos_Y, 0.00030071276296226413, Pos_Z, 0.0003976779138998893, BFx, 1.0, 0.0, 0.0,                             BFy, 0.0, 0.9982174083898255, -0.059682540055714196, BFz, 0.0, 0.05968254005571413, 0.9982174083898245
Time, 0.106, Pos_X, 0.0025014265387639997, Pos_Y, 0.00035868126086957086, Pos_Z, 0.00036015654400366263, BFx, 1.0, 0.0, 0.0,                             BFy, 0.0, 0.9981544733982037, -0.060726001310444436, BFz, 0.0, 0.060726001310444366, 0.9981544733982026
Time, 0.108, Pos_X, 0.00264402105898, Pos_Y, 0.0004220892043453108, Pos_Z, 0.00031648271577573326, BFx, 1.0, 0.0, 0.0,                             BFy, 0.0, 0.9980895272739414, -0.061784266169319715, BFz, 0.0, 0.06178426616931964, 0.9980895272739403
Time, 0.11, Pos_X, 0.002792377347996, Pos_Y, 0.000491201869605493, Pos_Z, 0.00026648304611307346, BFx, 1.0, 0.0, 0.0,                             BFy, 0.0, 0.998022258539685, -0.06286152606601114, BFz, 0.0, 0.06286152606601107, 0.9980222585396838
Time, 0.112, Pos_X, 0.002946506467012, Pos_Y, 0.0005662886043648937, Pos_Z, 0.00021001154698876954, BFx, 1.0, 0.0, 0.0,                             BFy, 0.0, 0.997952357988638, -0.06396163838519765, BFz, 0.0, 0.06396163838519758, 0.9979523579886369
Time, 0.114, Pos_X, 0.003106394079228, Pos_Y, 0.0006476229953959443, Pos_Z, 0.00014694835400522335, BFx, 1.0, 0.0, 0.0,                             BFy, 0.0, 0.9978795142845738, -0.06508820915638339, BFz, 0.0, 0.06508820915638332, 0.9978795142845727
Time, 0.116, Pos_X, 0.003272000663644, Pos_Y, 0.0007354828578358243, Pos_Z, 7.719788637270948e-05, BFx, 1.0, 0.0, 0.0,                             BFy, 0.0, 0.9978034202163413, -0.06624450622182318, BFz, 0.0, 0.0662445062218231, 0.9978034202163403
Time, 0.118, Pos_X, 0.003443262076659999, Pos_Y, 0.0008301500549080617, Pos_Z, 6.868749910680444e-07, BFx, 1.0, 0.0, 0.0,                             BFy, 0.0, 0.9977237630713309, -0.06743361626655109, BFz, 0.0, 0.067433616266551, 0.9977237630713298
Time, 0.12, Pos_X, 0.003620090618475999, Pos_Y, 0.0009319106327553385, Pos_Z, -8.263821661857116e-05, BFx, 1.0, 0.0, 0.0,                             BFy, 0.0, 0.9976402224911524, -0.06865847702800962, BFz, 0.0, 0.06865847702800952, 0.9976402224911513
Time, 0.122, Pos_X, 0.003802377028491999, Pos_Y, 0.0010410549389342104, Pos_Z, -0.00017281409429432626, BFx, 1.0, 0.0, 0.0,                             BFy, 0.0, 0.9975524688526923, -0.06992189847179192, BFz, 0.0, 0.06992189847179182, 0.9975524688526912
Time, 0.124, Pos_X, 0.003989992327908, Pos_Y, 0.0011578775597357763, Pos_Z, -0.0002698638401904173, BFx, 1.0, 0.0, 0.0,                             BFy, 0.0, 0.9974601688130047, -0.07122648125194175, BFz, 0.0, 0.07122648125194166, 0.9974601688130035
Time, 0.126, Pos_X, 0.004182789799324, Pos_Y, 0.0012826770778278302, Pos_Z, -0.00037380052926858814, BFx, 1.0, 0.0, 0.0,                             BFy, 0.0, 0.9973629931018255, -0.0725745133705287, BFz, 0.0, 0.07257451337052861, 0.9973629931018244
Time, 0.128, Pos_X, 0.00438060776294, Pos_Y, 0.0014157557370254514, Pos_Z, -0.00048463023367357284, BFx, 1.0, 0.0, 0.0,                             BFy, 0.0, 0.9972606203907416, -0.07396793236176126, BFz, 0.0, 0.07396793236176118, 0.9972606203907406
Time, 0.13, Pos_X, 0.0045832722951560005, Pos_Y, 0.0015574193753986633, Pos_Z, -0.000602355020342459, BFx, 1.0, 0.0, 0.0,                             BFy, 0.0, 0.9971527474204869, -0.07540821116944216, BFz, 0.0, 0.07540821116944207, 0.9971527474204859
Time, 0.132, Pos_X, 0.004790599609572001, Pos_Y, 0.0017079774164497623, Pos_Z, -0.0007269760716277675, BFx, 1.0, 0.0, 0.0,                             BFy, 0.0, 0.9970391013487808, -0.07689623125756098, BFz, 0.0, 0.0768962312575609, 0.9970391013487799
Time, 0.134, Pos_X, 0.005002398454388001, Pos_Y, 0.0018677427473492926, Pos_Z, -0.000858495902064358, BFx, 1.0, 0.0, 0.0,                             BFy, 0.0, 0.9969194476476253, -0.07843223126976458, BFz, 0.0, 0.07843223126976448, 0.9969194476476245
Time, 0.136, Pos_X, 0.005218472575204002, Pos_Y, 0.002037031863057616, Pos_Z, -0.0009969197327960755, BFx, 1.0, 0.0, 0.0,                             BFy, 0.0, 0.9967936032499934, -0.08001570170844435, BFz, 0.0, 0.08001570170844426, 0.9967936032499927
Time, 0.138, Pos_X, 0.005438623059880002, Pos_Y, 0.0022161649373477433, Pos_Z, -0.0011422566703918617, BFx, 1.0, 0.0, 0.0,                             BFy, 0.0, 0.9966614421645147, -0.0816453899650756, BFz, 0.0, 0.08164538996507552, 0.9966614421645141
Time, 0.14, Pos_X, 0.005662650968016002, Pos_Y, 0.0024054655882652797, Pos_Z, -0.001294520509533121, BFx, 1.0, 0.0, 0.0,                             BFy, 0.0, 0.9965229123387775, -0.08331917656722687, BFz, 0.0, 0.0833191765672268, 0.996522912338777
Time, 0.142, Pos_X, 0.005890359656351999, Pos_Y, 0.002605260504277564, Pos_Z, -0.0014537301617693174, BFx, 1.0, 0.0, 0.0,                             BFy, 0.0, 0.9963780516283621, -0.08503398281433369, BFz, 0.0, 0.08503398281433362, 0.9963780516283616
Time, 0.144, Pos_X, 0.006121556821687999, Pos_Y, 0.002815879040364263, Pos_Z, -0.0016199096638894856, BFx, 1.0, 0.0, 0.0,                             BFy, 0.0, 0.9962270025022021, -0.08678571014560343, BFz, 0.0, 0.08678571014560336, 0.9962270025022015
Time, 0.146, Pos_X, 0.006356056080324, Pos_Y, 0.003037652680202313, Pos_Z, -0.0017930873802427124, BFx, 1.0, 0.0, 0.0,                             BFy, 0.0, 0.9960700193534252, -0.08856927540217818, BFz, 0.0, 0.08856927540217811, 0.9960700193534245
Time, 0.148, Pos_X, 0.00659367805216, Pos_Y, 0.003270914047617614, Pos_Z, -0.0019732945969839722, BFx, 1.0, 0.0, 0.0,                             BFy, 0.0, 0.9959074669764303, -0.0903787431899233, BFz, 0.0, 0.09037874318992324, 0.9959074669764297
Time, 0.15, Pos_X, 0.006834251074696, Pos_Y, 0.0035159962543251802, Pos_Z, -0.002160563275862112, BFx, 1.0, 0.0, 0.0,                             BFy, 0.0, 0.9957398252860463, -0.09220737681614012, BFz, 0.0, 0.09220737681614007, 0.995739825286046
Time, 0.152, Pos_X, 0.007077611979032, Pos_Y, 0.003773232751345776, Pos_Z, -0.0023549228493514557, BFx, 1.0, 0.0, 0.0,                             BFy, 0.0, 0.9955676750540634, -0.09404788348201469, BFz, 0.0, 0.09404788348201464, 0.9955676750540631
Time, 0.154, Pos_X, 0.007323606488168, Pos_Y, 0.0040429574602069114, Pos_Z, -0.0025563971754259777, BFx, 1.0, 0.0, 0.0,                             BFy, 0.0, 0.9953916761312358, -0.09589270612850984, BFz, 0.0, 0.09589270612850977, 0.9953916761312357
Time, 0.156, Pos_X, 0.007572088510644, Pos_Y, 0.004325504696335566, Pos_Z, -0.002765001362249074, BFx, 1.0, 0.0, 0.0,                             BFy, 0.0, 0.9952125490752802, -0.0977342425308707, BFz, 0.0, 0.09773424253087061, 0.9952125490752801
Time, 0.158, Pos_X, 0.00782291968186, Pos_Y, 0.004621208380740522, Pos_Z, -0.0029807380236318397, BFx, 1.0, 0.0, 0.0,                             BFy, 0.0, 0.9950310317825585, -0.09956528405893776, BFz, 0.0, 0.09956528405893768, 0.9950310317825584
Time, 0.16, Pos_X, 0.008075968782676, Pos_Y, 0.004930401285544974, Pos_Z, -0.003203594063182071, BFx, 1.0, 0.0, 0.0,                             BFy, 0.0, 0.9948478624674011, -0.10137914254935584, BFz, 0.0, 0.10137914254935577, 0.994847862467401
Time, 0.162, Pos_X, 0.008331110571352, Pos_Y, 0.00525341443606152, Pos_Z, -0.0034335377653232344, BFx, 1.0, 0.0, 0.0,                             BFy, 0.0, 0.9946637411079907, -0.10316996716610674, BFz, 0.0, 0.10316996716610666, 0.9946637411079907
Time, 0.164, Pos_X, 0.008588224800028, Pos_Y, 0.005590575999047423, Pos_Z, -0.0036705156575931016, BFx, 1.0, 0.0, 0.0,                             BFy, 0.0, 0.9944792986951321, -0.10493295224493605, BFz, 0.0, 0.104932952244936, 0.994479298695132
Time, 0.166, Pos_X, 0.008847195421804, Pos_Y, 0.00594221010456302, Pos_Z, -0.003914449715627362, BFx, 1.0, 0.0, 0.0,                             BFy, 0.0, 0.9942950623894392, -0.10666456256874259, BFz, 0.0, 0.10666456256874252, 0.994295062389439
Time, 0.168, Pos_X, 0.00910790970166, Pos_Y, 0.0063086360005138505, Pos_Z, -0.004165235134659933, BFx, 1.0, 0.0, 0.0,                             BFy, 0.0, 0.9941114357440393, -0.10836260112660978, BFz, 0.0, 0.10836260112660973, 0.9941114357440389
Time, 0.17, Pos_X, 0.009370256916336, Pos_Y, 0.006690167572283421, Pos_Z, -0.004422738801701184, BFx, 1.0, 0.0, 0.0,                             BFy, 0.0, 0.9939286637126523, -0.11002641251254817, BFz, 0.0, 0.11002641251254812, 0.993928663712652
Time, 0.172, Pos_X, 0.009634126924551997, Pos_Y, 0.007087113397493448, Pos_Z, -0.004686798866346343, BFx, 1.0, 0.0, 0.0,                             BFy, 0.0, 0.9937468188668448, -0.1116568851080244, BFz, 0.0, 0.11165688510802435, 0.9937468188668444
Time, 0.174, Pos_X, 0.009899409113907997, Pos_Y, 0.0074997767100422824, Pos_Z, -0.004957224680710218, BFx, 1.0, 0.0, 0.0,                             BFy, 0.0, 0.9935657829396326, -0.11325650079158871, BFz, 0.0, 0.11325650079158862, 0.9935657829396322
Time, 0.176, Pos_X, 0.010165991608863998, Pos_Y, 0.007928455290076563, Pos_Z, -0.005233797384584395, BFx, 1.0, 0.0, 0.0,                             BFy, 0.0, 0.9933852187549708, -0.1148294699070722, BFz, 0.0, 0.11482946990707212, 0.9933852187549703
Time, 0.178, Pos_X, 0.010433760482059998, Pos_Y, 0.008373441628497222, Pos_Z, -0.005516271291400206, BFx, 1.0, 0.0, 0.0,                             BFy, 0.0, 0.9932045676027128, -0.11638164328238548, BFz, 0.0, 0.11638164328238539, 0.9932045676027124
Time, 0.18, Pos_X, 0.010702598970395999, Pos_Y, 0.008835022806329028, Pos_Z, -0.00580437494318631, BFx, 1.0, 0.0, 0.0,                             BFy, 0.0, 0.9930230377421818, -0.11792050929880643, BFz, 0.0, 0.11792050929880633, 0.9930230377421813
Time, 0.182, Pos_X, 0.010972387435912, Pos_Y, 0.009313480461172724, Pos_Z, -0.006097812813735525, BFx, 1.0, 0.0, 0.0,                             BFy, 0.0, 0.9928396155726351, -0.11945500303286694, BFz, 0.0, 0.11945500303286682, 0.9928396155726346
Time, 0.184, Pos_X, 0.011243003595608, Pos_Y, 0.009809090816017645, Pos_Z, -0.0063962684616074555, BFx, 1.0, 0.0, 0.0,                             BFy, 0.0, 0.9926530796698237, -0.12099530330560236, BFz, 0.0, 0.12099530330560226, 0.9926530796698232
Time, 0.186, Pos_X, 0.011514322371504, Pos_Y, 0.010322124746837694, Pos_Z, -0.006699407457833522, BFx, 1.0, 0.0, 0.0,                             BFy, 0.0, 0.9924620151032543, -0.12255263594548994, BFz, 0.0, 0.12255263594548986, 0.9924620151032538
Time, 0.188, Pos_X, 0.011786215108160001, Pos_Y, 0.010852848306130378, Pos_Z, -0.007006879592382445, BFx, 1.0, 0.0, 0.0,                             BFy, 0.0, 0.9922648370828968, -0.12413900712045345, BFz, 0.0, 0.12413900712045335, 0.9922648370828964
Time, 0.19, Pos_X, 0.012058548430416002, Pos_Y, 0.01140152432477052, Pos_Z, -0.007318321448798466, BFx, 1.0, 0.0, 0.0,                             BFy, 0.0, 0.9920598087335003, -0.1257669904849868, BFz, 0.0, 0.12576699048498668, 0.9920598087334999
Time, 0.192, Pos_X, 0.012331184007344002, Pos_Y, 0.011968413996614823, Pos_Z, -0.007633358954406424, BFx, 1.0, 0.0, 0.0,                             BFy, 0.0, 0.9918450978767589, -0.1274492126999707, BFz, 0.0, 0.12744921269997062, 0.9918450978767586
Time, 0.194, Pos_X, 0.012603978416822002, Pos_Y, 0.01255377863834807, Pos_Z, -0.007951610472537493, BFx, 1.0, 0.0, 0.0,                             BFy, 0.0, 0.9916188252358106, -0.12919793124485565, BFz, 0.0, 0.12919793124485554, 0.9916188252358102
Time, 0.196, Pos_X, 0.012876783279048003, Pos_Y, 0.013157882198283179, Pos_Z, -0.00827269200628953, BFx, 1.0, 0.0, 0.0,                             BFy, 0.0, 0.9913791359902617, -0.13102445849230412, BFz, 0.0, 0.13102445849230399, 0.9913791359902613
Time, 0.198, Pos_X, 0.013149445670438003, Pos_Y, 0.013780992483531217, Pos_Z, -0.008596222225496634, BFx, 1.0, 0.0, 0.0,                             BFy, 0.0, 0.991124283242674, -0.13293853905732245, BFz, 0.0, 0.13293853905732228, 0.9911242832426734
Time, 0.2, Pos_X, 0.013421807579562003, Pos_Y, 0.01442338151949482, Pos_Z, -0.008921825303146912, BFx, 1.0, 0.0, 0.0,                             BFy, 0.0, 0.9908527048600314, -0.1349478316667554, BFz, 0.0, 0.13494783166675522, 0.9908527048600309
Time, 0.202, Pos_X, 0.013693705158486004, Pos_Y, 0.015085326314609845, Pos_Z, -0.009249133345821793, BFx, 1.0, 0.0, 0.0,                             BFy, 0.0, 0.9905631067593909, -0.13705740230714666, BFz, 0.0, 0.1370574023071465, 0.9905631067593903
Time, 0.204, Pos_X, 0.013964968759510001, Pos_Y, 0.01576711023365167, Pos_Z, -0.00957778911506924, BFx, 1.0, 0.0, 0.0,                             BFy, 0.0, 0.9902545087569714, -0.139269551182191, BFz, 0.0, 0.13926955118219086, 0.9902545087569709
Time, 0.206, Pos_X, 0.014235422799274002, Pos_Y, 0.016469024960055943, Pos_Z, -0.009907449304608138, BFx, 1.0, 0.0, 0.0,                             BFy, 0.0, 0.9899262705057319, -0.14158382309646889, BFz, 0.0, 0.14158382309646875, 0.9899262705057311
Time, 0.208, Pos_X, 0.014504884718758002, Pos_Y, 0.017191372480330012, Pos_Z, -0.010237788385791126, BFx, 1.0, 0.0, 0.0,                             BFy, 0.0, 0.9895780829336063, -0.14399728392385866, BFz, 0.0, 0.1439972839238585, 0.9895780829336054
Time, 0.21, Pos_X, 0.014773163503682003, Pos_Y, 0.017934466830427254, Pos_Z, -0.010568501679216979, BFx, 1.0, 0.0, 0.0,                             BFy, 0.0, 0.9892099001740283, -0.14650519921725888, BFz, 0.0, 0.1465051992172587, 0.9892099001740274
Time, 0.212, Pos_X, 0.015040058279246003, Pos_Y, 0.018698635905004715, Pos_Z, -0.01089930725771957, BFx, 1.0, 0.0, 0.0,                             BFy, 0.0, 0.9888218612513728, -0.1491017327577745, BFz, 0.0, 0.14910173275777433, 0.988821861251372
Time, 0.214, Pos_X, 0.015305357737930004, Pos_Y, 0.019484222919973475, Pos_Z, -0.01122994738507577, BFx, 1.0, 0.0, 0.0,                             BFy, 0.0, 0.9884141790614963, -0.15178079796268154, BFz, 0.0, 0.15178079796268137, 0.9884141790614954
Time, 0.216, Pos_X, 0.015568840435614004, Pos_Y, 0.020291587696588155, Pos_Z, -0.011560191392740189, BFx, 1.0, 0.0, 0.0,                             BFy, 0.0, 0.9879870775837113, -0.15453651519171058, BFz, 0.0, 0.1545365151917104, 0.9879870775837104
Time, 0.218, Pos_X, 0.015830275795258003, Pos_Y, 0.021121107099450597, Pos_Z, -0.01188983978858305, BFx, 1.0, 0.0, 0.0,                             BFy, 0.0, 0.9875407171274501, -0.15736369344738368, BFz, 0.0, 0.15736369344738355, 0.9875407171274492
Time, 0.22, Pos_X, 0.016089425389222003, Pos_Y, 0.021973175052347325, Pos_Z, -0.012218727896920537, BFx, 1.0, 0.0, 0.0,                             BFy, 0.0, 0.9870751778936445, -0.1602578958623573, BFz, 0.0, 0.16025789586235714, 0.9870751778936437
Time, 0.222, Pos_X, 0.016346043787506002, Pos_Y, 0.022848202433666864, Pos_Z, -0.01254672833052392, BFx, 1.0, 0.0, 0.0,                             BFy, 0.0, 0.9865904682354009, -0.16321534237642113, BFz, 0.0, 0.163215342376421, 0.9865904682354002
Time, 0.224, Pos_X, 0.01659987943699, Pos_Y, 0.02374661599111454, Pos_Z, -0.012873751477827005, BFx, 1.0, 0.0, 0.0,                             BFy, 0.0, 0.9860865531409239, -0.16623269748954891, BFz, 0.0, 0.16623269748954878, 0.9860865531409232
Time, 0.226, Pos_X, 0.016850676104974, Pos_Y, 0.024668856793869532, Pos_Z, -0.013199745270091887, BFx, 1.0, 0.0, 0.0,                             BFy, 0.0, 0.9855633583370705, -0.16930701906109893, BFz, 0.0, 0.1693070190610988, 0.9855633583370699
Time, 0.228, Pos_X, 0.017098175353858, Pos_Y, 0.025615378369456116, Pos_Z, -0.013524695937516078, BFx, 1.0, 0.0, 0.0,                             BFy, 0.0, 0.9850208367557324, -0.17243535355905634, BFz, 0.0, 0.17243535355905618, 0.9850208367557317
Time, 0.23, Pos_X, 0.017342120250442, Pos_Y, 0.026586643990942443, Pos_Z, -0.013848629286810665, BFx, 1.0, 0.0, 0.0,                             BFy, 0.0, 0.9844590219713264, -0.17561444718262648, BFz, 0.0, 0.17561444718262634, 0.9844590219713258
Time, 0.232, Pos_X, 0.017582259152985998, Pos_Y, 0.027583123293677753, Pos_Z, -0.014171611873187452, BFx, 1.0, 0.0, 0.0,                             BFy, 0.0, 0.9838780850084254, -0.17884047036438244, BFz, 0.0, 0.17884047036438228, 0.9838780850084249
Time, 0.234, Pos_X, 0.01781834944099, Pos_Y, 0.028605288751004977, Pos_Z, -0.014493750364415045, BFx, 1.0, 0.0, 0.0,                             BFy, 0.0, 0.9832784019634139, -0.1821087154209682, BFz, 0.0, 0.18210871542096804, 0.9832784019634132
Time, 0.236, Pos_X, 0.018050161669393997, Pos_Y, 0.029653612162238167, Pos_Z, -0.014815190215540041, BFx, 1.0, 0.0, 0.0,                             BFy, 0.0, 0.9826605732206164, -0.18541358590386373, BFz, 0.0, 0.18541358590386356, 0.9826605732206158
Time, 0.238, Pos_X, 0.018277484585997997, Pos_Y, 0.030728561034588382, Pos_Z, -0.015136115431049386, BFx, 1.0, 0.0, 0.0,                             BFy, 0.0, 0.9820254431356467, -0.18874858684036952, BFz, 0.0, 0.18874858684036933, 0.9820254431356462
Time, 0.24, Pos_X, 0.018500130781001996, Pos_Y, 0.031830593841359396, Pos_Z, -0.015456747584222986, BFx, 1.0, 0.0, 0.0,                             BFy, 0.0, 0.9813741114975708, -0.19210635929701303, BFz, 0.0, 0.19210635929701284, 0.9813741114975704
Time, 0.242, Pos_X, 0.018717942311205996, Pos_Y, 0.032960154502329995, Pos_Z, -0.015777343106369364, BFx, 1.0, 0.0, 0.0,                             BFy, 0.0, 0.9807080001342251, -0.1954784348022284, BFz, 0.0, 0.1954784348022282, 0.9807080001342244
Time, 0.244, Pos_X, 0.018930796365809997, Pos_Y, 0.03411766683221017, Pos_Z, -0.016098189100474582, BFx, 1.0, 0.0, 0.0,                             BFy, 0.0, 0.98002895078507, -0.19885486069773414, BFz, 0.0, 0.19885486069773392, 0.9800289507850692
Time, 0.246, Pos_X, 0.019138610322813998, Pos_Y, 0.035303529000961946, Pos_Z, -0.016419597991889568, BFx, 1.0, 0.0, 0.0,                             BFy, 0.0, 0.9793393458433665, -0.20222375153054517, BFz, 0.0, 0.20222375153054495, 0.9793393458433657
Time, 0.248, Pos_X, 0.019341345773018, Pos_Y, 0.036518108232910296, Pos_Z, -0.016741900974161828, BFx, 1.0, 0.0, 0.0,                             BFy, 0.0, 0.9786422533862287, -0.205570766129635, BFz, 0.0, 0.20557076612963476, 0.978642253386228
Time, 0.25, Pos_X, 0.019539011620822, Pos_Y, 0.037761736028074075, Pos_Z, -0.017065440751440064, BFx, 1.0, 0.0, 0.0,                             BFy, 0.0, 0.977941581203789, -0.2088785861514617, BFz, 0.0, 0.20887858615146146, 0.9779415812037884
Time, 0.252, Pos_X, 0.019731666521826, Pos_Y, 0.039034703836628985, Pos_Z, -0.017390563586362047, BFx, 1.0, 0.0, 0.0,                             BFy, 0.0, 0.9772422068229418, -0.21212654054556085, BFz, 0.0, 0.21212654054556057, 0.9772422068229409
Time, 0.254, Pos_X, 0.01991942091723, Pos_Y, 0.04033725781423253, Pos_Z, -0.017717610200091622, BFx, 1.0, 0.0, 0.0,                             BFy, 0.0, 0.9765501373317246, -0.2152901049221512, BFz, 0.0, 0.2152901049221509, 0.9765501373317236
Time, 0.256, Pos_X, 0.020102438392234, Pos_Y, 0.041669593606317584, Pos_Z, -0.018046905629461617, BFx, 1.0, 0.0, 0.0,                             BFy, 0.0, 0.9758726001135868, -0.21834071619271697, BFz, 0.0, 0.2183407161927166, 0.9758726001135857
Time, 0.258, Pos_X, 0.020280935805638, Pos_Y, 0.04303185182064252, Pos_Z, -0.018378748997250834, BFx, 1.0, 0.0, 0.0,                             BFy, 0.0, 0.9752180042389379, -0.22124611682066703, BFz, 0.0, 0.22124611682066667, 0.9752180042389367
Time, 0.26, Pos_X, 0.020455182184642002, Pos_Y, 0.044424113610227675, Pos_Z, -0.01871340370586556, BFx, 1.0, 0.0, 0.0,                             BFy, 0.0, 0.9745957741445371, -0.22397115220405495, BFz, 0.0, 0.2239711522040546, 0.9745957741445358
Time, 0.262, Pos_X, 0.020625496720746, Pos_Y, 0.04584639708370445, Pos_Z, -0.019051088577252188, BFx, 1.0, 0.0, 0.0,                             BFy, 0.0, 0.9740160139771353, -0.2264791480823219, BFz, 0.0, 0.22647914808232153, 0.974016013977134
Time, 0.264, Pos_X, 0.02079224628775, Pos_Y, 0.04729865406813645, Pos_Z, -0.019391969063580875, BFx, 1.0, 0.0, 0.0,                             BFy, 0.0, 0.9734890879044661, -0.22873346001608946, BFz, 0.0, 0.2287334600160891, 0.9734890879044645
Time, 0.266, Pos_X, 0.020955842793754002, Pos_Y, 0.04878076766010211, Pos_Z, -0.019736148613186847, BFx, 1.0, 0.0, 0.0,                             BFy, 0.0, 0.9730250545195052, -0.2306994652731461, BFz, 0.0, 0.23069946527314575, 0.9730250545195036
Time, 0.268, Pos_X, 0.021116739213558004, Pos_Y, 0.05029255151301445, Pos_Z, -0.020083660348161985, BFx, 1.0, 0.0, 0.0,                             BFy, 0.0, 0.9726331160555279, -0.23234633965723592, BFz, 0.0, 0.23234633965723558, 0.9726331160555265
Time, 0.27, Pos_X, 0.021275424737322003, Pos_Y, 0.05183375004529023, Pos_Z, -0.020434458899086183, BFx, 1.0, 0.0, 0.0,                             BFy, 0.0, 0.9723210685837754, -0.23364875259266113, BFz, 0.0, 0.2336487525926608, 0.972321068583774
Time, 0.272, Pos_X, 0.021432419837126, Pos_Y, 0.05340403916998796, Pos_Z, -0.020788413400870204, BFx, 1.0, 0.0, 0.0,                             BFy, 0.0, 0.9720948036962873, -0.2345883471672839, BFz, 0.0, 0.23458834716728358, 0.972094803696286
Time, 0.274, Pos_X, 0.021588270057590002, Pos_Y, 0.05500302755344134, Pos_Z, -0.021145301258324586, BFx, 1.0, 0.0, 0.0,                             BFy, 0.0, 0.9719579246369705, -0.23515482715733246, BFz, 0.0, 0.23515482715733216, 0.9719579246369692
Time, 0.276, Pos_X, 0.021743539623434, Pos_Y, 0.05663025792312114, Pos_Z, -0.021504802222292407, BFx, 1.0, 0.0, 0.0,                             BFy, 0.0, 0.9719115524952082, -0.23534641303057074, BFz, 0.0, 0.23534641303057044, 0.9719115524952068
Time, 0.278, Pos_X, 0.021898805292558002, Pos_Y, 0.058285208942405485, Pos_Z, -0.02186649343045199, BFx, 1.0, 0.0, 0.0,                             BFy, 0.0, 0.9719543399348541, -0.23516964319785005, BFz, 0.0, 0.23516964319784975, 0.9719543399348527
Time, 0.28, Pos_X, 0.022054649885382003, Pos_Y, 0.05996729833622382, Pos_Z, -0.02222984555383102, BFx, 1.0, 0.0, 0.0,                             BFy, 0.0, 0.9720826144011537, -0.2346388518106494, BFz, 0.0, 0.2346388518106491, 0.9720826144011524
Time, 0.282, Pos_X, 0.022211655533765997, Pos_Y, 0.06167588709536872, Pos_Z, -0.022594220134029157, BFx, 1.0, 0.0, 0.0,                             BFy, 0.0, 0.9722906114770952, -0.23377546242815536, BFz, 0.0, 0.23377546242815503, 0.9722906114770941
Time, 0.284, Pos_X, 0.02237039630197, Pos_Y, 0.06341028517873329, Pos_Z, -0.02295886953471493, BFx, 1.0, 0.0, 0.0,                             BFy, 0.0, 0.9725708477694355, -0.23260684871482867, BFz, 0.0, 0.23260684871482828, 0.9725708477694343
Time, 0.286, Pos_X, 0.022531431581053998, Pos_Y, 0.06516975848952591, Pos_Z, -0.02332293792360319, BFx, 1.0, 0.0, 0.0,                             BFy, 0.0, 0.9729145388066094, -0.23116509290704862, BFz, 0.0, 0.23116509290704823, 0.9729145388066082
Time, 0.288, Pos_X, 0.022695299696797996, Pos_Y, 0.06695353645013044, Pos_Z, -0.023685463003981007, BFx, 1.0, 0.0, 0.0,                             BFy, 0.0, 0.9733120403437605, -0.22948566866335607, BFz, 0.0, 0.2294856686633557, 0.9733120403437594
Time, 0.29, Pos_X, 0.022862511800001997, Pos_Y, 0.06876082032731626, Pos_Z, -0.02404538218501406, BFx, 1.0, 0.0, 0.0,                             BFy, 0.0, 0.9737532964019806, -0.2276060582372058, BFz, 0.0, 0.22760605823720548, 0.9737532964019795
Time, 0.292, Pos_X, 0.023033546582205997, Pos_Y, 0.07059079102870935, Pos_Z, -0.024401541356012062, BFx, 1.0, 0.0, 0.0,                             BFy, 0.0, 0.9742282317626901, -0.22556451945406633, BFz, 0.0, 0.225564519454066, 0.9742282317626892
Time, 0.294, Pos_X, 0.023208845639409996, Pos_Y, 0.0724426170673817, Pos_Z, -0.024752703757679753, BFx, 1.0, 0.0, 0.0,                             BFy, 0.0, 0.9747270953891208, -0.2233989469856331, BFz, 0.0, 0.22339894698563278, 0.9747270953891198
Time, 0.296, Pos_X, 0.023388810210013995, Pos_Y, 0.07431546304585837, Pos_Z, -0.025097561146782865, BFx, 1.0, 0.0, 0.0,                             BFy, 0.0, 0.9752406852004853, -0.2211461189568783, BFz, 0.0, 0.221146118956878, 0.9752406852004842
Time, 0.298, Pos_X, 0.023573799218217995, Pos_Y, 0.07620849682903119, Pos_Z, -0.025434747069695916, BFx, 1.0, 0.0, 0.0,                             BFy, 0.0, 0.9757605264098369, -0.2188410270045353, BFz, 0.0, 0.21884102700453498, 0.9757605264098359
Time, 0.3, Pos_X, 0.023764127973221996, Pos_Y, 0.07812089514326695, Pos_Z, -0.02576285080926095, BFx, 1.0, 0.0, 0.0,                             BFy, 0.0, 0.9762789645203527, -0.2165164738191293, BFz, 0.0, 0.216516473819129, 0.9762789645203518
Time, 0.302, Pos_X, 0.023960067133225994, Pos_Y, 0.08005184914423179, Pos_Z, -0.02608043208409307, BFx, 1.0, 0.0, 0.0,                             BFy, 0.0, 0.9767892038281106, -0.21420282744363447, BFz, 0.0, 0.21420282744363417, 0.9767892038281097
Time, 0.304, Pos_X, 0.024161843502629995, Pos_Y, 0.08200056881190737, Pos_Z, -0.026386036154872332, BFx, 1.0, 0.0, 0.0,                             BFy, 0.0, 0.9772852784329746, -0.2119280173978537, BFz, 0.0, 0.21192801739785339, 0.9772852784329737
Time, 0.306, Pos_X, 0.024369642116633995, Pos_Y, 0.08396628555575068, Pos_Z, -0.0266782079046497, BFx, 1.0, 0.0, 0.0,                             BFy, 0.0, 0.9777619740195139, -0.209717720189461, BFz, 0.0, 0.20971772018946067, 0.9777619740195131
Time, 0.308, Pos_X, 0.024583609841637995, Pos_Y, 0.08594825447816787, Pos_Z, -0.026955505593549985, BFx, 1.0, 0.0, 0.0,                             BFy, 0.0, 0.9782146816783952, -0.2075958490645659, BFz, 0.0, 0.20759584906456557, 0.9782146816783943
Time, 0.31, Pos_X, 0.024803860064841993, Pos_Y, 0.08794575656934175, Pos_Z, -0.027216515882458832, BFx, 1.0, 0.0, 0.0,                             BFy, 0.0, 0.9786392723575752, -0.20558495713314762, BFz, 0.0, 0.20558495713314728, 0.9786392723575742
Time, 0.312, Pos_X, 0.025030478224645995, Pos_Y, 0.08995809882108043, Pos_Z, -0.027459869705094956, BFx, 1.0, 0.0, 0.0,                             BFy, 0.0, 0.9790320663096117, -0.20370619317422448, BFz, 0.0, 0.20370619317422414, 0.9790320663096107
Time, 0.314, Pos_X, 0.025263526472449994, Pos_Y, 0.09198461081699372, Pos_Z, -0.02768425666025559, BFx, 1.0, 0.0, 0.0,                             BFy, 0.0, 0.9793898526290454, -0.20197900031255503, BFz, 0.0, 0.20197900031255467, 0.9793898526290444
Time, 0.316, Pos_X, 0.025503050275253993, Pos_Y, 0.09402463913914723, Pos_Z, -0.027888437297223175, BFx, 1.0, 0.0, 0.0,                             BFy, 0.0, 0.9797099381186456, -0.20042065051177285, BFz, 0.0, 0.2004206505117725, 0.9797099381186446
