Time, 0, Pos_X, 0.0, Pos_Y, 0.0, Pos_Z, 0.0, BFx, 1.0, 0.0, 0.0,                         BFy, 0.0, 1.0, 0.0, BFz, 0.0, 0.0, 1.0
Time, 0.0, Pos_X, 0.0, Pos_Y, 0.0, Pos_Z, 0.0, BFx, 1.0, 0.0, 0.0,                             BFy, 0.0, 1.0, 0.0, BFz, 0.0, 0.0, 1.0
Time, 0.002, Pos_X, -6.9782252e-07, Pos_Y, 1.4581540642652924e-07, Pos_Z, 3.3947170447998233e-07, BFx, 1.0, 0.0, 0.0,                             BFy, 0.0, 0.999990024114891, -0.004466729306747939, BFz, 0.0, 0.004466729306747939, 0.999990024114891
Time, 0.004, Pos_X, -2.69661692e-06, Pos_Y, 5.026634092653619e-07, Pos_Z, 1.4269418063166257e-06, BFx, 1.0, 0.0, 0.0,                             BFy, 0.0, 0.9999597662482209, -0.008970277855419668, BFz, 0.0, 0.008970277855419666, 0.9999597662482209
Time, 0.006, Pos_X, -5.801460880000001e-06, Pos_Y, 9.063267134802873e-07, Pos_Z, 3.4022480969172806e-06, BFx, 1.0, 0.0, 0.0,                             BFy, 0.0, 0.9999086696007474, -0.013514897604637246, BFz, 0.0, 0.013514897604637246, 0.9999086696007472
Time, 0.008, Pos_X, -9.80581528e-06, Pos_Y, 1.186384187649253e-06, Pos_Z, 6.4082797502242915e-06, BFx, 1.0, 0.0, 0.0,                             BFy, 0.0, 0.9998360914700353, -0.018104977048416637, BFz, 0.0, 0.018104977048416637, 0.999836091470035
Time, 0.01, Pos_X, -1.449101972e-05, Pos_Y, 1.1658030907459666e-06, Pos_Z, 1.0590520024713305e-05, BFx, 1.0, 0.0, 0.0,                             BFy, 0.0, 0.9997413041112414, -0.022744776410306606, BFz, 0.0, 0.022744776410306606, 0.9997413041112412
Time, 0.012, Pos_X, -1.962696364e-05, Pos_Y, 6.607704084702747e-07, Pos_Z, 1.6096852731946798e-05, BFx, 1.0, 0.0, 0.0,                             BFy, 0.0, 0.9996234995060425, -0.02743828047260612, BFz, 0.0, 0.027438280472606123, 0.9996234995060423
Time, 0.014, Pos_X, -2.4972696850000003e-05, Pos_Y, -5.192342556750801e-07, Pos_Z, 2.3077286904291973e-05, BFx, 1.0, 0.0, 0.0,                             BFy, 0.0, 0.9994818043953091, -0.03218885960541244, BFz, 0.0, 0.03218885960541244, 0.9994818043953091
Time, 0.016, Pos_X, -3.0276735404000004e-05, Pos_Y, -2.571066114253592e-06, Pos_Z, 3.168354963930543e-05, BFx, 1.0, 0.0, 0.0,                             BFy, 0.0, 0.999315304587977, -0.03699894615037555, BFz, 0.0, 0.03699894615037555, 0.9993153045879771
Time, 0.018, Pos_X, -3.5277241492e-05, Pos_Y, -5.696916339850378e-06, Pos_Z, 4.2068522335426435e-05, BFx, 1.0, 0.0, 0.0,                             BFy, 0.0, 0.9991230785306935, -0.041869725904872174, BFz, 0.0, 0.041869725904872174, 0.9991230785306937
Time, 0.02, Pos_X, -3.9702321100000003e-05, Pos_Y, -1.0103052542542677e-05, Pos_Z, 5.438522405493221e-05, BFx, 1.0, 0.0, 0.0,                             BFy, 0.0, 0.9989042380419955, -0.04680088911270831, BFz, 0.0, 0.04680088911270831, 0.9989042380419957
Time, 0.022, Pos_X, -4.3271171828e-05, Pos_Y, -1.5998517462255948e-05, Pos_Z, 6.878555256714316e-05, BFx, 1.0, 0.0, 0.0,                             BFy, 0.0, 0.9986579673257847, -0.051790581158463515, BFz, 0.0, 0.05179058115846351, 0.9986579673257849
Time, 0.024, Pos_X, -4.5694785236e-05, Pos_Y, -2.3593992919447413e-05, Pos_Z, 8.54189891010795e-05, BFx, 1.0, 0.0, 0.0,                             BFy, 0.0, 0.9983835682835358, -0.05683529344900066, BFz, 0.0, 0.05683529344900065, 0.998383568283536
Time, 0.026, Pos_X, -4.6676647124e-05, Pos_Y, -3.310090766853934e-05, Pos_Z, 0.00010443097437788974, BFx, 1.0, 0.0, 0.0,                             BFy, 0.0, 0.9980805042500093, -0.0619298557728569, BFz, 0.0, 0.0619298557728569, 0.9980805042500093
Time, 0.028, Pos_X, -4.5913755972e-05, Pos_Y, -4.473058104819822e-05, Pos_Z, 0.0001259614981648859, BFx, 1.0, 0.0, 0.0,                             BFy, 0.0, 0.9977483352145874, -0.06706906571974301, BFz, 0.0, 0.067069065719743, 0.9977483352145873
Time, 0.03, Pos_X, -4.309790448e-05, Pos_Y, -5.8693430113715276e-05, Pos_Z, 0.00015014357003478607, BFx, 1.0, 0.0, 0.0,                             BFy, 0.0, 0.9973869949871395, -0.07224390791287313, BFz, 0.0, 0.07224390791287312, 0.9973869949871393
Time, 0.032, Pos_X, -3.7917490687999994e-05, Pos_Y, -7.519814753960219e-05, Pos_Z, 0.00017710177724406968, BFx, 1.0, 0.0, 0.0,                             BFy, 0.0, 0.9969967016331609, -0.07744402451188802, BFz, 0.0, 0.077444024511888, 0.9969967016331608
Time, 0.034, Pos_X, -3.0059205095999986e-05, Pos_Y, -9.445090314050739e-05, Pos_Z, 0.00020695133620563224, BFx, 1.0, 0.0, 0.0,                             BFy, 0.0, 0.9965779740260161, -0.0826579801725214, BFz, 0.0, 0.08265798017252139, 0.9965779740260162
Time, 0.036, Pos_X, -1.9209882424000012e-05, Pos_Y, -0.0001166543037445418, Pos_Z, 0.00023979714421303356, BFx, 1.0, 0.0, 0.0,                             BFy, 0.0, 0.9961316457294936, -0.08787345660806821, BFz, 0.0, 0.08787345660806821, 0.9961316457294939
Time, 0.038, Pos_X, -5.059146472000004e-06, Pos_Y, -0.00014200612897853474, Pos_Z, 0.0002757333646979073, BFx, 1.0, 0.0, 0.0,                             BFy, 0.0, 0.9956588834584477, -0.0930773215680195, BFz, 0.0, 0.09307732156801951, 0.9956588834584479
Time, 0.04, Pos_X, 1.2697927380000012e-05, Pos_Y, -0.00017069853185541897, Pos_Z, 0.00031484367960757907, BFx, 1.0, 0.0, 0.0,                             BFy, 0.0, 0.9951612145443327, -0.09825557015583415, BFz, 0.0, 0.09825557015583417, 0.9951612145443329
Time, 0.042, Pos_X, 3.435948193200003e-05, Pos_Y, -0.0002029179769136647, Pos_Z, 0.00035720220236486156, BFx, 1.0, 0.0, 0.0,                             BFy, 0.0, 0.9946405143633658, -0.10339365157967169, BFz, 0.0, 0.1033936515796717, 0.994640514363366
Time, 0.044, Pos_X, 6.021601468399997e-05, Pos_Y, -0.00023884572822358807, Pos_Z, 0.0004028749101542614, BFx, 1.0, 0.0, 0.0,                             BFy, 0.0, 0.994099000155427, -0.1084766237028968, BFz, 0.0, 0.1084766237028968, 0.9940990001554271
Time, 0.046, Pos_X, 9.0548880636e-05, Pos_Y, -0.0002786585310346068, Pos_Z, 0.0004519215083742089, BFx, 1.0, 0.0, 0.0,                             BFy, 0.0, 0.9935391983772246, -0.11348947655153575, BFz, 0.0, 0.11348947655153575, 0.9935391983772247
Time, 0.048, Pos_X, 0.000125628018188, Pos_Y, -0.0003225293426838119, Pos_Z, 0.0005043985789690282, BFx, 1.0, 0.0, 0.0,                             BFy, 0.0, 0.9929639075299189, -0.11841739037368579, BFz, 0.0, 0.11841739037368579, 0.9929639075299191
Time, 0.05, Pos_X, 0.00016570980994000005, Pos_Y, -0.00037062797340682997, Pos_Z, 0.0005603627496479401, BFx, 1.0, 0.0, 0.0,                             BFy, 0.0, 0.9923761550788974, -0.12324596070794115, BFz, 0.0, 0.12324596070794115, 0.9923761550788976
Time, 0.052, Pos_X, 0.00021103618369199993, Pos_Y, -0.0004231222352283052, Pos_Z, 0.0006198729093363867, BFx, 1.0, 0.0, 0.0,                             BFy, 0.0, 0.9917791370367034, -0.12796149162435913, BFz, 0.0, 0.1279614916243591, 0.9917791370367036
Time, 0.054, Pos_X, 0.000261834125844, Pos_Y, -0.0004801795023920025, Pos_Z, 0.0006829920478532842, BFx, 1.0, 0.0, 0.0,                             BFy, 0.0, 0.9911761581696333, -0.13255121076808524, BFz, 0.0, 0.13255121076808524, 0.9911761581696336
Time, 0.056, Pos_X, 0.00031831878499600006, Pos_Y, -0.0005419717838432415, Pos_Z, 0.0007497913049297388, BFx, 1.0, 0.0, 0.0,                             BFy, 0.0, 0.9905705625589906, -0.13700350576377296, BFz, 0.0, 0.13700350576377296, 0.9905705625589909
Time, 0.058, Pos_X, 0.00038069119934800013, Pos_Y, -0.0006086761057330311, Pos_Z, 0.0008203512705553586, BFx, 1.0, 0.0, 0.0,                             BFy, 0.0, 0.9899656536401118, -0.14130819018339158, BFz, 0.0, 0.14130819018339158, 0.9899656536401121
Time, 0.06, Pos_X, 0.00044913198729999997, Pos_Y, -0.0006804709266185657, Pos_Z, 0.0008947608367185992, BFx, 1.0, 0.0, 0.0,                             BFy, 0.0, 0.9893646204763148, -0.1454566868512986, BFz, 0.0, 0.14545668685129856, 0.9893646204763152
Time, 0.062, Pos_X, 0.000523800945452, Pos_Y, -0.0007575373398525093, Pos_Z, 0.0009731187696530078, BFx, 1.0, 0.0, 0.0,                             BFy, 0.0, 0.9887704415358226, -0.14944234321320582, BFz, 0.0, 0.1494423432132058, 0.988770441535823
Time, 0.064, Pos_X, 0.0006048376266040001, Pos_Y, -0.0008400610343893952, Pos_Z, 0.001055534772118069, BFx, 1.0, 0.0, 0.0,                             BFy, 0.0, 0.9881857852297997, -0.15326073818745337, BFz, 0.0, 0.15326073818745337, 0.9881857852298002
Time, 0.066, Pos_X, 0.0006923617973560002, Pos_Y, -0.0009282334409812947, Pos_Z, 0.0011421296638175283, BFx, 1.0, 0.0, 0.0,                             BFy, 0.0, 0.9876129245344386, -0.15690988271148454, BFz, 0.0, 0.15690988271148454, 0.9876129245344392
Time, 0.068, Pos_X, 0.0007864738349080003, Pos_Y, -0.0010222518024402495, Pos_Z, 0.0012330349397995002, BFx, 1.0, 0.0, 0.0,                             BFy, 0.0, 0.9870536277962179, -0.16039057283495184, BFz, 0.0, 0.16039057283495187, 0.9870536277962183
Time, 0.07, Pos_X, 0.0008872551024600003, Pos_Y, -0.0011223188990998668, Pos_Z, 0.0013283912765962172, BFx, 1.0, 0.0, 0.0,                             BFy, 0.0, 0.9865090315182745, -0.16370684387915732, BFz, 0.0, 0.16370684387915735, 0.9865090315182751
Time, 0.072, Pos_X, 0.0009947682198119996, Pos_Y, -0.0012286419937800814, Pos_Z, 0.0014283457955120607, BFx, 1.0, 0.0, 0.0,                             BFy, 0.0, 0.9859795503183583, -0.1668661929631238, BFz, 0.0, 0.16686619296312383, 0.9859795503183589
Time, 0.074, Pos_X, 0.0011090584699639996, Pos_Y, -0.001341431738609802, Pos_Z, 0.0015330493794874888, BFx, 1.0, 0.0, 0.0,                             BFy, 0.0, 0.9854648521343453, -0.16987944315846976, BFz, 0.0, 0.16987944315846978, 0.985464852134346
Time, 0.076, Pos_X, 0.0012301552563159996, Pos_Y, -0.0014609009159502369, Pos_Z, 0.0016426535542598156, BFx, 1.0, 0.0, 0.0,                             BFy, 0.0, 0.9849638991607509, -0.17276028869519983, BFz, 0.0, 0.1727602886951998, 0.9849638991607517
Time, 0.078, Pos_X, 0.0013580722076679996, Pos_Y, -0.0015872623233713372, Pos_Z, 0.0017573065155521996, BFx, 1.0, 0.0, 0.0,                             BFy, 0.0, 0.984474965175753, -0.17552504932971516, BFz, 0.0, 0.17552504932971513, 0.9844749651757536
Time, 0.08, Pos_X, 0.0014928071542199997, Pos_Y, -0.0017207260456186453, Pos_Z, 0.0018771491600791529, BFx, 1.0, 0.0, 0.0,                             BFy, 0.0, 0.9839957128678102, -0.17819213522983873, BFz, 0.0, 0.1781921352298387, 0.9839957128678108
Time, 0.082, Pos_X, 0.0016343423675719997, Pos_Y, -0.0018614963983200406, Pos_Z, 0.002002311034975331, BFx, 1.0, 0.0, 0.0,                             BFy, 0.0, 0.983523307497555, -0.18078136964042746, BFz, 0.0, 0.18078136964042746, 0.9835233074975557
Time, 0.084, Pos_X, 0.001782644553724, Pos_Y, -0.0020097681024109746, Pos_Z, 0.0021329057076130064, BFx, 1.0, 0.0, 0.0,                             BFy, 0.0, 0.9830545182480452, -0.1833134314558069, BFz, 0.0, 0.1833134314558069, 0.9830545182480459
Time, 0.086, Pos_X, 0.0019376640490759989, Pos_Y, -0.0021657215579542317, Pos_Z, 0.0022690258542495804, BFx, 1.0, 0.0, 0.0,                             BFy, 0.0, 0.9825858401995274, -0.18580922108277587, BFz, 0.0, 0.18580922108277584, 0.9825858401995281
Time, 0.088, Pos_X, 0.002099333873627999, Pos_Y, -0.002329518176714467, Pos_Z, 0.002410739179465058, BFx, 1.0, 0.0, 0.0,                             BFy, 0.0, 0.9821135866660123, -0.18828941257017048, BFz, 0.0, 0.18828941257017043, 0.9821135866660131
Time, 0.09, Pos_X, 0.0022675695265799993, Pos_Y, -0.002501295952100717, Pos_Z, 0.0025580845396580825, BFx, 1.0, 0.0, 0.0,                             BFy, 0.0, 0.9816339337202895, -0.1907742649542364, BFz, 0.0, 0.1907742649542364, 0.9816339337202902
Time, 0.092, Pos_X, 0.0024422691389319995, Pos_Y, -0.0026811657275488594, Pos_Z, 0.002711068480741274, BFx, 1.0, 0.0, 0.0,                             BFy, 0.0, 0.9811429533741293, -0.19328348363036657, BFz, 0.0, 0.1932834836303666, 0.9811429533741298
Time, 0.094, Pos_X, 0.0026233134542839997, Pos_Y, -0.002869207524919905, Pos_Z, 0.0028696623600411968, BFx, 1.0, 0.0, 0.0,                             BFy, 0.0, 0.9806366257687219, -0.19583617694627925, BFz, 0.0, 0.19583617694627928, 0.9806366257687226
Time, 0.096, Pos_X, 0.002810565071836, Pos_Y, -0.0030654669296389316, Pos_Z, 0.0030338003012763477, BFx, 1.0, 0.0, 0.0,                             BFy, 0.0, 0.9801108463220468, -0.1984508224268157, BFz, 0.0, 0.19845082242681572, 0.9801108463220475
Time, 0.098, Pos_X, 0.003003867694788, Pos_Y, -0.0032699524707378224, Pos_Z, 0.0032033786882606245, BFx, 1.0, 0.0, 0.0,                             BFy, 0.0, 0.9795614567989512, -0.20114510273410835, BFz, 0.0, 0.20114510273410835, 0.979561456798952
Time, 0.1, Pos_X, 0.0032030451799400003, Pos_Y, -0.0034826330886668162, Pos_Z, 0.0033782562447025933, BFx, 1.0, 0.0, 0.0,                             BFy, 0.0, 0.9789842726523471, -0.20393575924627266, BFz, 0.0, 0.20393575924627264, 0.9789842726523479
Time, 0.102, Pos_X, 0.003407899509691999, Pos_Y, -0.003703434761476634, Pos_Z, 0.0035582547594700618, BFx, 1.0, 0.0, 0.0,                             BFy, 0.0, 0.9783751051524029, -0.2068384722870088, BFz, 0.0, 0.20683847228700877, 0.9783751051524037
Time, 0.104, Pos_X, 0.003618207558443999, Pos_Y, -0.003932236648233974, Pos_Z, 0.003743160136673626, BFx, 1.0, 0.0, 0.0,                             BFy, 0.0, 0.977729852894567, -0.20986742186143978, BFz, 0.0, 0.2098674218614398, 0.9777298528945678
Time, 0.106, Pos_X, 0.003833717656795999, Pos_Y, -0.004168868002717961, Pos_Z, 0.003932724048601132, BFx, 1.0, 0.0, 0.0,                             BFy, 0.0, 0.9770445288139697, -0.2130351818707113, BFz, 0.0, 0.21303518187071138, 0.9770445288139705
Time, 0.108, Pos_X, 0.004054147671947999, Pos_Y, -0.00441310601617042, Pos_Z, 0.004126666762966476, BFx, 1.0, 0.0, 0.0,                             BFy, 0.0, 0.9763153177581911, -0.21635249088171127, BFz, 0.0, 0.21635249088171132, 0.976315317758192
Time, 0.11, Pos_X, 0.0042791852293, Pos_Y, -0.004664674947030981, Pos_Z, 0.004324681243021445, BFx, 1.0, 0.0, 0.0,                             BFy, 0.0, 0.9755386340119736, -0.21982805451091017, BFz, 0.0, 0.21982805451091025, 0.9755386340119745
Time, 0.112, Pos_X, 0.004508488753252, Pos_Y, -0.004923246235358226, Pos_Z, 0.004526436001288676, BFx, 1.0, 0.0, 0.0,                             BFy, 0.0, 0.9747111755630419, -0.22346839649604242, BFz, 0.0, 0.22346839649604255, 0.9747111755630425
Time, 0.114, Pos_X, 0.004741684468124, Pos_Y, -0.005188436665840535, Pos_Z, 0.00473157250797464, BFx, 1.0, 0.0, 0.0,                             BFy, 0.0, 0.9738299590774834, -0.2272778273460618, BFz, 0.0, 0.22727782734606197, 0.973829959077484
Time, 0.116, Pos_X, 0.004978364167516, Pos_Y, -0.0054598088575217195, Pos_Z, 0.004939705818483947, BFx, 1.0, 0.0, 0.0,                             BFy, 0.0, 0.9728923719849587, -0.23125836748857365, BFz, 0.0, 0.23125836748857387, 0.9728923719849594
Time, 0.118, Pos_X, 0.005218086381107999, Pos_Y, -0.0057368753839597, Pos_Z, 0.00515043272771283, BFx, 1.0, 0.0, 0.0,                             BFy, 0.0, 0.9718962041534993, -0.23540978813978575, BFz, 0.0, 0.23540978813978597, 0.9718962041534999
Time, 0.12, Pos_X, 0.005460375150499999, Pos_Y, -0.006019100484521587, Pos_Z, 0.005363338952013169, BFx, 1.0, 0.0, 0.0,                             BFy, 0.0, 0.9708396604658038, -0.23972975131727398, BFz, 0.0, 0.23972975131727417, 0.9708396604658043
Time, 0.122, Pos_X, 0.005704721154011999, Pos_Y, -0.006305903354999547, Pos_Z, 0.005578002906162231, BFx, 1.0, 0.0, 0.0,                             BFy, 0.0, 0.9697213865814753, -0.24421390707021576, BFz, 0.0, 0.24421390707021595, 0.9697213865814758
Time, 0.124, Pos_X, 0.005950585295243999, Pos_Y, -0.006596665354476476, Pos_Z, 0.005793998115643385, BFx, 1.0, 0.0, 0.0,                             BFy, 0.0, 0.9685404954062273, -0.24885600004472147, BFz, 0.0, 0.24885600004472166, 0.9685404954062279
Time, 0.126, Pos_X, 0.006197400447795999, Pos_Y, -0.006890737825132691, Pos_Z, 0.006010896185351564, BFx, 1.0, 0.0, 0.0,                             BFy, 0.0, 0.9672965157886899, -0.2536482811750542, BFz, 0.0, 0.2536482811750545, 0.9672965157886904
Time, 0.128, Pos_X, 0.006444572785207998, Pos_Y, -0.007187449674300193, Pos_Z, 0.0062282704639823935, BFx, 1.0, 0.0, 0.0,                             BFy, 0.0, 0.9659892643560384, -0.2585821748475298, BFz, 0.0, 0.2585821748475301, 0.9659892643560389
Time, 0.13, Pos_X, 0.006691483835439998, Pos_Y, -0.007486114346532244, Pos_Z, 0.006445699912734681, BFx, 1.0, 0.0, 0.0,                             BFy, 0.0, 0.9646186740680808, -0.2636490349672016, BFz, 0.0, 0.26364903496720177, 0.9646186740680811
Time, 0.132, Pos_X, 0.006937494025251998, Pos_Y, -0.007786037076134967, Pos_Z, 0.006662773376809037, BFx, 1.0, 0.0, 0.0,                             BFy, 0.0, 0.9631846955324315, -0.2688405517999394, BFz, 0.0, 0.2688405517999396, 0.963184695532432
Time, 0.134, Pos_X, 0.007181947096563998, Pos_Y, -0.00808652331370125, Pos_Z, 0.006879094303788471, BFx, 1.0, 0.0, 0.0,                             BFy, 0.0, 0.9616871402481615, -0.27414931019667244, BFz, 0.0, 0.27414931019667266, 0.9616871402481622
Time, 0.136, Pos_X, 0.007424175674875999, Pos_Y, -0.008386888358287657, Pos_Z, 0.007094285776212371, BFx, 1.0, 0.0, 0.0,                             BFy, 0.0, 0.9601256576445529, -0.27956881359088126, BFz, 0.0, 0.2795688135908815, 0.9601256576445536
Time, 0.138, Pos_X, 0.007663507247587999, Pos_Y, -0.008686467536993902, Pos_Z, 0.007307995538775498, BFx, 1.0, 0.0, 0.0,                             BFy, 0.0, 0.9584998450610253, -0.2850930497539156, BFz, 0.0, 0.2850930497539158, 0.958499845061026
Time, 0.14, Pos_X, 0.007899269718559998, Pos_Y, -0.008984626018947473, Pos_Z, 0.007519901670204414, BFx, 1.0, 0.0, 0.0,                             BFy, 0.0, 0.956809534049191, -0.29071552341174983, BFz, 0.0, 0.2907155234117501, 0.9568095340491919
Time, 0.142, Pos_X, 0.008130798330591995, Pos_Y, -0.009280768786447305, Pos_Z, 0.007729718904344202, BFx, 1.0, 0.0, 0.0,                             BFy, 0.0, 0.9550550764252417, -0.29642840787342534, BFz, 0.0, 0.2964284078734256, 0.9550550764252423
Time, 0.144, Pos_X, 0.008357443168823996, Pos_Y, -0.0095743503872792, Pos_Z, 0.007937204433026847, BFx, 1.0, 0.0, 0.0,                             BFy, 0.0, 0.9532376372841831, -0.30222178423281565, BFz, 0.0, 0.3022217842328159, 0.9532376372841836
Time, 0.146, Pos_X, 0.008578576795455995, Pos_Y, -0.009864884161458566, Pos_Z, 0.008142163598644352, BFx, 1.0, 0.0, 0.0,                             BFy, 0.0, 0.9513600344841675, -0.30808129574234416, BFz, 0.0, 0.3080812957423444, 0.9513600344841682
Time, 0.148, Pos_X, 0.008793602621487996, Pos_Y, -0.010151951153069442, Pos_Z, 0.008344455680026114, BFx, 1.0, 0.0, 0.0,                             BFy, 0.0, 0.9494273903014718, -0.3139866725600536, BFz, 0.0, 0.31398667256005386, 0.9494273903014727
Time, 0.15, Pos_X, 0.009001961983919997, Pos_Y, -0.010435208113500462, Pos_Z, 0.008543999675118437, BFx, 1.0, 0.0, 0.0,                             BFy, 0.0, 0.9474471947270199, -0.31991219608495386, BFz, 0.0, 0.3199121960849541, 0.9474471947270209
Time, 0.152, Pos_X, 0.009203139702551997, Pos_Y, -0.010714393737645827, Pos_Z, 0.008740779412989882, BFx, 1.0, 0.0, 0.0,                             BFy, 0.0, 0.9454294757245078, -0.325826804347463, BFz, 0.0, 0.3258268043474633, 0.9454294757245086
Time, 0.154, Pos_X, 0.009396669930783997, Pos_Y, -0.010989334300016479, Pos_Z, 0.008934848209906358, BFx, 1.0, 0.0, 0.0,                             BFy, 0.0, 0.9433868893864313, -0.3316944029280426, BFz, 0.0, 0.331694402928043, 0.9433868893864322
Time, 0.156, Pos_X, 0.009582142256215996, Pos_Y, -0.01125994888759895, Pos_Z, 0.009126333110612969, BFx, 1.0, 0.0, 0.0,                             BFy, 0.0, 0.941334470419469, -0.3374750580414722, BFz, 0.0, 0.33747505804147254, 0.94133447041947
Time, 0.158, Pos_X, 0.009759208874847996, Pos_Y, -0.011526253492106247, Pos_Z, 0.009315437240266821, BFx, 1.0, 0.0, 0.0,                             BFy, 0.0, 0.9392892032319128, -0.3431264966334658, BFz, 0.0, 0.34312649663346606, 0.9392892032319137
Time, 0.16, Pos_X, 0.009927590113279997, Pos_Y, -0.011788363838580066, Pos_Z, 0.009502440648760479, BFx, 1.0, 0.0, 0.0,                             BFy, 0.0, 0.9372694756976153, -0.34860569405205444, BFz, 0.0, 0.34860569405205477, 0.9372694756976162
Time, 0.162, Pos_X, 0.010087077255911996, Pos_Y, -0.01204649684391656, Pos_Z, 0.009687700599706412, BFx, 1.0, 0.0, 0.0,                             BFy, 0.0, 0.9352942748257199, -0.3538709079286227, BFz, 0.0, 0.353870907928623, 0.9352942748257208
Time, 0.164, Pos_X, 0.010237535144143996, Pos_Y, -0.012300971648944581, Pos_Z, 0.009871651696319012, BFx, 1.0, 0.0, 0.0,                             BFy, 0.0, 0.9333822989740815, -0.3588836635483078, BFz, 0.0, 0.3588836635483082, 0.9333822989740824
Time, 0.166, Pos_X, 0.010378903933575996, Pos_Y, -0.012552208903675465, Pos_Z, 0.01005480430958457, BFx, 1.0, 0.0, 0.0,                             BFy, 0.0, 0.9315510842257977, -0.36361047492851156, BFz, 0.0, 0.363610474928512, 0.9315510842257986
Time, 0.168, Pos_X, 0.010511200183407995, Pos_Y, -0.012800727419681556, Pos_Z, 0.010237739190943096, BFx, 1.0, 0.0, 0.0,                             BFy, 0.0, 0.9298161796925815, -0.3680242817829959, BFz, 0.0, 0.3680242817829964, 0.9298161796925823
Time, 0.17, Pos_X, 0.010634516853639996, Pos_Y, -0.01304713890031974, Pos_Z, 0.010421099329698407, BFx, 1.0, 0.0, 0.0,                             BFy, 0.0, 0.9281903252035753, -0.37210579167553703, BFz, 0.0, 0.37210579167553753, 0.9281903252035762
Time, 0.172, Pos_X, 0.010749021515271994, Pos_Y, -0.013292141366814902, Pos_Z, 0.010605580705048707, BFx, 1.0, 0.0, 0.0,                             BFy, 0.0, 0.9266827370221032, -0.37584452224985304, BFz, 0.0, 0.37584452224985354, 0.9266827370221042
Time, 0.174, Pos_X, 0.010854953443103995, Pos_Y, -0.013536510492607316, Pos_Z, 0.010791921040926942, BFx, 1.0, 0.0, 0.0,                             BFy, 0.0, 0.9252985973661769, -0.3792393778501676, BFz, 0.0, 0.37923937785016804, 0.925298597366178
Time, 0.176, Pos_X, 0.010952619499535994, Pos_Y, -0.013781088508513718, Pos_Z, 0.010980885827377924, BFx, 1.0, 0.0, 0.0,                             BFy, 0.0, 0.9240387290330702, -0.38229887162656473, BFz, 0.0, 0.3822988716265652, 0.9240387290330713
Time, 0.178, Pos_X, 0.011042387572567994, Pos_Y, -0.014026770022117958, Pos_Z, 0.011173253029297432, BFx, 1.0, 0.0, 0.0,                             BFy, 0.0, 0.9228994836054069, -0.3850409629648119, BFz, 0.0, 0.3850409629648123, 0.9228994836054081
Time, 0.18, Pos_X, 0.011124681174399994, Pos_Y, -0.01427448818755889, Pos_Z, 0.011369797904550968, BFx, 1.0, 0.0, 0.0,                             BFy, 0.0, 0.9218729869853631, -0.38749218813632924, BFz, 0.0, 0.38749218813632974, 0.9218729869853644
Time, 0.182, Pos_X, 0.011199974461031994, Pos_Y, -0.014525203170224224, Pos_Z, 0.01157127655637154, BFx, 1.0, 0.0, 0.0,                             BFy, 0.0, 0.9209476569640198, -0.38968630092996387, BFz, 0.0, 0.38968630092996437, 0.920947656964021
Time, 0.184, Pos_X, 0.011268784581663993, Pos_Y, -0.014779887719974922, Pos_Z, 0.011778406833008398, BFx, 1.0, 0.0, 0.0,                             BFy, 0.0, 0.9201090457707561, -0.39166228295666267, BFz, 0.0, 0.3916622829566632, 0.9201090457707574
Time, 0.186, Pos_X, 0.011331663690695994, Pos_Y, -0.015039510229847536, Pos_Z, 0.011991849259743581, BFx, 1.0, 0.0, 0.0,                             BFy, 0.0, 0.91934086758692, -0.3934620301687642, BFz, 0.0, 0.39346203016876474, 0.9193408675869212
Time, 0.188, Pos_X, 0.011389191437527995, Pos_Y, -0.015305018303762592, Pos_Z, 0.012212189629243636, BFx, 1.0, 0.0, 0.0,                             BFy, 0.0, 0.9186260147729831, -0.39512813742165165, BFz, 0.0, 0.3951281374216522, 0.9186260147729843
Time, 0.19, Pos_X, 0.011441968536359995, Pos_Y, -0.015577323049130903, Pos_Z, 0.012439923407764774, BFx, 1.0, 0.0, 0.0,                             BFy, 0.0, 0.9179475973308096, -0.3967016619004651, BFz, 0.0, 0.3967016619004657, 0.9179475973308107
Time, 0.192, Pos_X, 0.011490610275091994, Pos_Y, -0.01585728431624838, Pos_Z, 0.01267544291477456, BFx, 1.0, 0.0, 0.0,                             BFy, 0.0, 0.9172899847305821, -0.3982198939191326, BFz, 0.0, 0.3982198939191332, 0.9172899847305833
Time, 0.194, Pos_X, 0.011535739365243994, Pos_Y, -0.016145697533762854, Pos_Z, 0.012919027784109667, BFx, 1.0, 0.0, 0.0,                             BFy, 0.0, 0.9166397301009674, -0.39971440454457274, BFz, 0.0, 0.3997144045445733, 0.9166397301009687
Time, 0.196, Pos_X, 0.011577977434115995, Pos_Y, -0.016443281709737075, Pos_Z, 0.013170838888647497, BFx, 1.0, 0.0, 0.0,                             BFy, 0.0, 0.9159864023053897, -0.40120931044982694, BFz, 0.0, 0.40120931044982744, 0.9159864023053907
Time, 0.198, Pos_X, 0.011617935998527994, Pos_Y, -0.016750669918675378, Pos_Z, 0.01343091664815978, BFx, 1.0, 0.0, 0.0,                             BFy, 0.0, 0.9153232988124511, -0.4027198264936671, BFz, 0.0, 0.4027198264936676, 0.9153232988124522
Time, 0.2, Pos_X, 0.011656209060999994, Pos_Y, -0.017068402040142722, Pos_Z, 0.013699182612740122, BFx, 1.0, 0.0, 0.0,                             BFy, 0.0, 0.9146473377198974, -0.4042527026525625, BFz, 0.0, 0.4042527026525631, 0.9146473377198986
Time, 0.202, Pos_X, 0.011693366778951993, Pos_Y, -0.01739691783320372, Pos_Z, 0.013975441600276677, BFx, 1.0, 0.0, 0.0,                             BFy, 0.0, 0.9139593925627849, -0.4058056539111574, BFz, 0.0, 0.40580565391115786, 0.9139593925627864
Time, 0.204, Pos_X, 0.011729950610515993, Pos_Y, -0.017736552794003557, Pos_Z, 0.01425938671189764, BFx, 1.0, 0.0, 0.0,                             BFy, 0.0, 0.9132646837641681, -0.4073666866462334, BFz, 0.0, 0.4073666866462339, 0.9132646837641697
Time, 0.206, Pos_X, 0.011766469802751993, Pos_Y, -0.018087537459687577, Pos_Z, 0.01455060889981905, BFx, 1.0, 0.0, 0.0,                             BFy, 0.0, 0.9125722990160291, -0.40891539353342476, BFz, 0.0, 0.4089153935334252, 0.9125722990160305
Time, 0.208, Pos_X, 0.011803398462927992, Pos_Y, -0.018449998907215215, Pos_Z, 0.014848609542379375, BFx, 1.0, 0.0, 0.0,                             BFy, 0.0, 0.9118945164044424, -0.4104246471052937, BFz, 0.0, 0.41042464710529414, 0.9118945164044436
Time, 0.21, Pos_X, 0.011841172521063993, Pos_Y, -0.018823965100241556, Pos_Z, 0.015152816016202707, BFx, 1.0, 0.0, 0.0,                             BFy, 0.0, 0.9112460162094588, -0.41186247454992514, BFz, 0.0, 0.4118624745499256, 0.91124601620946
Time, 0.212, Pos_X, 0.011880186165199993, Pos_Y, -0.019209371744929277, Pos_Z, 0.015462599689771863, BFx, 1.0, 0.0, 0.0,                             BFy, 0.0, 0.9106426286612092, -0.41319487274771466, BFz, 0.0, 0.41319487274771516, 0.9106426286612104
Time, 0.214, Pos_X, 0.011920790101095993, Pos_Y, -0.01960607156733185, Pos_Z, 0.015777294957232527, BFx, 1.0, 0.0, 0.0,                             BFy, 0.0, 0.9101000551024657, -0.41438857332518936, BFz, 0.0, 0.41438857332518986, 0.9101000551024668
Time, 0.216, Pos_X, 0.011963291542071994, Pos_Y, -0.02001384540461156, Pos_Z, 0.016096217315214524, BFx, 1.0, 0.0, 0.0,                             BFy, 0.0, 0.9096327177917488, -0.4154134310813673, BFz, 0.0, 0.4154134310813678, 0.90963271779175
Time, 0.218, Pos_X, 0.012007954321727994, Pos_Y, -0.02043241385360577, Pos_Z, 0.01641867929546501, BFx, 1.0, 0.0, 0.0,                             BFy, 0.0, 0.9092525577687005, -0.41624486326088517, BFz, 0.0, 0.41624486326088567, 0.9092525577687018
Time, 0.22, Pos_X, 0.012054999897783995, Pos_Y, -0.02086144927997449, Pos_Z, 0.01674400433350338, BFx, 1.0, 0.0, 0.0,                             BFy, 0.0, 0.9089680371230038, -0.4168658147278936, BFz, 0.0, 0.41686581472789414, 0.9089680371230051
Time, 0.222, Pos_X, 0.012104609169639995, Pos_Y, -0.02130058787050179, Pos_Z, 0.017071539927712966, BFx, 1.0, 0.0, 0.0,                             BFy, 0.0, 0.908783323657596, -0.41726834368527144, BFz, 0.0, 0.417268343685272, 0.9087833236575973
Time, 0.224, Pos_X, 0.012156927037295996, Pos_Y, -0.02174944329008338, Pos_Z, 0.017400671889419246, BFx, 1.0, 0.0, 0.0,                             BFy, 0.0, 0.9086979318417927, -0.41745427134770696, BFz, 0.0, 0.4174542713477076, 0.908697931841794
Time, 0.226, Pos_X, 0.012212065821411995, Pos_Y, -0.02220761672696003, Pos_Z, 0.017730832249007376, BFx, 1.0, 0.0, 0.0,                             BFy, 0.0, 0.9087067487509677, -0.417435078514542, BFz, 0.0, 0.4174350785145425, 0.908706748750969
Time, 0.228, Pos_X, 0.012270107337667995, Pos_Y, -0.022674703263310215, Pos_Z, 0.018061499214448756, BFx, 1.0, 0.0, 0.0,                             BFy, 0.0, 0.9088002567160626, -0.41723146261136035, BFz, 0.0, 0.41723146261136085, 0.9088002567160639
Time, 0.23, Pos_X, 0.012331109016683994, Pos_Y, -0.023150301549435936, Pos_Z, 0.018392197921003137, BFx, 1.0, 0.0, 0.0,                             BFy, 0.0, 0.9089650467978195, -0.41687233501377124, BFz, 0.0, 0.4168723350137717, 0.9089650467978209
Time, 0.232, Pos_X, 0.012395108865719994, Pos_Y, -0.02363402228103327, Pos_Z, 0.018722503768063954, BFx, 1.0, 0.0, 0.0,                             BFy, 0.0, 0.9091846727721685, -0.4163931204957169, BFz, 0.0, 0.4163931204957175, 0.9091846727721699
Time, 0.234, Pos_X, 0.012462128382495994, Pos_Y, -0.02412549355227882, Pos_Z, 0.019052045743971308, BFx, 1.0, 0.0, 0.0,                             BFy, 0.0, 0.909440624128751, -0.4158338023589516, BFz, 0.0, 0.4158338023589521, 0.9094406241287525
Time, 0.236, Pos_X, 0.012532179944991994, Pos_Y, -0.024624364075835042, Pos_Z, 0.019380502162862363, BFx, 1.0, 0.0, 0.0,                             BFy, 0.0, 0.9097133795026593, -0.415236760359493, BFz, 0.0, 0.41523676035949353, 0.9097133795026606
Time, 0.238, Pos_X, 0.012605273656807994, Pos_Y, -0.02513030512932952, Pos_Z, 0.019707591322764933, BFx, 1.0, 0.0, 0.0,                             BFy, 0.0, 0.9099834545460281, -0.41464456158554963, BFz, 0.0, 0.4146445615855502, 0.9099834545460296
Time, 0.24, Pos_X, 0.012681422795103994, Pos_Y, -0.025643016821931233, Pos_Z, 0.020033066817824706, BFx, 1.0, 0.0, 0.0,                             BFy, 0.0, 0.9102322718280647, -0.4140980696920914, BFz, 0.0, 0.41409806969209195, 0.910232271828066
Time, 0.242, Pos_X, 0.012760649590479994, Pos_Y, -0.026162233994001374, Pos_Z, 0.02035671242473933, BFx, 1.0, 0.0, 0.0,                             BFy, 0.0, 0.9104429318761238, -0.4136347033274699, BFz, 0.0, 0.4136347033274705, 0.9104429318761251
Time, 0.244, Pos_X, 0.012842987779655994, Pos_Y, -0.026687726651276323, Pos_Z, 0.02067833469918605, BFx, 1.0, 0.0, 0.0,                             BFy, 0.0, 0.9106005894604349, -0.4132875106681843, BFz, 0.0, 0.41328751066818487, 0.9106005894604361
Time, 0.246, Pos_X, 0.012928483341031995, Pos_Y, -0.027219299485641103, Pos_Z, 0.020997758974499736, BFx, 1.0, 0.0, 0.0,                             BFy, 0.0, 0.9106926123112224, -0.4130846957728616, BFz, 0.0, 0.41308469577286216, 0.9106926123112237
Time, 0.248, Pos_X, 0.013017195705667995, Pos_Y, -0.02775679112088309, Pos_Z, 0.021314826411768073, BFx, 1.0, 0.0, 0.0,                             BFy, 0.0, 0.9107085247324034, -0.41304961321822564, BFz, 0.0, 0.4130496132182262, 0.9107085247324045
Time, 0.25, Pos_X, 0.013109201156163996, Pos_Y, -0.02830007314899711, Pos_Z, 0.021629388847093416, BFx, 1.0, 0.0, 0.0,                             BFy, 0.0, 0.9106397930978851, -0.41320112200553977, BFz, 0.0, 0.4132011220055405, 0.9106397930978863
Time, 0.252, Pos_X, 0.013204596170979997, Pos_Y, -0.028849050668767987, Pos_Z, 0.0219413028044759, BFx, 1.0, 0.0, 0.0,                             BFy, 0.0, 0.9104794795230546, -0.413554249606292, BFz, 0.0, 0.4135542496062927, 0.9104794795230559
Time, 0.254, Pos_X, 0.013303500359715996, Pos_Y, -0.02940366443124465, Pos_Z, 0.022250424740518398, BFx, 1.0, 0.0, 0.0,                             BFy, 0.0, 0.9102219590864186, -0.41412073746297473, BFz, 0.0, 0.4141207374629754, 0.9102219590864197
Time, 0.256, Pos_X, 0.013406058196051996, Pos_Y, -0.02996389304520158, Pos_Z, 0.02255660712492897, BFx, 1.0, 0.0, 0.0,                             BFy, 0.0, 0.9098625851294786, -0.4149097205194136, BFz, 0.0, 0.41490972051941427, 0.9098625851294797
Time, 0.258, Pos_X, 0.013512439939287996, Pos_Y, -0.03052975361611855, Pos_Z, 0.022859694562876096, BFx, 1.0, 0.0, 0.0,                             BFy, 0.0, 0.9093973705681324, -0.4159283861480992, BFz, 0.0, 0.41592838614809985, 0.9093973705681335
Time, 0.26, Pos_X, 0.013622843850023996, Pos_Y, -0.0311013016165653, Pos_Z, 0.023159520627219703, BFx, 1.0, 0.0, 0.0,                             BFy, 0.0, 0.9088228363110754, -0.41718227694796417, BFz, 0.0, 0.4171822769479648, 0.9088228363110765
Time, 0.262, Pos_X, 0.013737497653159996, Pos_Y, -0.03167863108480787, Pos_Z, 0.023455906726880856, BFx, 1.0, 0.0, 0.0,                             BFy, 0.0, 0.9081359796027532, -0.4186753426593732, BFz, 0.0, 0.41867534265937373, 0.9081359796027542
Time, 0.264, Pos_X, 0.013856658733295996, Pos_Y, -0.03226187409653398, Pos_Z, 0.02374866268626469, BFx, 1.0, 0.0, 0.0,                             BFy, 0.0, 0.907334539440733, -0.42040936423665565, BFz, 0.0, 0.4204093642366562, 0.9073345394407338
Time, 0.266, Pos_X, 0.013980614124231997, Pos_Y, -0.03285119978371598, Pos_Z, 0.024037587686757962, BFx, 1.0, 0.0, 0.0,                             BFy, 0.0, 0.9064174438399144, -0.42238302227091434, BFz, 0.0, 0.42238302227091484, 0.9064174438399153
Time, 0.268, Pos_X, 0.014109679017167996, Pos_Y, -0.03344681291974065, Pos_Z, 0.024322471991731317, BFx, 1.0, 0.0, 0.0,                             BFy, 0.0, 0.9053853744225845, -0.4245907721343845, BFz, 0.0, 0.424590772134385, 0.9053853744225854
Time, 0.27, Pos_X, 0.014244193910503996, Pos_Y, -0.034048952459566004, Pos_Z, 0.024603100973030093, BFx, 1.0, 0.0, 0.0,                             BFy, 0.0, 0.9042414308722574, -0.4270215857472416, BFz, 0.0, 0.4270215857472421, 0.9042414308722583
Time, 0.272, Pos_X, 0.014384519931839996, Pos_Y, -0.034657890458508575, Pos_Z, 0.024879261820399862, BFx, 1.0, 0.0, 0.0,                             BFy, 0.0, 0.9029916838377392, -0.4296580255504144, BFz, 0.0, 0.4296580255504149, 0.9029916838377401
Time, 0.274, Pos_X, 0.014531031797775996, Pos_Y, -0.03527392968898762, Pos_Z, 0.02515075098336407, BFx, 1.0, 0.0, 0.0,                             BFy, 0.0, 0.9016460047558387, -0.432474834074574, BFz, 0.0, 0.43247483407457454, 0.9016460047558396
Time, 0.276, Pos_X, 0.014684109672311997, Pos_Y, -0.035897401234782945, Pos_Z, 0.025417382900436936, BFx, 1.0, 0.0, 0.0,                             BFy, 0.0, 0.9002189446231725, -0.43543754057446316, BFz, 0.0, 0.43543754057446366, 0.9002189446231734
Time, 0.278, Pos_X, 0.014844129632047997, Pos_Y, -0.03652866290726407, Pos_Z, 0.02567900124970204, BFx, 1.0, 0.0, 0.0,                             BFy, 0.0, 0.898730131658115, -0.4385021669841361, BFz, 0.0, 0.43850216698413663, 0.8987301316581158
Time, 0.28, Pos_X, 0.015011453965983997, Pos_Y, -0.03716809760771201, Pos_Z, 0.02593549009983818, BFx, 1.0, 0.0, 0.0,                             BFy, 0.0, 0.8972045082997978, -0.44161529670802147, BFz, 0.0, 0.441615296708022, 0.8972045082997986
Time, 0.282, Pos_X, 0.015186421624319992, Pos_Y, -0.037816110245910646, Pos_Z, 0.026186782753446304, BFx, 1.0, 0.0, 0.0,                             BFy, 0.0, 0.8956722831019546, -0.44471469649982137, BFz, 0.0, 0.4447146964998219, 0.8956722831019552
Time, 0.284, Pos_X, 0.015369338293055992, Pos_Y, -0.03847312388868121, Pos_Z, 0.02643286988583227, BFx, 1.0, 0.0, 0.0,                             BFy, 0.0, 0.8941682117645235, -0.44773117947026, BFz, 0.0, 0.4477311794702606, 0.8941682117645241
Time, 0.286, Pos_X, 0.015560466474391993, Pos_Y, -0.03913957701684914, Pos_Z, 0.02667380859457913, BFx, 1.0, 0.0, 0.0,                             BFy, 0.0, 0.8927300499078439, -0.45059189738779626, BFz, 0.0, 0.4505918973877968, 0.8927300499078445
Time, 0.288, Pos_X, 0.015760015409127994, Pos_Y, -0.03981592141825266, Pos_Z, 0.026909731845214568, BFx, 1.0, 0.0, 0.0,                             BFy, 0.0, 0.8913961082922308, -0.4532250854944608, BFz, 0.0, 0.45322508549446133, 0.8913961082922313
Time, 0.29, Pos_X, 0.015968128067463994, Pos_Y, -0.04050261670883895, Pos_Z, 0.027140857239616636, BFx, 1.0, 0.0, 0.0,                             BFy, 0.0, 0.8902022469756412, -0.4555655380727508, BFz, 0.0, 0.4555655380727514, 0.8902022469756419
Time, 0.292, Pos_X, 0.016184868160799993, Pos_Y, -0.041200121856138354, Pos_Z, 0.027367495144822177, BFx, 1.0, 0.0, 0.0,                             BFy, 0.0, 0.8891786328045368, -0.4575602244118798, BFz, 0.0, 0.4575602244118805, 0.8891786328045376
Time, 0.294, Pos_X, 0.016410211023135994, Pos_Y, -0.04190888876893751, Pos_Z, 0.027590055820382393, BFx, 1.0, 0.0, 0.0,                             BFy, 0.0, 0.8883466402051716, -0.45917343873113864, BFz, 0.0, 0.45917343873113925, 0.8883466402051724
Time, 0.296, Pos_X, 0.016644036632471992, Pos_Y, -0.0426293569052512, Pos_Z, 0.027809053475970506, BFx, 1.0, 0.0, 0.0,                             BFy, 0.0, 0.8877163574860921, -0.46039077820002033, BFz, 0.0, 0.460390778200021, 0.8877163574860928
Time, 0.298, Pos_X, 0.01688612549500799, Pos_Y, -0.0433619474296832, Pos_Z, 0.028025105600326398, BFx, 1.0, 0.0, 0.0,                             BFy, 0.0, 0.8872851728443278, -0.46122122896784257, BFz, 0.0, 0.46122122896784323, 0.8872851728443285
Time, 0.3, Pos_X, 0.01713615657574399, Pos_Y, -0.04410705702634736, Pos_Z, 0.028238926938517782, BFx, 1.0, 0.0, 0.0,                             BFy, 0.0, 0.8870375491578181, -0.46169728869042254, BFz, 0.0, 0.46169728869042315, 0.8870375491578187
Time, 0.302, Pos_X, 0.01739370721007999, Pos_Y, -0.044865050618674816, Pos_Z, 0.028451318932226723, BFx, 1.0, 0.0, 0.0,                             BFy, 0.0, 0.8869461121326481, -0.4618729199387809, BFz, 0.0, 0.46187291993878143, 0.8869461121326488
Time, 0.304, Pos_X, 0.01765825565981599, Pos_Y, -0.04563625325489445, Pos_Z, 0.02866315560658505, BFx, 1.0, 0.0, 0.0,                             BFy, 0.0, 0.8869738391530614, -0.46181967114673095, BFz, 0.0, 0.4618196711467315, 0.8869738391530622
Time, 0.306, Pos_X, 0.01792918777535199, Pos_Y, -0.046420942788369904, Pos_Z, 0.028875366699645723, BFx, 1.0, 0.0, 0.0,                             BFy, 0.0, 0.8870769977444549, -0.46162149004642283, BFz, 0.0, 0.46162149004642333, 0.8870769977444557
Time, 0.308, Pos_X, 0.01820580626248799, Pos_Y, -0.047219343256877336, Pos_Z, 0.02908891816628796, BFx, 1.0, 0.0, 0.0,                             BFy, 0.0, 0.8872084028534218, -0.46136888701588413, BFz, 0.0, 0.4613688870158845, 0.8872084028534226
Time, 0.31, Pos_X, 0.01848734010482399, Pos_Y, -0.048031620392595564, Pos_Z, 0.0293047924526112, BFx, 1.0, 0.0, 0.0,                             BFy, 0.0, 0.8873206043736414, -0.46115306033245757, BFz, 0.0, 0.46115306033245806, 0.8873206043736421
Time, 0.312, Pos_X, 0.01877295577975999, Pos_Y, -0.04885788060333039, Pos_Z, 0.029523970749563918, BFx, 1.0, 0.0, 0.0,                             BFy, 0.0, 0.8873688091205953, -0.4610602960567003, BFz, 0.0, 0.4610602960567008, 0.8873688091205961
Time, 0.314, Pos_X, 0.01906177062489599, Pos_Y, -0.04969817128060089, Pos_Z, 0.02974741356717442, BFx, 1.0, 0.0, 0.0,                             BFy, 0.0, 0.8873128188112803, -0.46116804049410876, BFz, 0.0, 0.46116804049410925, 0.8873128188112811
Time, 0.316, Pos_X, 0.01935286882883199, Pos_Y, -0.05055248221371643, Pos_Z, 0.029976038653945172, BFx, 1.0, 0.0, 0.0,                             BFy, 0.0, 0.8871181618115447, -0.4615423783187216, BFz, 0.0, 0.4615423783187222, 0.8871181618115456
Time, 0.318, Pos_X, 0.01964531945738799, Pos_Y, -0.05142074932547623, Pos_Z, 0.030210699492312785, BFx, 1.0, 0.0, 0.0,                             BFy, 0.0, 0.8867564049611711, -0.462237036876466, BFz, 0.0, 0.4622370368764666, 0.886756404961172
