Time, 0, Pos_X, 0.0, Pos_Y, 0.0, Pos_Z, 0.0, BFx, 1.0, 0.0, 0.0,                         BFy, 0.0, 1.0, 0.0, BFz, 0.0, 0.0, 1.0
Time, 0.0, Pos_X, 0.0, Pos_Y, 0.0, Pos_Z, 0.0, BFx, 1.0, 0.0, 0.0,                             BFy, 0.0, 1.0, 0.0, BFz, 0.0, 0.0, 1.0
Time, 0.002, Pos_X, 2.4328422e-06, Pos_Y, -1.3680112459853985e-07, Pos_Z, -9.799707351745898e-07, BFx, 1.0, 0.0, 0.0,                             BFy, 0.0, 0.9999983817441669, -0.0017990300295690923, BFz, 0.0, 0.0017990300295690923, 0.9999983817441669
Time, 0.004, Pos_X, 9.7426274e-06, Pos_Y, -5.28434953906968e-07, Pos_Z, -3.909601031611283e-06, BFx, 1.0, 0.0, 0.0,                             BFy, 0.0, 0.9999934180166735, -0.003628212139701773, BFz, 0.0, 0.003628212139701773, 0.9999934180166734
Time, 0.006, Pos_X, 2.1951072e-05, Pos_Y, -1.138300501831629e-06, Pos_Z, -8.767724393829363e-06, BFx, 1.0, 0.0, 0.0,                             BFy, 0.0, 0.9999849250678852, -0.005490868508343619, BFz, 0.0, 0.005490868508343618, 0.9999849250678852
Time, 0.008, Pos_X, 3.90782588e-05, Pos_Y, -1.9319225244814155e-06, Pos_Z, -1.5532058229276838e-05, BFx, 1.0, 0.0, 0.0,                             BFy, 0.0, 0.9999726917870376, -0.007390242227828967, BFz, 0.0, 0.0073902422278289675, 0.9999726917870377
Time, 0.01, Pos_X, 6.11426414e-05, Pos_Y, -2.8775749494233063e-06, Pos_Z, -2.41790052694919e-05, BFx, 1.0, 0.0, 0.0,                             BFy, 0.0, 0.9999564814987318, -0.009329260885826949, BFz, 0.0, 0.009329260885826954, 0.999956481498732
Time, 0.012, Pos_X, 8.81609506e-05, Pos_Y, -3.9470986642367916e-06, Pos_Z, -3.468358818164459e-05, BFx, 1.0, 0.0, 0.0,                             BFy, 0.0, 0.99993603656032, -0.011310295665358436, BFz, 0.0, 0.011310295665358442, 0.9999360365603202
Time, 0.014, Pos_X, 0.000120147684, Pos_Y, -5.116495568957811e-06, Pos_Z, -4.70193232025279e-05, BFx, 1.0, 0.0, 0.0,                             BFy, 0.0, 0.999911089215326, -0.013334679007019852, BFz, 0.0, 0.013334679007019857, 0.9999110892153259
Time, 0.016, Pos_X, 0.0001571148724, Pos_Y, -6.366020952694192e-06, Pos_Z, -6.115774930563502e-05, BFx, 1.0, 0.0, 0.0,                             BFy, 0.0, 0.9998813779056435, -0.01540227637434093, BFz, 0.0, 0.015402276374340933, 0.9998813779056434
Time, 0.018, Pos_X, 0.00019907207779999996, Pos_Y, -7.67999666806694e-06, Pos_Z, -7.706823541257936e-05, BFx, 1.0, 0.0, 0.0,                             BFy, 0.0, 0.9998466652255994, -0.01751131169409128, BFz, 0.0, 0.017511311694091283, 0.9998466652255993
Time, 0.02, Pos_X, 0.00024602594319999996, Pos_Y, -9.046372987839216e-06, Pos_Z, -9.471806194826149e-05, BFx, 1.0, 0.0, 0.0,                             BFy, 0.0, 0.9998067578179045, -0.019658255814030096, BFz, 0.0, 0.019658255814030103, 0.9998067578179044
Time, 0.022, Pos_X, 0.0002979793717999999, Pos_Y, -1.0456217787719797e-05, Pos_Z, -0.000114072422653209, BFx, 1.0, 0.0, 0.0,                             BFy, 0.0, 0.9997615233686652, -0.021837957586869718, BFz, 0.0, 0.021837957586869728, 0.999761523368665
Time, 0.024, Pos_X, 0.00035493075599999995, Pos_Y, -1.1903204036457939e-05, Pos_Z, -0.00013509442896624622, BFx, 1.0, 0.0, 0.0,                             BFy, 0.0, 0.9997109023393151, -0.02404395441503745, BFz, 0.0, 0.024043954415037462, 0.9997109023393149
Time, 0.026, Pos_X, 0.0004168737907999999, Pos_Y, -1.3383004468607483e-05, Pos_Z, -0.00015774529452124313, BFx, 1.0, 0.0, 0.0,                             BFy, 0.0, 0.9996549098940327, -0.026269014537161153, BFz, 0.0, 0.026269014537161163, 0.9996549098940325
Time, 0.028, Pos_X, 0.00048379754419999995, Pos_Y, -1.4892824576364026e-05, Pos_Z, -0.0001819846862292481, BFx, 1.0, 0.0, 0.0,                             BFy, 0.0, 0.9995935943848623, -0.028506947657575818, BFz, 0.0, 0.02850694765757583, 0.999593594384862
Time, 0.03, Pos_X, 0.0005556859447999999, Pos_Y, -1.6430418978892488e-05, Pos_Z, -0.00020777132249044498, BFx, 1.0, 0.0, 0.0,                             BFy, 0.0, 0.9995270880821697, -0.030750612839084483, BFz, 0.0, 0.030750612839084493, 0.9995270880821693
Time, 0.032, Pos_X, 0.0006325167692, Pos_Y, -1.799249827357734e-05, Pos_Z, -0.0002350633691071843, BFx, 1.0, 0.0, 0.0,                             BFy, 0.0, 0.9994555305593006, -0.032994581895026256, BFz, 0.0, 0.03299458189502628, 0.9994555305593
Time, 0.034, Pos_X, 0.0007142605514000001, Pos_Y, -1.957299901431185e-05, Pos_Z, -0.00026381888654395606, BFx, 1.0, 0.0, 0.0,                             BFy, 0.0, 0.9993790338767611, -0.03523558779915855, BFz, 0.0, 0.035235587799158564, 0.9993790338767605
Time, 0.036, Pos_X, 0.0008008797727999998, Pos_Y, -2.116150285109793e-05, Pos_Z, -0.0002939967186276277, BFx, 1.0, 0.0, 0.0,                             BFy, 0.0, 0.9992976494242659, -0.037472761509360956, BFz, 0.0, 0.03747276150936097, 0.9992976494242652
Time, 0.038, Pos_X, 0.0008923283307999999, Pos_Y, -2.2741457738965568e-05, Pos_Z, -0.0003255574146079598, BFx, 1.0, 0.0, 0.0,                             BFy, 0.0, 0.9992113385115196, -0.03970769434275608, BFz, 0.0, 0.0397076943427561, 0.9992113385115189
Time, 0.04, Pos_X, 0.000988550426, Pos_Y, -2.428813768897927e-05, Pos_Z, -0.000358463777948175, BFx, 1.0, 0.0, 0.0,                             BFy, 0.0, 0.9991199475687245, -0.041944372331337174, BFz, 0.0, 0.041944372331337194, 0.9991199475687237
Time, 0.042, Pos_X, 0.0010894787264, Pos_Y, -2.5766800945953614e-05, Pos_Z, -0.00039268167115171453, BFx, 1.0, 0.0, 0.0,                             BFy, 0.0, 0.9990232004358396, -0.044188742807789574, BFz, 0.0, 0.044188742807789595, 0.9990232004358388
Time, 0.044, Pos_X, 0.0011950324184, Pos_Y, -2.713099712095763e-05, Pos_Z, -0.0004281814383449658, BFx, 1.0, 0.0, 0.0,                             BFy, 0.0, 0.9989207002862328, -0.04644819199562802, BFz, 0.0, 0.046448191995628045, 0.998920700286232
Time, 0.046, Pos_X, 0.0013051159188, Pos_Y, -2.8321336242761497e-05, Pos_Z, -0.0004649395267716108, BFx, 1.0, 0.0, 0.0,                             BFy, 0.0, 0.9988119374066389, -0.04873103419790572, BFz, 0.0, 0.04873103419790575, 0.998811937406638
Time, 0.048, Pos_X, 0.0014196174236, Pos_Y, -2.9264337416782316e-05, Pos_Z, -0.0005029399568210988, BFx, 1.0, 0.0, 0.0,                             BFy, 0.0, 0.9986963020588597, -0.05104602094149628, BFz, 0.0, 0.05104602094149631, 0.9986963020588588
Time, 0.05, Pos_X, 0.0015384068174, Pos_Y, -2.9871377652154014e-05, Pos_Z, -0.0005421755000300624, BFx, 1.0, 0.0, 0.0,                             BFy, 0.0, 0.9985731006965856, -0.05340189664429015, BFz, 0.0, 0.05340189664429018, 0.9985731006965848
Time, 0.052, Pos_X, 0.0016613334673999999, Pos_Y, -3.0038472710875685e-05, Pos_Z, -0.0005826480826472364, BFx, 1.0, 0.0, 0.0,                             BFy, 0.0, 0.998441556552693, -0.055807330599449, BFz, 0.0, 0.05580733059944902, 0.9984415565526922
Time, 0.054, Pos_X, 0.00178822393406, Pos_Y, -2.964692031716525e-05, Pos_Z, -0.0006243680743950599, BFx, 1.0, 0.0, 0.0,                             BFy, 0.0, 0.9983008064045399, -0.05827091840743511, BFz, 0.0, 0.05827091840743514, 0.9983008064045392
Time, 0.056, Pos_X, 0.00191887996324, Pos_Y, -2.856332196681433e-05, Pos_Z, -0.0006673538277721979, BFx, 1.0, 0.0, 0.0,                             BFy, 0.0, 0.9981498896193687, -0.06080129811807488, BFz, 0.0, 0.0608012981180749, 0.9981498896193679
Time, 0.058, Pos_X, 0.00205307606848, Pos_Y, -2.66387276708073e-05, Pos_Z, -0.0007116329060767247, BFx, 1.0, 0.0, 0.0,                             BFy, 0.0, 0.9979877336400372, -0.06340728273647137, BFz, 0.0, 0.06340728273647137, 0.9979877336400366
Time, 0.06, Pos_X, 0.0021905568280199995, Pos_Y, -2.3708978548291253e-05, Pos_Z, -0.0007572429821055296, BFx, 1.0, 0.0, 0.0,                             BFy, 0.0, 0.9978131319031024, -0.06609806201185309, BFz, 0.0, 0.0660980620118531, 0.9978131319031016
Time, 0.062, Pos_X, 0.0023310357859399997, Pos_Y, -1.9597491653919432e-05, Pos_Z, -0.0008042302581637094, BFx, 1.0, 0.0, 0.0,                             BFy, 0.0, 0.9976247140210128, -0.06888345210929434, BFz, 0.0, 0.06888345210929435, 0.9976247140210119
Time, 0.064, Pos_X, 0.0024741959696399996, Pos_Y, -1.4119298914932894e-05, Pos_Z, -0.0008526475334063678, BFx, 1.0, 0.0, 0.0,                             BFy, 0.0, 0.9974209042034128, -0.07177422836957356, BFz, 0.0, 0.07177422836957359, 0.9974209042034119
Time, 0.066, Pos_X, 0.0026196901414399995, Pos_Y, -7.084860192161064e-06, Pos_Z, -0.0009025525533246407, BFx, 1.0, 0.0, 0.0,                             BFy, 0.0, 0.9971998902516707, -0.07478220966284109, BFz, 0.0, 0.0747822096628411, 0.9971998902516698
Time, 0.068, Pos_X, 0.0027671403485799995, Pos_Y, 1.6963424469089657e-06, Pos_Z, -0.0009540058416862725, BFx, 1.0, 0.0, 0.0,                             BFy, 0.0, 0.9969595804257656, -0.07792044017639321, BFz, 0.0, 0.07792044017639323, 0.9969595804257647
Time, 0.07, Pos_X, 0.0029161379825999997, Pos_Y, 1.2412462897492929e-05, Pos_Z, -0.0010070681132266983, BFx, 1.0, 0.0, 0.0,                             BFy, 0.0, 0.9966975551541299, -0.08120334691243891, BFz, 0.0, 0.08120334691243891, 0.996697555154129
Time, 0.072, Pos_X, 0.0030662447439399987, Pos_Y, 2.5245724004364775e-05, Pos_Z, -0.0010617974356522408, BFx, 1.0, 0.0, 0.0,                             BFy, 0.0, 0.9964109984090214, -0.08464704513176538, BFz, 0.0, 0.08464704513176538, 0.9964109984090203
Time, 0.074, Pos_X, 0.0032169939223899986, Pos_Y, 4.036846292614268e-05, Pos_Z, -0.0011182459594586058, BFx, 1.0, 0.0, 0.0,                             BFy, 0.0, 0.9960966224304795, -0.08826958016549574, BFz, 0.0, 0.08826958016549576, 0.9960966224304784
Time, 0.076, Pos_X, 0.0033678918622399986, Pos_Y, 5.793941139480509e-05, Pos_Z, -0.0011764564164427236, BFx, 1.0, 0.0, 0.0,                             BFy, 0.0, 0.995750577520652, -0.092091190497737, BFz, 0.0, 0.09209119049773701, 0.9957505775206507
Time, 0.078, Pos_X, 0.0035184172355199987, Pos_Y, 7.810168236300248e-05, Pos_Z, -0.0012364633904391248, BFx, 1.0, 0.0, 0.0,                             BFy, 0.0, 0.9953683407316377, -0.09613462575549235, BFz, 0.0, 0.09613462575549236, 0.9953683407316364
Time, 0.08, Pos_X, 0.003668025779219999, Pos_Y, 0.00010097952847536648, Pos_Z, -0.0012982952927126465, BFx, 1.0, 0.0, 0.0,                             BFy, 0.0, 0.9949445955392471, -0.10042535440438487, BFz, 0.0, 0.10042535440438488, 0.9949445955392457
Time, 0.082, Pos_X, 0.003816156107519999, Pos_Y, 0.0001266756307179206, Pos_Z, -0.0013619677991743484, BFx, 1.0, 0.0, 0.0,                             BFy, 0.0, 0.9944731151194259, -0.10499153920515537, BFz, 0.0, 0.1049915392051554, 0.9944731151194246
Time, 0.084, Pos_X, 0.00396222993736, Pos_Y, 0.00015527056530640701, Pos_Z, -0.0014274760918624506, BFx, 1.0, 0.0, 0.0,                             BFy, 0.0, 0.9939466687368969, -0.1098636414234854, BFz, 0.0, 0.10986364142348541, 0.9939466687368954
Time, 0.086, Pos_X, 0.004105654903999999, Pos_Y, 0.00018682162751677803, Pos_Z, -0.0014947949440182256, BFx, 1.0, 0.0, 0.0,                             BFy, 0.0, 0.9933569618651076, -0.11507365603875651, BFz, 0.0, 0.11507365603875652, 0.9933569618651061
Time, 0.088, Pos_X, 0.004245829878959999, Pos_Y, 0.00022136172833187387, Pos_Z, -0.0015638832839378403, BFx, 1.0, 0.0, 0.0,                             BFy, 0.0, 0.9926946162428886, -0.12065404627440961, BFz, 0.0, 0.1206540462744096, 0.9926946162428871
Time, 0.09, Pos_X, 0.004382152301439999, Pos_Y, 0.0002588968488121939, Pos_Z, -0.001634686832287101, BFx, 1.0, 0.0, 0.0,                             BFy, 0.0, 0.9919491820491079, -0.12663656751550487, BFz, 0.0, 0.12663656751550484, 0.9919491820491063
Time, 0.092, Pos_X, 0.004514023992319999, Pos_Y, 0.0002994039972924771, Pos_Z, -0.0017071384105524796, BFx, 1.0, 0.0, 0.0,                             BFy, 0.0, 0.9911092395671262, -0.13305064917044146, BFz, 0.0, 0.13305064917044143, 0.9911092395671247
Time, 0.094, Pos_X, 0.0046408525372, Pos_Y, 0.00034283215104785803, Pos_Z, -0.0017811588892160523, BFx, 1.0, 0.0, 0.0,                             BFy, 0.0, 0.9901625842768033, -0.13992160911841148, BFz, 0.0, 0.13992160911841145, 0.9901625842768018
Time, 0.096, Pos_X, 0.00476205403508, Pos_Y, 0.0003891038466509611, Pos_Z, -0.0018566617429521112, BFx, 1.0, 0.0, 0.0,                             BFy, 0.0, 0.9890964909859721, -0.14726890886823338, BFz, 0.0, 0.14726890886823338, 0.9890964909859706
Time, 0.098, Pos_X, 0.00487705997416, Pos_Y, 0.0004381160406855166, Pos_Z, -0.0019335589179128906, BFx, 1.0, 0.0, 0.0,                             BFy, 0.0, 0.9878980320099355, -0.1551047334896647, BFz, 0.0, 0.1551047334896647, 0.987898032009934
Time, 0.1, Pos_X, 0.004985323752839999, Pos_Y, 0.0004897417039230188, Pos_Z, -0.0020117652761810828, BFx, 1.0, 0.0, 0.0,                             BFy, 0.0, 0.9865544896384759, -0.1634326741327136, BFz, 0.0, 0.1634326741327136, 0.9865544896384743
Time, 0.102, Pos_X, 0.005086325952719998, Pos_Y, 0.0005438318208664787, Pos_Z, -0.0020912027742610566, BFx, 1.0, 0.0, 0.0,                             BFy, 0.0, 0.9850538363678588, -0.17224674004742993, BFz, 0.0, 0.17224674004742993, 0.9850538363678573
Time, 0.104, Pos_X, 0.005179580301599999, Pos_Y, 0.0006002176103924533, Pos_Z, -0.002171804969350877, BFx, 1.0, 0.0, 0.0,                             BFy, 0.0, 0.9833852912714794, -0.181530628024339, BFz, 0.0, 0.181530628024339, 0.9833852912714777
Time, 0.106, Pos_X, 0.005264637544479999, Pos_Y, 0.0006587129748109407, Pos_Z, -0.002253522179515156, BFx, 1.0, 0.0, 0.0,                             BFy, 0.0, 0.9815398879583844, -0.19125754454830182, BFz, 0.0, 0.19125754454830182, 0.9815398879583824
Time, 0.108, Pos_X, 0.00534109807236, Pos_Y, 0.0007191141997604145, Pos_Z, -0.0023363220158973174, BFx, 1.0, 0.0, 0.0,                             BFy, 0.0, 0.979510909223654, -0.20139110882026143, BFz, 0.0, 0.2013911088202614, 0.9795109092236519
Time, 0.11, Pos_X, 0.0054086180600399995, Pos_Y, 0.0007812018193890108, Pos_Z, -0.0024201875793503137, BFx, 1.0, 0.0, 0.0,                             BFy, 0.0, 0.9772944249139918, -0.21188583490180218, BFz, 0.0, 0.2118858349018021, 0.9772944249139895
Time, 0.112, Pos_X, 0.005466909882119999, Pos_Y, 0.0008447446404763756, Pos_Z, -0.002505119524373056, BFx, 1.0, 0.0, 0.0,                             BFy, 0.0, 0.974890012103804, -0.22268691991279746, BFz, 0.0, 0.22268691991279738, 0.9748900121038016
Time, 0.114, Pos_X, 0.0055157522659999994, Pos_Y, 0.0009095002299955664, Pos_Z, -0.002591137573412576, BFx, 1.0, 0.0, 0.0,                             BFy, 0.0, 0.9723012328301677, -0.23373128296601572, BFz, 0.0, 0.23373128296601564, 0.9723012328301651
Time, 0.116, Pos_X, 0.005554995905479999, Pos_Y, 0.0009752154750794456, Pos_Z, -0.0026782810890630952, BFx, 1.0, 0.0, 0.0,                             BFy, 0.0, 0.9695357548035846, -0.24494983191961311, BFz, 0.0, 0.24494983191961303, 0.9695357548035822
Time, 0.118, Pos_X, 0.005584567327159999, Pos_Y, 0.0010416267891728177, Pos_Z, -0.0027666078334612084, BFx, 1.0, 0.0, 0.0,                             BFy, 0.0, 0.9666053423074706, -0.25626960846471925, BFz, 0.0, 0.25626960846471913, 0.9666053423074683
Time, 0.12, Pos_X, 0.005604474179039999, Pos_Y, 0.001108457303280465, Pos_Z, -0.0028561881635060637, BFx, 1.0, 0.0, 0.0,                             BFy, 0.0, 0.96352577108639, -0.26761556093093763, BFz, 0.0, 0.26761556093093747, 0.9635257710863878
Time, 0.122, Pos_X, 0.005614808581319999, Pos_Y, 0.0011754144875814755, Pos_Z, -0.002947101673325941, BFx, 1.0, 0.0, 0.0,                             BFy, 0.0, 0.9603164328314773, -0.2789127979025518, BFz, 0.0, 0.2789127979025515, 0.960316432831475
Time, 0.124, Pos_X, 0.005615750842199999, Pos_Y, 0.0012421889442459054, Pos_Z, -0.0030394385425724147, BFx, 1.0, 0.0, 0.0,                             BFy, 0.0, 0.95699970351316, -0.2900888958159674, BFz, 0.0, 0.2900888958159671, 0.9569997035131576
Time, 0.126, Pos_X, 0.0056075761152799995, Pos_Y, 0.0013084512321007164, Pos_Z, -0.003133298343679506, BFx, 1.0, 0.0, 0.0,                             BFy, 0.0, 0.9536002295417569, -0.30107574166297707, BFz, 0.0, 0.3010757416629768, 0.9536002295417545
Time, 0.128, Pos_X, 0.00559065722576, Pos_Y, 0.0013738477425739033, Pos_Z, -0.003228785120974383, BFx, 1.0, 0.0, 0.0,                             BFy, 0.0, 0.9501441291676826, -0.31181105466001263, BFz, 0.0, 0.31181105466001235, 0.9501441291676801
Time, 0.13, Pos_X, 0.00556546393124, Pos_Y, 0.0014379969848125236, Pos_Z, -0.003326002604433315, BFx, 1.0, 0.0, 0.0,                             BFy, 0.0, 0.9466581550020648, -0.32223956549140564, BFz, 0.0, 0.3222395654914053, 0.9466581550020624
Time, 0.132, Pos_X, 0.00553256103632, Pos_Y, 0.001500486154734609, Pos_Z, -0.003425050025607637, BFx, 1.0, 0.0, 0.0,                             BFy, 0.0, 0.9431688630252656, -0.33231385138093555, BFz, 0.0, 0.3323138513809352, 0.9431688630252633
Time, 0.134, Pos_X, 0.005492600663, Pos_Y, 0.0015608691478064217, Pos_Z, -0.0035260135203000007, BFx, 1.0, 0.0, 0.0,                             BFy, 0.0, 0.9397017453569803, -0.3419950727321193, BFz, 0.0, 0.34199507273211893, 0.9397017453569781
Time, 0.136, Pos_X, 0.005446310813079999, Pos_Y, 0.0016186653539735567, Pos_Z, -0.003628955894164962, BFx, 1.0, 0.0, 0.0,                             BFy, 0.0, 0.9362803971783534, -0.3512534951563428, BFz, 0.0, 0.3512534951563423, 0.9362803971783514
Time, 0.138, Pos_X, 0.005394494886359999, Pos_Y, 0.0016733582194822677, Pos_Z, -0.003733920008376791, BFx, 1.0, 0.0, 0.0,                             BFy, 0.0, 0.932925678795924, -0.36006899039373913, BFz, 0.0, 0.3600689903937387, 0.932925678795922
Time, 0.14, Pos_X, 0.005338034375039999, Pos_Y, 0.0017243964600640294, Pos_Z, -0.003840941501240558, BFx, 1.0, 0.0, 0.0,                             BFy, 0.0, 0.9296550587486001, -0.3684310949731835, BFz, 0.0, 0.368431094973183, 0.9296550587485982
Time, 0.142, Pos_X, 0.00527788144902, Pos_Y, 0.0017711973228739806, Pos_Z, -0.003950053874617665, BFx, 1.0, 0.0, 0.0,                             BFy, 0.0, 0.9264823003073032, -0.3763383414127373, BFz, 0.0, 0.3763383414127368, 0.9264823003073015
Time, 0.144, Pos_X, 0.0052150439171, Pos_Y, 0.0018131498950559651, Pos_Z, -0.004061286797182259, BFx, 1.0, 0.0, 0.0,                             BFy, 0.0, 0.9234175729544883, -0.38379680295547547, BFz, 0.0, 0.38379680295547486, 0.9234175729544867
Time, 0.146, Pos_X, 0.00515056811038, Pos_Y, 0.0018496206320625505, Pos_Z, -0.0041746652813254015, BFx, 1.0, 0.0, 0.0,                             BFy, 0.0, 0.9204675295072805, -0.3908190465199538, BFz, 0.0, 0.3908190465199532, 0.9204675295072788
Time, 0.148, Pos_X, 0.005085524151098, Pos_Y, 0.001879961310299855, Pos_Z, -0.004290210000115949, BFx, 1.0, 0.0, 0.0,                             BFy, 0.0, 0.9176358138381283, -0.39742233601250715, BFz, 0.0, 0.3974223360125066, 0.9176358138381265
Time, 0.15, Pos_X, 0.005020992225453999, Pos_Y, 0.0019035180114648862, Pos_Z, -0.004407939300222381, BFx, 1.0, 0.0, 0.0,                             BFy, 0.0, 0.9149239638336284, -0.40362623849666096, BFz, 0.0, 0.40362623849666035, 0.9149239638336267
Time, 0.152, Pos_X, 0.00495804987601, Pos_Y, 0.0019196406659237192, Pos_Z, -0.004527873186747447, BFx, 1.0, 0.0, 0.0,                             BFy, 0.0, 0.9123322786558908, -0.40945062379065, BFz, 0.0, 0.40945062379064934, 0.9123322786558891
Time, 0.154, Pos_X, 0.004897759932965999, Pos_Y, 0.0019276923846151903, Pos_Z, -0.0046500371658196775, BFx, 1.0, 0.0, 0.0,                             BFy, 0.0, 0.9098609285390746, -0.4149133532654922, BFz, 0.0, 0.4149133532654915, 0.9098609285390729
Time, 0.156, Pos_X, 0.004841158572721999, Pos_Y, 0.001927058073497216, Pos_Z, -0.004774465594103248, BFx, 1.0, 0.0, 0.0,                             BFy, 0.0, 0.9075109767819581, -0.4200283645425134, BFz, 0.0, 0.4200283645425128, 0.9075109767819565
Time, 0.158, Pos_X, 0.004789243002477999, Pos_Y, 0.001917151430477185, Pos_Z, -0.004901202902922596, BFx, 1.0, 0.0, 0.0,                             BFy, 0.0, 0.9052848184780778, -0.42480512877449533, BFz, 0.0, 0.4248051287744947, 0.9052848184780762
Time, 0.16, Pos_X, 0.004742959276833999, Pos_Y, 0.0018974202014621691, Pos_Z, -0.005030301796583337, BFx, 1.0, 0.0, 0.0,                             BFy, 0.0, 0.9031865850336483, -0.429248171359248, BFz, 0.0, 0.42924817135924737, 0.9031865850336467
Time, 0.162, Pos_X, 0.004703191792389999, Pos_Y, 0.001867350695223922, Pos_Z, -0.005161821272387639, BFx, 1.0, 0.0, 0.0,                             BFy, 0.0, 0.9012225746466075, -0.4333565171395741, BFz, 0.0, 0.4333565171395735, 0.9012225746466056
Time, 0.164, Pos_X, 0.004670754741145999, Pos_Y, 0.0018264716236978278, Pos_Z, -0.005295826604564329, BFx, 1.0, 0.0, 0.0,                             BFy, 0.0, 0.8994010334609144, -0.4371244456781629, BFz, 0.0, 0.4371244456781622, 0.8994010334609125
Time, 0.166, Pos_X, 0.0046463851297019985, Pos_Y, 0.0017743554557104544, Pos_Z, -0.005432389013390129, BFx, 1.0, 0.0, 0.0,                             BFy, 0.0, 0.8977309065045762, -0.4405442310443684, BFz, 0.0, 0.4405442310443677, 0.8977309065045742
Time, 0.168, Pos_X, 0.004630738445257999, Pos_Y, 0.001710616078474568, Pos_Z, -0.005571583295507277, BFx, 1.0, 0.0, 0.0,                             BFy, 0.0, 0.896220554606595, -0.4436087437152803, BFz, 0.0, 0.4436087437152796, 0.896220554606593
Time, 0.17, Pos_X, 0.0046243859210139985, Pos_Y, 0.0016349057637802902, Pos_Z, -0.005713484321452782, BFx, 1.0, 0.0, 0.0,                             BFy, 0.0, 0.8948774901261827, -0.44631186144384055, BFz, 0.0, 0.44631186144383983, 0.8948774901261806
Time, 0.172, Pos_X, 0.0046278105415699985, Pos_Y, 0.0015469143481170865, Pos_Z, -0.0058581637859593345, BFx, 1.0, 0.0, 0.0,                             BFy, 0.0, 0.893707615938021, -0.4486498603748597, BFz, 0.0, 0.44864986037485893, 0.8937076159380187
Time, 0.174, Pos_X, 0.004641404918525998, Pos_Y, 0.0014463664867150749, Pos_Z, -0.006005687933479616, BFx, 1.0, 0.0, 0.0,                             BFy, 0.0, 0.8927138184519637, -0.45062405433456026, BFz, 0.0, 0.45062405433455943, 0.8927138184519616
Time, 0.176, Pos_X, 0.0046654751966819985, Pos_Y, 0.0013330146475305016, Pos_Z, -0.006156117094399436, BFx, 1.0, 0.0, 0.0,                             BFy, 0.0, 0.8918953759358972, -0.452241791947811, BFz, 0.0, 0.45224179194781017, 0.8918953759358952
Time, 0.178, Pos_X, 0.004700246772237998, Pos_Y, 0.0012066333031691557, Pos_Z, -0.0063095076132785805, BFx, 1.0, 0.0, 0.0,                             BFy, 0.0, 0.8912478525530414, -0.4535165546257321, BFz, 0.0, 0.45351655462573126, 0.8912478525530394
Time, 0.18, Pos_X, 0.004745868802793998, Pos_Y, 0.0010670137642516614, Pos_Z, -0.006465912723410213, BFx, 1.0, 0.0, 0.0,                             BFy, 0.0, 0.89076314688488, -0.45446783841295996, BFz, 0.0, 0.45446783841295907, 0.890763146884878
Time, 0.182, Pos_X, 0.004802418681749999, Pos_Y, 0.0009139579089178467, Pos_Z, -0.006625381350271558, BFx, 1.0, 0.0, 0.0,                             BFy, 0.0, 0.8904298184266148, -0.45512057573433023, BFz, 0.0, 0.45512057573432935, 0.8904298184266128
Time, 0.184, Pos_X, 0.004869905519505999, Pos_Y, 0.0007472729339024039, Pos_Z, -0.006787957579572542, BFx, 1.0, 0.0, 0.0,                             BFy, 0.0, 0.8902341190066853, -0.45550325284941023, BFz, 0.0, 0.45550325284940946, 0.8902341190066831
Time, 0.186, Pos_X, 0.004948273657661999, Pos_Y, 0.0005667664492429797, Pos_Z, -0.006953681457575213, BFx, 1.0, 0.0, 0.0,                             BFy, 0.0, 0.890161395081668, -0.45564535628738884, BFz, 0.0, 0.455645356287388, 0.8901613950816658
Time, 0.188, Pos_X, 0.0050374087578179995, Pos_Y, 0.00037224015781496143, Pos_Z, -0.007122587821340136, BFx, 1.0, 0.0, 0.0,                             BFy, 0.0, 0.8901974656746354, -0.45557488089935266, BFz, 0.0, 0.4555748808993518, 0.8901974656746332
Time, 0.19, Pos_X, 0.005137138714774, Pos_Y, 0.00016348767576524853, Pos_Z, -0.007294706729250425, BFx, 1.0, 0.0, 0.0,                             BFy, 0.0, 0.890329718492964, -0.4553163651443274, BFz, 0.0, 0.4553163651443266, 0.8903297184929619
Time, 0.192, Pos_X, 0.00524723439193, Pos_Y, -5.9702189928481815e-05, Pos_Z, -0.007470072825785348, BFx, 1.0, 0.0, 0.0,                             BFy, 0.0, 0.890547845466616, -0.4548895854323017, BFz, 0.0, 0.45488958543230096, 0.8905478454666139
Time, 0.194, Pos_X, 0.005367414763486, Pos_Y, -0.00029754220522565687, Pos_Z, -0.007648733479755593, BFx, 1.0, 0.0, 0.0,                             BFy, 0.0, 0.8908440440580794, -0.45430924398062844, BFz, 0.0, 0.4543092439806277, 0.890844044058077
Time, 0.196, Pos_X, 0.005497348036042, Pos_Y, -0.0005502448934891293, Pos_Z, -0.007830747261804352, BFx, 1.0, 0.0, 0.0,                             BFy, 0.0, 0.8912126540548343, -0.4535857198507708, BFz, 0.0, 0.45358571985077006, 0.891212654054832
Time, 0.198, Pos_X, 0.005636650521598, Pos_Y, -0.0008180205047727618, Pos_Z, -0.008016179838097583, BFx, 1.0, 0.0, 0.0,                             BFy, 0.0, 0.8916494737125455, -0.45272642514894595, BFz, 0.0, 0.4527264251489452, 0.8916494737125433
Time, 0.2, Pos_X, 0.005784884965354, Pos_Y, -0.0011010709431443055, Pos_Z, -0.008205103569321233, BFx, 1.0, 0.0, 0.0,                             BFy, 0.0, 0.8921511717384322, -0.45173696634850014, BFz, 0.0, 0.4517369663484993, 0.8921511717384298
Time, 0.202, Pos_X, 0.005941561161910001, Pos_Y, -0.0013995818503779415, Pos_Z, -0.008397600432528384, BFx, 1.0, 0.0, 0.0,                             BFy, 0.0, 0.8927145298059841, -0.4506226450959652, BFz, 0.0, 0.4506226450959643, 0.8927145298059818
Time, 0.204, Pos_X, 0.006106140085865999, Pos_Y, -0.0017137164752220337, Pos_Z, -0.008593765302375761, BFx, 1.0, 0.0, 0.0,                             BFy, 0.0, 0.8933356806167593, -0.44938998846991973, BFz, 0.0, 0.4493899884699188, 0.893335680616757
Time, 0.206, Pos_X, 0.0062780358806219985, Pos_Y, -0.002043609768904388, Pos_Z, -0.008793706359300827, BFx, 1.0, 0.0, 0.0,                             BFy, 0.0, 0.894009554465724, -0.448047895346023, BFz, 0.0, 0.448047895346022, 0.8940095544657217
Time, 0.208, Pos_X, 0.006456614466377999, Pos_Y, -0.002389360872445224, Pos_Z, -0.008997545772606013, BFx, 1.0, 0.0, 0.0,                             BFy, 0.0, 0.8947295391417819, -0.4466083875020017, BFz, 0.0, 0.44660838750200077, 0.8947295391417796
Time, 0.21, Pos_X, 0.006641194009333999, Pos_Y, -0.0027510252278917565, Pos_Z, -0.009205423330154889, BFx, 1.0, 0.0, 0.0,                             BFy, 0.0, 0.8954872713873991, -0.4450871226885292, BFz, 0.0, 0.44508712268852824, 0.8954872713873969
Time, 0.212, Pos_X, 0.006831047380689999, Pos_Y, -0.0031286072909764277, Pos_Z, -0.009417500436316123, BFx, 1.0, 0.0, 0.0,                             BFy, 0.0, 0.8962728843618484, -0.4435030064810111, BFz, 0.0, 0.4435030064810102, 0.8962728843618463
Time, 0.214, Pos_X, 0.007025405648445999, Pos_Y, -0.0035220544686495425, Pos_Z, -0.009633964006582013, BFx, 1.0, 0.0, 0.0,                             BFy, 0.0, 0.8970751398309145, -0.44187803011390875, BFz, 0.0, 0.44187803011390786, 0.8970751398309124
Time, 0.216, Pos_X, 0.007223465181601999, Pos_Y, -0.003931252639262592, Pos_Z, -0.009855030688147252, BFx, 1.0, 0.0, 0.0,                             BFy, 0.0, 0.8978813774642502, -0.4402374722838841, BFz, 0.0, 0.4402374722838832, 0.8978813774642481
Time, 0.218, Pos_X, 0.007424389575297999, Pos_Y, -0.004356020746020951, Pos_Z, -0.01008095439158724, BFx, 1.0, 0.0, 0.0,                             BFy, 0.0, 0.8986777026723011, -0.4386096062783374, BFz, 0.0, 0.4386096062783365, 0.898677702672299
Time, 0.22, Pos_X, 0.007627323240613999, Pos_Y, -0.004796110635836758, Pos_Z, -0.010312035087187898, BFx, 1.0, 0.0, 0.0,                             BFy, 0.0, 0.8994497958183554, -0.43702410093989313, BFz, 0.0, 0.4370241009398921, 0.8994497958183532
Time, 0.222, Pos_X, 0.007831410667429999, Pos_Y, -0.005251211853513801, Pos_Z, -0.010548622845400351, BFx, 1.0, 0.0, 0.0,                             BFy, 0.0, 0.9001838957978426, -0.4355099927053594, BFz, 0.0, 0.43550999270535834, 0.9001838957978403
Time, 0.224, Pos_X, 0.008035806852265999, Pos_Y, -0.00572095587784322, Pos_Z, -0.010791119642288372, BFx, 1.0, 0.0, 0.0,                             BFy, 0.0, 0.9008670729602969, -0.434095055092719, BFz, 0.0, 0.43409505509271795, 0.9008670729602944
Time, 0.226, Pos_X, 0.008239694393361998, Pos_Y, -0.006204923460127599, Pos_Z, -0.011039981367942021, BFx, 1.0, 0.0, 0.0,                             BFy, 0.0, 0.9014880448077319, -0.43280400306459293, BFz, 0.0, 0.4328040030645919, 0.9014880448077296
Time, 0.228, Pos_X, 0.008442304229757999, Pos_Y, -0.006702654231408782, Pos_Z, -0.011295721609041255, BFx, 1.0, 0.0, 0.0,                             BFy, 0.0, 0.9020385542097137, -0.4316554722452303, BFz, 0.0, 0.4316554722452294, 0.9020385542097116
Time, 0.23, Pos_X, 0.008642934604993999, Pos_Y, -0.007213655692094012, Pos_Z, -0.01155891802291647, BFx, 1.0, 0.0, 0.0,                             BFy, 0.0, 0.9025142831839993, -0.43065992226915545, BFz, 0.0, 0.4306599222691545, 0.9025142831839972
Time, 0.232, Pos_X, 0.008840969669569999, Pos_Y, -0.007737416046721498, Pos_Z, -0.011830214116093973, BFx, 1.0, 0.0, 0.0,                             BFy, 0.0, 0.9029156199152982, -0.42981784899300746, BFz, 0.0, 0.4298178489930065, 0.9029156199152961
Time, 0.234, Pos_X, 0.009035895701486, Pos_Y, -0.008273421113176235, Pos_Z, -0.012110314929826168, BFx, 1.0, 0.0, 0.0,                             BFy, 0.0, 0.9032482293444473, -0.42911844074348965, BFz, 0.0, 0.42911844074348865, 0.9032482293444452
Time, 0.236, Pos_X, 0.009227311345201997, Pos_Y, -0.008821169973194466, Pos_Z, -0.01239998312798283, BFx, 1.0, 0.0, 0.0,                             BFy, 0.0, 0.903523232067384, -0.4285391103674335, BFz, 0.0, 0.42853911036743253, 0.9035232320673819
Time, 0.238, Pos_X, 0.009414941336597997, Pos_Y, -0.009380191011552986, Pos_Z, -0.012700036338925906, BFx, 1.0, 0.0, 0.0,                             BFy, 0.0, 0.903756740863984, -0.42804643830186545, BFz, 0.0, 0.42804643830186445, 0.9037567408639819
Time, 0.24, Pos_X, 0.009598650686673997, Pos_Y, -0.009950058380293374, Pos_Z, -0.013011342965024186, BFx, 1.0, 0.0, 0.0,                             BFy, 0.0, 0.9039690441724331, -0.4275979036173837, BFz, 0.0, 0.42759790361738276, 0.9039690441724308
Time, 0.242, Pos_X, 0.009778450618149997, Pos_Y, -0.010530404295410412, Pos_Z, -0.01333482015968182, BFx, 1.0, 0.0, 0.0,                             BFy, 0.0, 0.9041835470254768, -0.42714413643222443, BFz, 0.0, 0.4271441364322235, 0.9041835470254747
Time, 0.244, Pos_X, 0.009954502652225998, Pos_Y, -0.011120928710886654, Pos_Z, -0.013671436393605593, BFx, 1.0, 0.0, 0.0,                             BFy, 0.0, 0.9044254654656222, -0.4266316648085275, BFz, 0.0, 0.4266316648085266, 0.90442546546562
Time, 0.246, Pos_X, 0.010127121226501997, Pos_Y, -0.011721410834818428, Pos_Z, -0.014022204345904217, BFx, 1.0, 0.0, 0.0,                             BFy, 0.0, 0.9047203376453108, -0.42600599837438713, BFz, 0.0, 0.42600599837438624, 0.9047203376453086
Time, 0.248, Pos_X, 0.010296761012837998, Pos_Y, -0.012331720024163894, Pos_Z, -0.014388153581723089, BFx, 1.0, 0.0, 0.0,                             BFy, 0.0, 0.9050924070507983, -0.42521492765305785, BFz, 0.0, 0.4252149276530569, 0.9050924070507962
Time, 0.25, Pos_X, 0.010464001656633998, Pos_Y, -0.012951824073962215, Pos_Z, -0.014770303840588956, BFx, 1.0, 0.0, 0.0,                             BFy, 0.0, 0.9055631786161854, -0.42421142079693475, BFz, 0.0, 0.4242114207969338, 0.9055631786161833
Time, 0.252, Pos_X, 0.010629542991289999, Pos_Y, -0.013581794141365145, Pos_Z, -0.015169653720681294, BFx, 1.0, 0.0, 0.0,                             BFy, 0.0, 0.9061501199996166, -0.4229562152571868, BFz, 0.0, 0.42295621525718585, 0.9061501199996145
Time, 0.254, Pos_X, 0.010794200327077999, Pos_Y, -0.014221806797058145, Pos_Z, -0.015587171551423404, BFx, 1.0, 0.0, 0.0,                             BFy, 0.0, 0.906865717872903, -0.4214197073546365, BFz, 0.0, 0.4214197073546356, 0.9068657178729009
Time, 0.256, Pos_X, 0.010958889270497998, Pos_Y, -0.014872142991668854, Pos_Z, -0.01602378126176391, BFx, 1.0, 0.0, 0.0,                             BFy, 0.0, 0.9077167982188231, -0.4195833817388053, BFz, 0.0, 0.4195833817388044, 0.907716798218821
Time, 0.258, Pos_X, 0.011124600464077998, Pos_Y, -0.01553318103561077, Pos_Z, -0.01648034996411941, BFx, 1.0, 0.0, 0.0,                             BFy, 0.0, 0.9087044612172247, -0.41744005816873536, BFz, 0.0, 0.4174400581687344, 0.9087044612172225
Time, 0.26, Pos_X, 0.011292371343857998, Pos_Y, -0.016205382213119724, Pos_Z, -0.016957678221269902, BFx, 1.0, 0.0, 0.0,                             BFy, 0.0, 0.9098245101644821, -0.41499320561180764, BFz, 0.0, 0.41499320561180664, 0.9098245101644796
Time, 0.262, Pos_X, 0.011463254366237999, Pos_Y, -0.016889269560613852, Pos_Z, -0.017456491115041745, BFx, 1.0, 0.0, 0.0,                             BFy, 0.0, 0.9110679909383166, -0.4122561289873364, BFz, 0.0, 0.4122561289873354, 0.9110679909383143
Time, 0.264, Pos_X, 0.011638284063217999, Pos_Y, -0.0175854017672527, Pos_Z, -0.01797743128620586, BFx, 1.0, 0.0, 0.0,                             BFy, 0.0, 0.912422283739213, -0.40925001665989336, BFz, 0.0, 0.40925001665989236, 0.9124222837392106
Time, 0.266, Pos_X, 0.011818447799598, Pos_Y, -0.01829434539665633, Pos_Z, -0.018521051808587707, BFx, 1.0, 0.0, 0.0,                             BFy, 0.0, 0.9138722026217453, -0.4060019670830224, BFz, 0.0, 0.40600196708302144, 0.913872202621743
Time, 0.268, Pos_X, 0.012004660228178, Pos_Y, -0.01901664579713596, Pos_Z, -0.019087809714640937, BFx, 1.0, 0.0, 0.0,                             BFy, 0.0, 0.9154010497390068, -0.4025430637046529, BFz, 0.0, 0.4025430637046519, 0.9154010497390044
Time, 0.27, Pos_X, 0.012197739879558, Pos_Y, -0.01975279660609016, Pos_Z, -0.01967806306290486, BFx, 1.0, 0.0, 0.0,                             BFy, 0.0, 0.9169915740710787, -0.3989065718719732, BFz, 0.0, 0.3989065718719722, 0.9169915740710761
Time, 0.272, Pos_X, 0.012398387747338, Pos_Y, -0.02050320940289295, Pos_Z, -0.020292070431118844, BFx, 1.0, 0.0, 0.0,                             BFy, 0.0, 0.9186266840871231, -0.39512658134210704, BFz, 0.0, 0.39512658134210604, 0.9186266840871207
Time, 0.274, Pos_X, 0.012607169810518001, Pos_Y, -0.0212681846750754, Pos_Z, -0.020929991140906212, BFx, 1.0, 0.0, 0.0,                             BFy, 0.0, 0.92029039023834, -0.3912359871419903, BFz, 0.0, 0.3912359871419893, 0.9202903902383376
Time, 0.276, Pos_X, 0.012824504107898002, Pos_Y, -0.0220478854025871, Pos_Z, -0.02159188737422508, BFx, 1.0, 0.0, 0.0,                             BFy, 0.0, 0.9219686176021034, -0.3872645970868883, BFz, 0.0, 0.38726459708688726, 0.9219686176021009
Time, 0.278, Pos_X, 0.013050651924678002, Pos_Y, -0.022842314197203797, Pos_Z, -0.022277729122072557, BFx, 1.0, 0.0, 0.0,                             BFy, 0.0, 0.9236494931582658, -0.38323832505176453, BFz, 0.0, 0.3832383250517636, 0.9236494931582634
Time, 0.28, Pos_X, 0.013285714410458003, Pos_Y, -0.023651295139695112, Pos_Z, -0.02298740173396384, BFx, 1.0, 0.0, 0.0,                             BFy, 0.0, 0.9253234938099623, -0.37917862783037815, BFz, 0.0, 0.3791786278303772, 0.9253234938099598
Time, 0.282, Pos_X, 0.013529635137237997, Pos_Y, -0.024474461604708463, Pos_Z, -0.023720714325779952, BFx, 1.0, 0.0, 0.0,                             BFy, 0.0, 0.9269836864575113, -0.37510164627957326, BFz, 0.0, 0.3751016462795723, 0.9269836864575088
Time, 0.284, Pos_X, 0.013782206171617998, Pos_Y, -0.02531124955309743, Pos_Z, -0.02447740756083783, BFx, 1.0, 0.0, 0.0,                             BFy, 0.0, 0.9286258664229671, -0.37101752008523414, BFz, 0.0, 0.37101752008523314, 0.9286258664229646
Time, 0.286, Pos_X, 0.014043076770797998, Pos_Y, -0.02616089629469354, Pos_Z, -0.02525716141202758, BFx, 1.0, 0.0, 0.0,                             BFy, 0.0, 0.93024859372669, -0.36692990320975344, BFz, 0.0, 0.3669299032097525, 0.9302485937266876
Time, 0.288, Pos_X, 0.014311769249377998, Pos_Y, -0.027022448467288095, Pos_Z, -0.026059603200276858, BFx, 1.0, 0.0, 0.0,                             BFy, 0.0, 0.9318533045669961, -0.36283525017226803, BFz, 0.0, 0.36283525017226703, 0.9318533045669937
Time, 0.29, Pos_X, 0.014587701053557998, Pos_Y, -0.02789477735925213, Pos_Z, -0.026884319076424287, BFx, 1.0, 0.0, 0.0,                             BFy, 0.0, 0.9334443881659554, -0.3587221406625026, BFz, 0.0, 0.3587221406625015, 0.933444388165953
Time, 0.292, Pos_X, 0.014870209617937998, Pos_Y, -0.028776598626634845, Pos_Z, -0.02773086883804042, BFx, 1.0, 0.0, 0.0,                             BFy, 0.0, 0.9350290228288537, -0.3545711867421295, BFz, 0.0, 0.35457118674212845, 0.9350290228288511
Time, 0.294, Pos_X, 0.015158580437318, Pos_Y, -0.029666497706944843, Pos_Z, -0.02859880055234871, BFx, 1.0, 0.0, 0.0,                             BFy, 0.0, 0.9366168317782416, -0.3503554058805032, BFz, 0.0, 0.3503554058805022, 0.9366168317782391
Time, 0.296, Pos_X, 0.015452075835298, Pos_Y, -0.030562959399458425, Pos_Z, -0.029487663797330317, BFx, 1.0, 0.0, 0.0,                             BFy, 0.0, 0.9382193339744432, -0.3460411555820423, BFz, 0.0, 0.34604115558204135, 0.9382193339744407
Time, 0.298, Pos_X, 0.015749963454678, Pos_Y, -0.031464400566409555, Pos_Z, -0.03039702213757078, BFx, 1.0, 0.0, 0.0,                             BFy, 0.0, 0.93984913670577, -0.3415898128361292, BFz, 0.0, 0.3415898128361283, 0.9398491367057674
Time, 0.3, Pos_X, 0.016051545004258, Pos_Y, -0.032369206178358124, Pos_Z, -0.03132646476417533, BFx, 1.0, 0.0, 0.0,                             BFy, 0.0, 0.9415189953054888, -0.3369599107890225, BFz, 0.0, 0.3369599107890216, 0.9415189953054862
Time, 0.302, Pos_X, 0.016356184104438, Pos_Y, -0.0332757680828689, Pos_Z, -0.032275616662524716, BFx, 1.0, 0.0, 0.0,                             BFy, 0.0, 0.9432407510545946, -0.3321097492546217, BFz, 0.0, 0.33210974925462095, 0.943240751054592
Time, 0.304, Pos_X, 0.016663331251218, Pos_Y, -0.0341825240656099, Pos_Z, -0.03324414829912622, BFx, 1.0, 0.0, 0.0,                             BFy, 0.0, 0.9450241815202578, -0.3270004531219643, BFz, 0.0, 0.3270004531219635, 0.9450241815202552
Time, 0.306, Pos_X, 0.016972542622038, Pos_Y, -0.03508799478574276, Pos_Z, -0.034231783914674616, BFx, 1.0, 0.0, 0.0,                             BFy, 0.0, 0.9468760426849667, -0.3215987558888559, BFz, 0.0, 0.32159875588885517, 0.9468760426849641
Time, 0.308, Pos_X, 0.017283493872238, Pos_Y, -0.035990818874003544, Pos_Z, -0.03523830676494684, BFx, 1.0, 0.0, 0.0,                             BFy, 0.0, 0.9487994356720043, -0.31587913965390135, BFz, 0.0, 0.3158791396539006, 0.9487994356720016
Time, 0.31, Pos_X, 0.017595991928538002, Pos_Y, -0.0368897860647851, Pos_Z, -0.036263561830271386, BFx, 1.0, 0.0, 0.0,                             BFy, 0.0, 0.9507936506829158, -0.30982484377637654, BFz, 0.0, 0.3098248437763757, 0.9507936506829131
Time, 0.312, Pos_X, 0.017909983527018003, Pos_Y, -0.03778386636733747, Pos_Z, -0.03730745644116221, BFx, 1.0, 0.0, 0.0,                             BFy, 0.0, 0.9528544340220956, -0.30342779629499095, BFz, 0.0, 0.30342779629499017, 0.9528544340220929
Time, 0.314, Pos_X, 0.018225560100718, Pos_Y, -0.03867223489976749, Pos_Z, -0.03836995763510438, BFx, 1.0, 0.0, 0.0,                             BFy, 0.0, 0.9549746876587617, -0.2966872864331281, BFz, 0.0, 0.2966872864331273, 0.954974687658759
Time, 0.316, Pos_X, 0.018542956124298002, Pos_Y, -0.039554290506939684, Pos_Z, -0.03945108613050629, BFx, 1.0, 0.0, 0.0,                             BFy, 0.0, 0.9571453624660813, -0.28960793343704555, BFz, 0.0, 0.2896079334370448, 0.9571453624660786
