Time, 0, Pos_X, 0.0, Pos_Y, 0.0, Pos_Z, 0.0, BFx, 1.0, 0.0, 0.0,                         BFy, 0.0, 1.0, 0.0, BFz, 0.0, 0.0, 1.0
Time, 0.0, Pos_X, 0.0, Pos_Y, 0.0, Pos_Z, 0.0, BFx, 1.0, 0.0, 0.0,                             BFy, 0.0, 1.0, 0.0, BFz, 0.0, 0.0, 1.0
Time, 0.002, Pos_X, 3.1652817999999995e-07, Pos_Y, -5.2690227794711974e-08, Pos_Z, 8.182294699077377e-07, BFx, 1.0, 0.0, 0.0,                             BFy, 0.0, 0.9999993145868064, -0.0011708227525008062, BFz, 0.0, 0.0011708227525008062, 0.9999993145868062
Time, 0.004, Pos_X, 1.30412688e-06, Pos_Y, -1.938818421596563e-07, Pos_Z, 3.2250299112307384e-06, BFx, 1.0, 0.0, 0.0,                             BFy, 0.0, 0.9999972103752265, -0.0023620418635940496, BFz, 0.0, 0.0023620418635940496, 0.9999972103752264
Time, 0.006, Pos_X, 3.04028744e-06, Pos_Y, -3.8898168364666894e-07, Pos_Z, 7.121929455327587e-06, BFx, 1.0, 0.0, 0.0,                             BFy, 0.0, 0.99999360938957, -0.003575077624337748, BFz, 0.0, 0.003575077624337747, 0.99999360938957
Time, 0.008, Pos_X, 5.60581862e-06, Pos_Y, -6.017565026978693e-07, Pos_Z, 1.2404933843585673e-05, BFx, 1.0, 0.0, 0.0,                             BFy, 0.0, 0.9999884262399231, -0.0048111730587931814, BFz, 0.0, 0.004811173058793181, 0.9999884262399231
Time, 0.01, Pos_X, 9.08504256e-06, Pos_Y, -7.941638027759513e-07, Pos_Z, 1.896412056788865e-05, BFx, 1.0, 0.0, 0.0,                             BFy, 0.0, 0.9999815697709875, -0.006071253441527926, BFz, 0.0, 0.006071253441527925, 0.9999815697709875
Time, 0.012, Pos_X, 1.3565508760000001e-05, Pos_Y, -9.261362849900562e-07, Pos_Z, 2.6683680072768535e-05, BFx, 1.0, 0.0, 0.0,                             BFy, 0.0, 0.999972945541813, -0.007355826563314723, BFz, 0.0, 0.0073558265633147215, 0.9999729455418132
Time, 0.014, Pos_X, 1.913803232e-05, Pos_Y, -9.553597025876275e-07, Pos_Z, 3.544219697037155e-05, BFx, 1.0, 0.0, 0.0,                             BFy, 0.0, 0.9999624596098734, -0.008664835311272495, BFz, 0.0, 0.008664835311272493, 0.9999624596098735
Time, 0.016, Pos_X, 2.5896513900000002e-05, Pos_Y, -8.369623703434383e-07, Pos_Z, 4.511309127241707e-05, BFx, 1.0, 0.0, 0.0,                             BFy, 0.0, 0.9999500221877313, -0.009997656063011054, BFz, 0.0, 0.009997656063011054, 0.9999500221877315
Time, 0.018, Pos_X, 3.3937746619999994e-05, Pos_Y, -5.233405967463207e-07, Pos_Z, 5.556526233815856e-05, BFx, 1.0, 0.0, 0.0,                             BFy, 0.0, 0.9999355508773939, -0.011353153373454253, BFz, 0.0, 0.01135315337345425, 0.9999355508773942
Time, 0.02, Pos_X, 4.336149066e-05, Pos_Y, 3.587489600169887e-08, Pos_Z, 6.666388644005376e-05, BFx, 1.0, 0.0, 0.0,                             BFy, 0.0, 0.9999189724801517, -0.012729826166775197, BFz, 0.0, 0.012729826166775196, 0.9999189724801519
Time, 0.022, Pos_X, 5.427005423999999e-05, Pos_Y, 8.936793485634127e-07, Pos_Z, 7.827136396135854e-05, BFx, 1.0, 0.0, 0.0,                             BFy, 0.0, 0.9999002227273889, -0.014126025262490462, BFz, 0.0, 0.01412602526249046, 0.9999002227273892
Time, 0.024, Pos_X, 6.676774668e-05, Pos_Y, 2.1057728768644214e-06, Pos_Z, 9.024803856895082e-05, BFx, 1.0, 0.0, 0.0,                             BFy, 0.0, 0.9998792421675968, -0.015540305091930402, BFz, 0.0, 0.0155403050919304, 0.9998792421675972
Time, 0.026, Pos_X, 8.096051511999998e-05, Pos_Y, 3.730742561378616e-06, Pos_Z, 0.00010245297530346027, BFx, 1.0, 0.0, 0.0,                             BFy, 0.0, 0.9998559702240318, -0.016971706082712687, BFz, 0.0, 0.01697170608271269, 0.999855970224032
Time, 0.028, Pos_X, 9.695547135999999e-05, Pos_Y, 5.830098154232548e-06, Pos_Z, 0.00011474479377427886, BFx, 1.0, 0.0, 0.0,                             BFy, 0.0, 0.999830324332884, -0.018420709660550837, BFz, 0.0, 0.01842070966055084, 0.9998303243328842
Time, 0.03, Pos_X, 0.00011486001103999998, Pos_Y, 8.46837525964636e-06, Pos_Z, 0.00012698251538149034, BFx, 1.0, 0.0, 0.0,                             BFy, 0.0, 0.9998022222927838, -0.01988759156884723, BFz, 0.0, 0.019887591568847233, 0.999802222292784
Time, 0.032, Pos_X, 0.0001347810593, Pos_Y, 1.171328286238371e-05, Pos_Z, 0.00013902630696305246, BFx, 1.0, 0.0, 0.0,                             BFy, 0.0, 0.99977155771699, -0.021373637503749304, BFz, 0.0, 0.02137363750374931, 0.9997715577169902
Time, 0.034, Pos_X, 0.00015682448436, Pos_Y, 1.5635925583469846e-05, Pos_Z, 0.0001507381107930086, BFx, 1.0, 0.0, 0.0,                             BFy, 0.0, 0.9997381952206571, -0.02288101870418488, BFz, 0.0, 0.022881018704184887, 0.9997381952206574
Time, 0.036, Pos_X, 0.00018109409401999995, Pos_Y, 2.031105104216192e-05, Pos_Z, 0.0001619821608339934, BFx, 1.0, 0.0, 0.0,                             BFy, 0.0, 0.9997019675626374, -0.024412620739887834, BFz, 0.0, 0.02441262073988784, 0.9997019675626377
Time, 0.038, Pos_X, 0.00020769095797999997, Pos_Y, 2.5817045849634873e-05, Pos_Z, 0.00017262525579052332, BFx, 1.0, 0.0, 0.0,                             BFy, 0.0, 0.9996626781270818, -0.025971714610108797, BFz, 0.0, 0.025971714610108804, 0.9996626781270821
Time, 0.04, Pos_X, 0.00023671268862, Pos_Y, 3.2235945163629605e-05, Pos_Z, 0.00018253678004044417, BFx, 1.0, 0.0, 0.0,                             BFy, 0.0, 0.9996201034508464, -0.02756172666793079, BFz, 0.0, 0.0275617266679308, 0.9996201034508468
Time, 0.042, Pos_X, 0.00026825238182000006, Pos_Y, 3.965348808743909e-05, Pos_Z, 0.00019158867370718587, BFx, 1.0, 0.0, 0.0,                             BFy, 0.0, 0.9995739960403017, -0.029186065853774597, BFz, 0.0, 0.02918606585377461, 0.9995739960403023
Time, 0.044, Pos_X, 0.00030239750949999995, Pos_Y, 4.815916663515222e-05, Pos_Z, 0.00019965540400770145, BFx, 1.0, 0.0, 0.0,                             BFy, 0.0, 0.9995240881135066, -0.030847970449629905, BFz, 0.0, 0.030847970449629922, 0.9995240881135072
Time, 0.046, Pos_X, 0.00033922910038, Pos_Y, 5.7846401855236046e-05, Pos_Z, 0.0002066136042727567, BFx, 1.0, 0.0, 0.0,                             BFy, 0.0, 0.9994700979388718, -0.032550319907185966, BFz, 0.0, 0.03255031990718599, 0.9994700979388722
Time, 0.048, Pos_X, 0.00037882118306000004, Pos_Y, 6.88127309519633e-05, Pos_Z, 0.00021234150830839866, BFx, 1.0, 0.0, 0.0,                             BFy, 0.0, 0.999411731220421, -0.03429564839741073, BFz, 0.0, 0.03429564839741075, 0.9994117312204215
Time, 0.05, Pos_X, 0.0004212400485400001, Pos_Y, 8.115979823035231e-05, Pos_Z, 0.0002167180993637633, BFx, 1.0, 0.0, 0.0,                             BFy, 0.0, 0.9993486841234205, -0.036086112852265116, BFz, 0.0, 0.03608611285226512, 0.9993486841234208
Time, 0.052, Pos_X, 0.00046654348274000003, Pos_Y, 9.499320269797271e-05, Pos_Z, 0.00021962221540656215, BFx, 1.0, 0.0, 0.0,                             BFy, 0.0, 0.9992806463326465, -0.037923473799307814, BFz, 0.0, 0.037923473799307814, 0.9992806463326467
Time, 0.054, Pos_X, 0.0005147804174600001, Pos_Y, 0.0001104223191011924, Pos_Z, 0.0002209316580987154, BFx, 1.0, 0.0, 0.0,                             BFy, 0.0, 0.9992073031975008, -0.03980910997216746, BFz, 0.0, 0.03980910997216745, 0.9992073031975011
Time, 0.056, Pos_X, 0.0005659923060600001, Pos_Y, 0.00012756133853490475, Pos_Z, 0.0002205204085298452, BFx, 1.0, 0.0, 0.0,                             BFy, 0.0, 0.9991283372460563, -0.04174405001829162, BFz, 0.0, 0.041744050018291616, 0.9991283372460564
Time, 0.058, Pos_X, 0.0006202126358600002, Pos_Y, 0.00014652877842252754, Pos_Z, 0.00021825832614337135, BFx, 1.0, 0.0, 0.0,                             BFy, 0.0, 0.9990434335331747, -0.04372891393853651, BFz, 0.0, 0.04372891393853651, 0.9990434335331747
Time, 0.06, Pos_X, 0.00067746508178, Pos_Y, 0.00016744572330100699, Pos_Z, 0.00021401279132109494, BFx, 1.0, 0.0, 0.0,                             BFy, 0.0, 0.9989522821488477, -0.045763937654097205, BFz, 0.0, 0.0457639376540972, 0.9989522821488476
Time, 0.062, Pos_X, 0.00073776380636, Pos_Y, 0.00019043550977499398, Pos_Z, 0.00020764791123032786, BFx, 1.0, 0.0, 0.0,                             BFy, 0.0, 0.9988545808053715, -0.04784899585283497, BFz, 0.0, 0.04784899585283496, 0.9988545808053715
Time, 0.064, Pos_X, 0.0008011142094000001, Pos_Y, 0.00021562371928117877, Pos_Z, 0.00019902368012188006, BFx, 1.0, 0.0, 0.0,                             BFy, 0.0, 0.998750033719166, -0.04998369880234524, BFz, 0.0, 0.04998369880234524, 0.998750033719166
Time, 0.066, Pos_X, 0.0008675133740400001, Pos_Y, 0.00024313803141602565, Pos_Z, 0.00018799542735734796, BFx, 1.0, 0.0, 0.0,                             BFy, 0.0, 0.9986383533364064, -0.05216741555367098, BFz, 0.0, 0.05216741555367097, 0.9986383533364064
Time, 0.068, Pos_X, 0.0009369502609800002, Pos_Y, 0.00027310758633251376, Pos_Z, 0.00017441344435740184, BFx, 1.0, 0.0, 0.0,                             BFy, 0.0, 0.9985192623824649, -0.05439928906867001, BFz, 0.0, 0.054399289068670004, 0.998519262382465
Time, 0.07, Pos_X, 0.0010094063566200003, Pos_Y, 0.00030566265886804877, Pos_Z, 0.00015812298072587832, BFx, 1.0, 0.0, 0.0,                             BFy, 0.0, 0.9983924968421909, -0.05667823435159436, BFz, 0.0, 0.056678234351594345, 0.9983924968421911
Time, 0.072, Pos_X, 0.0010848567519399998, Pos_Y, 0.00034093422480286717, Pos_Z, 0.0001389644595266134, BFx, 1.0, 0.0, 0.0,                             BFy, 0.0, 0.9982578030249103, -0.05900303975116604, BFz, 0.0, 0.059003039751166025, 0.9982578030249105
Time, 0.074, Pos_X, 0.0011632713379399998, Pos_Y, 0.0003790534452016176, Pos_Z, 0.00011677414057779584, BFx, 1.0, 0.0, 0.0,                             BFy, 0.0, 0.9981149433030216, -0.061372306093254815, BFz, 0.0, 0.06137230609325481, 0.9981149433030219
Time, 0.076, Pos_X, 0.0012446154579399999, Pos_Y, 0.0004201512767760537, Pos_Z, 9.138512306846531e-05, BFx, 1.0, 0.0, 0.0,                             BFy, 0.0, 0.9979637020283203, -0.0637843980447281, BFz, 0.0, 0.0637843980447281, 0.9979637020283206
Time, 0.078, Pos_X, 0.00132885054504, Pos_Y, 0.0004643578830442148, Pos_Z, 6.262836408422648e-05, BFx, 1.0, 0.0, 0.0,                             BFy, 0.0, 0.9978038934707744, -0.06623737747346496, BFz, 0.0, 0.06623737747346496, 0.9978038934707747
Time, 0.08, Pos_X, 0.0014159349324400002, Pos_Y, 0.0005118021210624933, Pos_Z, 3.033397365575513e-05, BFx, 1.0, 0.0, 0.0,                             BFy, 0.0, 0.9976353647231985, -0.06872902628154298, BFz, 0.0, 0.06872902628154298, 0.9976353647231989
Time, 0.082, Pos_X, 0.0015058242648400002, Pos_Y, 0.0005626110535242116, Pos_Z, -5.667517129349113e-06, BFx, 1.0, 0.0, 0.0,                             BFy, 0.0, 0.997458001808672, -0.0712568216232649, BFz, 0.0, 0.07125682162326492, 0.9974580018086723
Time, 0.084, Pos_X, 0.0015984720452400002, Pos_Y, 0.0006169092418242087, Pos_Z, -4.5544197407137244e-05, BFx, 1.0, 0.0, 0.0,                             BFy, 0.0, 0.9972717334161935, -0.07381794991097572, BFz, 0.0, 0.07381794991097576, 0.9972717334161938
Time, 0.086, Pos_X, 0.0016938297222399996, Pos_Y, 0.0006748184194844717, Pos_Z, -8.946201464515113e-05, BFx, 1.0, 0.0, 0.0,                             BFy, 0.0, 0.997076530552438, -0.07640937260253038, BFz, 0.0, 0.0764093726025304, 0.9970765305524382
Time, 0.088, Pos_X, 0.0017918465697599997, Pos_Y, 0.000736457543198159, Pos_Z, -0.00013758384809931727, BFx, 1.0, 0.0, 0.0,                             BFy, 0.0, 0.9968724089678893, -0.07902784470397657, BFz, 0.0, 0.0790278447039766, 0.9968724089678896
Time, 0.09, Pos_X, 0.0018924695333199998, Pos_Y, 0.0008019431078949269, Pos_Z, -0.0001900683304731369, BFx, 1.0, 0.0, 0.0,                             BFy, 0.0, 0.9966594287311652, -0.08166996462143361, BFz, 0.0, 0.08166996462143364, 0.9966594287311654
Time, 0.092, Pos_X, 0.0019956426622, Pos_Y, 0.0008713896399624497, Pos_Z, -0.00024706868417322017, BFx, 1.0, 0.0, 0.0,                             BFy, 0.0, 0.9964376836176876, -0.08433233464463981, BFz, 0.0, 0.08433233464463984, 0.9964376836176879
Time, 0.094, Pos_X, 0.00210130653608, Pos_Y, 0.0009449100714769613, Pos_Z, -0.00030873161541384106, BFx, 1.0, 0.0, 0.0,                             BFy, 0.0, 0.9962073068128884, -0.08701150413945281, BFz, 0.0, 0.08701150413945283, 0.9962073068128886
Time, 0.096, Pos_X, 0.0022093980624600003, Pos_Y, 0.001022615513377946, Pos_Z, -0.0003751957083644104, BFx, 1.0, 0.0, 0.0,                             BFy, 0.0, 0.9959684684042759, -0.08970401297845773, BFz, 0.0, 0.08970401297845773, 0.9959684684042762
Time, 0.098, Pos_X, 0.0023198505131400006, Pos_Y, 0.0011046146668431353, Pos_Z, -0.0004465899925262726, BFx, 1.0, 0.0, 0.0,                             BFy, 0.0, 0.9957213742381408, -0.09240641149458646, BFz, 0.0, 0.09240641149458648, 0.9957213742381411
Time, 0.1, Pos_X, 0.0024325934113400005, Pos_Y, 0.0011910136041991706, Pos_Z, -0.0005230329884214197, BFx, 1.0, 0.0, 0.0,                             BFy, 0.0, 0.9954662632930037, -0.09511529133353046, BFz, 0.0, 0.0951152913335305, 0.995466263293004
Time, 0.102, Pos_X, 0.00254755231318, Pos_Y, 0.0012819152888291366, Pos_Z, -0.0006046318473386014, BFx, 1.0, 0.0, 0.0,                             BFy, 0.0, 0.9952034003418166, -0.0978273578713217, BFz, 0.0, 0.09782735787132175, 0.995203400341817
Time, 0.104, Pos_X, 0.00266464829962, Pos_Y, 0.0013774198009262818, Pos_Z, -0.0006914819093646162, BFx, 1.0, 0.0, 0.0,                             BFy, 0.0, 0.9949330812556119, -0.10053936454549524, BFz, 0.0, 0.10053936454549532, 0.9949330812556122
Time, 0.106, Pos_X, 0.00278379657054, Pos_Y, 0.001477625095162964, Pos_Z, -0.0007836663789757195, BFx, 1.0, 0.0, 0.0,                             BFy, 0.0, 0.9946556291610475, -0.10324814467213768, BFz, 0.0, 0.10324814467213776, 0.9946556291610479
Time, 0.108, Pos_X, 0.0029049052952, Pos_Y, 0.0015826276460176936, Pos_Z, -0.0008812562340721176, BFx, 1.0, 0.0, 0.0,                             BFy, 0.0, 0.9943714038109285, -0.1059505133686558, BFz, 0.0, 0.10595051336865587, 0.9943714038109287
Time, 0.11, Pos_X, 0.0030278750713, Pos_Y, 0.0016925233988175404, Pos_Z, -0.000984310221493608, BFx, 1.0, 0.0, 0.0,                             BFy, 0.0, 0.994080805122435, -0.10864323672981087, BFz, 0.0, 0.10864323672981095, 0.9940808051224352
Time, 0.112, Pos_X, 0.00315259869656, Pos_Y, 0.0018074083065778123, Pos_Z, -0.001092874888733205, BFx, 1.0, 0.0, 0.0,                             BFy, 0.0, 0.9937842743079949, -0.11132302609132877, BFz, 0.0, 0.11132302609132885, 0.993784274307995
Time, 0.114, Pos_X, 0.00327896074516, Pos_Y, 0.0019273785534229873, Pos_Z, -0.0012069845223261094, BFx, 1.0, 0.0, 0.0,                             BFy, 0.0, 0.9934823010138791, -0.1139864797779396, BFz, 0.0, 0.11398647977793969, 0.9934823010138792
Time, 0.116, Pos_X, 0.00340683708364, Pos_Y, 0.0020525306885741806, Pos_Z, -0.0013266609778781724, BFx, 1.0, 0.0, 0.0,                             BFy, 0.0, 0.9931754092842173, -0.11663021217988993, BFz, 0.0, 0.11663021217989003, 0.9931754092842175
Time, 0.118, Pos_X, 0.0035360947571599992, Pos_Y, 0.002182962236727902, Pos_Z, -0.0014519134072987203, BFx, 1.0, 0.0, 0.0,                             BFy, 0.0, 0.9928641638979351, -0.119250794744744, BFz, 0.0, 0.11925079474474409, 0.9928641638979353
Time, 0.12, Pos_X, 0.0036665925240399995, Pos_Y, 0.0023187721667162924, Pos_Z, -0.0015827380643322476, BFx, 1.0, 0.0, 0.0,                             BFy, 0.0, 0.9925491538862324, -0.12184488959214893, BFz, 0.0, 0.12184488959214902, 0.9925491538862325
Time, 0.122, Pos_X, 0.0037981821715999996, Pos_Y, 0.002460060836877332, Pos_Z, -0.0017191188668250635, BFx, 1.0, 0.0, 0.0,                             BFy, 0.0, 0.9922309783843556, -0.1244093466521843, BFz, 0.0, 0.1244093466521844, 0.9922309783843556
Time, 0.124, Pos_X, 0.00393070949976, Pos_Y, 0.0026069295166134096, Pos_Z, -0.0018610278526201536, BFx, 1.0, 0.0, 0.0,                             BFy, 0.0, 0.9919102311801083, -0.12694129856048786, BFz, 0.0, 0.12694129856048794, 0.9919102311801085
Time, 0.126, Pos_X, 0.00406401504952, Pos_Y, 0.0027594798716069962, Pos_Z, -0.002008425492351542, BFx, 1.0, 0.0, 0.0,                             BFy, 0.0, 0.991587493544946, -0.12943818078623642, BFz, 0.0, 0.12943818078623653, 0.9915874935449462
Time, 0.128, Pos_X, 0.0041979346785, Pos_Y, 0.0029178138808223773, Pos_Z, -0.002161260736251539, BFx, 1.0, 0.0, 0.0,                             BFy, 0.0, 0.9912632991381782, -0.13189795973286972, BFz, 0.0, 0.13189795973286983, 0.9912632991381783
Time, 0.13, Pos_X, 0.0043322998847399995, Pos_Y, 0.003082034239103261, Pos_Z, -0.002319470954032483, BFx, 1.0, 0.0, 0.0,                             BFy, 0.0, 0.990938120845952, -0.1343191745593018, BFz, 0.0, 0.13431917455930192, 0.9909381208459521
Time, 0.132, Pos_X, 0.004466938322847999, Pos_Y, 0.0032522450100644184, Pos_Z, -0.0024829820129137346, BFx, 1.0, 0.0, 0.0,                             BFy, 0.0, 0.9906123635989548, -0.13670093300665756, BFz, 0.0, 0.13670093300665767, 0.9906123635989549
Time, 0.134, Pos_X, 0.004601674651928399, Pos_Y, 0.0034285518621821557, Pos_Z, -0.0026517082833525632, BFx, 1.0, 0.0, 0.0,                             BFy, 0.0, 0.9902863662614741, -0.13904284518321694, BFz, 0.0, 0.13904284518321705, 0.9902863662614744
Time, 0.136, Pos_X, 0.004736331379601199, Pos_Y, 0.0036110621549826903, Pos_Z, -0.00282555316376498, BFx, 1.0, 0.0, 0.0,                             BFy, 0.0, 0.9899604031683082, -0.14134496863645138, BFz, 0.0, 0.14134496863645143, 0.9899604031683084
Time, 0.138, Pos_X, 0.004870730069462, Pos_Y, 0.003799884936668329, Pos_Z, -0.003004409554988785, BFx, 1.0, 0.0, 0.0,                             BFy, 0.0, 0.9896346995331264, -0.14360766511567974, BFz, 0.0, 0.14360766511567974, 0.9896346995331265
Time, 0.14, Pos_X, 0.005004692907262799, Pos_Y, 0.0039951309427919, Pos_Z, -0.003188160548228082, BFx, 1.0, 0.0, 0.0,                             BFy, 0.0, 0.9893094362085632, -0.14583154469693482, BFz, 0.0, 0.1458315446969348, 0.9893094362085632
Time, 0.142, Pos_X, 0.005138043839483597, Pos_Y, 0.004196912550211534, Pos_Z, -0.0033766800742066386, BFx, 1.0, 0.0, 0.0,                             BFy, 0.0, 0.9889847533243088, -0.14801742360970663, BFz, 0.0, 0.1480174236097066, 0.9889847533243089
Time, 0.144, Pos_X, 0.005270609292624398, Pos_Y, 0.004405343925425988, Pos_Z, -0.003569833419304536, BFx, 1.0, 0.0, 0.0,                             BFy, 0.0, 0.9886607392654464, -0.15016638317246594, BFz, 0.0, 0.15016638317246594, 0.9886607392654465
Time, 0.146, Pos_X, 0.005402219579645198, Pos_Y, 0.004620541415910901, Pos_Z, -0.0037674780891679203, BFx, 1.0, 0.0, 0.0,                             BFy, 0.0, 0.988337432796842, -0.15227973907432993, BFz, 0.0, 0.15227973907432996, 0.9883374327968423
Time, 0.148, Pos_X, 0.005532709777005998, Pos_Y, 0.004842623934787618, Pos_Z, -0.003969465141690412, BFx, 1.0, 0.0, 0.0,                             BFy, 0.0, 0.9880148209331625, -0.1543590412525587, BFz, 0.0, 0.15435904125255875, 0.9880148209331628
Time, 0.15, Pos_X, 0.005661920206966798, Pos_Y, 0.005071713175092509, Pos_Z, -0.0041756420127476756, BFx, 1.0, 0.0, 0.0,                             BFy, 0.0, 0.9876928329511413, -0.15640609878437264, BFz, 0.0, 0.1564060987843727, 0.9876928329511416
Time, 0.152, Pos_X, 0.005789698320847598, Pos_Y, 0.005307933697116412, Pos_Z, -0.004385855381692876, BFx, 1.0, 0.0, 0.0,                             BFy, 0.0, 0.9873713511903218, -0.15842289875076743, BFz, 0.0, 0.15842289875076748, 0.9873713511903223
Time, 0.154, Pos_X, 0.005915901036988398, Pos_Y, 0.0055514130596289344, Pos_Z, -0.004599951649818629, BFx, 1.0, 0.0, 0.0,                             BFy, 0.0, 0.9870502329760374, -0.16041146337449735, BFz, 0.0, 0.16041146337449738, 0.9870502329760379
Time, 0.156, Pos_X, 0.0060403946904291975, Pos_Y, 0.0058022823967605565, Pos_Z, -0.0048177764225727044, BFx, 1.0, 0.0, 0.0,                             BFy, 0.0, 0.9867293529484676, -0.1623735940043712, BFz, 0.0, 0.1623735940043713, 0.9867293529484679
Time, 0.158, Pos_X, 0.006163054231829997, Pos_Y, 0.006060676889425528, Pos_Z, -0.005039175245646288, BFx, 1.0, 0.0, 0.0,                             BFy, 0.0, 0.986408628486482, -0.16431073503400576, BFz, 0.0, 0.16431073503400584, 0.9864086284864823
Time, 0.16, Pos_X, 0.006283763715630797, Pos_Y, 0.006326735404113798, Pos_Z, -0.005263994411449661, BFx, 1.0, 0.0, 0.0,                             BFy, 0.0, 0.9860880543814464, -0.16622379193789105, BFz, 0.0, 0.16622379193789116, 0.9860880543814466
Time, 0.162, Pos_X, 0.006402416731231597, Pos_Y, 0.00660060020389475, Pos_Z, -0.005492082599062226, BFx, 1.0, 0.0, 0.0,                             BFy, 0.0, 0.9857677261228935, -0.16811302785476764, BFz, 0.0, 0.1681130278547678, 0.9857677261228937
Time, 0.164, Pos_X, 0.0065189163960323974, Pos_Y, 0.0068824169905709765, Pos_Z, -0.005723293478887248, BFx, 1.0, 0.0, 0.0,                             BFy, 0.0, 0.9854478429516409, -0.1699780833576974, BFz, 0.0, 0.1699780833576976, 0.9854478429516409
Time, 0.166, Pos_X, 0.006633175308133198, Pos_Y, 0.007172335088949452, Pos_Z, -0.005957487651722173, BFx, 1.0, 0.0, 0.0,                             BFy, 0.0, 0.9851287142713885, -0.17181797437404325, BFz, 0.0, 0.17181797437404342, 0.9851287142713885
Time, 0.168, Pos_X, 0.006745115852873997, Pos_Y, 0.0074705078169952765, Pos_Z, -0.006194533669647908, BFx, 1.0, 0.0, 0.0,                             BFy, 0.0, 0.9848107452615792, -0.1736312069224063, BFz, 0.0, 0.17363120692240647, 0.9848107452615791
Time, 0.17, Pos_X, 0.006854670084154797, Pos_Y, 0.007777092902772692, Pos_Z, -0.006434307585101305, BFx, 1.0, 0.0, 0.0,                             BFy, 0.0, 0.9844944302244898, -0.17541583981201697, BFz, 0.0, 0.17541583981201708, 0.9844944302244898
Time, 0.172, Pos_X, 0.006961778907235596, Pos_Y, 0.008092252699293163, Pos_Z, -0.006676691677015227, BFx, 1.0, 0.0, 0.0,                             BFy, 0.0, 0.9841802902953289, -0.17716985125635767, BFz, 0.0, 0.17716985125635773, 0.984180290295329
Time, 0.174, Pos_X, 0.007066390176416396, Pos_Y, 0.008416153765992602, Pos_Z, -0.006921572745152127, BFx, 1.0, 0.0, 0.0,                             BFy, 0.0, 0.9838688338916489, -0.17889135724423494, BFz, 0.0, 0.178891357244235, 0.983868833891649
Time, 0.176, Pos_X, 0.007168455660897196, Pos_Y, 0.00874896667704148, Pos_Z, -0.007168840576515167, BFx, 1.0, 0.0, 0.0,                             BFy, 0.0, 0.9835605115303604, -0.1805788474825693, BFz, 0.0, 0.1805788474825694, 0.9835605115303606
Time, 0.178, Pos_X, 0.007267927143497996, Pos_Y, 0.009090866663274735, Pos_Z, -0.007418387571080698, BFx, 1.0, 0.0, 0.0,                             BFy, 0.0, 0.9832557004758876, -0.18223124727024453, BFz, 0.0, 0.18223124727024465, 0.9832557004758877
Time, 0.18, Pos_X, 0.007364753460218796, Pos_Y, 0.009442033511639022, Pos_Z, -0.007670109003066831, BFx, 1.0, 0.0, 0.0,                             BFy, 0.0, 0.9829547489972699, -0.1838476581947983, BFz, 0.0, 0.18384765819479842, 0.9829547489972701
Time, 0.182, Pos_X, 0.0074588793537395965, Pos_Y, 0.009802651270608274, Pos_Z, -0.007923903153612223, BFx, 1.0, 0.0, 0.0,                             BFy, 0.0, 0.9826580722505314, -0.185426840130728, BFz, 0.0, 0.18542684013072813, 0.9826580722505316
Time, 0.184, Pos_X, 0.007550243433460397, Pos_Y, 0.010172908957389579, Pos_Z, -0.008179670077223526, BFx, 1.0, 0.0, 0.0,                             BFy, 0.0, 0.9823661562315215, -0.18696720324940158, BFz, 0.0, 0.18696720324940172, 0.9823661562315218
Time, 0.186, Pos_X, 0.007638774689981196, Pos_Y, 0.010553001403840526, Pos_Z, -0.008437307691081787, BFx, 1.0, 0.0, 0.0,                             BFy, 0.0, 0.9820795857326635, -0.18846667420835211, BFz, 0.0, 0.18846667420835228, 0.9820795857326637
Time, 0.188, Pos_X, 0.007724388912901997, Pos_Y, 0.010943129582479777, Pos_Z, -0.008696706488148628, BFx, 1.0, 0.0, 0.0,                             BFy, 0.0, 0.9817990998499809, -0.18992242504181647, BFz, 0.0, 0.1899224250418166, 0.9817990998499811
Time, 0.19, Pos_X, 0.007806985051222797, Pos_Y, 0.011343500038951052, Pos_Z, -0.008957743947581271, BFx, 1.0, 0.0, 0.0,                             BFy, 0.0, 0.9815256582175348, -0.19133055757152825, BFz, 0.0, 0.1913305575715284, 0.9815256582175351
Time, 0.192, Pos_X, 0.007886441833023597, Pos_Y, 0.011754323701750056, Pos_Z, -0.009220279775440304, BFx, 1.0, 0.0, 0.0,                             BFy, 0.0, 0.9812604903136722, -0.192685884665608, BFz, 0.0, 0.19268588466560813, 0.9812604903136726
Time, 0.194, Pos_X, 0.007962615336704398, Pos_Y, 0.012175814370452958, Pos_Z, -0.009484152461505855, BFx, 1.0, 0.0, 0.0,                             BFy, 0.0, 0.9810051474763636, -0.1939817017784774, BFz, 0.0, 0.19398170177847757, 0.981005147476364
Time, 0.196, Pos_X, 0.008035337521265198, Pos_Y, 0.012608187230262684, Pos_Z, -0.009749176759860458, BFx, 1.0, 0.0, 0.0,                             BFy, 0.0, 0.9807614946882294, -0.19520986280643166, BFz, 0.0, 0.1952098628064318, 0.9807614946882298
Time, 0.198, Pos_X, 0.008104415346825997, Pos_Y, 0.013051657732910029, Pos_Z, -0.01001514252267094, BFx, 1.0, 0.0, 0.0,                             BFy, 0.0, 0.980531668739405, -0.19636101089348929, BFz, 0.0, 0.1963610108934894, 0.9805316687394056
Time, 0.2, Pos_X, 0.008169630412106797, Pos_Y, 0.013506441211458737, Pos_Z, -0.010281814180102199, BFx, 1.0, 0.0, 0.0,                             BFy, 0.0, 0.9803179436549662, -0.1974252500266722, BFz, 0.0, 0.1974252500266723, 0.9803179436549667
Time, 0.202, Pos_X, 0.008230739483187597, Pos_Y, 0.013972752402367828, Pos_Z, -0.010548929822689191, BFx, 1.0, 0.0, 0.0,                             BFy, 0.0, 0.9801225344268578, -0.19839308835911726, BFz, 0.0, 0.19839308835911734, 0.9801225344268584
Time, 0.204, Pos_X, 0.008287475356268396, Pos_Y, 0.014450804865911979, Pos_Z, -0.01081620039551093, BFx, 1.0, 0.0, 0.0,                             BFy, 0.0, 0.979947435088433, -0.19925617798100395, BFz, 0.0, 0.199256177981004, 0.9799474350884334
Time, 0.206, Pos_X, 0.008339547792549196, Pos_Y, 0.01494081086449632, Pos_Z, -0.011083309692265347, BFx, 1.0, 0.0, 0.0,                             BFy, 0.0, 0.9797942493060818, -0.20000807240391055, BFz, 0.0, 0.20000807240391055, 0.9797942493060823
Time, 0.208, Pos_X, 0.008386645113029995, Pos_Y, 0.01544298076158119, Pos_Z, -0.011349914978888919, BFx, 1.0, 0.0, 0.0,                             BFy, 0.0, 0.9796640665613707, -0.2006447524567605, BFz, 0.0, 0.2006447524567605, 0.9796640665613712
Time, 0.21, Pos_X, 0.008428436573910795, Pos_Y, 0.015957521421841692, Pos_Z, -0.011615648183907722, BFx, 1.0, 0.0, 0.0,                             BFy, 0.0, 0.9795573529694896, -0.20116508703898694, BFz, 0.0, 0.20116508703898694, 0.97955735296949
Time, 0.212, Pos_X, 0.008464575322391595, Pos_Y, 0.016484634345810455, Pos_Z, -0.011880117426640455, BFx, 1.0, 0.0, 0.0,                             BFy, 0.0, 0.9794739026912203, -0.20157101464949492, BFz, 0.0, 0.20157101464949492, 0.9794739026912206
Time, 0.214, Pos_X, 0.008494702022072394, Pos_Y, 0.017024513926049017, Pos_Z, -0.012142908698037668, BFx, 1.0, 0.0, 0.0,                             BFy, 0.0, 0.9794128620929013, -0.20186739599793752, BFz, 0.0, 0.20186739599793754, 0.9794128620929017
Time, 0.216, Pos_X, 0.008518448965153193, Pos_Y, 0.01757734595145623, Pos_Z, -0.012403587952646636, BFx, 1.0, 0.0, 0.0,                             BFy, 0.0, 0.9793728560316658, -0.20206139875882917, BFz, 0.0, 0.2020613987588292, 0.979372856031666
Time, 0.218, Pos_X, 0.008535444386633994, Pos_Y, 0.018143306065041356, Pos_Z, -0.012661703702978337, BFx, 1.0, 0.0, 0.0,                             BFy, 0.0, 0.9793521927887621, -0.20216152571604867, BFz, 0.0, 0.2021615257160487, 0.979352192788762
Time, 0.22, Pos_X, 0.008545316473914794, Pos_Y, 0.01872255830190484, Pos_Z, -0.01291679024829054, BFx, 1.0, 0.0, 0.0,                             BFy, 0.0, 0.9793490758076596, -0.20217662504523076, BFz, 0.0, 0.2021766250452308, 0.9793490758076596
Time, 0.222, Pos_X, 0.008547697289195593, Pos_Y, 0.01931525404022328, Pos_Z, -0.013168371525350244, BFx, 1.0, 0.0, 0.0,                             BFy, 0.0, 0.9793617896130012, -0.20211502924329122, BFz, 0.0, 0.20211502924329128, 0.9793617896130011
Time, 0.224, Pos_X, 0.008542227116476392, Pos_Y, 0.019921530898100545, Pos_Z, -0.01341596506275097, BFx, 1.0, 0.0, 0.0,                             BFy, 0.0, 0.979388816908895, -0.20198402242205118, BFz, 0.0, 0.20198402242205127, 0.9793888169088949
Time, 0.226, Pos_X, 0.008528558437357192, Pos_Y, 0.020541512218143636, Pos_Z, -0.013659086063581127, BFx, 1.0, 0.0, 0.0,                             BFy, 0.0, 0.9794288811055489, -0.2017896599341243, BFz, 0.0, 0.20178965993412443, 0.9794288811055488
Time, 0.228, Pos_X, 0.008506359788437992, Pos_Y, 0.021175306675071347, Pos_Z, -0.013897252345619587, BFx, 1.0, 0.0, 0.0,                             BFy, 0.0, 0.979480903734269, -0.20153699218728272, BFz, 0.0, 0.20153699218728285, 0.979480903734269
Time, 0.23, Pos_X, 0.008475319122718792, Pos_Y, 0.02182300820219828, Pos_Z, -0.014129989464850645, BFx, 1.0, 0.0, 0.0,                             BFy, 0.0, 0.9795438875752039, -0.20123064456998985, BFz, 0.0, 0.20123064456998999, 0.9795438875752039
Time, 0.232, Pos_X, 0.008435146907999591, Pos_Y, 0.022484696723046253, Pos_Z, -0.014356835403391189, BFx, 1.0, 0.0, 0.0,                             BFy, 0.0, 0.9796167680689023, -0.20087555281376557, BFz, 0.0, 0.20087555281376573, 0.9796167680689022
Time, 0.234, Pos_X, 0.008385579745680391, Pos_Y, 0.023160439302207188, Pos_Z, -0.014577345611106718, BFx, 1.0, 0.0, 0.0,                             BFy, 0.0, 0.9796982642180847, -0.2004777072097276, BFz, 0.0, 0.2004777072097278, 0.9796982642180845
Time, 0.236, Pos_X, 0.008326383812561192, Pos_Y, 0.023850291225223298, Pos_Z, -0.014791098028285174, BFx, 1.0, 0.0, 0.0,                             BFy, 0.0, 0.9797867809811963, -0.20004465455118492, BFz, 0.0, 0.2000446545511851, 0.9797867809811961
Time, 0.238, Pos_X, 0.008257357171041991, Pos_Y, 0.02455429735565312, Pos_Z, -0.014997697705118187, BFx, 1.0, 0.0, 0.0,                             BFy, 0.0, 0.9798804368424185, -0.1995853939884098, BFz, 0.0, 0.19958539398840996, 0.9798804368424182
Time, 0.24, Pos_X, 0.008178332081722792, Pos_Y, 0.025272493381064392, Pos_Z, -0.015196780861860961, BFx, 1.0, 0.0, 0.0,                             BFy, 0.0, 0.979977103468674, -0.19911021238787727, BFz, 0.0, 0.1991102123878774, 0.9799771034686737
Time, 0.242, Pos_X, 0.008089176995203591, Pos_Y, 0.026004907284269217, Pos_Z, -0.015388018658748257, BFx, 1.0, 0.0, 0.0,                             BFy, 0.0, 0.9800744490018494, -0.19863049718942705, BFz, 0.0, 0.19863049718942716, 0.9800744490018491
Time, 0.244, Pos_X, 0.00798979697608439, Pos_Y, 0.026751561634612134, Pos_Z, -0.01557112126186429, BFx, 1.0, 0.0, 0.0,                             BFy, 0.0, 0.9801699937175049, -0.19815848055489385, BFz, 0.0, 0.19815848055489396, 0.9801699937175046
Time, 0.246, Pos_X, 0.007880133395365191, Pos_Y, 0.027512476497484065, Pos_Z, -0.01574584105798436, BFx, 1.0, 0.0, 0.0,                             BFy, 0.0, 0.9802612195204086, -0.19770670576477564, BFz, 0.0, 0.19770670576477575, 0.980261219520408
Time, 0.248, Pos_X, 0.007760163280445991, Pos_Y, 0.02828767300212127, Pos_Z, -0.015911975047444377, BFx, 1.0, 0.0, 0.0,                             BFy, 0.0, 0.980345660947558, -0.19728756945457604, BFz, 0.0, 0.19728756945457615, 0.9803456609475574
Time, 0.25, Pos_X, 0.00762989808532679, Pos_Y, 0.02907717655025023, Pos_Z, -0.016069366803829446, BFx, 1.0, 0.0, 0.0,                             BFy, 0.0, 0.9804209951447873, -0.19691285453038213, BFz, 0.0, 0.19691285453038226, 0.9804209951447868
Time, 0.252, Pos_X, 0.00748938203100759, Pos_Y, 0.02988102002548658, Pos_Z, -0.01621790812205226, BFx, 1.0, 0.0, 0.0,                             BFy, 0.0, 0.9804851389516988, -0.19659321528187804, BFz, 0.0, 0.19659321528187818, 0.980485138951698
Time, 0.254, Pos_X, 0.0073386901296883895, Pos_Y, 0.030699247097859043, Pos_Z, -0.0163575408583685, BFx, 1.0, 0.0, 0.0,                             BFy, 0.0, 0.9805363508804222, -0.1963376291038076, BFz, 0.0, 0.19633762910380773, 0.9805363508804215
Time, 0.256, Pos_X, 0.007177925256969189, Pos_Y, 0.03153191536247451, Pos_Z, -0.016488258230671557, BFx, 1.0, 0.0, 0.0,                             BFy, 0.0, 0.980573278901311, -0.1961531154601693, BFz, 0.0, 0.19615311546016947, 0.9805732789013102
Time, 0.258, Pos_X, 0.007007214807649989, Pos_Y, 0.032379099747267576, Pos_Z, -0.016610104578755797, BFx, 1.0, 0.0, 0.0,                             BFy, 0.0, 0.9805950022826526, -0.19604448856900591, BFz, 0.0, 0.19604448856900605, 0.9805950022826517
Time, 0.26, Pos_X, 0.006826706924530789, Pos_Y, 0.03324089610966088, Pos_Z, -0.016723173348761666, BFx, 1.0, 0.0, 0.0,                             BFy, 0.0, 0.9806010275773333, -0.19601434823572642, BFz, 0.0, 0.19601434823572658, 0.9806010275773324
Time, 0.262, Pos_X, 0.006636565663411588, Pos_Y, 0.03411742444309708, Pos_Z, -0.016827604860494342, BFx, 1.0, 0.0, 0.0,                             BFy, 0.0, 0.9805912904318905, -0.19606305396253965, BFz, 0.0, 0.1960630539625398, 0.9805912904318898
Time, 0.264, Pos_X, 0.006436965887492388, Pos_Y, 0.03500883119697044, Pos_Z, -0.016923584835576714, BFx, 1.0, 0.0, 0.0,                             BFy, 0.0, 0.9805661778342593, -0.19618861049385594, BFz, 0.0, 0.19618861049385608, 0.9805661778342584
Time, 0.266, Pos_X, 0.0062280901967731875, Pos_Y, 0.03591529029144929, Pos_Z, -0.017011341673265453, BFx, 1.0, 0.0, 0.0,                             BFy, 0.0, 0.9805265265309536, -0.19638668684292535, BFz, 0.0, 0.19638668684292543, 0.9805265265309527
Time, 0.268, Pos_X, 0.006010125590253987, Pos_Y, 0.036837003379331934, Pos_Z, -0.017091141291917206, BFx, 1.0, 0.0, 0.0,                             BFy, 0.0, 0.980473571436615, -0.19665089807658453, BFz, 0.0, 0.19665089807658462, 0.980473571436614
Time, 0.27, Pos_X, 0.0057832581039347864, Pos_Y, 0.03777420032669168, Pos_Z, -0.01716328105654435, BFx, 1.0, 0.0, 0.0,                             BFy, 0.0, 0.9804088566958516, -0.19697328172199147, BFz, 0.0, 0.19697328172199155, 0.9804088566958508
Time, 0.272, Pos_X, 0.005547668087615586, Pos_Y, 0.03872713945646019, Pos_Z, -0.017228082872873907, BFx, 1.0, 0.0, 0.0,                             BFy, 0.0, 0.9803341088370254, -0.19734496459426898, BFz, 0.0, 0.1973449645942691, 0.9803341088370245
Time, 0.274, Pos_X, 0.005303527028096386, Pos_Y, 0.039696106205700056, Pos_Z, -0.017285886671300904, BFx, 1.0, 0.0, 0.0,                             BFy, 0.0, 0.9802511351988431, -0.1977566988533579, BFz, 0.0, 0.19775669885335803, 0.9802511351988422
Time, 0.276, Pos_X, 0.005050993431777185, Pos_Y, 0.040681411433757024, Pos_Z, -0.017337045488702994, BFx, 1.0, 0.0, 0.0,                             BFy, 0.0, 0.9801617254255045, -0.1981993743958246, BFz, 0.0, 0.19819937439582475, 0.9801617254255036
Time, 0.278, Pos_X, 0.0047902093918579846, Pos_Y, 0.04168339057240235, Pos_Z, -0.017381921907012703, BFx, 1.0, 0.0, 0.0,                             BFy, 0.0, 0.9800676010756628, -0.1986642829544203, BFz, 0.0, 0.19866428295442043, 0.9800676010756618
Time, 0.28, Pos_X, 0.004521299790138784, Pos_Y, 0.042702401816593266, Pos_Z, -0.017420886060073134, BFx, 1.0, 0.0, 0.0,                             BFy, 0.0, 0.9799703731836541, -0.1991433345163421, BFz, 0.0, 0.19914333451634228, 0.9799703731836532
Time, 0.282, Pos_X, 0.004244372413819591, Pos_Y, 0.043738823259242825, Pos_Z, -0.017454313152948445, BFx, 1.0, 0.0, 0.0,                             BFy, 0.0, 0.9798714917943419, -0.19962930538557874, BFz, 0.0, 0.19962930538557888, 0.9798714917943411
Time, 0.284, Pos_X, 0.0039595187073003905, Pos_Y, 0.044793050338452545, Pos_Z, -0.017482579438124493, BFx, 1.0, 0.0, 0.0,                             BFy, 0.0, 0.9797722080298831, -0.20011601728058842, BFz, 0.0, 0.20011601728058853, 0.9797722080298824
Time, 0.286, Pos_X, 0.0036668150879811904, Pos_Y, 0.04586549302701744, Pos_Z, -0.01750605704433554, BFx, 1.0, 0.0, 0.0,                             BFy, 0.0, 0.9796735331335948, -0.20059852561157146, BFz, 0.0, 0.20059852561157154, 0.9796735331335943
Time, 0.288, Pos_X, 0.00336632533706199, Pos_Y, 0.0469565719808292, Pos_Z, -0.017525108023407943, BFx, 1.0, 0.0, 0.0,                             BFy, 0.0, 0.9795762067530395, -0.2010732582003983, BFz, 0.0, 0.2010732582003984, 0.9795762067530388
Time, 0.29, Pos_X, 0.00305810136074279, Pos_Y, 0.04806671518155776, Pos_Z, -0.017540078871924977, BFx, 1.0, 0.0, 0.0,                             BFy, 0.0, 0.9794806653245929, -0.2015381508679946, BFz, 0.0, 0.20153815086799468, 0.9794806653245922
Time, 0.292, Pos_X, 0.0027421823752235897, Pos_Y, 0.049196354457470476, Pos_Z, -0.017551296005061695, BFx, 1.0, 0.0, 0.0,                             BFy, 0.0, 0.9793870914088934, -0.20199238892004184, BFz, 0.0, 0.2019923889200419, 0.9793870914088928
Time, 0.294, Pos_X, 0.0024185958799043893, Pos_Y, 0.050345921460697766, Pos_Z, -0.01755906321827076, BFx, 1.0, 0.0, 0.0,                             BFy, 0.0, 0.9792954282710692, -0.20243632126518413, BFz, 0.0, 0.20243632126518418, 0.9792954282710685
Time, 0.296, Pos_X, 0.002087360510585189, Pos_Y, 0.05151584416299202, Pos_Z, -0.017563661437825832, BFx, 1.0, 0.0, 0.0,                             BFy, 0.0, 0.9792054099003811, -0.2028713021149733, BFz, 0.0, 0.20287130211497337, 0.9792054099003803
Time, 0.298, Pos_X, 0.0017484890496659888, Pos_Y, 0.05270654415085679, Pos_Z, -0.017565348454157973, BFx, 1.0, 0.0, 0.0,                             BFy, 0.0, 0.9791166345698454, -0.20329932589317073, BFz, 0.0, 0.20329932589317076, 0.9791166345698447
Time, 0.3, Pos_X, 0.0014019906391467885, Pos_Y, 0.05391843490769404, Pos_Z, -0.017564357716331497, BFx, 1.0, 0.0, 0.0,                             BFy, 0.0, 0.9790286190746657, -0.2037227602226893, BFz, 0.0, 0.20372276022268934, 0.9790286190746648
Time, 0.302, Pos_X, 0.0010478724808275883, Pos_Y, 0.055151920530572766, Pos_Z, -0.017560895866505014, BFx, 1.0, 0.0, 0.0,                             BFy, 0.0, 0.978940865809361, -0.20414402084904784, BFz, 0.0, 0.2041440208490479, 0.9789408658093601
Time, 0.304, Pos_X, 0.0006861405489083879, Pos_Y, 0.056407394515511716, Pos_Z, -0.017555139075712083, BFx, 1.0, 0.0, 0.0,                             BFy, 0.0, 0.9788528843099421, -0.20456546844006926, BFz, 0.0, 0.20456546844006934, 0.9788528843099413
Time, 0.306, Pos_X, 0.00031679974798918756, Pos_Y, 0.05768523807276527, Pos_Z, -0.01754722928294439, BFx, 1.0, 0.0, 0.0,                             BFy, 0.0, 0.9787641978707804, -0.20498937769154227, BFz, 0.0, 0.20498937769154232, 0.9787641978707797
Time, 0.308, Pos_X, -6.0145735530012874e-05, Pos_Y, 0.058985818265830756, Pos_Z, -0.017537271005764698, BFx, 1.0, 0.0, 0.0,                             BFy, 0.0, 0.9786742658035394, -0.20541830846811313, BFz, 0.0, 0.20541830846811318, 0.9786742658035389
Time, 0.31, Pos_X, -0.0004446923882492133, Pos_Y, 0.06030948637691954, Pos_Z, -0.01752532946183648, BFx, 1.0, 0.0, 0.0,                             BFy, 0.0, 0.9785824105103738, -0.20585544889485996, BFz, 0.0, 0.20585544889486004, 0.978582410510373
Time, 0.312, Pos_X, -0.0008368372903684137, Pos_Y, 0.06165657672769096, Pos_Z, -0.017511430725188494, BFx, 1.0, 0.0, 0.0,                             BFy, 0.0, 0.9784876719195346, -0.20630529780276421, BFz, 0.0, 0.2063052978027643, 0.9784876719195338
Time, 0.314, Pos_X, -0.001236577842087614, Pos_Y, 0.06302740572348926, Pos_Z, -0.017495562624640696, BFx, 1.0, 0.0, 0.0,                             BFy, 0.0, 0.9783887121554424, -0.2067740987812849, BFz, 0.0, 0.20677409878128494, 0.9783887121554417
Time, 0.316, Pos_X, -0.0016439122072068144, Pos_Y, 0.06442227175404094, Pos_Z, -0.017477675444518576, BFx, 1.0, 0.0, 0.0,                             BFy, 0.0, 0.9782837265004477, -0.2072702353556712, BFz, 0.0, 0.20727023535567127, 0.9782837265004468
