Time, 0, Pos_X, 0.0, Pos_Y, 0.0, Pos_Z, 0.0, BFx, 1.0, 0.0, 0.0,                         BFy, 0.0, 1.0, 0.0, BFz, 0.0, 0.0, 1.0
Time, 0.0, Pos_X, 0.0, Pos_Y, 0.0, Pos_Z, 0.0, BFx, 1.0, 0.0, 0.0,                             BFy, 0.0, 1.0, 0.0, BFz, 0.0, 0.0, 1.0
Time, 0.002, Pos_X, -7.1055035999999995e-06, Pos_Y, 2.353821348549321e-07, Pos_Z, 4.723463755834558e-06, BFx, 1.0, 0.0, 0.0,                             BFy, 0.0, 0.9999900754854768, -0.004455213861329933, BFz, 0.0, 0.004455213861329932, 0.9999900754854767
Time, 0.004, Pos_X, -2.8533913799999996e-05, Pos_Y, 8.733053397534245e-07, Pos_Z, 1.9155303263403788e-05, BFx, 1.0, 0.0, 0.0,                             BFy, 0.0, 0.999959326160394, -0.009019203116136855, BFz, 0.0, 0.009019203116136854, 0.9999593261603941
Time, 0.006, Pos_X, -6.45191458e-05, Pos_Y, 1.7735198949338462e-06, Pos_Z, 4.3826302570335916e-05, BFx, 1.0, 0.0, 0.0,                             BFy, 0.0, 0.9999061193300729, -0.013702281790765849, BFz, 0.0, 0.013702281790765847, 0.9999061193300729
Time, 0.008, Pos_X, -0.00011531262139999999, Pos_Y, 2.7873940302846483e-06, Pos_Z, 7.92748954655756e-05, BFx, 1.0, 0.0, 0.0,                             BFy, 0.0, 0.999828589235045, -0.01851464685753565, BFz, 0.0, 0.018514646857535646, 0.9998285892350451
Time, 0.01, Pos_X, -0.00018117400379999998, Pos_Y, 3.7566557193665543e-06, Pos_Z, 0.00012603475328792403, BFx, 1.0, 0.0, 0.0,                             BFy, 0.0, 0.999724639067532, -0.023465848403437347, BFz, 0.0, 0.023465848403437344, 0.9997246390675321
Time, 0.012, Pos_X, -0.0002623615466, Pos_Y, 4.512879242406406e-06, Pos_Z, 0.00018462939907447852, BFx, 1.0, 0.0, 0.0,                             BFy, 0.0, 0.9995919726860117, -0.028563755734982627, BFz, 0.0, 0.028563755734982627, 0.9995919726860119
Time, 0.014, Pos_X, -0.0003591294612, Pos_Y, 4.878755147025487e-06, Pos_Z, 0.00025557073574329956, BFx, 1.0, 0.0, 0.0,                             BFy, 0.0, 0.9994281541328176, -0.03381367662158416, BFz, 0.0, 0.03381367662158416, 0.9994281541328176
Time, 0.016, Pos_X, -0.00047172871119999997, Pos_Y, 4.669146299685921e-06, Pos_Z, 0.00033935907874901107, BFx, 1.0, 0.0, 0.0,                             BFy, 0.0, 0.9992306860094012, -0.03921780382914751, BFz, 0.0, 0.039217803829147496, 0.9992306860094011
Time, 0.018, Pos_X, -0.0006004070031999998, Pos_Y, 3.6907764557279496e-06, Pos_Z, 0.00043648259607963246, BFx, 1.0, 0.0, 0.0,                             BFy, 0.0, 0.9989970974551767, -0.04477498493726727, BFz, 0.0, 0.044774984937267254, 0.9989970974551765
Time, 0.02, Pos_X, -0.0007454080471999999, Pos_Y, 1.7432600355481022e-06, Pos_Z, 0.0005474122169326706, BFx, 1.0, 0.0, 0.0,                             BFy, 0.0, 0.9987250583323165, -0.05048027197937333, BFz, 0.0, 0.05048027197937332, 0.9987250583323162
Time, 0.022, Pos_X, -0.0009069704851999998, Pos_Y, -1.3775146473535653e-06, Pos_Z, 0.0006725909716122211, BFx, 1.0, 0.0, 0.0,                             BFy, 0.0, 0.9984124338407194, -0.05632594386472115, BFz, 0.0, 0.05632594386472114, 0.9984124338407191
Time, 0.024, Pos_X, -0.0010853201541999999, Pos_Y, -5.878616497540306e-06, Pos_Z, 0.0008124253239656574, BFx, 1.0, 0.0, 0.0,                             BFy, 0.0, 0.9980572853469435, -0.06230293063644921, BFz, 0.0, 0.0623029306364492, 0.9980572853469432
Time, 0.026, Pos_X, -0.0012806740741999998, Pos_Y, -1.1963573558136987e-05, Pos_Z, 0.0009672750440487316, BFx, 1.0, 0.0, 0.0,                             BFy, 0.0, 0.9976578865859065, -0.0684013255203636, BFz, 0.0, 0.06840132552036358, 0.9976578865859062
Time, 0.028, Pos_X, -0.0014932414832, Pos_Y, -1.982608828680027e-05, Pos_Z, 0.0011374371534840777, BFx, 1.0, 0.0, 0.0,                             BFy, 0.0, 0.99721227950823, -0.07461681846608073, BFz, 0.0, 0.0746168184660807, 0.9972122795082297
Time, 0.03, Pos_X, -0.0017232131279999998, Pos_Y, -2.9648635433859483e-05, Pos_Z, 0.0013231215929343269, BFx, 1.0, 0.0, 0.0,                             BFy, 0.0, 0.9967189495572565, -0.08094032118468197, BFz, 0.0, 0.08094032118468196, 0.9967189495572563
Time, 0.032, Pos_X, -0.0019707553226, Pos_Y, -4.160166414404515e-05, Pos_Z, 0.0015244343290192733, BFx, 1.0, 0.0, 0.0,                             BFy, 0.0, 0.9961763672151248, -0.08736501245966395, BFz, 0.0, 0.08736501245966394, 0.9961763672151245
Time, 0.034, Pos_X, -0.0022360070032, Pos_Y, -5.5844648575110016e-05, Pos_Z, 0.0017413715526665655, BFx, 1.0, 0.0, 0.0,                             BFy, 0.0, 0.9955828809547089, -0.0938867783552207, BFz, 0.0, 0.09388677835522068, 0.9955828809547086
Time, 0.036, Pos_X, -0.0025190802267999993, Pos_Y, -7.252780472289649e-05, Pos_Z, 0.0019738087890836874, BFx, 1.0, 0.0, 0.0,                             BFy, 0.0, 0.9949365261453439, -0.10050526822926273, BFz, 0.0, 0.1005052682292627, 0.9949365261453436
Time, 0.038, Pos_X, -0.0028200543163999997, Pos_Y, -9.179734082276163e-05, Pos_Z, 0.002221490201584102, BFx, 1.0, 0.0, 0.0,                             BFy, 0.0, 0.9942348054825866, -0.10722477123782534, BFz, 0.0, 0.10722477123782531, 0.9942348054825862
Time, 0.04, Pos_X, -0.003138970724, Pos_Y, -0.00011379818611979664, Pos_Z, 0.00248402206765547, BFx, 1.0, 0.0, 0.0,                             BFy, 0.0, 0.9934745459688601, -0.11405405083541778, BFz, 0.0, 0.11405405083541773, 0.9934745459688598
Time, 0.042, Pos_X, -0.0034758304164000005, Pos_Y, -0.00013867272953107184, Pos_Z, 0.002760868728912465, BFx, 1.0, 0.0, 0.0,                             BFy, 0.0, 0.992651687640288, -0.12100672305656676, BFz, 0.0, 0.12100672305656669, 0.9926516876402875
Time, 0.044, Pos_X, -0.0038305905795999995, Pos_Y, -0.00016655576215746556, Pos_Z, 0.003051348062680598, BFx, 1.0, 0.0, 0.0,                             BFy, 0.0, 0.9917611550427506, -0.1281007859002827, BFz, 0.0, 0.12810078590028262, 0.9917611550427501
Time, 0.046, Pos_X, -0.0042031595178, Pos_Y, -0.00019756700150411243, Pos_Z, 0.0033546290375774525, BFx, 1.0, 0.0, 0.0,                             BFy, 0.0, 0.9907969277967863, -0.13535674297370942, BFz, 0.0, 0.13535674297370934, 0.9907969277967857
Time, 0.048, Pos_X, -0.004593389809, Pos_Y, -0.0002318038976145042, Pos_Z, 0.0036697317906206448, BFx, 1.0, 0.0, 0.0,                             BFy, 0.0, 0.9897522320099009, -0.14279537538526935, BFz, 0.0, 0.14279537538526926, 0.9897522320099004
Time, 0.05, Pos_X, -0.0050010707894, Pos_Y, -0.000269337186536093, Pos_Z, 0.003995530117567402, BFx, 1.0, 0.0, 0.0,                             BFy, 0.0, 0.9886198027508872, -0.15043565271835624, BFz, 0.0, 0.15043565271835616, 0.9886198027508867
Time, 0.052, Pos_X, -0.005425920358399999, Pos_Y, -0.00031020974730715055, Pos_Z, 0.004330755055221832, BFx, 1.0, 0.0, 0.0,                             BFy, 0.0, 0.9873921473542656, -0.15829323214570198, BFz, 0.0, 0.15829323214570187, 0.9873921473542651
Time, 0.054, Pos_X, -0.005867576569799999, Pos_Y, -0.00035443875058660784, Pos_Z, 0.00467400000023469, BFx, 1.0, 0.0, 0.0,                             BFy, 0.0, 0.9860617934020665, -0.16637950472549545, BFz, 0.0, 0.16637950472549534, 0.986061793402066
Time, 0.056, Pos_X, -0.0063255941481999995, Pos_Y, -0.0004020214261898237, Pos_Z, 0.005023733540625576, BFx, 1.0, 0.0, 0.0,                             BFy, 0.0, 0.9846213529667426, -0.17470200709191136, BFz, 0.0, 0.17470200709191122, 0.9846213529667421
Time, 0.058, Pos_X, -0.0067994377076, Pos_Y, -0.00045294020156232855, Pos_Z, 0.005378313441638934, BFx, 1.0, 0.0, 0.0,                             BFy, 0.0, 0.983063440018708, -0.18326558023421863, BFz, 0.0, 0.18326558023421846, 0.9830634400187075
Time, 0.06, Pos_X, -0.007288472589399998, Pos_Y, -0.0005071685143373287, Pos_Z, 0.0057360032632490475, BFx, 1.0, 0.0, 0.0,                             BFy, 0.0, 0.9813804155885776, -0.19207415208505196, BFz, 0.0, 0.19207415208505174, 0.981380415588577
Time, 0.062, Pos_X, -0.007791961227599999, Pos_Y, -0.0005646799730938166, Pos_Z, 0.006094997049876003, BFx, 1.0, 0.0, 0.0,                             BFy, 0.0, 0.9795645390435616, -0.2011300918519543, BFz, 0.0, 0.20113009185195405, 0.979564539043561
Time, 0.064, Pos_X, -0.008309059599399999, Pos_Y, -0.000625456027266195, Pos_Z, 0.006453444794025365, BFx, 1.0, 0.0, 0.0,                             BFy, 0.0, 0.9776077116925533, -0.21043564821400917, BFz, 0.0, 0.21043564821400892, 0.9776077116925528
Time, 0.066, Pos_X, -0.0088388134888, Pos_Y, -0.0006894904686347327, Pos_Z, 0.006809476794262986, BFx, 1.0, 0.0, 0.0,                             BFy, 0.0, 0.9755014139215065, -0.21999316225088084, BFz, 0.0, 0.2199931622508806, 0.9755014139215058
Time, 0.068, Pos_X, -0.0093801547948, Pos_Y, -0.0007567904727441179, Pos_Z, 0.007161226211076394, BFx, 1.0, 0.0, 0.0,                             BFy, 0.0, 0.9732375020024329, -0.22980157679194702, BFz, 0.0, 0.22980157679194677, 0.9732375020024323
Time, 0.07, Pos_X, -0.009931898062, Pos_Y, -0.0008273746267973093, Pos_Z, 0.00750685096629739, BFx, 1.0, 0.0, 0.0,                             BFy, 0.0, 0.9708089986981636, -0.23985388895464907, BFz, 0.0, 0.23985388895464885, 0.9708089986981632
Time, 0.072, Pos_X, -0.010492737107599997, Pos_Y, -0.0009012698478775658, Pos_Z, 0.007844555432843228, BFx, 1.0, 0.0, 0.0,                             BFy, 0.0, 0.9682111499178326, -0.2501343022753749, BFz, 0.0, 0.2501343022753747, 0.9682111499178322
Time, 0.074, Pos_X, -0.011061242685999997, Pos_Y, -0.0009785090780599188, Pos_Z, 0.008172610986644176, BFx, 1.0, 0.0, 0.0,                             BFy, 0.0, 0.9654426625754927, -0.26061555072394116, BFz, 0.0, 0.26061555072394094, 0.9654426625754925
Time, 0.076, Pos_X, -0.011635861421199998, Pos_Y, -0.0010591298398647437, Pos_Z, 0.008489374231919805, BFx, 1.0, 0.0, 0.0,                             BFy, 0.0, 0.9625071228778745, -0.2712564071305154, BFz, 0.0, 0.2712564071305152, 0.9625071228778743
Time, 0.078, Pos_X, -0.012214916020599998, Pos_Y, -0.0011431730944235386, Pos_Z, 0.00879330268402422, BFx, 1.0, 0.0, 0.0,                             BFy, 0.0, 0.9594139393628535, -0.282001583251319, BFz, 0.0, 0.28200158325131874, 0.9594139393628532
Time, 0.08, Pos_X, -0.01279660799014, Pos_Y, -0.0012306826950042387, Pos_Z, 0.009082968644416475, BFx, 1.0, 0.0, 0.0,                             BFy, 0.0, 0.9561783486347303, -0.2927848452399131, BFz, 0.0, 0.29278484523991277, 0.9561783486347301
Time, 0.082, Pos_X, -0.01337902352716, Pos_Y, -0.001321705502422526, Pos_Z, 0.009357072462161217, BFx, 1.0, 0.0, 0.0,                             BFy, 0.0, 0.9528212593683093, -0.3035319549829787, BFz, 0.0, 0.30353195498297836, 0.9528212593683091
Time, 0.084, Pos_X, -0.01396014153592, Pos_Y, -0.0014162929812204556, Pos_Z, 0.009614454149123718, BFx, 1.0, 0.0, 0.0,                             BFy, 0.0, 0.9493683099170401, -0.31416526244201964, BFz, 0.0, 0.3141652624420193, 0.9493683099170397
Time, 0.086, Pos_X, -0.014537847128079996, Pos_Y, -0.0015145020211280225, Pos_Z, 0.009854101326021244, BFx, 1.0, 0.0, 0.0,                             BFy, 0.0, 0.9458488821968469, -0.32460728896156255, BFz, 0.0, 0.32460728896156227, 0.9458488821968465
Time, 0.088, Pos_X, -0.015109951063839996, Pos_Y, -0.0016163959205239386, Pos_Z, 0.010075154814848525, BFx, 1.0, 0.0, 0.0,                             BFy, 0.0, 0.9422955964376202, -0.3347820319764336, BFz, 0.0, 0.3347820319764333, 0.9422955964376196
Time, 0.09, Pos_X, -0.015674214112799997, Pos_Y, -0.0017220465061446389, Pos_Z, 0.010276910407139626, BFx, 1.0, 0.0, 0.0,                             BFy, 0.0, 0.9387442306298108, -0.3446146680848693, BFz, 0.0, 0.34461466808486896, 0.9387442306298104
Time, 0.092, Pos_X, -0.016228377714559997, Pos_Y, -0.0018315355333388367, Pos_Z, 0.010458815207405997, BFx, 1.0, 0.0, 0.0,                             BFy, 0.0, 0.9352337541756415, -0.3540308250005015, BFz, 0.0, 0.3540308250005012, 0.935233754175641
Time, 0.094, Pos_X, -0.01677019856572, Pos_Y, -0.0019449584098343796, Pos_Z, 0.010620462050565185, BFx, 1.0, 0.0, 0.0,                             BFy, 0.0, 0.9318063776717779, -0.3629557473442187, BFz, 0.0, 0.36295574734421837, 0.9318063776717774
Time, 0.096, Pos_X, -0.01729748651788, Pos_Y, -0.0020624313497852103, Pos_Z, 0.01076158352755303, BFx, 1.0, 0.0, 0.0,                             BFy, 0.0, 0.9285078210404473, -0.3713128415052746, BFz, 0.0, 0.37131284150527427, 0.9285078210404468
Time, 0.098, Pos_X, -0.01780814642924, Pos_Y, -0.0021841019376026252, Pos_Z, 0.010882047353644701, BFx, 1.0, 0.0, 0.0,                             BFy, 0.0, 0.9253873277600067, -0.3790228141170316, BFz, 0.0, 0.3790228141170313, 0.9253873277600064
Time, 0.1, Pos_X, -0.018300236407400004, Pos_Y, -0.0023101586372090603, Pos_Z, 0.010981861096280457, BFx, 1.0, 0.0, 0.0,                             BFy, 0.0, 0.92249704984142, -0.3860041360320853, BFz, 0.0, 0.386004136032085, 0.9224970498414199
Time, 0.102, Pos_X, -0.01877202944556, Pos_Y, -0.0024408471092963956, Pos_Z, 0.011061187650312596, BFx, 1.0, 0.0, 0.0,                             BFy, 0.0, 0.9198912123167712, -0.3921736318295518, BFz, 0.0, 0.3921736318295515, 0.9198912123167712
Time, 0.104, Pos_X, -0.01922204876172, Pos_Y, -0.0025764899832880603, Pos_Z, 0.011120337852089438, BFx, 1.0, 0.0, 0.0,                             BFy, 0.0, 0.9176249120948985, -0.3974475068519484, BFz, 0.0, 0.39744750685194813, 0.9176249120948984
Time, 0.106, Pos_X, -0.019649077853880002, Pos_Y, -0.0027174992172002243, Pos_Z, 0.01115973935909927, BFx, 1.0, 0.0, 0.0,                             BFy, 0.0, 0.915752465633869, -0.40174297963435457, BFz, 0.0, 0.4017429796343543, 0.9157524656338688
Time, 0.108, Pos_X, -0.02005217059464, Pos_Y, -0.0028643941406241826, Pos_Z, 0.011179930204959427, BFx, 1.0, 0.0, 0.0,                             BFy, 0.0, 0.9143252958247097, -0.40498055930508237, BFz, 0.0, 0.4049805593050821, 0.9143252958247094
Time, 0.11, Pos_X, -0.020430706494600003, Pos_Y, -0.0030178018965539475, Pos_Z, 0.011181566118103475, BFx, 1.0, 0.0, 0.0,                             BFy, 0.0, 0.9133898101919843, -0.40708605311095025, BFz, 0.0, 0.4070860531109499, 0.9133898101919841
Time, 0.112, Pos_X, -0.020784451317960004, Pos_Y, -0.0031784376699301817, Pos_Z, 0.011165406209908737, BFx, 1.0, 0.0, 0.0,                             BFy, 0.0, 0.9129851315624188, -0.407992830262927, BFz, 0.0, 0.40799283026292676, 0.9129851315624186
Time, 0.114, Pos_X, -0.021113560910120004, Pos_Y, -0.0033471000173362405, Pos_Z, 0.011132286339793839, BFx, 1.0, 0.0, 0.0,                             BFy, 0.0, 0.913141026566475, -0.4076437974520465, BFz, 0.0, 0.4076437974520462, 0.9131410265664748
Time, 0.116, Pos_X, -0.021418557619480003, Pos_Y, -0.003524675322236135, Pos_Z, 0.011083103775989601, BFx, 1.0, 0.0, 0.0,                             BFy, 0.0, 0.913875897356083, -0.40599365048189473, BFz, 0.0, 0.40599365048189445, 0.9138758973560828
Time, 0.118, Pos_X, -0.021700320865440003, Pos_Y, -0.0037121327311235262, Pos_Z, 0.011018823339951352, BFx, 1.0, 0.0, 0.0,                             BFy, 0.0, 0.9151962704113557, -0.4030084200424917, BFz, 0.0, 0.4030084200424915, 0.9151962704113555
Time, 0.12, Pos_X, -0.021960101026800002, Pos_Y, -0.003910507373350331, Pos_Z, 0.010940496932968653, BFx, 1.0, 0.0, 0.0,                             BFy, 0.0, 0.9170962716216517, -0.39866581064554096, BFz, 0.0, 0.3986658106455408, 0.9170962716216516
Time, 0.122, Pos_X, -0.022199528567160003, Pos_Y, -0.004120877370590499, Pos_Z, 0.010849275240551908, BFx, 1.0, 0.0, 0.0,                             BFy, 0.0, 0.9195568698800556, -0.3929569480953297, BFz, 0.0, 0.39295694809532955, 0.9195568698800554
Time, 0.124, Pos_X, -0.022420596437720004, Pos_Y, -0.004344333798958346, Pos_Z, 0.010746397006323334, BFx, 1.0, 0.0, 0.0,                             BFy, 0.0, 0.9225464771541817, -0.3858859902748606, BFz, 0.0, 0.3858859902748604, 0.9225464771541815
Time, 0.126, Pos_X, -0.022625624623480004, Pos_Y, -0.0045819428497703985, Pos_Z, 0.010633162739060292, BFx, 1.0, 0.0, 0.0,                             BFy, 0.0, 0.9260215897445132, -0.37747054895322046, BFz, 0.0, 0.37747054895322035, 0.9260215897445131
Time, 0.128, Pos_X, -0.022817220214440003, Pos_Y, -0.0048347072812406225, Pos_Z, 0.010510909744616524, BFx, 1.0, 0.0, 0.0,                             BFy, 0.0, 0.9299275922774092, -0.3677426724234509, BFz, 0.0, 0.36774267242345077, 0.9299275922774092
Time, 0.13, Pos_X, -0.022998239949600003, Pos_Y, -0.005103530551429849, Pos_Z, 0.010380994467180585, BFx, 1.0, 0.0, 0.0,                             BFy, 0.0, 0.9342001337874005, -0.35674936584611266, BFz, 0.0, 0.3567493658461125, 0.9342001337874005
Time, 0.132, Pos_X, -0.023171755317160002, Pos_Y, -0.005389180363366339, Pos_Z, 0.010244773982887638, BFx, 1.0, 0.0, 0.0,                             BFy, 0.0, 0.9387658810060795, -0.3445556858606166, BFz, 0.0, 0.34455568586061636, 0.9387658810060795
Time, 0.134, Pos_X, -0.023341017747720003, Pos_Y, -0.005692249543672322, Pos_Z, 0.01010357471451083, BFx, 1.0, 0.0, 0.0,                             BFy, 0.0, 0.9435425385452308, -0.3312513818169251, BFz, 0.0, 0.3312513818169249, 0.9435425385452308
Time, 0.136, Pos_X, -0.023509405117300004, Pos_Y, -0.006013128763539777, Pos_Z, 0.009958648579813765, BFx, 1.0, 0.0, 0.0,                             BFy, 0.0, 0.9484410500205919, -0.31695358435556115, BFz, 0.0, 0.316953584355561, 0.9484410500205919
Time, 0.138, Pos_X, -0.023680368678300003, Pos_Y, -0.006351987805201117, Pos_Z, 0.009811125372497297, BFx, 1.0, 0.0, 0.0,                             BFy, 0.0, 0.9533699982628906, -0.3018039867400969, BFz, 0.0, 0.30180398674009673, 0.9533699982628906
Time, 0.14, Pos_X, -0.023857389576300004, Pos_Y, -0.006708761902802297, Pos_Z, 0.0096619687556169, BFx, 1.0, 0.0, 0.0,                             BFy, 0.0, 0.9582393304212415, -0.2859674555501921, BFz, 0.0, 0.28596745555019193, 0.9582393304212415
Time, 0.142, Pos_X, -0.0240439303485, Pos_Y, -0.007083145436525804, Pos_Z, 0.009511924129600694, BFx, 1.0, 0.0, 0.0,                             BFy, 0.0, 0.962963661301473, -0.2696312055620829, BFz, 0.0, 0.26963120556208275, 0.962963661301473
Time, 0.144, Pos_X, -0.024243384553300003, Pos_Y, -0.007474593978377738, Pos_Z, 0.009361461051627553, BFx, 1.0, 0.0, 0.0,                             BFy, 0.0, 0.9674650257084977, -0.2530047905294611, BFz, 0.0, 0.25300479052946095, 0.9674650257084975
Time, 0.146, Pos_X, -0.024459026345500002, Pos_Y, -0.007882339926310466, Pos_Z, 0.009210726887882202, BFx, 1.0, 0.0, 0.0,                             BFy, 0.0, 0.9716754971758458, -0.23631912361904492, BFz, 0.0, 0.23631912361904472, 0.9716754971758454
Time, 0.148, Pos_X, -0.024693969119700003, Pos_Y, -0.008305417675716676, Pos_Z, 0.009059509011793069, BFx, 1.0, 0.0, 0.0,                             BFy, 0.0, 0.9755405330393594, -0.2198196269610237, BFz, 0.0, 0.2198196269610235, 0.9755405330393588
Time, 0.15, Pos_X, -0.024951126145300002, Pos_Y, -0.008742700499843112, Pos_Z, 0.008907204991589424, BFx, 1.0, 0.0, 0.0,                             BFy, 0.0, 0.9790218642272012, -0.20375521923400372, BFz, 0.0, 0.2037552192340035, 0.9790218642272006
Time, 0.152, Pos_X, -0.0252331732389, Pos_Y, -0.009192946001726404, Pos_Z, 0.00875280637657254, BFx, 1.0, 0.0, 0.0,                             BFy, 0.0, 0.9820986338919296, -0.18836738918296542, BFz, 0.0, 0.1883673891829652, 0.9820986338919291
Time, 0.154, Pos_X, -0.025542516979500003, Pos_Y, -0.00965484614194069, Pos_Z, 0.00859490078009147, BFx, 1.0, 0.0, 0.0,                             BFy, 0.0, 0.9847671007299679, -0.17387857061723952, BFz, 0.0, 0.17387857061723933, 0.9847671007299673
Time, 0.156, Pos_X, -0.025881269557300003, Pos_Y, -0.010127076708377659, Pos_Z, 0.008431689006876186, BFx, 1.0, 0.0, 0.0,                             BFy, 0.0, 0.9870391889263505, -0.16047940529430363, BFz, 0.0, 0.16047940529430343, 0.9870391889263499
Time, 0.158, Pos_X, -0.026251229833900002, Pos_Y, -0.010608340987630834, Pos_Z, 0.008261016481812598, BFx, 1.0, 0.0, 0.0,                             BFy, 0.0, 0.9889399734528141, -0.1483163136918815, BFz, 0.0, 0.14831631369188134, 0.9889399734528136
Time, 0.16, Pos_X, -0.026653870378500002, Pos_Y, -0.01109740359690679, Pos_Z, 0.00808041812770206, BFx, 1.0, 0.0, 0.0,                             BFy, 0.0, 0.9905044501072678, -0.13748066888730365, BFz, 0.0, 0.13748066888730345, 0.9905044501072672
Time, 0.162, Pos_X, -0.027090331443100003, Pos_Y, -0.011593114846278311, Pos_Z, 0.007887174853479213, BFx, 1.0, 0.0, 0.0,                             BFy, 0.0, 0.9917740321581421, -0.12800105131123785, BFz, 0.0, 0.12800105131123765, 0.9917740321581414
Time, 0.164, Pos_X, -0.027561420563700003, Pos_Y, -0.012094426829554583, Pos_Z, 0.007678378361623294, BFx, 1.0, 0.0, 0.0,                             BFy, 0.0, 0.9927931495141823, -0.11984057024944463, BFz, 0.0, 0.11984057024944442, 0.9927931495141815
Time, 0.166, Pos_X, -0.028067616460300003, Pos_Y, -0.012600404006167725, Pos_Z, 0.007450999266181387, BFx, 1.0, 0.0, 0.0,                             BFy, 0.0, 0.9936063457027684, -0.11290008759603337, BFz, 0.0, 0.11290008759603316, 0.9936063457027676
Time, 0.168, Pos_X, -0.028609076770900004, Pos_Y, -0.013110230906590617, Pos_Z, 0.007201955070908848, BFx, 1.0, 0.0, 0.0,                             BFy, 0.0, 0.9942561053352672, -0.10702708537350523, BFz, 0.0, 0.10702708537350504, 0.9942561053352663
Time, 0.17, Pos_X, -0.029185651549500004, Pos_Y, -0.013623217092083223, Pos_Z, 0.006928177039002419, BFx, 1.0, 0.0, 0.0,                             BFy, 0.0, 0.9947813703705841, -0.10202953084094832, BFz, 0.0, 0.10202953084094812, 0.9947813703705835
Time, 0.172, Pos_X, -0.029796903254099998, Pos_Y, -0.014138800649306716, Pos_Z, 0.006626675967874496, BFx, 1.0, 0.0, 0.0,                             BFy, 0.0, 0.9952167130049843, -0.09769183259390717, BFz, 0.0, 0.09769183259390697, 0.9952167130049837
Time, 0.174, Pos_X, -0.0304421322427, Pos_Y, -0.014656552137738848, Pos_Z, 0.006294605427034879, BFx, 1.0, 0.0, 0.0,                             BFy, 0.0, 0.995591836492453, -0.09379176461495102, BFz, 0.0, 0.09379176461495083, 0.9955918364924523
Time, 0.176, Pos_X, -0.031120406857299998, Pos_Y, -0.015176179520932644, Pos_Z, 0.005929321891942747, BFx, 1.0, 0.0, 0.0,                             BFy, 0.0, 0.9959312582383776, -0.09011619645615226, BFz, 0.0, 0.09011619645615208, 0.9959312582383769
Time, 0.178, Pos_X, -0.0318305956629, Pos_Y, -0.015697532751411496, Pos_Z, 0.00552844005416671, BFx, 1.0, 0.0, 0.0,                             BFy, 0.0, 0.9962541451816134, -0.08647356942126583, BFz, 0.0, 0.08647356942126565, 0.9962541451816127
Time, 0.18, Pos_X, -0.0325714004895, Pos_Y, -0.01622060641098274, Pos_Z, 0.005089879732595987, BFx, 1.0, 0.0, 0.0,                             BFy, 0.0, 0.996574284793526, -0.08270244789771113, BFz, 0.0, 0.08270244789771095, 0.9965742847935254
Time, 0.182, Pos_X, -0.033341390321100006, Pos_Y, -0.016745538118706084, Pos_Z, 0.004611901695585696, BFx, 1.0, 0.0, 0.0,                             BFy, 0.0, 0.996900241853706, -0.0786759670549046, BFz, 0.0, 0.07867596705490443, 0.9969002418537052
Time, 0.184, Pos_X, -0.03413903584090001, Pos_Y, -0.01727260066303564, Pos_Z, 0.0040931321164935554, BFx, 1.0, 0.0, 0.0,                             BFy, 0.0, 0.9972357592881976, -0.07430235794976091, BFz, 0.0, 0.07430235794976073, 0.9972357592881965
Time, 0.186, Pos_X, -0.03496274265510001, Pos_Y, -0.017802189439244453, Pos_Z, 0.003532577526983913, BFx, 1.0, 0.0, 0.0,                             BFy, 0.0, 0.9975805366778443, -0.06952030524635848, BFz, 0.0, 0.0695203052463583, 0.9975805366778431
Time, 0.188, Pos_X, -0.03581088086370001, Pos_Y, -0.018334807969225736, Pos_Z, 0.0029296311588967914, BFx, 1.0, 0.0, 0.0,                             BFy, 0.0, 0.9979311664645927, -0.0642914224342585, BFz, 0.0, 0.06429142243425834, 0.9979311664645916
Time, 0.19, Pos_X, -0.036681810913500014, Pos_Y, -0.018871053258540948, Pos_Z, 0.0022840706450959623, BFx, 1.0, 0.0, 0.0,                             BFy, 0.0, 0.9982816612395875, -0.058597993418993424, BFz, 0.0, 0.058597993418993265, 0.9982816612395863
Time, 0.192, Pos_X, -0.03757390583130001, Pos_Y, -0.01941160151504069, Pos_Z, 0.0015960477177637353, BFx, 1.0, 0.0, 0.0,                             BFy, 0.0, 0.998623924639255, -0.05244289406673027, BFz, 0.0, 0.05244289406673012, 0.9986239246392541
Time, 0.194, Pos_X, -0.03848557054510001, Pos_Y, -0.019957193171994264, Pos_Z, 0.0008660706954770752, BFx, 1.0, 0.0, 0.0,                             BFy, 0.0, 0.9989486038401018, -0.045844158689129125, BFz, 0.0, 0.04584415868912897, 0.9989486038401009
Time, 0.196, Pos_X, -0.03941525500090001, Pos_Y, -0.020508619719755077, Pos_Z, 9.49820235746447e-05, BFx, 1.0, 0.0, 0.0,                             BFy, 0.0, 0.9992458917446486, -0.038828441012287634, BFz, 0.0, 0.03882844101228749, 0.9992458917446478
Time, 0.198, Pos_X, -0.040361462167900014, Pos_Y, -0.021066711295402336, Pos_Z, -0.0007160686906796199, BFx, 1.0, 0.0, 0.0,                             BFy, 0.0, 0.9995061128902087, -0.03142499475112922, BFz, 0.0, 0.031424994751129066, 0.9995061128902077
Time, 0.2, Pos_X, -0.041322756791100014, Pos_Y, -0.021632322970647693, Pos_Z, -0.0015656529735016771, BFx, 1.0, 0.0, 0.0,                             BFy, 0.0, 0.9997200080616858, -0.023662321972836277, BFz, 0.0, 0.02366232197283613, 0.9997200080616848
Time, 0.202, Pos_X, -0.042297772807300016, Pos_Y, -0.02220632102731403, Pos_Z, -0.002452093951451309, BFx, 1.0, 0.0, 0.0,                             BFy, 0.0, 0.9998787853054483, -0.015569672318471499, BFz, 0.0, 0.015569672318471364, 0.9998787853054473
Time, 0.204, Pos_X, -0.0432852160599, Pos_Y, -0.02278957021847887, Pos_Z, -0.003373501015723726, BFx, 1.0, 0.0, 0.0,                             BFy, 0.0, 0.9999742335048264, -0.007178601983560078, BFz, 0.0, 0.0071786019835599485, 0.9999742335048254
Time, 0.206, Pos_X, -0.044283864439300005, Pos_Y, -0.02338292269219006, Pos_Z, -0.004327805346382768, BFx, 1.0, 0.0, 0.0,                             BFy, 0.0, 0.9999989075460085, 0.0014781430217320332, BFz, 0.0, -0.001478143021732154, 0.9999989075460075
Time, 0.208, Pos_X, -0.045292568156300006, Pos_Y, -0.023987207781943316, Pos_Z, -0.005312797809105762, BFx, 1.0, 0.0, 0.0,                             BFy, 0.0, 0.9999462511545666, 0.010367970000533947, BFz, 0.0, -0.010367970000534058, 0.9999462511545655
Time, 0.21, Pos_X, -0.04631023555230001, Pos_Y, -0.024603219904932146, Pos_Z, -0.006326170387515172, BFx, 1.0, 0.0, 0.0,                             BFy, 0.0, 0.9998106699558627, 0.019458269255333727, BFz, 0.0, -0.019458269255333824, 0.9998106699558614
Time, 0.212, Pos_X, -0.04733582420770001, Pos_Y, -0.02523171982398746, Pos_Z, -0.007365566369146859, BFx, 1.0, 0.0, 0.0,                             BFy, 0.0, 0.9995876101996441, 0.028716015311464654, BFz, 0.0, -0.02871601531146474, 0.999587610199643
Time, 0.214, Pos_X, -0.04836836126110001, Pos_Y, -0.02587342720845914, Pos_Z, -0.008428605968919572, BFx, 1.0, 0.0, 0.0,                             BFy, 0.0, 0.9992736602288146, 0.038107111841647064, BFz, 0.0, -0.03810711184164715, 0.9992736602288135
Time, 0.216, Pos_X, -0.04940697606090001, Pos_Y, -0.026528998054000667, Pos_Z, -0.009512891718148477, BFx, 1.0, 0.0, 0.0,                             BFy, 0.0, 0.9988666690702134, 0.047595981138968284, BFz, 0.0, -0.04759598113896836, 0.9988666690702123
Time, 0.218, Pos_X, -0.050450915894100015, Pos_Y, -0.02719901617816029, Pos_Z, -0.010616045985758632, BFx, 1.0, 0.0, 0.0,                             BFy, 0.0, 0.9983658491603388, 0.057145701766274044, BFz, 0.0, -0.05714570176627411, 0.9983658491603375
Time, 0.22, Pos_X, -0.05149951160910002, Pos_Y, -0.02788400303490541, Pos_Z, -0.01173574843516224, BFx, 1.0, 0.0, 0.0,                             BFy, 0.0, 0.9977718136973632, 0.06671887132647006, BFz, 0.0, -0.0667188713264701, 0.9977718136973621
Time, 0.222, Pos_X, -0.05255214399210002, Pos_Y, -0.02858442717640903, Pos_Z, -0.012869747735589824, BFx, 1.0, 0.0, 0.0,                             BFy, 0.0, 0.9970865508912636, 0.07627850307765269, BFz, 0.0, -0.07627850307765272, 0.9970865508912625
Time, 0.224, Pos_X, -0.05360826123790002, Pos_Y, -0.029300690593770738, Pos_Z, -0.014015877300143777, BFx, 1.0, 0.0, 0.0,                             BFy, 0.0, 0.9963133049259842, 0.08578926755408744, BFz, 0.0, -0.08578926755408746, 0.996313304925983
Time, 0.226, Pos_X, -0.054667406212300027, Pos_Y, -0.03003311474114369, Pos_Z, -0.015172083500050287, BFx, 1.0, 0.0, 0.0,                             BFy, 0.0, 0.9954563975432636, 0.09521848869936968, BFz, 0.0, -0.09521848869936969, 0.9954563975432623
Time, 0.228, Pos_X, -0.055729217342500026, Pos_Y, -0.0307819435410572, Pos_Z, -0.016336459589002674, BFx, 1.0, 0.0, 0.0,                             BFy, 0.0, 0.9945209445111066, 0.10453750967351308, BFz, 0.0, -0.10453750967351308, 0.9945209445111055
Time, 0.23, Pos_X, -0.05679340628630003, Pos_Y, -0.031547355883217776, Pos_Z, -0.017507280821502505, BFx, 1.0, 0.0, 0.0,                             BFy, 0.0, 0.9935125024152499, 0.11372294203278277, BFz, 0.0, -0.11372294203278277, 0.9935125024152487
Time, 0.232, Pos_X, -0.05785973928810003, Pos_Y, -0.032329473241562705, Pos_Z, -0.018683027102335013, BFx, 1.0, 0.0, 0.0,                             BFy, 0.0, 0.9924367322660385, 0.12275720935697136, BFz, 0.0, -0.12275720935697136, 0.9924367322660372
Time, 0.234, Pos_X, -0.05892803604260003, Pos_Y, -0.03312835971275064, Pos_Z, -0.019862383104653936, BFx, 1.0, 0.0, 0.0,                             BFy, 0.0, 0.9912990814371277, 0.13162876259355466, BFz, 0.0, -0.13162876259355466, 0.9912990814371265
Time, 0.236, Pos_X, -0.05999817438750002, Pos_Y, -0.033944021002555926, Pos_Z, -0.02104422716063581, BFx, 1.0, 0.0, 0.0,                             BFy, 0.0, 0.9901044709225764, 0.14033223670678294, BFz, 0.0, -0.14033223670678294, 0.9901044709225751
Time, 0.238, Pos_X, -0.061070090702240024, Pos_Y, -0.03477640549111694, Pos_Z, -0.022227626219190836, BFx, 1.0, 0.0, 0.0,                             BFy, 0.0, 0.9888570249626429, 0.14886834513097186, BFz, 0.0, -0.14886834513097186, 0.9888570249626418
Time, 0.24, Pos_X, -0.06214377239452003, Pos_Y, -0.035625409644004916, Pos_Z, -0.023411836887044037, BFx, 1.0, 0.0, 0.0,                             BFy, 0.0, 0.987559891342566, 0.1572433178594948, BFz, 0.0, -0.1572433178594948, 0.987559891342565
Time, 0.242, Pos_X, -0.06321924564174003, Pos_Y, -0.03649088674861717, Pos_Z, -0.024596301818025804, BFx, 1.0, 0.0, 0.0,                             BFy, 0.0, 0.9862152109622884, 0.1654676937248254, BFz, 0.0, -0.1654676937248254, 0.9862152109622873
Time, 0.244, Pos_X, -0.06429656732530004, Pos_Y, -0.03737265353365995, Pos_Z, -0.025780638379068577, BFx, 1.0, 0.0, 0.0,                             BFy, 0.0, 0.9848241454620259, 0.17355518579113113, BFz, 0.0, -0.1735551857911311, 0.9848241454620249
Time, 0.246, Pos_X, -0.06537582373462003, Pos_Y, -0.038270491196774455, Pos_Z, -0.026964623606890586, BFx, 1.0, 0.0, 0.0,                             BFy, 0.0, 0.9833869978700671, 0.18152138281783955, BFz, 0.0, -0.18152138281783955, 0.9833869978700661
Time, 0.248, Pos_X, -0.06645713074018003, Pos_Y, -0.03918414476670058, Pos_Z, -0.028148179360802307, BFx, 1.0, 0.0, 0.0,                             BFy, 0.0, 0.981903401503787, 0.18938244405249702, BFz, 0.0, -0.18938244405249702, 0.9819034015037861
Time, 0.25, Pos_X, -0.06754063121522003, Pos_Y, -0.04011332546828666, Pos_Z, -0.029331360273428163, BFx, 1.0, 0.0, 0.0,                             BFy, 0.0, 0.9803726060563025, 0.19715362866145308, BFz, 0.0, -0.19715362866145306, 0.9803726060563016
Time, 0.252, Pos_X, -0.06862649033326003, Pos_Y, -0.04105771550248582, Pos_Z, -0.030514343482178616, BFx, 1.0, 0.0, 0.0,                             BFy, 0.0, 0.9787937376810565, 0.20484828306908323, BFz, 0.0, -0.20484828306908318, 0.9787937376810557
Time, 0.254, Pos_X, -0.06971489081262003, Pos_Y, -0.042016973912202764, Pos_Z, -0.03169741766474356, BFx, 1.0, 0.0, 0.0,                             BFy, 0.0, 0.97716604332088, 0.212477113545483, BFz, 0.0, -0.21247711354548293, 0.9771660433208792
Time, 0.256, Pos_X, -0.07080602918104004, Pos_Y, -0.042990741891879604, Pos_Z, -0.03288097123581231, BFx, 1.0, 0.0, 0.0,                             BFy, 0.0, 0.9754891249150123, 0.22004764750514375, BFz, 0.0, -0.2200476475051437, 0.9754891249150115
Time, 0.258, Pos_X, -0.07190011372670004, Pos_Y, -0.04397864637251682, Pos_Z, -0.034065479931899345, BFx, 1.0, 0.0, 0.0,                             BFy, 0.0, 0.9737631088204179, 0.22756407427447578, BFz, 0.0, -0.22756407427447578, 0.9737631088204172
Time, 0.26, Pos_X, -0.07299736347474003, Pos_Y, -0.044980303446733295, Pos_Z, -0.03525149423178719, BFx, 1.0, 0.0, 0.0,                             BFy, 0.0, 0.9719887355775925, 0.23502744076017495, BFz, 0.0, -0.23502744076017493, 0.9719887355775917
Time, 0.262, Pos_X, -0.07409800741572004, Pos_Y, -0.045995322672054764, Pos_Z, -0.036439627293378955, BFx, 1.0, 0.0, 0.0,                             BFy, 0.0, 0.9701674420740456, 0.24243583551015715, BFz, 0.0, -0.24243583551015713, 0.9701674420740447
Time, 0.264, Pos_X, -0.07520228435946004, Pos_Y, -0.047023311146719926, Pos_Z, -0.037630543869527945, BFx, 1.0, 0.0, 0.0,                             BFy, 0.0, 0.9683013260259303, 0.24978499157561462, BFz, 0.0, -0.24978499157561457, 0.9683013260259294
Time, 0.266, Pos_X, -0.07631044317470004, Pos_Y, -0.04806387620651168, Pos_Z, -0.03882494901225908, BFx, 1.0, 0.0, 0.0,                             BFy, 0.0, 0.9663930437102525, 0.25706902782801055, BFz, 0.0, -0.2570690278280105, 0.9663930437102517
Time, 0.268, Pos_X, -0.07742274454834004, Pos_Y, -0.04911662779047361, Pos_Z, -0.04002357655568528, BFx, 1.0, 0.0, 0.0,                             BFy, 0.0, 0.9644457325243, 0.26428096604877027, BFz, 0.0, -0.26428096604877027, 0.9644457325242991
Time, 0.27, Pos_X, -0.07853946464698004, Pos_Y, -0.05018118024325137, Pos_Z, -0.04122717728716766, BFx, 1.0, 0.0, 0.0,                             BFy, 0.0, 0.9624628511274728, 0.27141344881855284, BFz, 0.0, -0.2714134488185528, 0.9624628511274719
Time, 0.272, Pos_X, -0.07966089938242005, Pos_Y, -0.05125715240249428, Pos_Z, -0.04243650656254858, BFx, 1.0, 0.0, 0.0,                             BFy, 0.0, 0.9604479503631792, 0.27845957452235903, BFz, 0.0, -0.2784595745223589, 0.9604479503631783
Time, 0.274, Pos_X, -0.08078736957046005, Pos_Y, -0.05234416735117828, Pos_Z, -0.04365231168043972, BFx, 1.0, 0.0, 0.0,                             BFy, 0.0, 0.9584043498791839, 0.28541391369844693, BFz, 0.0, -0.2854139136984469, 0.9584043498791829
Time, 0.276, Pos_X, -0.08191922674410006, Pos_Y, -0.05344185204717756, Pos_Z, -0.044875319670448915, BFx, 1.0, 0.0, 0.0,                             BFy, 0.0, 0.9563347440808552, 0.2922736000117201, BFz, 0.0, -0.29227360001172015, 0.9563347440808541
Time, 0.278, Pos_X, -0.08305685978194007, Pos_Y, -0.05454983530646989, Pos_Z, -0.046106224518229544, BFx, 1.0, 0.0, 0.0,                             BFy, 0.0, 0.9542409131652252, 0.29903892663264225, BFz, 0.0, -0.2990389266326422, 0.9542409131652241
Time, 0.28, Pos_X, -0.08420070197538007, Pos_Y, -0.055667744006031764, Pos_Z, -0.04734567242911643, BFx, 1.0, 0.0, 0.0,                             BFy, 0.0, 0.9521233514957873, 0.3057141206036048, BFz, 0.0, -0.3057141206036047, 0.9521233514957861
Time, 0.282, Pos_X, -0.08535123844122004, Pos_Y, -0.05679519827817413, Pos_Z, -0.048594247038723656, BFx, 1.0, 0.0, 0.0,                             BFy, 0.0, 0.9499810040595787, 0.3123076879072312, BFz, 0.0, -0.31230768790723107, 0.9499810040595776
Time, 0.284, Pos_X, -0.08650901174946005, Pos_Y, -0.0579318070203163, Pos_Z, -0.04985245515595568, BFx, 1.0, 0.0, 0.0,                             BFy, 0.0, 0.9478110856498819, 0.318832473125305, BFz, 0.0, -0.31883247312530494, 0.9478110856498807
Time, 0.286, Pos_X, -0.08767462512590005, Pos_Y, -0.05907716426933776, Pos_Z, -0.0511207132740309, BFx, 1.0, 0.0, 0.0,                             BFy, 0.0, 0.9456089422986989, 0.3253055920895642, BFz, 0.0, -0.3253055920895641, 0.9456089422986976
Time, 0.288, Pos_X, -0.08884874606394005, Pos_Y, -0.06023084590199927, Pos_Z, -0.052399334795978914, BFx, 1.0, 0.0, 0.0,                             BFy, 0.0, 0.9433680144742993, 0.3317480810296031, BFz, 0.0, -0.3317480810296029, 0.9433680144742982
Time, 0.29, Pos_X, -0.09003211023338005, Pos_Y, -0.06139240575335582, Pos_Z, -0.05368851787145699, BFx, 1.0, 0.0, 0.0,                             BFy, 0.0, 0.941080110175436, 0.33818371668694375, BFz, 0.0, -0.33818371668694347, 0.941080110175435
Time, 0.292, Pos_X, -0.09122552361682006, Pos_Y, -0.06256137143170191, Pos_Z, -0.054988334421115344, BFx, 1.0, 0.0, 0.0,                             BFy, 0.0, 0.9387357061127235, 0.3446378883249088, BFz, 0.0, -0.3446378883249086, 0.9387357061127226
Time, 0.294, Pos_X, -0.09242986103206005, Pos_Y, -0.06373724161063535, Pos_Z, -0.056298721105054635, BFx, 1.0, 0.0, 0.0,                             BFy, 0.0, 0.936324331453404, 0.35113636429219647, BFz, 0.0, -0.35113636429219613, 0.9363243314534032
Time, 0.296, Pos_X, -0.09364606212350005, Pos_Y, -0.06491948495187651, Pos_Z, -0.057619474342954474, BFx, 1.0, 0.0, 0.0,                             BFy, 0.0, 0.9338349640600239, 0.3577041513583809, BFz, 0.0, -0.35770415135838046, 0.9338349640600233
Time, 0.298, Pos_X, -0.09487512638794005, Pos_Y, -0.06610753947437652, Pos_Z, -0.05895025022897377, BFx, 1.0, 0.0, 0.0,                             BFy, 0.0, 0.9312564576683701, 0.3643643918537661, BFz, 0.0, -0.3643643918537656, 0.9312564576683695
Time, 0.3, Pos_X, -0.09611810645098004, Pos_Y, -0.06730081218776073, Pos_Z, -0.06029056833664443, BFx, 1.0, 0.0, 0.0,                             BFy, 0.0, 0.9285779605601705, 0.3711374019981278, BFz, 0.0, -0.3711374019981273, 0.92857796056017
Time, 0.302, Pos_X, -0.09737609953022004, Pos_Y, -0.06849867912030942, Pos_Z, -0.06163981830962765, BFx, 1.0, 0.0, 0.0,                             BFy, 0.0, 0.9257894814222791, 0.3780394636646721, BFz, 0.0, -0.3780394636646716, 0.9257894814222786
Time, 0.304, Pos_X, -0.09865023702566005, Pos_Y, -0.06970048605740521, Pos_Z, -0.0629972681932172, BFx, 1.0, 0.0, 0.0,                             BFy, 0.0, 0.9228822991013761, 0.3850821496841465, BFz, 0.0, -0.38508214968414595, 0.9228822991013756
Time, 0.306, Pos_X, -0.09994167266910005, Pos_Y, -0.07090554973881064, Pos_Z, -0.06436207410004484, BFx, 1.0, 0.0, 0.0,                             BFy, 0.0, 0.9198493464865709, 0.3922718187280775, BFz, 0.0, -0.392271818728077, 0.9198493464865706
Time, 0.308, Pos_X, -0.10125156910514005, Pos_Y, -0.07211315989696662, Pos_Z, -0.06573329196667965, BFx, 1.0, 0.0, 0.0,                             BFy, 0.0, 0.9166855036595132, 0.39960941853328474, BFz, 0.0, -0.3996094185332842, 0.9166855036595127
Time, 0.31, Pos_X, -0.10258108086638006, Pos_Y, -0.07332258412879537, Pos_Z, -0.06710989420339518, BFx, 1.0, 0.0, 0.0,                             BFy, 0.0, 0.9133879274906397, 0.4070902773517922, BFz, 0.0, -0.4070902773517917, 0.9133879274906394
Time, 0.312, Pos_X, -0.10393133627082006, Pos_Y, -0.07453307370111782, Pos_Z, -0.06849078967690385, BFx, 1.0, 0.0, 0.0,                             BFy, 0.0, 0.9099563396859943, 0.4147040629958575, BFz, 0.0, -0.414704062995857, 0.909956339685994
Time, 0.314, Pos_X, -0.10530342145526006, Pos_Y, -0.07574386910230528, Pos_Z, -0.06987484562256306, BFx, 1.0, 0.0, 0.0,                             BFy, 0.0, 0.9063933091283322, 0.42243481055353, BFz, 0.0, -0.4224348105535295, 0.9063933091283318
Time, 0.316, Pos_X, -0.10669836357970006, Pos_Y, -0.07695420717716968, Pos_Z, -0.07126091226985978, BFx, 1.0, 0.0, 0.0,                             BFy, 0.0, 0.9027043107315847, 0.4302614639804728, BFz, 0.0, -0.4302614639804723, 0.9027043107315845
