Time, 0, Pos_X, 0.0, Pos_Y, 0.0, Pos_Z, 0.0, BFx, 1.0, 0.0, 0.0,                         BFy, 0.0, 1.0, 0.0, BFz, 0.0, 0.0, 1.0
Time, 0.0, Pos_X, 0.0, Pos_Y, 0.0, Pos_Z, 0.0, BFx, 1.0, 0.0, 0.0,                             BFy, 0.0, 1.0, 0.0, BFz, 0.0, 0.0, 1.0
Time, 0.002, Pos_X, 1.2812220999999998e-06, Pos_Y, -7.281700842773923e-07, Pos_Z, -1.5068190784404392e-06, BFx, 1.0, 0.0, 0.0,                             BFy, 0.0, 0.9999985001081889, 0.0017319876940680944, BFz, 0.0, -0.0017319876940680944, 0.9999985001081889
Time, 0.004, Pos_X, 5.151332699999999e-06, Pos_Y, -2.9133336657047883e-06, Pos_Z, -5.9578099923237036e-06, BFx, 1.0, 0.0, 0.0,                             BFy, 0.0, 0.9999936339267551, 0.00356820766815693, BFz, 0.0, -0.00356820766815693, 0.999993633926755
Time, 0.006, Pos_X, 1.1657279499999998e-05, Pos_Y, -6.552934954327513e-06, Pos_Z, -1.3205050139769972e-05, BFx, 1.0, 0.0, 0.0,                             BFy, 0.0, 0.9999847751689962, 0.005518100235781605, BFz, 0.0, -0.005518100235781607, 0.9999847751689961
Time, 0.008, Pos_X, 2.0833796899999997e-05, Pos_Y, -1.1635797823664233e-05, Pos_Z, -2.308243438049595e-05, BFx, 1.0, 0.0, 0.0,                             BFy, 0.0, 0.9999711916971867, 0.007590505629298499, BFz, 0.0, -0.0075905056292985, 0.9999711916971866
Time, 0.01, Pos_X, 3.27015895e-05, Pos_Y, -1.814047196644917e-05, Pos_Z, -3.5405179326980624e-05, BFx, 1.0, 0.0, 0.0,                             BFy, 0.0, 0.9999520474995773, 0.009792992464172394, BFz, 0.0, -0.009792992464172392, 0.9999520474995773
Time, 0.012, Pos_X, 4.72646107e-05, Pos_Y, -2.603350652151459e-05, Pos_Z, -4.9969332156502886e-05, BFx, 1.0, 0.0, 0.0,                             BFy, 0.0, 0.9999264175395218, 0.012130931809972042, BFz, 0.0, -0.012130931809972042, 0.9999264175395218
Time, 0.014, Pos_X, 6.450731609999999e-05, Pos_Y, -3.5267495750055644e-05, Pos_Z, -6.655180634650172e-05, BFx, 1.0, 0.0, 0.0,                             BFy, 0.0, 0.9998933191552662, 0.01460651596601385, BFz, 0.0, -0.01460651596601385, 0.9998933191552662
Time, 0.016, Pos_X, 8.439209529999999e-05, Pos_Y, -4.5779469380853965e-05, Pos_Z, -8.491150999743343e-05, BFx, 1.0, 0.0, 0.0,                             BFy, 0.0, 0.9998517629224614, 0.01721778675808688, BFz, 0.0, -0.017217786758086877, 0.9998517629224611
Time, 0.018, Pos_X, 0.00010685694209999996, Pos_Y, -5.748940428746746e-05, Pos_Z, -0.00010479150554900353, BFx, 1.0, 0.0, 0.0,                             BFy, 0.0, 0.9998008227072674, 0.019957828385680915, BFz, 0.0, -0.019957828385680908, 0.9998008227072672
Time, 0.02, Pos_X, 0.00013181366383999997, Pos_Y, -7.029904203385136e-05, Pos_Z, -0.00012592174602375547, BFx, 1.0, 0.0, 0.0,                             BFy, 0.0, 0.9997397219139692, 0.022814215467126087, BFz, 0.0, -0.022814215467126083, 0.9997397219139691
Time, 0.022, Pos_X, 0.00015914654551999995, Pos_Y, -8.409095261984227e-05, Pos_Z, -0.00014802226491040125, BFx, 1.0, 0.0, 0.0,                             BFy, 0.0, 0.9996679281187748, 0.02576884729120368, BFz, 0.0, -0.025768847291203677, 0.9996679281187747
Time, 0.024, Pos_X, 0.0001887104435, Pos_Y, -9.872742231952148e-05, Pos_Z, -0.00017080703862004185, BFx, 1.0, 0.0, 0.0,                             BFy, 0.0, 0.9995852436222649, 0.028798276556397835, BFz, 0.0, -0.02879827655639783, 0.9995852436222648
Time, 0.026, Pos_X, 0.00022032915117999995, Pos_Y, -0.00011404973646236183, Pos_Z, -0.00019398822629387847, BFx, 1.0, 0.0, 0.0,                             BFy, 0.0, 0.9994918811911703, 0.031874432276308685, BFz, 0.0, -0.03187443227630868, 0.9994918811911699
Time, 0.028, Pos_X, 0.00025379411086, Pos_Y, -0.0001298779549493244, Pos_Z, -0.0002172806870561129, BFx, 1.0, 0.0, 0.0,                             BFy, 0.0, 0.9993883814589459, 0.03496945817237596, BFz, 0.0, -0.034969458172375956, 0.9993883814589456
Time, 0.03, Pos_X, 0.0002888636692, Pos_Y, -0.00014601124149061096, Pos_Z, -0.0002404069217343817, BFx, 1.0, 0.0, 0.0,                             BFy, 0.0, 0.9992759187455924, 0.038047841136562864, BFz, 0.0, -0.03804784113656285, 0.9992759187455921
Time, 0.032, Pos_X, 0.00032526342166, Pos_Y, -0.00016222879640337938, Pos_Z, -0.0002631025087718034, BFx, 1.0, 0.0, 0.0,                             BFy, 0.0, 0.99915609541587, 0.04107428627881831, BFz, 0.0, -0.04107428627881828, 0.9991560954158695
Time, 0.034, Pos_X, 0.00036268710012, Pos_Y, -0.00017829123437898315, Pos_Z, -0.0002851219053979136, BFx, 1.0, 0.0, 0.0,                             BFy, 0.0, 0.9990308700921362, 0.04401500429343059, BFz, 0.0, -0.04401500429343056, 0.9990308700921355
Time, 0.036, Pos_X, 0.0004007981048599999, Pos_Y, -0.00019394248409556337, Pos_Z, -0.0003062441047663252, BFx, 1.0, 0.0, 0.0,                             BFy, 0.0, 0.9989024518873931, 0.04683899671593749, BFz, 0.0, -0.04683899671593746, 0.9989024518873925
Time, 0.038, Pos_X, 0.00043923187404999996, Pos_Y, -0.00020891229083801023, Pos_Z, -0.00032627806413699926, BFx, 1.0, 0.0, 0.0,                             BFy, 0.0, 0.9987731631961044, 0.04951937478653742, BFz, 0.0, -0.0495193747865374, 0.9987731631961037
Time, 0.04, Pos_X, 0.00047759848737, Pos_Y, -0.00022291907230324442, Pos_Z, -0.0003450680350526236, BFx, 1.0, 0.0, 0.0,                             BFy, 0.0, 0.9986453037234094, 0.052034194057187476, BFz, 0.0, -0.05203419405718745, 0.9986453037234087
Time, 0.042, Pos_X, 0.00051548599507, Pos_Y, -0.00023567304618291816, Pos_Z, -0.00036249813735470335, BFx, 1.0, 0.0, 0.0,                             BFy, 0.0, 0.9985210186606992, 0.054367042340018795, BFz, 0.0, -0.05436704234001876, 0.9985210186606983
Time, 0.044, Pos_X, 0.0005524646626499999, Pos_Y, -0.0002468796839657987, Pos_Z, -0.0003784960391050591, BFx, 1.0, 0.0, 0.0,                             BFy, 0.0, 0.9984021844081192, 0.056507328454793504, BFz, 0.0, -0.05650732845479347, 0.9984021844081183
Time, 0.046, Pos_X, 0.0005880919932699999, Pos_Y, -0.00025624365961097697, Pos_Z, -0.00039303629151984514, BFx, 1.0, 0.0, 0.0,                             BFy, 0.0, 0.9982903207379232, 0.058450282471313154, BFz, 0.0, -0.05845028247131311, 0.9982903207379223
Time, 0.048, Pos_X, 0.0006219184938899999, Pos_Y, -0.0002634730102735757, Pos_Z, -0.000406142885638256, BFx, 1.0, 0.0, 0.0,                             BFy, 0.0, 0.9981865334800624, 0.06019671402209576, BFz, 0.0, -0.06019671402209571, 0.9981865334800615
Time, 0.05, Pos_X, 0.00065349299099, Pos_Y, -0.0002682828980929301, Pos_Z, -0.00041789024365341626, BFx, 1.0, 0.0, 0.0,                             BFy, 0.0, 0.9980914815865426, 0.061752687264458477, BFz, 0.0, -0.061752687264458414, 0.9980914815865416
Time, 0.052, Pos_X, 0.0006823681604899999, Pos_Y, -0.0002703988096480133, Pos_Z, -0.0004284027111793902, BFx, 1.0, 0.0, 0.0,                             BFy, 0.0, 0.9980053680324261, 0.0631291167248767, BFz, 0.0, -0.06312911672487663, 0.9980053680324251
Time, 0.054, Pos_X, 0.0007081061803899999, Pos_Y, -0.00026955948308841703, Pos_Z, -0.0004378533344358312, BFx, 1.0, 0.0, 0.0,                             BFy, 0.0, 0.9979279472810055, 0.06434137110382843, BFz, 0.0, -0.06434137110382836, 0.9979279472810045
Time, 0.056, Pos_X, 0.0007302832578899999, Pos_Y, -0.00026551862167345324, Pos_Z, -0.00044646038533320434, BFx, 1.0, 0.0, 0.0,                             BFy, 0.0, 0.9978585564506538, 0.06540872509244672, BFz, 0.0, -0.06540872509244665, 0.9978585564506528
Time, 0.058, Pos_X, 0.0007484959425899999, Pos_Y, -0.0002580481364132364, Pos_Z, -0.0004544843241279558, BFx, 1.0, 0.0, 0.0,                             BFy, 0.0, 0.9977961517818873, 0.06635389581071166, BFz, 0.0, -0.06635389581071159, 0.9977961517818863
Time, 0.06, Pos_X, 0.0007623678296899999, Pos_Y, -0.00024694198436565006, Pos_Z, -0.0004622244294308615, BFx, 1.0, 0.0, 0.0,                             BFy, 0.0, 0.9977393437250319, 0.06720269327299473, BFz, 0.0, -0.06720269327299466, 0.9977393437250309
Time, 0.062, Pos_X, 0.0007715538761899999, Pos_Y, -0.0002320177804305539, Pos_Z, -0.0004700124614458434, BFx, 1.0, 0.0, 0.0,                             BFy, 0.0, 0.9976864518342297, 0.06798340846432034, BFz, 0.0, -0.06798340846432029, 0.9976864518342289
Time, 0.064, Pos_X, 0.0007757443910899999, Pos_Y, -0.00021311747684043384, Pos_Z, -0.00047820609708675076, BFx, 1.0, 0.0, 0.0,                             BFy, 0.0, 0.9976355589268268, 0.0687262072630186, BFz, 0.0, -0.06872620726301856, 0.997635558926826
Time, 0.066, Pos_X, 0.0007746688903899999, Pos_Y, -0.00019010743834735742, Pos_Z, -0.0004871816467711941, BFx, 1.0, 0.0, 0.0,                             BFy, 0.0, 0.9975845642657487, 0.06946248727707548, BFz, 0.0, -0.06946248727707545, 0.9975845642657478
Time, 0.068, Pos_X, 0.0007680992846899998, Pos_Y, -0.0001628787342577635, Pos_Z, -0.000497326318301103, BFx, 1.0, 0.0, 0.0,                             BFy, 0.0, 0.9975312460204929, 0.0702240216222644, BFz, 0.0, -0.07022402162226438, 0.9975312460204919
Time, 0.07, Pos_X, 0.0007558522249899998, Pos_Y, -0.00013134680297711157, Pos_Z, -0.0005090307450320259, BFx, 1.0, 0.0, 0.0,                             BFy, 0.0, 0.9974733217745839, 0.07104204633862188, BFz, 0.0, -0.07104204633862186, 0.997473321774583
Time, 0.072, Pos_X, 0.00073779083109, Pos_Y, -9.545060756332616e-05, Pos_Z, -0.00052268169238318, BFx, 1.0, 0.0, 0.0,                             BFy, 0.0, 0.9974085133297369, 0.0719462128076635, BFz, 0.0, -0.07194621280766349, 0.997408513329736
Time, 0.074, Pos_X, 0.00071382523999, Pos_Y, -5.5151428170696545e-05, Pos_Z, -0.0005386547950240659, BFx, 1.0, 0.0, 0.0,                             BFy, 0.0, 0.9973346097475372, 0.07296352650282663, BFz, 0.0, -0.07296352650282661, 0.9973346097475364
Time, 0.076, Pos_X, 0.00068391250549, Pos_Y, -1.0431006124687382e-05, Pos_Z, -0.0005573077277335758, BFx, 1.0, 0.0, 0.0,                             BFy, 0.0, 0.9972495298532501, 0.07411730707110704, BFz, 0.0, -0.07411730707110703, 0.9972495298532493
Time, 0.078, Pos_X, 0.0006480562631899999, Pos_Y, 3.871091640393065e-05, Pos_Z, -0.0005789737598942443, BFx, 1.0, 0.0, 0.0,                             BFy, 0.0, 0.9971513738815575, 0.07542637182129032, BFz, 0.0, -0.07542637182129029, 0.9971513738815568
Time, 0.08, Pos_X, 0.0006063052916899999, Pos_Y, 9.225926750394044e-05, Pos_Z, -0.0006039554575088549, BFx, 1.0, 0.0, 0.0,                             BFy, 0.0, 0.9970384659104182, 0.0769044699286156, BFz, 0.0, -0.07690446992861558, 0.9970384659104174
Time, 0.082, Pos_X, 0.0005587517745899998, Pos_Y, 0.0001501864338647091, Pos_Z, -0.0006325196581332618, BFx, 1.0, 0.0, 0.0,                             BFy, 0.0, 0.9969094109792516, 0.0785596989620203, BFz, 0.0, -0.07855969896202027, 0.9969094109792508
Time, 0.084, Pos_X, 0.0005055298418899998, Pos_Y, 0.00021245497103272856, Pos_Z, -0.0006648942763320801, BFx, 1.0, 0.0, 0.0,                             BFy, 0.0, 0.996763136295848, 0.08039434135352137, BFz, 0.0, -0.08039434135352132, 0.9967631362958472
Time, 0.086, Pos_X, 0.00044681302139000013, Pos_Y, 0.00027902016555001526, Pos_Z, -0.0007012663549515966, BFx, 1.0, 0.0, 0.0,                             BFy, 0.0, 0.9965989484890729, 0.0824047078174309, BFz, 0.0, -0.08240470781743083, 0.996598948489072
Time, 0.088, Pos_X, 0.0003828112492900001, Pos_Y, 0.00034983237317064657, Pos_Z, -0.0007417809214984686, BFx, 1.0, 0.0, 0.0,                             BFy, 0.0, 0.9964165741185964, 0.08458138578766267, BFz, 0.0, -0.08458138578766258, 0.9964165741185955
Time, 0.09, Pos_X, 0.00031376813699000004, Pos_Y, 0.0004248391065480085, Pos_Z, -0.0007865413185911025, BFx, 1.0, 0.0, 0.0,                             BFy, 0.0, 0.9962161879058878, 0.08690976328504527, BFz, 0.0, -0.08690976328504517, 0.9962161879058872
Time, 0.092, Pos_X, 0.00023995780488999998, Pos_Y, 0.0005039874379693362, Pos_Z, -0.0008356102552847498, BFx, 1.0, 0.0, 0.0,                             BFy, 0.0, 0.9959984424580288, 0.08937059147830483, BFz, 0.0, -0.08937059147830473, 0.9959984424580283
Time, 0.094, Pos_X, 0.0001616817037899999, Pos_Y, 0.0005872261277222927, Pos_Z, -0.000889011096032603, BFx, 1.0, 0.0, 0.0,                             BFy, 0.0, 0.9957644744997803, 0.0919408033692189, BFz, 0.0, -0.09194080336921882, 0.9957644744997798
Time, 0.096, Pos_X, 7.926519742999986e-05, Pos_Y, 0.0006745078897188676, Pos_Z, -0.0009467304680297889, BFx, 1.0, 0.0, 0.0,                             BFy, 0.0, 0.9955158825539325, 0.0945945430924309, BFz, 0.0, -0.09459454309243086, 0.9955158825539319
Time, 0.098, Pos_X, -6.9457962900001876e-06, Pos_Y, 0.0007657914895871888, Pos_Z, -0.0010087218152183904, BFx, 1.0, 0.0, 0.0,                             BFy, 0.0, 0.9952546872389285, 0.09730420098301688, BFz, 0.0, -0.09730420098301684, 0.9952546872389277
Time, 0.1, Pos_X, -9.658786711000025e-05, Pos_Y, 0.0008610430680761347, Pos_Z, -0.0010749095416149026, BFx, 1.0, 0.0, 0.0,                             BFy, 0.0, 0.9949832573900157, 0.10004157892373786, BFz, 0.0, -0.10004157892373781, 0.9949832573900148
Time, 0.102, Pos_X, -0.00018928374622999966, Pos_Y, 0.0009602373007068775, Pos_Z, -0.0011451935228771898, BFx, 1.0, 0.0, 0.0,                             BFy, 0.0, 0.9947042316937149, 0.10277884729173155, BFz, 0.0, -0.1027788472917315, 0.994704231693714
Time, 0.104, Pos_X, -0.0002846454205499997, Pos_Y, 0.0010633581429321103, Pos_Z, -0.0012194538094961254, BFx, 1.0, 0.0, 0.0,                             BFy, 0.0, 0.9944204208776979, 0.10548946175530186, BFz, 0.0, -0.1054894617553018, 0.9944204208776968
Time, 0.106, Pos_X, -0.00038227659576999976, Pos_Y, 0.0011703990391983804, Pos_Z, -0.0012975552009184563, BFx, 1.0, 0.0, 0.0,                             BFy, 0.0, 0.9941347021137233, 0.10814894383792889, BFz, 0.0, -0.10814894383792882, 0.9941347021137225
Time, 0.108, Pos_X, -0.00048177544058999986, Pos_Y, 0.0012813629637667481, Pos_Z, -0.0013793513254688825, BFx, 1.0, 0.0, 0.0,                             BFy, 0.0, 0.9938498970360966, 0.11073564088107, BFz, 0.0, -0.11073564088106995, 0.9938498970360958
Time, 0.11, Pos_X, -0.0005827372430499999, Pos_Y, 0.0013962625176341852, Pos_Z, -0.001464688854626321, BFx, 1.0, 0.0, 0.0,                             BFy, 0.0, 0.9935686676273034, 0.11323119141520156, BFz, 0.0, -0.11323119141520151, 0.9935686676273026
Time, 0.112, Pos_X, -0.00068475679009, Pos_Y, 0.0015151199647707907, Pos_Z, -0.001553411549647129, BFx, 1.0, 0.0, 0.0,                             BFy, 0.0, 0.993293433825805, 0.11562073481232513, BFz, 0.0, -0.11562073481232506, 0.993293433825804
Time, 0.114, Pos_X, -0.00078743127689, Pos_Y, 0.00163796672808094, Pos_Z, -0.0016453639629182449, BFx, 1.0, 0.0, 0.0,                             BFy, 0.0, 0.9930263207877759, 0.11789285908270436, BFz, 0.0, -0.11789285908270426, 0.993026320787775
Time, 0.116, Pos_X, -0.0008903630649, Pos_Y, 0.0017648430051223562, Pos_Z, -0.0017403949372910479, BFx, 1.0, 0.0, 0.0,                             BFy, 0.0, 0.9927691000962701, 0.12003963467973047, BFz, 0.0, -0.12003963467973036, 0.9927691000962692
Time, 0.118, Pos_X, -0.0009931625615599994, Pos_Y, 0.0018957977484988183, Pos_Z, -0.0018383597801930984, BFx, 1.0, 0.0, 0.0,                             BFy, 0.0, 0.9925231822102981, 0.12205626888916603, BFz, 0.0, -0.12205626888916592, 0.9925231822102971
Time, 0.12, Pos_X, -0.0010954514943599994, Pos_Y, 0.0020308886080188256, Pos_Z, -0.0019391214801474232, BFx, 1.0, 0.0, 0.0,                             BFy, 0.0, 0.9922896171720406, 0.12394077477798046, BFz, 0.0, -0.12394077477798035, 0.9922896171720396
Time, 0.122, Pos_X, -0.0011968656959199994, Pos_Y, 0.00217018215365268, Pos_Z, -0.0020425518307531612, BFx, 1.0, 0.0, 0.0,                             BFy, 0.0, 0.992069114680043, 0.1256935626750898, BFz, 0.0, -0.1256935626750897, 0.992069114680042
Time, 0.124, Pos_X, -0.0012970579102999996, Pos_Y, 0.0023137543447288708, Pos_Z, -0.0021485323072770544, BFx, 1.0, 0.0, 0.0,                             BFy, 0.0, 0.9918620817827957, 0.1273169694954292, BFz, 0.0, -0.1273169694954291, 0.9918620817827946
Time, 0.126, Pos_X, -0.0013957007091399997, Pos_Y, 0.0024616914321865463, Pos_Z, -0.002256954064394816, BFx, 1.0, 0.0, 0.0,                             BFy, 0.0, 0.991668668689711, 0.12881479549794497, BFz, 0.0, -0.12881479549794486, 0.99166866868971
Time, 0.128, Pos_X, -0.0014924895469799998, Pos_Y, 0.0026140911915503787, Pos_Z, -0.0023677169748446327, BFx, 1.0, 0.0, 0.0,                             BFy, 0.0, 0.9914888217202296, 0.13019184461337072, BFz, 0.0, -0.13019184461337063, 0.9914888217202286
Time, 0.13, Pos_X, -0.0015871462006999998, Pos_Y, 0.002771064644589499, Pos_Z, -0.0024807281405010984, BFx, 1.0, 0.0, 0.0,                             BFy, 0.0, 0.991322331026193, 0.1314535507652651, BFz, 0.0, -0.13145355076526502, 0.9913223310261922
Time, 0.132, Pos_X, -0.00167942258122, Pos_Y, 0.0029327379175107028, Pos_Z, -0.0025959004606210066, BFx, 1.0, 0.0, 0.0,                             BFy, 0.0, 0.9911688920024724, 0.13260553354438886, BFz, 0.0, -0.13260553354438878, 0.9911688920024716
Time, 0.134, Pos_X, -0.00176910351534, Pos_Y, 0.003099253782199774, Pos_Z, -0.0027131512576681746, BFx, 1.0, 0.0, 0.0,                             BFy, 0.0, 0.9910281590011898, 0.13365323814526037, BFz, 0.0, -0.13365323814526028, 0.991028159001189
Time, 0.136, Pos_X, -0.00185600923116, Pos_Y, 0.003270773159585874, Pos_Z, -0.002832401104736948, BFx, 1.0, 0.0, 0.0,                             BFy, 0.0, 0.9908997801334676, 0.13460173004626205, BFz, 0.0, -0.13460173004626197, 0.990899780133467
Time, 0.138, Pos_X, -0.0019399981985800002, Pos_Y, 0.003447476538168878, Pos_Z, -0.002953572794520424, BFx, 1.0, 0.0, 0.0,                             BFy, 0.0, 0.9907834233731235, 0.13545555717295177, BFz, 0.0, -0.13545555717295163, 0.990783423373123
Time, 0.14, Pos_X, -0.0020209697093000003, Pos_Y, 0.003629565562399232, Pos_Z, -0.0030765903042524554, BFx, 1.0, 0.0, 0.0,                             BFy, 0.0, 0.9906787826377406, 0.1362187565330317, BFz, 0.0, -0.13621875653303156, 0.99067878263774
Time, 0.142, Pos_X, -0.002098866566019999, Pos_Y, 0.003817264905654408, Pos_Z, -0.0032013776144573475, BFx, 1.0, 0.0, 0.0,                             BFy, 0.0, 0.99058559766714, 0.13689475407931434, BFz, 0.0, -0.13689475407931415, 0.9905855976671395
Time, 0.144, Pos_X, -0.0021736775570399994, Pos_Y, 0.0040108241697310535, Pos_Z, -0.003327857173637916, BFx, 1.0, 0.0, 0.0,                             BFy, 0.0, 0.9905036818525749, 0.1374862038042144, BFz, 0.0, -0.1374862038042142, 0.9905036818525744
Time, 0.146, Pos_X, -0.0022454396566199994, Pos_Y, 0.004210519674983749, Pos_Z, -0.0034559488637810874, BFx, 1.0, 0.0, 0.0,                             BFy, 0.0, 0.9904329131642521, 0.13799508875671404, BFz, 0.0, -0.1379950887567139, 0.9904329131642519
Time, 0.148, Pos_X, -0.0023142401304599995, Pos_Y, 0.004416655860957979, Pos_Z, -0.003585569153742653, BFx, 1.0, 0.0, 0.0,                             BFy, 0.0, 0.9903732416472222, 0.13842269405402252, BFz, 0.0, -0.13842269405402238, 0.990373241647222
Time, 0.15, Pos_X, -0.0023802173917599995, Pos_Y, 0.004629566197459382, Pos_Z, -0.0037166301048521255, BFx, 1.0, 0.0, 0.0,                             BFy, 0.0, 0.9903246925109275, 0.13876960547301936, BFz, 0.0, -0.13876960547301928, 0.9903246925109273
Time, 0.152, Pos_X, -0.0024435615923199994, Pos_Y, 0.004849613961741361, Pos_Z, -0.0038490388939575533, BFx, 1.0, 0.0, 0.0,                             BFy, 0.0, 0.9902873517828525, 0.13903582595469852, BFz, 0.0, -0.13903582595469846, 0.9902873517828523
Time, 0.154, Pos_X, -0.0025045149524799996, Pos_Y, 0.005077192601468839, Pos_Z, -0.003982697384699632, BFx, 1.0, 0.0, 0.0,                             BFy, 0.0, 0.9902613652880417, 0.13922079017827915, BFz, 0.0, -0.1392207901782791, 0.9902613652880413
Time, 0.156, Pos_X, -0.0025633713533399997, Pos_Y, 0.005312725474852654, Pos_Z, -0.004117501513710044, BFx, 1.0, 0.0, 0.0,                             BFy, 0.0, 0.9902469406361508, 0.13932335253195735, BFz, 0.0, -0.1393233525319573, 0.9902469406361506
Time, 0.158, Pos_X, -0.0026204750049, Pos_Y, 0.005556664797239758, Pos_Z, -0.004253341257932341, BFx, 1.0, 0.0, 0.0,                             BFy, 0.0, 0.990244334164363, 0.13934187689053742, BFz, 0.0, -0.13934187689053734, 0.9902443341643629
Time, 0.16, Pos_X, -0.00267621748536, Pos_Y, 0.0058094894224807155, Pos_Z, -0.004390101241484702, BFx, 1.0, 0.0, 0.0,                             BFy, 0.0, 0.9902538516847706, 0.13927422311209248, BFz, 0.0, -0.1392742231120924, 0.9902538516847704
Time, 0.162, Pos_X, -0.00273103469598, Pos_Y, 0.006071701873818608, Pos_Z, -0.004527661568494036, BFx, 1.0, 0.0, 0.0,                             BFy, 0.0, 0.9902758532579614, 0.1391177000033313, BFz, 0.0, -0.13911770000333115, 0.9902758532579613
Time, 0.164, Pos_X, -0.002785404011554, Pos_Y, 0.006343824807663914, Pos_Z, -0.004665898098217283, BFx, 1.0, 0.0, 0.0,                             BFy, 0.0, 0.9903107374037887, 0.13886915922106202, BFz, 0.0, -0.13886915922106188, 0.9903107374037887
Time, 0.166, Pos_X, -0.0028398412459020002, Pos_Y, 0.006626397507103594, Pos_Z, -0.00480468307935843, BFx, 1.0, 0.0, 0.0,                             BFy, 0.0, 0.9903589302402162, 0.13852504933568774, BFz, 0.0, -0.1385250493356876, 0.9903589302402163
Time, 0.168, Pos_X, -0.0028948972825500003, Pos_Y, 0.006919972293970646, Pos_Z, -0.0049438857279237814, BFx, 1.0, 0.0, 0.0,                             BFy, 0.0, 0.9904208800123733, 0.13808142683039015, BFz, 0.0, -0.13808142683038996, 0.9904208800123734
Time, 0.17, Pos_X, -0.0029511537546180002, Pos_Y, 0.007225110450484815, Pos_Z, -0.005083372535661365, BFx, 1.0, 0.0, 0.0,                             BFy, 0.0, 0.9904970816053685, 0.1375337461543457, BFz, 0.0, -0.13753374615434552, 0.9904970816053688
Time, 0.172, Pos_X, -0.0030092176853459994, Pos_Y, 0.007542377701579426, Pos_Z, -0.005223008346192948, BFx, 1.0, 0.0, 0.0,                             BFy, 0.0, 0.9905880816433714, 0.1368767785495614, BFz, 0.0, -0.1368767785495612, 0.9905880816433716
Time, 0.174, Pos_X, -0.0030697155660139993, Pos_Y, 0.007872338961405746, Pos_Z, -0.005362657510269046, BFx, 1.0, 0.0, 0.0,                             BFy, 0.0, 0.99069449984834, 0.13610440099514684, BFz, 0.0, -0.1361044009951466, 0.9906944998483402
Time, 0.176, Pos_X, -0.0031332867036419996, Pos_Y, 0.008215552986992601, Pos_Z, -0.005502185105652951, BFx, 1.0, 0.0, 0.0,                             BFy, 0.0, 0.9908170504888061, 0.13520936528459557, BFz, 0.0, -0.13520936528459532, 0.9908170504888063
Time, 0.178, Pos_X, -0.0032005763595499997, Pos_Y, 0.00857256736980977, Pos_Z, -0.005641458669403071, BFx, 1.0, 0.0, 0.0,                             BFy, 0.0, 0.9909565372390567, 0.13418323778765504, BFz, 0.0, -0.13418323778765479, 0.9909565372390569
Time, 0.18, Pos_X, -0.003272228659658, Pos_Y, 0.008943913425354494, Pos_Z, -0.005780350097344064, BFx, 1.0, 0.0, 0.0,                             BFy, 0.0, 0.991113857422051, 0.1330162457220261, BFz, 0.0, -0.1330162457220259, 0.9911138574220512
Time, 0.182, Pos_X, -0.003348879144966, Pos_Y, 0.009330100840629978, Pos_Z, -0.005918737044110516, BFx, 1.0, 0.0, 0.0,                             BFy, 0.0, 0.9912899638769506, 0.13169740892225085, BFz, 0.0, -0.13169740892225063, 0.9912899638769507
Time, 0.184, Pos_X, -0.0034311474266740002, Pos_Y, 0.009731612339626682, Pos_Z, -0.0060565043199756335, BFx, 1.0, 0.0, 0.0,                             BFy, 0.0, 0.991485808219657, 0.13021479216668777, BFz, 0.0, -0.13021479216668758, 0.9914858082196574
Time, 0.186, Pos_X, -0.003519629605582, Pos_Y, 0.010148898782450105, Pos_Z, -0.006193545380674615, BFx, 1.0, 0.0, 0.0,                             BFy, 0.0, 0.9917022497588905, 0.12855601045130396, BFz, 0.0, -0.12855601045130377, 0.9917022497588908
Time, 0.188, Pos_X, -0.0036148907362900003, Pos_Y, 0.010582374947377583, Pos_Z, -0.006329763954409184, BFx, 1.0, 0.0, 0.0,                             BFy, 0.0, 0.9919399551193635, 0.12670882146794632, BFz, 0.0, -0.12670882146794615, 0.9919399551193637
Time, 0.19, Pos_X, -0.0037174577271980006, Pos_Y, 0.011032416071617243, Pos_Z, -0.006465075583460479, BFx, 1.0, 0.0, 0.0,                             BFy, 0.0, 0.9921992604869322, 0.12466205312438015, BFz, 0.0, -0.12466205312437999, 0.9921992604869324
Time, 0.192, Pos_X, -0.0038278134517060005, Pos_Y, 0.011499355627234933, Pos_Z, -0.00659940786293116, BFx, 1.0, 0.0, 0.0,                             BFy, 0.0, 0.9924800531820236, 0.12240647056348089, BFz, 0.0, -0.12240647056348072, 0.9924800531820239
Time, 0.194, Pos_X, -0.003946392202014001, Pos_Y, 0.011983484172467626, Pos_Z, -0.006732699153905177, BFx, 1.0, 0.0, 0.0,                             BFy, 0.0, 0.9927816676121111, 0.11993565130233882, BFz, 0.0, -0.11993565130233866, 0.9927816676121114
Time, 0.196, Pos_X, -0.0040735753219220015, Pos_Y, 0.012485048948574566, Pos_Z, -0.006864897087138298, BFx, 1.0, 0.0, 0.0,                             BFy, 0.0, 0.993102790401925, 0.11724695175530651, BFz, 0.0, -0.11724695175530633, 0.9931027904019252
Time, 0.198, Pos_X, -0.004209687158830001, Pos_Y, 0.013004254938714287, Pos_Z, -0.006995956759376573, BFx, 1.0, 0.0, 0.0,                             BFy, 0.0, 0.9934413976013028, 0.11434242227612329, BFz, 0.0, -0.11434242227612312, 0.9934413976013029
Time, 0.2, Pos_X, -0.004354993191338002, Pos_Y, 0.013541267013972763, Pos_Z, -0.00712583798267168, BFx, 1.0, 0.0, 0.0,                             BFy, 0.0, 0.9937947802201057, 0.11122919943644777, BFz, 0.0, -0.11122919943644757, 0.9937947802201059
Time, 0.202, Pos_X, -0.004509698781046002, Pos_Y, 0.014096211783818778, Pos_Z, -0.007254502346486778, BFx, 1.0, 0.0, 0.0,                             BFy, 0.0, 0.9941595943514718, 0.1079198821298376, BFz, 0.0, -0.10791988212983739, 0.994159594351472
Time, 0.204, Pos_X, -0.004673948144354, Pos_Y, 0.014669180167291577, Pos_Z, -0.007381910530025189, BFx, 1.0, 0.0, 0.0,                             BFy, 0.0, 0.9945319962923866, 0.10443231468602915, BFz, 0.0, -0.10443231468602893, 0.9945319962923866
Time, 0.206, Pos_X, -0.004847824877462, Pos_Y, 0.015260230876670786, Pos_Z, -0.007508019408523399, BFx, 1.0, 0.0, 0.0,                             BFy, 0.0, 0.9949078290989247, 0.10078894581086935, BFz, 0.0, -0.10078894581086914, 0.9949078290989246
Time, 0.208, Pos_X, -0.005031353707370001, Pos_Y, 0.015869394477036808, Pos_Z, -0.007632778883240407, BFx, 1.0, 0.0, 0.0,                             BFy, 0.0, 0.9952828415900267, 0.09701579890143197, BFz, 0.0, -0.09701579890143176, 0.9952828415900267
Time, 0.21, Pos_X, -0.0052245035986780005, Pos_Y, 0.016496678132003353, Pos_Z, -0.007756127829986848, BFx, 1.0, 0.0, 0.0,                             BFy, 0.0, 0.9956529182493303, 0.09314111005132851, BFz, 0.0, -0.0931411100513283, 0.9956529182493303
Time, 0.212, Pos_X, -0.0054271915335860005, Pos_Y, 0.017142070890085112, Pos_Z, -0.007877988119768154, BFx, 1.0, 0.0, 0.0,                             BFy, 0.0, 0.9960142983307516, 0.08919370785376016, BFz, 0.0, -0.08919370785375995, 0.9960142983307516
Time, 0.214, Pos_X, -0.005639287888694001, Pos_Y, 0.017805549599034826, Pos_Z, -0.007998258530111286, BFx, 1.0, 0.0, 0.0,                             BFy, 0.0, 0.9963637705945461, 0.08520115402164458, BFz, 0.0, -0.0852011540216444, 0.9963637705945462
Time, 0.216, Pos_X, -0.005860622222802001, Pos_Y, 0.018487084481796465, Pos_Z, -0.008116809671725421, BFx, 1.0, 0.0, 0.0,                             BFy, 0.0, 0.996698815687089, 0.08118787352773515, BFz, 0.0, -0.08118787352773497, 0.9966988156870892
Time, 0.218, Pos_X, -0.006090988546910001, Pos_Y, 0.01918664393503224, Pos_Z, -0.008233479519690787, BFx, 1.0, 0.0, 0.0,                             BFy, 0.0, 0.9970176726966427, 0.07717357274722601, BFz, 0.0, -0.07717357274722585, 0.9970176726966429
Time, 0.22, Pos_X, -0.006330151482818001, Pos_Y, 0.019904199045604302, Pos_Z, -0.008348070029496127, BFx, 1.0, 0.0, 0.0,                             BFy, 0.0, 0.9973193415579475, 0.07317192736577896, BFz, 0.0, -0.07317192736577878, 0.9973193415579478
Time, 0.222, Pos_X, -0.006577853312526001, Pos_Y, 0.0206397281054528, Pos_Z, -0.008460343005949262, BFx, 1.0, 0.0, 0.0,                             BFy, 0.0, 0.9976035293609689, 0.0691895816329281, BFz, 0.0, -0.0691895816329279, 0.9976035293609689
Time, 0.224, Pos_X, -0.0068338207510340015, Pos_Y, 0.021393221128779286, Pos_Z, -0.008570015423089411, BFx, 1.0, 0.0, 0.0,                             BFy, 0.0, 0.9978705376304011, 0.06522568611533093, BFz, 0.0, -0.06522568611533074, 0.9978705376304011
Time, 0.226, Pos_X, -0.007097772477142002, Pos_Y, 0.02216468395551216, Pos_Z, -0.008676757357599499, BFx, 1.0, 0.0, 0.0,                             BFy, 0.0, 0.9981211180833317, 0.06127180131252222, BFz, 0.0, -0.06127180131252202, 0.9981211180833317
Time, 0.228, Pos_X, -0.007369427039250002, Pos_Y, 0.022954141620128495, Pos_Z, -0.0087801941271356, BFx, 1.0, 0.0, 0.0,                             BFy, 0.0, 0.9983562970797307, 0.057312337949608244, BFz, 0.0, -0.05731233794960804, 0.9983562970797307
Time, 0.23, Pos_X, -0.007648506576758003, Pos_Y, 0.023761639315185653, Pos_Z, -0.008879908407358257, BFx, 1.0, 0.0, 0.0,                             BFy, 0.0, 0.9985771821560763, 0.0533255218186571, BFz, 0.0, -0.05332552181865691, 0.9985771821560763
Time, 0.232, Pos_X, -0.007934738771066003, Pos_Y, 0.024587241440983492, Pos_Z, -0.00897543653541051, BFx, 1.0, 0.0, 0.0,                             BFy, 0.0, 0.9987847901774899, 0.04928430693546799, BFz, 0.0, -0.049284306935467787, 0.9987847901774898
Time, 0.234, Pos_X, -0.008227861192574003, Pos_Y, 0.025431031827090958, Pos_Z, -0.009066264882480649, BFx, 1.0, 0.0, 0.0,                             BFy, 0.0, 0.9989798615482453, 0.045157903195903966, BFz, 0.0, -0.045157903195903765, 0.9989798615482453
Time, 0.236, Pos_X, -0.008527624009881999, Pos_Y, 0.026293112764374946, Pos_Z, -0.009151832176065626, BFx, 1.0, 0.0, 0.0,                             BFy, 0.0, 0.9991627106503569, 0.0409130498231698, BFz, 0.0, -0.04091304982316961, 0.9991627106503567
Time, 0.238, Pos_X, -0.00883378952319, Pos_Y, 0.027173601166773198, Pos_Z, -0.009231534609260761, BFx, 1.0, 0.0, 0.0,                             BFy, 0.0, 0.999333086588671, 0.036515504229866345, BFz, 0.0, -0.03651550422986615, 0.9993330865886708
Time, 0.24, Pos_X, -0.009146131285098, Pos_Y, 0.028072623507874386, Pos_Z, -0.009304731165538363, BFx, 1.0, 0.0, 0.0,                             BFy, 0.0, 0.9994900560155426, 0.031931613270379175, BFz, 0.0, -0.031931613270378974, 0.9994900560155423
Time, 0.242, Pos_X, -0.009464431777806, Pos_Y, 0.028990309885241216, Pos_Z, -0.00937074984784053, BFx, 1.0, 0.0, 0.0,                             BFy, 0.0, 0.9996319176766476, 0.02712985739198533, BFz, 0.0, -0.02712985739198513, 0.9996319176766475
Time, 0.244, Pos_X, -0.009788479803114002, Pos_Y, 0.029926788021550917, Pos_Z, -0.00942889471024356, BFx, 1.0, 0.0, 0.0,                             BFy, 0.0, 0.9997561617884743, 0.022082050764802092, BFz, 0.0, -0.02208205076480189, 0.9997561617884742
Time, 0.246, Pos_X, -0.010118068986022001, Pos_Y, 0.03088217807547887, Pos_Z, -0.009478453674742069, BFx, 1.0, 0.0, 0.0,                             BFy, 0.0, 0.9998594694928711, 0.01676428541381043, BFz, 0.0, -0.01676428541381023, 0.999859469492871
Time, 0.248, Pos_X, -0.010452996491930001, Pos_Y, 0.031856588492158305, Pos_Z, -0.009518707398143365, BFx, 1.0, 0.0, 0.0,                             BFy, 0.0, 0.9999377508471983, 0.01115770723076101, BFz, 0.0, -0.011157707230760807, 0.9999377508471984
Time, 0.25, Pos_X, -0.010793061099838002, Pos_Y, 0.032850111639998014, Pos_Z, -0.009548938096299009, BFx, 1.0, 0.0, 0.0,                             BFy, 0.0, 0.9999862240980241, 0.005248963152599909, BFz, 0.0, -0.005248963152599705, 0.9999862240980241
Time, 0.252, Pos_X, -0.011138059883746002, Pos_Y, 0.03386281837595032, Pos_Z, -0.009568438173055908, BFx, 1.0, 0.0, 0.0,                             BFy, 0.0, 0.9999995300962368, -0.0009694365923526642, BFz, 0.0, 0.0009694365923528674, 0.9999995300962365
Time, 0.254, Pos_X, -0.011487784037254003, Pos_Y, 0.03489475235878344, Pos_Z, -0.009576518404738235, BFx, 1.0, 0.0, 0.0,                             BFy, 0.0, 0.9999718833035842, -0.007498840062539728, BFz, 0.0, 0.0074988400625399295, 0.9999718833035841
Time, 0.256, Pos_X, -0.011842014665362003, Pos_Y, 0.03594592476345181, Pos_Z, -0.009572515023743457, BFx, 1.0, 0.0, 0.0,                             BFy, 0.0, 0.9998972552492491, -0.014334536791219564, BFz, 0.0, 0.014334536791219765, 0.9998972552492488
Time, 0.258, Pos_X, -0.012200518731470003, Pos_Y, 0.037016309731564036, Pos_Z, -0.009555795498814601, BFx, 1.0, 0.0, 0.0,                             BFy, 0.0, 0.9997695803035644, -0.02146593346760112, BFz, 0.0, 0.021465933467601322, 0.9997695803035642
Time, 0.26, Pos_X, -0.012563045114478004, Pos_Y, 0.038105840288975255, Pos_Z, -0.009525763089853395, BFx, 1.0, 0.0, 0.0,                             BFy, 0.0, 0.9995829997127886, -0.02887605729985308, BFz, 0.0, 0.02887605729985328, 0.9995829997127885
Time, 0.262, Pos_X, -0.012929320423586004, Pos_Y, 0.0392144044112323, Pos_Z, -0.009481860618273715, BFx, 1.0, 0.0, 0.0,                             BFy, 0.0, 0.9993321533356276, -0.03654103596751635, BFz, 0.0, 0.036541035967516546, 0.9993321533356273
Time, 0.264, Pos_X, -0.013299044842194005, Pos_Y, 0.04034184216592666, Pos_Z, -0.00942357441508187, BFx, 1.0, 0.0, 0.0,                             BFy, 0.0, 0.9990124573323831, -0.04443095874179739, BFz, 0.0, 0.044430958741797574, 0.9990124573323828
Time, 0.266, Pos_X, -0.013671888094822005, Pos_Y, 0.0414879439422935, Pos_Z, -0.00935043747529821, BFx, 1.0, 0.0, 0.0,                             BFy, 0.0, 0.9986203875254345, -0.052510204899172006, BFz, 0.0, 0.05251020489917219, 0.9986203875254341
Time, 0.268, Pos_X, -0.014047487836770005, Pos_Y, 0.04265245024982935, Pos_Z, -0.009262029969604992, BFx, 1.0, 0.0, 0.0,                             BFy, 0.0, 0.9981537653207998, -0.06073763887336685, BFz, 0.0, 0.06073763887336702, 0.9981537653207995
Time, 0.27, Pos_X, -0.014425448783398005, Pos_Y, 0.043835052473535606, Pos_Z, -0.009157979206361959, BFx, 1.0, 0.0, 0.0,                             BFy, 0.0, 0.9976119722511804, -0.06906774081372746, BFz, 0.0, 0.06906774081372762, 0.99761197225118
Time, 0.272, Pos_X, -0.014805339922986004, Pos_Y, 0.045035393145038925, Pos_Z, -0.00903796164499871, BFx, 1.0, 0.0, 0.0,                             BFy, 0.0, 0.9969960602691946, -0.07745228084250554, BFz, 0.0, 0.0774522808425057, 0.9969960602691943
Time, 0.274, Pos_X, -0.015186691713014004, Pos_Y, 0.046253067329722834, Pos_Z, -0.008901705904024082, BFx, 1.0, 0.0, 0.0,                             BFy, 0.0, 0.9963087842005878, -0.08584175280566093, BFz, 0.0, 0.0858417528056611, 0.9963087842005874
Time, 0.276, Pos_X, -0.015568994953862004, Pos_Y, 0.04748762489202575, Pos_Z, -0.008748994279039607, BFx, 1.0, 0.0, 0.0,                             BFy, 0.0, 0.9955545416576569, -0.09418680685114152, BFz, 0.0, 0.09418680685114167, 0.9955545416576564
Time, 0.278, Pos_X, -0.015951701533146005, Pos_Y, 0.04873857298773228, Pos_Z, -0.008579663426108022, BFx, 1.0, 0.0, 0.0,                             BFy, 0.0, 0.9947392263373991, -0.10243959969501164, BFz, 0.0, 0.10243959969501176, 0.9947392263373986
Time, 0.28, Pos_X, -0.016334226517106004, Pos_Y, 0.05000537966483235, Pos_Z, -0.008393604147207539, BFx, 1.0, 0.0, 0.0,                             BFy, 0.0, 0.9938700298563076, -0.11055479977560431, BFz, 0.0, 0.11055479977560442, 0.9938700298563071
Time, 0.282, Pos_X, -0.016715951969605992, Pos_Y, 0.05128747775290252, Pos_Z, -0.008190757072849905, BFx, 1.0, 0.0, 0.0,                             BFy, 0.0, 0.9929551811631894, -0.11849054055568825, BFz, 0.0, 0.11849054055568838, 0.992955181163189
Time, 0.284, Pos_X, -0.017096229769745994, Pos_Y, 0.052584267862943804, Pos_Z, -0.007971108606300778, BFx, 1.0, 0.0, 0.0,                             BFy, 0.0, 0.9920036710597717, -0.12620901950311403, BFz, 0.0, 0.12620901950311414, 0.9920036710597715
Time, 0.286, Pos_X, -0.017474383362885995, Pos_Y, 0.053895122231420234, Pos_Z, -0.007734691410559172, BFx, 1.0, 0.0, 0.0,                             BFy, 0.0, 0.9910250073662329, -0.13367660518863841, BFz, 0.0, 0.13367660518863855, 0.9910250073662328
Time, 0.288, Pos_X, -0.017849710509025996, Pos_Y, 0.05521939294596809, Pos_Z, -0.007481587611164615, BFx, 1.0, 0.0, 0.0,                             BFy, 0.0, 0.9900289494470116, -0.14086404529491514, BFz, 0.0, 0.14086404529491528, 0.9900289494470115
Time, 0.29, Pos_X, -0.018221490818285998, Pos_Y, 0.05655641512102199, Pos_Z, -0.007211919863417002, BFx, 1.0, 0.0, 0.0,                             BFy, 0.0, 0.9890252889411706, -0.14774632934471008, BFz, 0.0, 0.14774632934471024, 0.9890252889411705
Time, 0.292, Pos_X, -0.018588995442665998, Pos_Y, 0.05790551039203924, Pos_Z, -0.006925839983870535, BFx, 1.0, 0.0, 0.0,                             BFy, 0.0, 0.9880235808434741, -0.15430296075332067, BFz, 0.0, 0.15430296075332084, 0.9880235808434739
Time, 0.294, Pos_X, -0.018951496243245998, Pos_Y, 0.059265997640538796, Pos_Z, -0.006623524765595422, BFx, 1.0, 0.0, 0.0,                             BFy, 0.0, 0.9870328823533409, -0.16051818947788346, BFz, 0.0, 0.16051818947788368, 0.9870328823533405
Time, 0.296, Pos_X, -0.019308277711225997, Pos_Y, 0.06063720125064422, Pos_Z, -0.006305166067659137, BFx, 1.0, 0.0, 0.0,                             BFy, 0.0, 0.986061507673063, -0.16638119811303057, BFz, 0.0, 0.16638119811303081, 0.9860615076730627
Time, 0.298, Pos_X, -0.019658650966405997, Pos_Y, 0.062018458015468014, Pos_Z, -0.005970958605111127, BFx, 1.0, 0.0, 0.0,                             BFy, 0.0, 0.985116778424961, -0.1718863952313505, BFz, 0.0, 0.17188639523135077, 0.9851167784249607
Time, 0.3, Pos_X, -0.020001963830585997, Pos_Y, 0.06340912247666433, Pos_Z, -0.005621092023194149, BFx, 1.0, 0.0, 0.0,                             BFy, 0.0, 0.9842047543896684, -0.1770338991175829, BFz, 0.0, 0.17703389911758313, 0.9842047543896681
Time, 0.302, Pos_X, -0.020337603015165996, Pos_Y, 0.06480856992240275, Pos_Z, -0.005255748852968957, BFx, 1.0, 0.0, 0.0,                             BFy, 0.0, 0.9833299877921089, -0.18182996207658664, BFz, 0.0, 0.18182996207658686, 0.9833299877921087
Time, 0.304, Pos_X, -0.020664996894745997, Pos_Y, 0.06621619967624008, Pos_Z, -0.0048751017199095414, BFx, 1.0, 0.0, 0.0,                             BFy, 0.0, 0.982495261324485, -0.1862875773500033, BFz, 0.0, 0.18628757735000354, 0.9824952613244847
Time, 0.306, Pos_X, -0.020983623593526, Pos_Y, 0.06763143928301682, Pos_Z, -0.004479307685733273, BFx, 1.0, 0.0, 0.0,                             BFy, 0.0, 0.9817013347077438, -0.19042712367999393, BFz, 0.0, 0.19042712367999415, 0.9817013347077436
Time, 0.308, Pos_X, -0.021293018346305998, Pos_Y, 0.06905374792190735, Pos_Z, -0.004068505548476242, BFx, 1.0, 0.0, 0.0,                             BFy, 0.0, 0.980946722688263, -0.1942769344187748, BFz, 0.0, 0.194276934418775, 0.9809467226882629
Time, 0.31, Pos_X, -0.021592777421086, Pos_Y, 0.07048261935497518, Pos_Z, -0.0036428167169879045, BFx, 1.0, 0.0, 0.0,                             BFy, 0.0, 0.9802275667510532, -0.19787348832350013, BFz, 0.0, 0.19787348832350032, 0.980227566751053
Time, 0.312, Pos_X, -0.021882561491666, Pos_Y, 0.07191758503233366, Pos_Z, -0.0032023462163268852, BFx, 1.0, 0.0, 0.0,                             BFy, 0.0, 0.9795376544257537, -0.2012609837054695, BFz, 0.0, 0.20126098370546971, 0.9795376544257536
Time, 0.314, Pos_X, -0.022162098560646, Pos_Y, 0.07335821680697434, Pos_Z, -0.0027471845001581147, BFx, 1.0, 0.0, 0.0,                             BFy, 0.0, 0.9788684192030493, -0.20449111933510386, BFz, 0.0, 0.20449111933510405, 0.9788684192030493
