Time, 0, Pos_X, 0.0, Pos_Y, 0.0, Pos_Z, 0.0, BFx, 1.0, 0.0, 0.0,                         BFy, 0.0, 1.0, 0.0, BFz, 0.0, 0.0, 1.0
Time, 0.0, Pos_X, 0.0, Pos_Y, 0.0, Pos_Z, 0.0, BFx, 1.0, 0.0, 0.0,                             BFy, 0.0, 1.0, 0.0, BFz, 0.0, 0.0, 1.0
Time, 0.002, Pos_X, 4.9693604e-10, Pos_Y, -1.2268608933281467e-07, Pos_Z, 1.4427445655231355e-07, BFx, 1.0, 0.0, 0.0,                             BFy, 0.0, 0.9999999712333697, -0.0002398609177000032, BFz, 0.0, 0.0002398609177000032, 0.9999999712333697
Time, 0.004, Pos_X, 2.1334692119999998e-08, Pos_Y, -5.014538616652726e-07, Pos_Z, 5.533958381999824e-07, BFx, 1.0, 0.0, 0.0,                             BFy, 0.0, 0.9999998851041194, -0.0004793659856409402, BFz, 0.0, 0.0004793659856409402, 0.9999998851041195
Time, 0.006, Pos_X, 1.053343762e-07, Pos_Y, -1.1581935316721877e-06, Pos_Z, 1.1825359489263464e-06, BFx, 1.0, 0.0, 0.0,                             BFy, 0.0, 0.9999997420624847, -0.0007182443622459383, BFz, 0.0, 0.0007182443622459383, 0.9999997420624849
Time, 0.008, Pos_X, 2.9740297027999995e-07, Pos_Y, -2.114903115865252e-06, Pos_Z, 1.9965052409234576e-06, BFx, 1.0, 0.0, 0.0,                             BFy, 0.0, 0.9999995430196409, -0.0009560128183736129, BFz, 0.0, 0.0009560128183736129, 0.9999995430196411
Time, 0.01, Pos_X, 6.360781963599999e-07, Pos_Y, -3.392338941901449e-06, Pos_Z, 2.9704852588957897e-06, BFx, 1.0, 0.0, 0.0,                             BFy, 0.0, 0.9999992896017883, -0.0011919714417417927, BFz, 0.0, 0.0011919714417417927, 0.9999992896017885
Time, 0.012, Pos_X, 1.1555518624399998e-06, Pos_Y, -5.010804292018136e-06, Pos_Z, 4.079451719533978e-06, BFx, 1.0, 0.0, 0.0,                             BFy, 0.0, 0.9999989844290432, -0.0014251809995423266, BFz, 0.0, 0.0014251809995423266, 0.9999989844290433
Time, 0.014, Pos_X, 1.8915868425199998e-06, Pos_Y, -6.990276542908518e-06, Pos_Z, 5.285690568101718e-06, BFx, 1.0, 0.0, 0.0,                             BFy, 0.0, 0.9999986312727586, -0.001654524889135157, BFz, 0.0, 0.0016545248891351569, 0.9999986312727585
Time, 0.016, Pos_X, 2.8832665506e-06, Pos_Y, -9.347588687853041e-06, Pos_Z, 6.531145604699414e-06, BFx, 1.0, 0.0, 0.0,                             BFy, 0.0, 0.9999982350030907, -0.0018788269486246334, BFz, 0.0, 0.0018788269486246332, 0.9999982350030905
Time, 0.018, Pos_X, 4.172210146679999e-06, Pos_Y, -1.2093815988305636e-05, Pos_Z, 7.737099796629997e-06, BFx, 1.0, 0.0, 0.0,                             BFy, 0.0, 0.9999978012677947, -0.002097012059075998, BFz, 0.0, 0.0020970120590759977, 0.9999978012677946
Time, 0.02, Pos_X, 5.8005550427600005e-06, Pos_Y, -1.5233521918903472e-05, Pos_Z, 8.808750775424427e-06, BFx, 1.0, 0.0, 0.0,                             BFy, 0.0, 0.9999973359432809, -0.002308269122211194, BFz, 0.0, 0.0023082691222111934, 0.9999973359432808
Time, 0.022, Pos_X, 7.809879198839999e-06, Pos_Y, -1.8765525656238898e-05, Pos_Z, 9.640408805016437e-06, BFx, 1.0, 0.0, 0.0,                             BFy, 0.0, 0.9999968448030778, -0.0025120477479948907, BFz, 0.0, 0.0025120477479948903, 0.9999968448030777
Time, 0.024, Pos_X, 1.024038251492e-05, Pos_Y, -2.268345997208192e-05, Pos_Z, 1.0118865178729984e-05, BFx, 1.0, 0.0, 0.0,                             BFy, 0.0, 0.9999963331206886, -0.0027080888419168283, BFz, 0.0, 0.002708088841916828, 0.9999963331206885
Time, 0.026, Pos_X, 1.3129415031e-05, Pos_Y, -2.6975575491848158e-05, Pos_Z, 1.012421470392994e-05, BFx, 1.0, 0.0, 0.0,                             BFy, 0.0, 0.9999958055818959, -0.00289634573449821, BFz, 0.0, 0.0028963457344982095, 0.9999958055818959
Time, 0.028, Pos_X, 1.651063280708e-05, Pos_Y, -3.162462291517362e-05, Pos_Z, 9.529102680628946e-06, BFx, 1.0, 0.0, 0.0,                             BFy, 0.0, 0.9999952675638737, -0.0030764996108781787, BFz, 0.0, 0.0030764996108781782, 0.9999952675638737
Time, 0.03, Pos_X, 2.0413343563159996e-05, Pos_Y, -3.660727820209502e-05, Pos_Z, 8.197336152963453e-06, BFx, 1.0, 0.0, 0.0,                             BFy, 0.0, 0.9999947245838728, -0.0032482001821187378, BFz, 0.0, 0.0032482001821187373, 0.999994724583873
Time, 0.032, Pos_X, 2.486210313924e-05, Pos_Y, -4.189270851348192e-05, Pos_Z, 5.982640562782445e-06, BFx, 1.0, 0.0, 0.0,                             BFy, 0.0, 0.9999941832658265, -0.003410782096780352, BFz, 0.0, 0.0034107820967803518, 0.9999941832658265
Time, 0.034, Pos_X, 2.9876535295320006e-05, Pos_Y, -4.7441543946591425e-05, Pos_Z, 2.7286121027303593e-06, BFx, 1.0, 0.0, 0.0,                             BFy, 0.0, 0.9999936540150207, -0.003562573463968307, BFz, 0.0, 0.0035625734639683064, 0.9999936540150207
Time, 0.036, Pos_X, 3.547048815139999e-05, Pos_Y, -5.3205331914230987e-05, Pos_Z, -1.7302437866021377e-06, BFx, 1.0, 0.0, 0.0,                             BFy, 0.0, 0.9999931544757024, -0.003700135366854694, BFz, 0.0, 0.0037001353668546936, 0.9999931544757024
Time, 0.038, Pos_X, 4.1650905167479994e-05, Pos_Y, -5.912614931604249e-05, Pos_Z, -7.56714296488081e-06, BFx, 1.0, 0.0, 0.0,                             BFy, 0.0, 0.9999927082634086, -0.0038188244280189867, BFz, 0.0, 0.0038188244280189867, 0.9999927082634086
Time, 0.04, Pos_X, 4.841738800356e-05, Pos_Y, -6.513672708833308e-05, Pos_Z, -1.4961453100836891e-05, BFx, 1.0, 0.0, 0.0,                             BFy, 0.0, 0.9999923432967966, -0.003913227284496115, BFz, 0.0, 0.003913227284496115, 0.9999923432967965
Time, 0.042, Pos_X, 5.5762020779640005e-05, Pos_Y, -7.116085116810409e-05, Pos_Z, -2.40970536185071e-05, BFx, 1.0, 0.0, 0.0,                             BFy, 0.0, 0.9999920923923613, -0.0039768269695710685, BFz, 0.0, 0.0039768269695710685, 0.9999920923923612
Time, 0.044, Pos_X, 6.366867415571998e-05, Pos_Y, -7.71134201878532e-05, Pos_Z, -3.516055843463695e-05, BFx, 1.0, 0.0, 0.0,                             BFy, 0.0, 0.9999919903742677, -0.004002397695063239, BFz, 0.0, 0.004002397695063238, 0.9999919903742674
Time, 0.046, Pos_X, 7.211261847179998e-05, Pos_Y, -8.290054718706467e-05, Pos_Z, -4.8339610423804805e-05, BFx, 1.0, 0.0, 0.0,                             BFy, 0.0, 0.999992067745242, -0.00398301978332404, BFz, 0.0, 0.003983019783324039, 0.9999920677452417
Time, 0.048, Pos_X, 8.106017802788e-05, Pos_Y, -8.841995974596056e-05, Pos_Z, -6.382140138072533e-05, BFx, 1.0, 0.0, 0.0,                             BFy, 0.0, 0.9999923469532055, -0.0039122928084494675, BFz, 0.0, 0.003912292808449467, 0.9999923469532053
Time, 0.05, Pos_X, 9.046881574396e-05, Pos_Y, -9.356156053408037e-05, Pos_Z, -8.179113387839066e-05, BFx, 1.0, 0.0, 0.0,                             BFy, 0.0, 0.999992839965188, -0.003784180011153926, BFz, 0.0, 0.0037841800111539253, 0.9999928399651878
Time, 0.052, Pos_X, 0.00010028797258003998, Pos_Y, -9.82083624046715e-05, Pos_Z, -0.00010243080603166167, BFx, 1.0, 0.0, 0.0,                             BFy, 0.0, 0.9999935443551422, -0.003593222514590549, BFz, 0.0, 0.003593222514590548, 0.9999935443551422
Time, 0.054, Pos_X, 0.00011045980714811998, Pos_Y, -0.00010223727362038905, Pos_Z, -0.00012591820034245314, BFx, 1.0, 0.0, 0.0,                             BFy, 0.0, 0.9999944393964038, -0.003334842765540025, BFz, 0.0, 0.0033348427655400235, 0.9999944393964039
Time, 0.056, Pos_X, 0.00012092068868819999, Pos_Y, -0.00010551986643579584, Pos_Z, -0.00015242721496705136, BFx, 1.0, 0.0, 0.0,                             BFy, 0.0, 0.9999954828719377, -0.0030057005370804067, BFz, 0.0, 0.003005700537080406, 0.999995482871938
Time, 0.058, Pos_X, 0.00013160233599628, Pos_Y, -0.00010792371680131369, Pos_Z, -0.0001821269451335301, BFx, 1.0, 0.0, 0.0,                             BFy, 0.0, 0.9999966098935171, -0.002603882000316925, BFz, 0.0, 0.002603882000316924, 0.9999966098935174
Time, 0.06, Pos_X, 0.00014243294925836, Pos_Y, -0.00010931412347498588, Pos_Z, -0.00021517963579464582, BFx, 1.0, 0.0, 0.0,                             BFy, 0.0, 0.9999977338287808, -0.002128928674626245, BFz, 0.0, 0.002128928674626244, 0.9999977338287808
Time, 0.062, Pos_X, 0.00015333932684844, Pos_Y, -0.0001095559186295919, Pos_Z, -0.000251740414277386, BFx, 1.0, 0.0, 0.0,                             BFy, 0.0, 0.9999987489652655, -0.0015817926231738312, BFz, 0.0, 0.00158179262317383, 0.9999987489652654
Time, 0.064, Pos_X, 0.00016424828108652, Pos_Y, -0.00010851481316343242, Pos_Z, -0.00029195689584471455, BFx, 1.0, 0.0, 0.0,                             BFy, 0.0, 0.99999953494801, -0.0009644188732983326, BFz, 0.0, 0.0009644188732983316, 0.9999995349480097
Time, 0.066, Pos_X, 0.0001750875539466, Pos_Y, -0.00010605858388755268, Pos_Z, -0.00033596870041591756, BFx, 1.0, 0.0, 0.0,                             BFy, 0.0, 0.999999961057243, -0.00027907975917728706, BFz, 0.0, 0.0002790797591772861, 0.9999999610572429
Time, 0.068, Pos_X, 0.00018578714984668002, Pos_Y, -0.00010205836257768068, Pos_Z, -0.00038390732803641846, BFx, 1.0, 0.0, 0.0,                             BFy, 0.0, 0.9999998883807327, 0.0004724812396206643, BFz, 0.0, -0.00047248123962066523, 0.9999998883807326
Time, 0.07, Pos_X, 0.00019628062799676002, Pos_Y, -9.638957948721493e-05, Pos_Z, -0.00043589564561850435, BFx, 1.0, 0.0, 0.0,                             BFy, 0.0, 0.9999991681801615, 0.0012898212995669015, BFz, 0.0, -0.0012898212995669023, 0.9999991681801613
Time, 0.072, Pos_X, 0.00020650641191283996, Pos_Y, -8.893294786690478e-05, Pos_Z, -0.0004920477648210383, BFx, 1.0, 0.0, 0.0,                             BFy, 0.0, 0.999997636356629, 0.002174231164162684, BFz, 0.0, -0.0021742311641626847, 0.9999976363566286
Time, 0.074, Pos_X, 0.00021640969196891997, Pos_Y, -7.957540392473415e-05, Pos_Z, -0.0005524692301497947, BFx, 1.0, 0.0, 0.0,                             BFy, 0.0, 0.9999951057010616, 0.003128669672975118, BFz, 0.0, -0.003128669672975119, 0.9999951057010613
Time, 0.076, Pos_X, 0.00022594395226499997, Pos_Y, -6.821078581133793e-05, Pos_Z, -0.000617257202850277, BFx, 1.0, 0.0, 0.0,                             BFy, 0.0, 0.9999913591077121, 0.004157127603394663, BFz, 0.0, -0.004157127603394663, 0.999991359107712
Time, 0.078, Pos_X, 0.00023507199872107998, Pos_Y, -5.474025524265532e-05, Pos_Z, -0.000686500879420256, BFx, 1.0, 0.0, 0.0,                             BFy, 0.0, 0.9999861465959805, 0.00526370745030999, BFz, 0.0, -0.00526370745030999, 0.9999861465959804
Time, 0.08, Pos_X, 0.00024376719377716, Pos_Y, -3.907233454602635e-05, Pos_Z, -0.0007602822213488811, BFx, 1.0, 0.0, 0.0,                             BFy, 0.0, 0.9999791885512469, 0.006451547441477776, BFz, 0.0, -0.0064515474414777755, 0.999979188551247
Time, 0.082, Pos_X, 0.00025201454202524, Pos_Y, -2.112234323589179e-05, Pos_Z, -0.000838676822666666, BFx, 1.0, 0.0, 0.0,                             BFy, 0.0, 0.9999701859997568, 0.007721859336446111, BFz, 0.0, -0.007721859336446109, 0.999970185999757
Time, 0.084, Pos_X, 0.00025981168019332, Pos_Y, -8.117187498461897e-07, Pos_Z, -0.0009217548937212514, BFx, 1.0, 0.0, 0.0,                             BFy, 0.0, 0.9999588353481829, 0.00907345629326024, BFz, 0.0, -0.009073456293260238, 0.999958835348183
Time, 0.086, Pos_X, 0.00026716948709739995, Pos_Y, 2.1932678351188277e-05, Pos_Z, -0.0010095823441856773, BFx, 1.0, 0.0, 0.0,                             BFy, 0.0, 0.9999448464402421, 0.010502574808144403, BFz, 0.0, -0.010502574808144401, 0.9999448464402421
Time, 0.088, Pos_X, 0.00027411192568947994, Pos_Y, 4.7180027622254465e-05, Pos_Z, -0.0011022212592776788, BFx, 1.0, 0.0, 0.0,                             BFy, 0.0, 0.9999279668468287, 0.012002546295144027, BFz, 0.0, -0.012002546295144025, 0.9999279668468287
Time, 0.09, Pos_X, 0.0002806755321815599, Pos_Y, 7.499714351443123e-05, Pos_Z, -0.0011997301814839797, BFx, 1.0, 0.0, 0.0,                             BFy, 0.0, 0.9999080022428094, 0.013564182643765386, BFz, 0.0, -0.013564182643765384, 0.9999080022428093
Time, 0.092, Pos_X, 0.00028690930194163994, Pos_Y, 0.0001054496462377136, Pos_Z, -0.0013021640914339125, BFx, 1.0, 0.0, 0.0,                             BFy, 0.0, 0.9998848151763734, 0.01517749583128945, BFz, 0.0, -0.015177495831289448, 0.9998848151763735
Time, 0.094, Pos_X, 0.00029287433182171994, Pos_Y, 0.00013860310448369874, Pos_Z, -0.0014095739976962443, BFx, 1.0, 0.0, 0.0,                             BFy, 0.0, 0.9998583200670663, 0.016832700100205336, BFz, 0.0, -0.01683270010020534, 0.9998583200670663
Time, 0.096, Pos_X, 0.00029864315891379995, Pos_Y, 0.00017452406236134367, Pos_Z, -0.0015220060547000635, BFx, 1.0, 0.0, 0.0,                             BFy, 0.0, 0.9998284834057101, 0.01852036097480406, BFz, 0.0, -0.018520360974804067, 0.9998284834057101
Time, 0.098, Pos_X, 0.00030429902000187993, Pos_Y, 0.0002132808781934788, Pos_Z, -0.0016395005788048993, BFx, 1.0, 0.0, 0.0,                             BFy, 0.0, 0.9997953053076585, 0.02023233760011884, BFz, 0.0, -0.02023233760011885, 0.9997953053076585
Time, 0.1, Pos_X, 0.00030993449984795994, Pos_Y, 0.0002549448038729141, Pos_Z, -0.0017620911179588741, BFx, 1.0, 0.0, 0.0,                             BFy, 0.0, 0.9997587963010215, 0.021962450198739086, BFz, 0.0, -0.021962450198739093, 0.9997587963010215
Time, 0.102, Pos_X, 0.0003156500654480399, Pos_Y, 0.0002995911819426161, Pos_Z, -0.0018898034739755786, BFx, 1.0, 0.0, 0.0,                             BFy, 0.0, 0.9997189669726475, 0.023706266579573813, BFz, 0.0, -0.023706266579573816, 0.9997189669726475
Time, 0.104, Pos_X, 0.0003215527106001199, Pos_Y, 0.00034730045310992907, Pos_Z, -0.0020226545679374857, BFx, 1.0, 0.0, 0.0,                             BFy, 0.0, 0.9996758281001227, 0.025460532444014767, BFz, 0.0, -0.025460532444014774, 0.9996758281001228
Time, 0.106, Pos_X, 0.00032775427949219987, Pos_Y, 0.00039815897857141175, Pos_Z, -0.002160650845761497, BFx, 1.0, 0.0, 0.0,                             BFy, 0.0, 0.9996293839547107, 0.02722305519820045, BFz, 0.0, -0.027223055198200456, 0.9996293839547108
Time, 0.108, Pos_X, 0.0003343690055842799, Pos_Y, 0.0004522600456557968, Pos_Z, -0.002303786362185583, BFx, 1.0, 0.0, 0.0,                             BFy, 0.0, 0.9995796249846018, 0.028992642439780964, BFz, 0.0, -0.028992642439780978, 0.9995796249846021
Time, 0.11, Pos_X, 0.0003415108861763599, Pos_Y, 0.0005097044520252773, Pos_Z, -0.002452039567057071, BFx, 1.0, 0.0, 0.0,                             BFy, 0.0, 0.9995265243448362, 0.03076893126401644, BFz, 0.0, -0.030768931264016454, 0.9995265243448365
Time, 0.112, Pos_X, 0.0003492935325484399, Pos_Y, 0.0005705994785907154, Pos_Z, -0.002605367970882034, BFx, 1.0, 0.0, 0.0,                             BFy, 0.0, 0.999470041042732, 0.032552066878121906, BFz, 0.0, -0.03255206687812193, 0.9994700410427323
Time, 0.114, Pos_X, 0.0003578276385205199, Pos_Y, 0.000635058893765526, Pos_Z, -0.002763705200320468, BFx, 1.0, 0.0, 0.0,                             BFy, 0.0, 0.9994101270767478, 0.03434236300018867, BFz, 0.0, -0.03434236300018868, 0.9994101270767481
Time, 0.116, Pos_X, 0.0003672156349125999, Pos_Y, 0.0007032043327906797, Pos_Z, -0.0029269639916676997, BFx, 1.0, 0.0, 0.0,                             BFy, 0.0, 0.9993467332603273, 0.03614009853210348, BFz, 0.0, -0.0361400985321035, 0.9993467332603277
Time, 0.118, Pos_X, 0.00037755277258467984, Pos_Y, 0.0007751650019269264, Pos_Z, -0.003095038894445651, BFx, 1.0, 0.0, 0.0,                             BFy, 0.0, 0.9992798155083313, 0.03794535963241621, BFz, 0.0, -0.03794535963241622, 0.9992798155083316
Time, 0.12, Pos_X, 0.00038893004631675984, Pos_Y, 0.0008510772570318925, Pos_Z, -0.0032678015565091273, BFx, 1.0, 0.0, 0.0,                             BFy, 0.0, 0.9992093433943882, 0.039757868068519, BFz, 0.0, -0.03975786806851901, 0.9992093433943885
Time, 0.122, Pos_X, 0.00040142976646883986, Pos_Y, 0.0009310851715037911, Pos_Z, -0.0034450900653589926, BFx, 1.0, 0.0, 0.0,                             BFy, 0.0, 0.9991353044289042, 0.04157695808688737, BFz, 0.0, -0.04157695808688738, 0.9991353044289045
Time, 0.124, Pos_X, 0.00041511950282091986, Pos_Y, 0.0010153399580865583, Pos_Z, -0.003626700429955842, BFx, 1.0, 0.0, 0.0,                             BFy, 0.0, 0.9990577022848768, 0.043401699336091316, BFz, 0.0, -0.04340169933609134, 0.9990577022848771
Time, 0.126, Pos_X, 0.00043005056775299985, Pos_Y, 0.0011039980293459112, Pos_Z, -0.0038123843695939876, BFx, 1.0, 0.0, 0.0,                             BFy, 0.0, 0.9989765491049829, 0.04523112134689737, BFz, 0.0, -0.045231121346897385, 0.9989765491049832
Time, 0.128, Pos_X, 0.0004462584215650799, Pos_Y, 0.0011972197743849117, Pos_Z, -0.0040018529434364646, BFx, 1.0, 0.0, 0.0,                             BFy, 0.0, 0.9988918572078052, 0.04706439847633683, BFz, 0.0, -0.04706439847633685, 0.9988918572078056
Time, 0.13, Pos_X, 0.0004637639777171599, Pos_Y, 0.001295169868792376, Pos_Z, -0.004194783444912772, BFx, 1.0, 0.0, 0.0,                             BFy, 0.0, 0.9988036286979272, 0.04890103577482993, BFz, 0.0, -0.04890103577482995, 0.9988036286979275
Time, 0.132, Pos_X, 0.0004825738371292399, Pos_Y, 0.0013980183418176525, Pos_Z, -0.00439082519409294, BFx, 1.0, 0.0, 0.0,                             BFy, 0.0, 0.9987118483779801, 0.0507409490395678, BFz, 0.0, -0.05074094903956783, 0.9987118483779805
Time, 0.134, Pos_X, 0.00050268040512132, Pos_Y, 0.001505940891228249, Pos_Z, -0.004589602471925527, BFx, 1.0, 0.0, 0.0,                             BFy, 0.0, 0.9986164822410054, 0.052584421615125145, BFz, 0.0, -0.05258442161512518, 0.9986164822410059
Time, 0.136, Pos_X, 0.0005240629626334, Pos_Y, 0.0016191184477563495, Pos_Z, -0.004790715029814439, BFx, 1.0, 0.0, 0.0,                             BFy, 0.0, 0.9985174870363016, 0.05443186642681477, BFz, 0.0, -0.05443186642681481, 0.9985174870363022
Time, 0.138, Pos_X, 0.0005466878653454801, Pos_Y, 0.0017377370077685185, Pos_Z, -0.004993737895768567, BFx, 1.0, 0.0, 0.0,                             BFy, 0.0, 0.9984148101768615, 0.05628380601468511, BFz, 0.0, -0.05628380601468515, 0.9984148101768621
Time, 0.14, Pos_X, 0.0005705090508575601, Pos_Y, 0.0018619867758014252, Pos_Z, -0.005198221777762306, BFx, 1.0, 0.0, 0.0,                             BFy, 0.0, 0.9983083808374703, 0.05814100747033338, BFz, 0.0, -0.05814100747033341, 0.9983083808374709
Time, 0.142, Pos_X, 0.0005954690626896398, Pos_Y, 0.0019920605332329647, Pos_Z, -0.005403694678743113, BFx, 1.0, 0.0, 0.0,                             BFy, 0.0, 0.998198091450996, 0.06000475167506268, BFz, 0.0, -0.06000475167506272, 0.9981980914509967
Time, 0.144, Pos_X, 0.0006215001446017198, Pos_Y, 0.002128152688434553, Pos_Z, -0.005609665536708454, BFx, 1.0, 0.0, 0.0,                             BFy, 0.0, 0.9980837800110286, 0.0618770399978334, BFz, 0.0, -0.06187703999783345, 0.9980837800110294
Time, 0.146, Pos_X, 0.0006485257267337998, Pos_Y, 0.002270458972431369, Pos_Z, -0.0058156290833067765, BFx, 1.0, 0.0, 0.0,                             BFy, 0.0, 0.9979652251576667, 0.06376056285827705, BFz, 0.0, -0.0637605628582771, 0.9979652251576674
Time, 0.148, Pos_X, 0.0006764622202458799, Pos_Y, 0.002419176145845501, Pos_Z, -0.006021070851010407, BFx, 1.0, 0.0, 0.0,                             BFy, 0.0, 0.9978421327972875, 0.06565879997804593, BFz, 0.0, -0.06565879997804597, 0.9978421327972882
Time, 0.15, Pos_X, 0.0007052204685579599, Pos_Y, 0.0025745016996160186, Pos_Z, -0.006225472058082868, BFx, 1.0, 0.0, 0.0,                             BFy, 0.0, 0.9977141217863428, 0.0675761140352367, BFz, 0.0, -0.06757611403523672, 0.9977141217863434
Time, 0.152, Pos_X, 0.00073470741857004, Pos_Y, 0.0027366338043616693, Pos_Z, -0.006428314287212379, BFx, 1.0, 0.0, 0.0,                             BFy, 0.0, 0.9975807362305716, 0.06951744170829981, BFz, 0.0, -0.06951744170829983, 0.9975807362305724
Time, 0.154, Pos_X, 0.00076482816800212, Pos_Y, 0.0029057708260762723, Pos_Z, -0.006629084243641487, BFx, 1.0, 0.0, 0.0,                             BFy, 0.0, 0.9974414377209424, 0.07148830895451426, BFz, 0.0, -0.07148830895451429, 0.9974414377209431
Time, 0.156, Pos_X, 0.0007954876650942, Pos_Y, 0.0030821107915344394, Pos_Z, -0.006827278122037226, BFx, 1.0, 0.0, 0.0,                             BFy, 0.0, 0.9972956103561658, 0.07349466350912497, BFz, 0.0, -0.073494663509125, 0.9972956103561663
Time, 0.158, Pos_X, 0.00082659265100628, Pos_Y, 0.0032658511361623667, Pos_Z, -0.007022405675876638, BFx, 1.0, 0.0, 0.0,                             BFy, 0.0, 0.997142576638444, 0.07554258305645621, BFz, 0.0, -0.07554258305645623, 0.9971425766384445
Time, 0.16, Pos_X, 0.0008580529466483601, Pos_Y, 0.0034571885802581175, Pos_Z, -0.007213994317629006, BFx, 1.0, 0.0, 0.0,                             BFy, 0.0, 0.9969816121237439, 0.0776380389186737, BFz, 0.0, -0.07763803891867371, 0.9969816121237444
Time, 0.162, Pos_X, 0.0008897819967724401, Pos_Y, 0.0036563194935116668, Pos_Z, -0.007401592687315875, BFx, 1.0, 0.0, 0.0,                             BFy, 0.0, 0.9968119551959258, 0.0797867531515867, BFz, 0.0, -0.07978675315158672, 0.9968119551959264
Time, 0.164, Pos_X, 0.0009216978166205201, Pos_Y, 0.0038634400213505573, Pos_Z, -0.00758477406482853, BFx, 1.0, 0.0, 0.0,                             BFy, 0.0, 0.9966328094822645, 0.08199416481362838, BFz, 0.0, -0.0819941648136284, 0.9966328094822652
Time, 0.166, Pos_X, 0.0009537234399066002, Pos_Y, 0.004078746195993792, Pos_Z, -0.007763139921947363, BFx, 1.0, 0.0, 0.0,                             BFy, 0.0, 0.9964433555859586, 0.08426529005818834, BFz, 0.0, -0.08426529005818834, 0.9964433555859593
Time, 0.168, Pos_X, 0.0009857872361526201, Pos_Y, 0.004302434529511041, Pos_Z, -0.007936322870373574, BFx, 1.0, 0.0, 0.0,                             BFy, 0.0, 0.9962427624150323, 0.0866046092056382, BFz, 0.0, -0.08660460920563821, 0.996242762415033
Time, 0.17, Pos_X, 0.0010178232653365801, Pos_Y, 0.004534702734571472, Pos_Z, -0.008103989157164641, BFx, 1.0, 0.0, 0.0,                             BFy, 0.0, 0.9960301889019721, 0.08901608167009585, BFz, 0.0, -0.08901608167009585, 0.9960301889019728
Time, 0.172, Pos_X, 0.0010497711093285398, Pos_Y, 0.004775750399682067, Pos_Z, -0.008265840626232122, BFx, 1.0, 0.0, 0.0,                             BFy, 0.0, 0.9958048038482342, 0.09150296515837567, BFz, 0.0, -0.09150296515837567, 0.9958048038482349
Time, 0.174, Pos_X, 0.0010815760828924998, Pos_Y, 0.005025779323849907, Pos_Z, -0.008421616224313047, BFx, 1.0, 0.0, 0.0,                             BFy, 0.0, 0.9955657978577948, 0.09406775290059714, BFz, 0.0, -0.09406775290059714, 0.9955657978577954
Time, 0.176, Pos_X, 0.00111318902292446, Pos_Y, 0.005284993513199533, Pos_Z, -0.008571093257330388, BFx, 1.0, 0.0, 0.0,                             BFy, 0.0, 0.9953124075773581, 0.09671200195714218, BFz, 0.0, -0.09671200195714219, 0.9953124075773587
Time, 0.178, Pos_X, 0.00114456551442842, Pos_Y, 0.005553599554084786, Pos_Z, -0.008714088244175725, BFx, 1.0, 0.0, 0.0,                             BFy, 0.0, 0.9950439617347957, 0.09943598048552423, BFz, 0.0, -0.09943598048552423, 0.9950439617347964
Time, 0.18, Pos_X, 0.00117566458254438, Pos_Y, 0.00583180710170909, Pos_Z, -0.008850457641039514, BFx, 1.0, 0.0, 0.0,                             BFy, 0.0, 0.9947599156300143, 0.10223849693614488, BFz, 0.0, -0.10223849693614488, 0.994759915630015
Time, 0.182, Pos_X, 0.0012064471952903401, Pos_Y, 0.00611982902850025, Pos_Z, -0.00898009819939051, BFx, 1.0, 0.0, 0.0,                             BFy, 0.0, 0.9944598976499849, 0.10511665884138831, BFz, 0.0, -0.10511665884138832, 0.9944598976499855
Time, 0.184, Pos_X, 0.0012368749498763002, Pos_Y, 0.0064178815087385, Pos_Z, -0.009102946808221414, BFx, 1.0, 0.0, 0.0,                             BFy, 0.0, 0.9941437578976489, 0.10806566815198942, BFz, 0.0, -0.10806566815198945, 0.9941437578976494
Time, 0.186, Pos_X, 0.0012669087880922603, Pos_Y, 0.0067261841016176774, Pos_Z, -0.0092189799806286, BFx, 1.0, 0.0, 0.0,                             BFy, 0.0, 0.9938116152356429, 0.11107868122514561, BFz, 0.0, -0.11107868122514564, 0.9938116152356434
Time, 0.188, Pos_X, 0.0012965074206082203, Pos_Y, 0.007044959490913182, Pos_Z, -0.00932821294678218, BFx, 1.0, 0.0, 0.0,                             BFy, 0.0, 0.9934638858370736, 0.11414686827721904, BFz, 0.0, -0.11414686827721905, 0.9934638858370741
Time, 0.19, Pos_X, 0.0013256253237841802, Pos_Y, 0.007374433420649184, Pos_Z, -0.009430697912085622, BFx, 1.0, 0.0, 0.0,                             BFy, 0.0, 0.9931012732837693, 0.11725980130526636, BFz, 0.0, -0.11725980130526639, 0.99310127328377
Time, 0.192, Pos_X, 0.0013542113999801403, Pos_Y, 0.007714834181954427, Pos_Z, -0.009526522107968711, BFx, 1.0, 0.0, 0.0,                             BFy, 0.0, 0.9927247605060502, 0.1204057717810886, BFz, 0.0, -0.12040577178108863, 0.9927247605060509
Time, 0.194, Pos_X, 0.0013822078560561002, Pos_Y, 0.008066391465614782, Pos_Z, -0.00961580587543486, BFx, 1.0, 0.0, 0.0,                             BFy, 0.0, 0.992335585463651, 0.1235721887097078, BFz, 0.0, -0.12357218870970783, 0.9923355854636515
Time, 0.196, Pos_X, 0.0014095495708520602, Pos_Y, 0.008429335609578884, Pos_Z, -0.009698700481140857, BFx, 1.0, 0.0, 0.0,                             BFy, 0.0, 0.9919351905845764, 0.12674611504868438, BFz, 0.0, -0.1267461150486844, 0.991935190584577
Time, 0.198, Pos_X, 0.0014361638200280204, Pos_Y, 0.008803896740206867, Pos_Z, -0.009775386157936874, BFx, 1.0, 0.0, 0.0,                             BFy, 0.0, 0.9915251581434451, 0.12991482120455083, BFz, 0.0, -0.1299148212045509, 0.9915251581434457
Time, 0.2, Pos_X, 0.0014619700707839804, Pos_Y, 0.009190303756277345, Pos_Z, -0.009846069715095433, BFx, 1.0, 0.0, 0.0,                             BFy, 0.0, 0.9911071441070862, 0.13306625755573678, BFz, 0.0, -0.13306625755573684, 0.9911071441070869
Time, 0.202, Pos_X, 0.0014868802491399403, Pos_Y, 0.009588783293266427, Pos_Z, -0.0099109815364362, BFx, 1.0, 0.0, 0.0,                             BFy, 0.0, 0.990682813723662, 0.13618943642060677, BFz, 0.0, -0.1361894364206068, 0.9906828137236626
Time, 0.204, Pos_X, 0.0015107990432159, Pos_Y, 0.009999558739667729, Pos_Z, -0.009970372341210407, BFx, 1.0, 0.0, 0.0,                             BFy, 0.0, 0.990253806419562, 0.13927454495191444, BFz, 0.0, -0.13927454495191446, 0.9902538064195625
Time, 0.206, Pos_X, 0.0015336242119718601, Pos_Y, 0.010422849174387641, Pos_Z, -0.010024509919837754, BFx, 1.0, 0.0, 0.0,                             BFy, 0.0, 0.9898217000092528, 0.14231304293980582, BFz, 0.0, -0.1423130429398059, 0.9898217000092534
Time, 0.208, Pos_X, 0.0015552478094878201, Pos_Y, 0.01085886838094085, Pos_Z, -0.010073675339962932, BFx, 1.0, 0.0, 0.0,                             BFy, 0.0, 0.98938799565063, 0.14529760515033685, BFz, 0.0, -0.14529760515033693, 0.9893879956506306
Time, 0.21, Pos_X, 0.0015755579120837802, Pos_Y, 0.01130782360231824, Pos_Z, -0.010118158641046465, BFx, 1.0, 0.0, 0.0,                             BFy, 0.0, 0.9889541290842632, 0.14822189638235128, BFz, 0.0, -0.14822189638235136, 0.9889541290842638
Time, 0.212, Pos_X, 0.0015944401692197404, Pos_Y, 0.011769914151779534, Pos_Z, -0.010158254614916313, BFx, 1.0, 0.0, 0.0,                             BFy, 0.0, 0.9885214406568382, 0.15108064522539943, BFz, 0.0, -0.1510806452253995, 0.988521440656839
Time, 0.214, Pos_X, 0.0016117798097357004, Pos_Y, 0.012245330173743695, Pos_Z, -0.010194258472982247, BFx, 1.0, 0.0, 0.0,                             BFy, 0.0, 0.9880911888672356, 0.15386943323131694, BFz, 0.0, -0.153869433231317, 0.9880911888672363
Time, 0.216, Pos_X, 0.0016274637364516605, Pos_Y, 0.012734251457979915, Pos_Z, -0.010226461448141157, BFx, 1.0, 0.0, 0.0,                             BFy, 0.0, 0.9876645837448815, 0.15658438624602086, BFz, 0.0, -0.15658438624602092, 0.9876645837448825
Time, 0.218, Pos_X, 0.0016413825116876205, Pos_Y, 0.013236846646338738, Pos_Z, -0.010255146580046282, BFx, 1.0, 0.0, 0.0,                             BFy, 0.0, 0.9872428178929981, 0.15922191594967683, BFz, 0.0, -0.1592219159496769, 0.987242817892999
Time, 0.22, Pos_X, 0.0016534327421035804, Pos_Y, 0.01375327250753327, Pos_Z, -0.010280584560335022, BFx, 1.0, 0.0, 0.0,                             BFy, 0.0, 0.9868270734747159, 0.1617786359731129, BFz, 0.0, -0.161778635973113, 0.9868270734747168
Time, 0.222, Pos_X, 0.0016635196129795404, Pos_Y, 0.01428367335635932, Pos_Z, -0.010303029867993158, BFx, 1.0, 0.0, 0.0,                             BFy, 0.0, 0.9864185216846341, 0.16425133204176592, BFz, 0.0, -0.16425133204176606, 0.9864185216846348
Time, 0.224, Pos_X, 0.0016715591520555003, Pos_Y, 0.01482818054037775, Pos_Z, -0.010322717321881883, BFx, 1.0, 0.0, 0.0,                             BFy, 0.0, 0.9860183567659213, 0.166636731006779, BFz, 0.0, -0.16663673100677914, 0.986018356765922
Time, 0.226, Pos_X, 0.0016774802485314602, Pos_Y, 0.015386912076679622, Pos_Z, -0.010339858877325235, BFx, 1.0, 0.0, 0.0,                             BFy, 0.0, 0.9856277834052398, 0.16893156182213878, BFz, 0.0, -0.1689315618221389, 0.9856277834052404
Time, 0.228, Pos_X, 0.0016812261820074203, Pos_Y, 0.01595997263684935, Pos_Z, -0.010354640631681707, BFx, 1.0, 0.0, 0.0,                             BFy, 0.0, 0.9852480076483068, 0.17113259018969934, BFz, 0.0, -0.17113259018969945, 0.9852480076483074
Time, 0.23, Pos_X, 0.0016827556667433803, Pos_Y, 0.016547453314174673, Pos_Z, -0.010367219566866509, BFx, 1.0, 0.0, 0.0,                             BFy, 0.0, 0.9848802328856646, 0.17323662104495313, BFz, 0.0, -0.17323662104495327, 0.9848802328856652
Time, 0.232, Pos_X, 0.0016820444305393402, Pos_Y, 0.01714943210009409, Pos_Z, -0.010377721251993292, BFx, 1.0, 0.0, 0.0,                             BFy, 0.0, 0.9845256185933989, 0.17524070969178066, BFz, 0.0, -0.1752407096917808, 0.9845256185933994
Time, 0.234, Pos_X, 0.0016790863992153001, Pos_Y, 0.017765974796762122, Pos_Z, -0.010386238004539918, BFx, 1.0, 0.0, 0.0,                             BFy, 0.0, 0.9841852630126743, 0.17714222553831405, BFz, 0.0, -0.17714222553831419, 0.984185263012675
Time, 0.236, Pos_X, 0.0016738938381712601, Pos_Y, 0.018397135341802245, Pos_Z, -0.010392827214002963, BFx, 1.0, 0.0, 0.0,                             BFy, 0.0, 0.9838601826543182, 0.17893893088818108, BFz, 0.0, -0.17893893088818125, 0.9838601826543188
Time, 0.238, Pos_X, 0.0016664976915272201, Pos_Y, 0.019042956226360132, Pos_Z, -0.010397511002848702, BFx, 1.0, 0.0, 0.0,                             BFy, 0.0, 0.9835513052318007, 0.1806289843209401, BFz, 0.0, -0.18062898432094024, 0.9835513052318016
Time, 0.24, Pos_X, 0.0016569470294031802, Pos_Y, 0.0197034692380996, Pos_Z, -0.010400276495961655, BFx, 1.0, 0.0, 0.0,                             BFy, 0.0, 0.9832594704883229, 0.18221090443498766, BFz, 0.0, -0.1822109044349878, 0.9832594704883236
Time, 0.242, Pos_X, 0.0016453082434791401, Pos_Y, 0.02037869663883485, Pos_Z, -0.01040107670778845, BFx, 1.0, 0.0, 0.0,                             BFy, 0.0, 0.9829854190919812, 0.18368360256853436, BFz, 0.0, -0.18368360256853453, 0.9829854190919818
Time, 0.244, Pos_X, 0.0016316638535151002, Pos_Y, 0.021068652557859342, Pos_Z, -0.01039983215230369, BFx, 1.0, 0.0, 0.0,                             BFy, 0.0, 0.982729822861769, 0.18504619763202237, BFz, 0.0, -0.18504619763202254, 0.9827298228617696
Time, 0.246, Pos_X, 0.0016161104197510601, Pos_Y, 0.02177334433789215, Pos_Z, -0.010396433034259737, BFx, 1.0, 0.0, 0.0,                             BFy, 0.0, 0.9824932715321281, 0.18629807136438514, BFz, 0.0, -0.18629807136438534, 0.9824932715321286
Time, 0.248, Pos_X, 0.0015987569667070202, Pos_Y, 0.022492773820576434, Pos_Z, -0.01039074199268066, BFx, 1.0, 0.0, 0.0,                             BFy, 0.0, 0.9822762752183073, 0.18743884107420714, BFz, 0.0, -0.1874388410742073, 0.9822762752183078
Time, 0.25, Pos_X, 0.0015797227864029803, Pos_Y, 0.02322693882485751, Pos_Z, -0.010382596899126764, BFx, 1.0, 0.0, 0.0,                             BFy, 0.0, 0.9820792863903319, 0.18846823404237026, BFz, 0.0, -0.18846823404237045, 0.9820792863903326
Time, 0.252, Pos_X, 0.0015591345687589403, Pos_Y, 0.02397583483236228, Pos_Z, -0.010371813949354351, BFx, 1.0, 0.0, 0.0,                             BFy, 0.0, 0.9819027015097902, 0.18938607332052962, BFz, 0.0, -0.18938607332052984, 0.9819027015097908
Time, 0.254, Pos_X, 0.0015371235572349004, Pos_Y, 0.024739456502555296, Pos_Z, -0.010358191071772797, BFx, 1.0, 0.0, 0.0,                             BFy, 0.0, 0.9817468872796075, 0.19019213789427472, BFz, 0.0, -0.19019213789427492, 0.9817468872796079
Time, 0.256, Pos_X, 0.0015138231372508605, Pos_Y, 0.02551779880232692, Pos_Z, -0.010341511097996286, BFx, 1.0, 0.0, 0.0,                             BFy, 0.0, 0.9816121824814152, 0.1908861524680766, BFz, 0.0, -0.1908861524680768, 0.9816121824814156
Time, 0.258, Pos_X, 0.0014893665652668205, Pos_Y, 0.026310858239624466, Pos_Z, -0.010321544920536517, BFx, 1.0, 0.0, 0.0,                             BFy, 0.0, 0.9814989093092699, 0.1914677284158003, BFz, 0.0, -0.19146772841580045, 0.9814989093092701
Time, 0.26, Pos_X, 0.0014638843046427806, Pos_Y, 0.02711863431088471, Pos_Z, -0.010298055384938326, BFx, 1.0, 0.0, 0.0,                             BFy, 0.0, 0.9814073905149225, 0.19193627547361447, BFz, 0.0, -0.19193627547361464, 0.9814073905149228
Time, 0.262, Pos_X, 0.0014375014955587406, Pos_Y, 0.027941130426177734, Pos_Z, -0.010270800926975772, BFx, 1.0, 0.0, 0.0,                             BFy, 0.0, 0.9813379997438009, 0.19229074407997204, BFz, 0.0, -0.1922907440799722, 0.981337999743801
Time, 0.264, Pos_X, 0.0014103356256747006, Pos_Y, 0.028778354715004183, Pos_Z, -0.010239538733275082, BFx, 1.0, 0.0, 0.0,                             BFy, 0.0, 0.9812911475009565, 0.19252969598544858, BFz, 0.0, -0.19252969598544878, 0.9812911475009567
Time, 0.266, Pos_X, 0.0013824946428106606, Pos_Y, 0.029630320661995446, Pos_Z, -0.010204028226176855, BFx, 1.0, 0.0, 0.0,                             BFy, 0.0, 0.9812672918971734, 0.1926512440987105, BFz, 0.0, -0.19265124409871068, 0.9812672918971737
Time, 0.268, Pos_X, 0.0013540751682466206, Pos_Y, 0.03049704752440339, Pos_Z, -0.010164034175258935, BFx, 1.0, 0.0, 0.0,                             BFy, 0.0, 0.9812669357645684, 0.19265305804790175, BFz, 0.0, -0.19265305804790192, 0.9812669357645686
Time, 0.27, Pos_X, 0.0013251611374905806, Pos_Y, 0.031378560545381025, Pos_Z, -0.010119329664510152, BFx, 1.0, 0.0, 0.0,                             BFy, 0.0, 0.9812906100072829, 0.1925324354791384, BFz, 0.0, -0.1925324354791385, 0.9812906100072831
Time, 0.272, Pos_X, 0.0012958233282025406, Pos_Y, 0.03227489065942359, Pos_Z, -0.010069698882452603, BFx, 1.0, 0.0, 0.0,                             BFy, 0.0, 0.9813388709291744, 0.1922862980127481, BFz, 0.0, -0.1922862980127482, 0.9813388709291745
Time, 0.274, Pos_X, 0.0012661186570945007, Pos_Y, 0.033186074258381035, Pos_Z, -0.010014939186106374, BFx, 1.0, 0.0, 0.0,                             BFy, 0.0, 0.9814123011734128, 0.19191116461920818, BFz, 0.0, -0.19191116461920832, 0.9814123011734129
Time, 0.276, Pos_X, 0.0012360898742864606, Pos_Y, 0.03411215313961288, Pos_Z, -0.00995486284122011, BFx, 1.0, 0.0, 0.0,                             BFy, 0.0, 0.9815115008709784, 0.1914031704491698, BFz, 0.0, -0.19140317044916996, 0.9815115008709785
Time, 0.278, Pos_X, 0.0012057658050584207, Pos_Y, 0.03505317378520442, Pos_Z, -0.00988929864894973, BFx, 1.0, 0.0, 0.0,                             BFy, 0.0, 0.981637052859792, 0.19075821464025258, BFz, 0.0, -0.19075821464025272, 0.9816370528597921
Time, 0.28, Pos_X, 0.0011751620820303807, Pos_Y, 0.036009186411984216, Pos_Z, -0.009818093590546981, BFx, 1.0, 0.0, 0.0,                             BFy, 0.0, 0.9817895296215743, 0.18997189140881449, BFz, 0.0, -0.1899718914088146, 0.9817895296215744
Time, 0.282, Pos_X, 0.0011442821601303417, Pos_Y, 0.036980244255340466, Pos_Z, -0.009741114625680105, BFx, 1.0, 0.0, 0.0,                             BFy, 0.0, 0.9819694530779888, 0.1890396604464535, BFz, 0.0, -0.1890396604464537, 0.9819694530779887
Time, 0.284, Pos_X, 0.0011131185997583016, Pos_Y, 0.037966402284842174, Pos_Z, -0.00965824977739225, BFx, 1.0, 0.0, 0.0,                             BFy, 0.0, 0.9821772583358614, 0.18795699829441123, BFz, 0.0, -0.1879569982944114, 0.9821772583358613
Time, 0.286, Pos_X, 0.0010816551252662615, Pos_Y, 0.038967716145891444, Pos_Z, -0.00956940855965964, BFx, 1.0, 0.0, 0.0,                             BFy, 0.0, 0.9824132558059, 0.18671956195547945, BFz, 0.0, -0.18671956195547962, 0.9824132558059001
Time, 0.288, Pos_X, 0.0010498682636242214, Pos_Y, 0.03998424123246003, Pos_Z, -0.009474521996979481, BFx, 1.0, 0.0, 0.0,                             BFy, 0.0, 0.9826775794808927, 0.1853234329100582, BFz, 0.0, -0.18532343291005837, 0.9826775794808927
Time, 0.29, Pos_X, 0.0010177294811321814, Pos_Y, 0.041016031148062376, Pos_Z, -0.009373542180575007, BFx, 1.0, 0.0, 0.0,                             BFy, 0.0, 0.9829701060574703, 0.18376553158130918, BFz, 0.0, -0.1837655315813093, 0.9829701060574701
Time, 0.292, Pos_X, 0.0009852074894001414, Pos_Y, 0.04206313659217916, Pos_Z, -0.009266441862202308, BFx, 1.0, 0.0, 0.0,                             BFy, 0.0, 0.9832904107476145, 0.1820438632082478, BFz, 0.0, -0.1820438632082479, 0.9832904107476144
Time, 0.294, Pos_X, 0.0009522697817281014, Pos_Y, 0.04312560469883295, Pos_Z, -0.009153213649913125, BFx, 1.0, 0.0, 0.0,                             BFy, 0.0, 0.9836377152677681, 0.1801578338646445, BFz, 0.0, -0.1801578338646446, 0.983637715267768
Time, 0.296, Pos_X, 0.0009188842433760613, Pos_Y, 0.04420347806964739, Pos_Z, -0.009033868844290853, BFx, 1.0, 0.0, 0.0,                             BFy, 0.0, 0.9840108644617532, 0.17810844623775912, BFz, 0.0, -0.1781084462377592, 0.9840108644617533
Time, 0.298, Pos_X, 0.0008850263184240212, Pos_Y, 0.045296812384877545, Pos_Z, -0.00890842882333892, BFx, 1.0, 0.0, 0.0,                             BFy, 0.0, 0.9844083186417102, 0.17589844282709513, BFz, 0.0, -0.17589844282709524, 0.9844083186417102
Time, 0.3, Pos_X, 0.0008506771541519812, Pos_Y, 0.046405662826659165, Pos_Z, -0.008776928535986083, BFx, 1.0, 0.0, 0.0,                             BFy, 0.0, 0.9848281685128295, 0.1735323557831832, BFz, 0.0, -0.17353235578318332, 0.9848281685128295
Time, 0.302, Pos_X, 0.0008158201597199411, Pos_Y, 0.04753006667154633, Pos_Z, -0.008639421402875156, BFx, 1.0, 0.0, 0.0,                             BFy, 0.0, 0.9852681932514473, 0.1710163365501211, BFz, 0.0, -0.17101633655012125, 0.9852681932514472
Time, 0.304, Pos_X, 0.0007804461023679011, Pos_Y, 0.04867005779992566, Pos_Z, -0.008495971407180456, BFx, 1.0, 0.0, 0.0,                             BFy, 0.0, 0.9857259279370402, 0.1683579371240241, BFz, 0.0, -0.16835793712402425, 0.9857259279370401
Time, 0.306, Pos_X, 0.0007445531922958611, Pos_Y, 0.049825667206911714, Pos_Z, -0.008346650470899135, BFx, 1.0, 0.0, 0.0,                             BFy, 0.0, 0.9861987423833802, 0.16556581930288314, BFz, 0.0, -0.16556581930288328, 0.9861987423833801
Time, 0.308, Pos_X, 0.0007081471978038211, Pos_Y, 0.05099692378158326, Pos_Z, -0.008191535453771123, BFx, 1.0, 0.0, 0.0,                             BFy, 0.0, 0.9866839125733082, 0.16264949022060868, BFz, 0.0, -0.1626494902206088, 0.986683912573308
Time, 0.31, Pos_X, 0.000671241744751781, Pos_Y, 0.05218385506825725, Pos_Z, -0.008030705134111272, BFx, 1.0, 0.0, 0.0,                             BFy, 0.0, 0.987178747523498, 0.1596186719589324, BFz, 0.0, -0.15961867195893248, 0.9871787475234979
Time, 0.312, Pos_X, 0.000633857967759741, Pos_Y, 0.05338648819203274, Pos_Z, -0.007864237272933915, BFx, 1.0, 0.0, 0.0,                             BFy, 0.0, 0.987680636352508, 0.15648309996386198, BFz, 0.0, -0.1564830999638621, 0.9876806363525079
Time, 0.314, Pos_X, 0.0005960234895277009, Pos_Y, 0.05460485096507899, Pos_Z, -0.007692205201425212, BFx, 1.0, 0.0, 0.0,                             BFy, 0.0, 0.9881871149539407, 0.15325216422289825, BFz, 0.0, -0.15325216422289836, 0.9881871149539406
