Time, 0, Pos_X, 0.0, Pos_Y, 0.0, Pos_Z, 0.0, BFx, 1.0, 0.0, 0.0,                         BFy, 0.0, 1.0, 0.0, BFz, 0.0, 0.0, 1.0
Time, 0.0, Pos_X, 0.0, Pos_Y, 0.0, Pos_Z, 0.0, BFx, 1.0, 0.0, 0.0,                             BFy, 0.0, 1.0, 0.0, BFz, 0.0, 0.0, 1.0
Time, 0.002, Pos_X, 1.46802092e-06, Pos_Y, 1.4932175922458223e-07, Pos_Z, -1.5813679348064922e-06, BFx, 1.0, 0.0, 0.0,                             BFy, 0.0, 0.9999995234298932, 0.0009762888849099378, BFz, 0.0, -0.0009762888849099378, 0.9999995234298932
Time, 0.004, Pos_X, 5.77549686e-06, Pos_Y, 6.160908819543153e-07, Pos_Z, -6.271652547894661e-06, BFx, 1.0, 0.0, 0.0,                             BFy, 0.0, 0.9999981305915394, 0.0019336011551023128, BFz, 0.0, -0.001933601155102313, 0.9999981305915393
Time, 0.006, Pos_X, 1.2721701500000001e-05, Pos_Y, 1.4392153016927265e-06, Pos_Z, -1.3961479991976034e-05, BFx, 1.0, 0.0, 0.0,                             BFy, 0.0, 0.9999958677217441, 0.0028748112001535176, BFz, 0.0, -0.0028748112001535176, 0.999995867721744
Time, 0.008, Pos_X, 2.2090839940000002e-05, Pos_Y, 2.6601679002705038e-06, Pos_Z, -2.4538507071732006e-05, BFx, 1.0, 0.0, 0.0,                             BFy, 0.0, 0.9999927662490601, 0.003803610068517493, BFz, 0.0, -0.003803610068517493, 0.9999927662490599
Time, 0.01, Pos_X, 3.3651458380000007e-05, Pos_Y, 4.323279854531671e-06, Pos_Z, -3.788850524376937e-05, BFx, 1.0, 0.0, 0.0,                             BFy, 0.0, 0.9999888395481461, 0.004724487184117621, BFz, 0.0, -0.00472448718411762, 0.9999888395481459
Time, 0.012, Pos_X, 4.715576514000001e-05, Pos_Y, 6.476408092083933e-06, Pos_Z, -5.389642708210592e-05, BFx, 1.0, 0.0, 0.0,                             BFy, 0.0, 0.9999840806985434, 0.005642548138001073, BFz, 0.0, -0.005642548138001073, 0.9999840806985432
Time, 0.014, Pos_X, 6.233921742000001e-05, Pos_Y, 9.171374362156467e-06, Pos_Z, -7.244784389056231e-05, BFx, 1.0, 0.0, 0.0,                             BFy, 0.0, 0.9999784617708892, 0.00656323047947345, BFz, 0.0, -0.00656323047947345, 0.9999784617708889
Time, 0.016, Pos_X, 7.892036350000002e-05, Pos_Y, 1.246429052103345e-05, Pos_Z, -9.3430689787463e-05, BFx, 1.0, 0.0, 0.0,                             BFy, 0.0, 0.9999719361959322, 0.007491783536564846, BFz, 0.0, -0.007491783536564845, 0.9999719361959318
Time, 0.018, Pos_X, 9.660092474e-05, Pos_Y, 1.6416066885841192e-05, Pos_Z, -0.00011673722916920873, BFx, 1.0, 0.0, 0.0,                             BFy, 0.0, 0.999964442838115, 0.008432855949103696, BFz, 0.0, -0.008432855949103694, 0.9999644428381147
Time, 0.02, Pos_X, 0.00011506611378000003, Pos_Y, 2.1093018158453266e-05, Pos_Z, -0.0001422661733663216, BFx, 1.0, 0.0, 0.0,                             BFy, 0.0, 0.9999559123673907, 0.009390065042320477, BFz, 0.0, -0.009390065042320475, 0.9999559123673903
Time, 0.022, Pos_X, 0.00013398535810000002, Pos_Y, 2.656716894779139e-05, Pos_Z, -0.0001699250278002365, BFx, 1.0, 0.0, 0.0,                             BFy, 0.0, 0.9999462762363193, 0.010365550690545663, BFz, 0.0, -0.010365550690545662, 0.9999462762363189
Time, 0.024, Pos_X, 0.00015301288216400003, Pos_Y, 3.291648512737089e-05, Pos_Z, -0.00019963243835745007, BFx, 1.0, 0.0, 0.0,                             BFy, 0.0, 0.9999354772947825, 0.011359632355624243, BFz, 0.0, -0.011359632355624242, 0.9999354772947824
Time, 0.026, Pos_X, 0.00017178847571200001, Pos_Y, 4.022517453247169e-05, Pos_Z, -0.00023132047261711762, BFx, 1.0, 0.0, 0.0,                             BFy, 0.0, 0.9999234798535557, 0.012370708854190681, BFz, 0.0, -0.01237070885419068, 0.9999234798535556
Time, 0.028, Pos_X, 0.00018993899478000003, Pos_Y, 4.858346552750438e-05, Pos_Z, -0.00026493708197214297, BFx, 1.0, 0.0, 0.0,                             BFy, 0.0, 0.9999102883779198, 0.01339459577532113, BFz, 0.0, -0.01339459577532113, 0.9999102883779198
Time, 0.03, Pos_X, 0.00020708003070800003, Pos_Y, 5.808715783156621e-05, Pos_Z, -0.00030044848372446416, BFx, 1.0, 0.0, 0.0,                             BFy, 0.0, 0.9998959366914739, 0.014426218765817768, BFz, 0.0, -0.014426218765817768, 0.9998959366914739
Time, 0.032, Pos_X, 0.00022281776475600005, Pos_Y, 6.883715203788893e-05, Pos_Z, -0.0003378416171913455, BFx, 1.0, 0.0, 0.0,                             BFy, 0.0, 0.9998805070166558, 0.015458709134810325, BFz, 0.0, -0.015458709134810327, 0.9998805070166559
Time, 0.034, Pos_X, 0.00023675147720400008, Pos_Y, 8.093874914939237e-05, Pos_Z, -0.00037712629256695925, BFx, 1.0, 0.0, 0.0,                             BFy, 0.0, 0.9998641339505538, 0.016483738632610538, BFz, 0.0, -0.016483738632610538, 0.999864133950554
Time, 0.036, Pos_X, 0.00024847591153200006, Pos_Y, 9.450072459345695e-05, Pos_Z, -0.0004183371965478235, BFx, 1.0, 0.0, 0.0,                             BFy, 0.0, 0.9998470044773742, 0.01749193064304698, BFz, 0.0, -0.01749193064304698, 0.9998470044773743
Time, 0.038, Pos_X, 0.00025758388634000007, Pos_Y, 0.00010963428007785891, Pos_Z, -0.0004615356133955876, BFx, 1.0, 0.0, 0.0,                             BFy, 0.0, 0.999829353128889, 0.018473348961868263, BFz, 0.0, -0.01847334896186827, 0.9998293531288891
Time, 0.04, Pos_X, 0.0002636690457480001, Pos_Y, 0.00012645215327356348, Pos_Z, -0.000506810597630287, BFx, 1.0, 0.0, 0.0,                             BFy, 0.0, 0.9998114462847889, 0.019418338701308036, BFz, 0.0, -0.019418338701308043, 0.9998114462847889
Time, 0.042, Pos_X, 0.0002663285656360001, Pos_Y, 0.00014506754210174275, Pos_Z, -0.0005542798026801647, BFx, 1.0, 0.0, 0.0,                             BFy, 0.0, 0.999793563310462, 0.020318237201330202, BFz, 0.0, -0.02031823720133021, 0.999793563310462
Time, 0.044, Pos_X, 0.0002651659840040001, Pos_Y, 0.0001655927162077975, Pos_Z, -0.0006040898725731061, BFx, 1.0, 0.0, 0.0,                             BFy, 0.0, 0.9997759715393335, 0.021166169530219898, BFz, 0.0, -0.0211661695302199, 0.9997759715393336
Time, 0.046, Pos_X, 0.0002597939667720001, Pos_Y, 0.00018813762081981906, Pos_Z, -0.000656416368669044, BFx, 1.0, 0.0, 0.0,                             BFy, 0.0, 0.9997589029076511, 0.02195759679222229, BFz, 0.0, -0.021957596792222298, 0.9997589029076512
Time, 0.048, Pos_X, 0.0002498371611400001, Pos_Y, 0.0002128083113370598, Pos_Z, -0.0007114632052901706, BFx, 1.0, 0.0, 0.0,                             BFy, 0.0, 0.9997425325604167, 0.02269071593591231, BFz, 0.0, -0.022690715935912317, 0.9997425325604167
Time, 0.05, Pos_X, 0.0002349347611080001, Pos_Y, 0.00023970550683321526, Pos_Z, -0.0007694616529260533, BFx, 1.0, 0.0, 0.0,                             BFy, 0.0, 0.9997269636559741, 0.023366603073753857, BFz, 0.0, -0.023366603073753867, 0.9997269636559744
Time, 0.052, Pos_X, 0.00021474293967600015, Pos_Y, 0.00026892331005570156, Pos_Z, -0.0008306686220481012, BFx, 1.0, 0.0, 0.0,                             BFy, 0.0, 0.9997122209876178, 0.023989064341993008, BFz, 0.0, -0.023989064341993018, 0.999712220987618
Time, 0.054, Pos_X, 0.00018893706824400013, Pos_Y, 0.00030054780857688033, Pos_Z, -0.0008953644439141333, BFx, 1.0, 0.0, 0.0,                             BFy, 0.0, 0.999698253398805, 0.02456424538589614, BFz, 0.0, -0.024564245385896154, 0.9996982533988052
Time, 0.056, Pos_X, 0.0001572093604120001, Pos_Y, 0.00033465773580386096, Pos_Z, -0.0009638518205176673, BFx, 1.0, 0.0, 0.0,                             BFy, 0.0, 0.9996849446172721, 0.0251000299912465, BFz, 0.0, -0.02510002999124652, 0.9996849446172722
Time, 0.058, Pos_X, 0.00011927060998000006, Pos_Y, 0.00037132231408782497, Pos_Z, -0.0010364515301360122, BFx, 1.0, 0.0, 0.0,                             BFy, 0.0, 0.999672127660177, 0.025605413087369543, BFz, 0.0, -0.025605413087369557, 0.9996721276601772
Time, 0.06, Pos_X, 7.485603474800018e-05, Pos_Y, 0.000410597751222562, Pos_Z, -0.0011134971041753695, BFx, 1.0, 0.0, 0.0,                             BFy, 0.0, 0.9996596038316998, 0.02608977706015872, BFz, 0.0, -0.026089777060158734, 0.9996596038316999
Time, 0.062, Pos_X, 2.3726383316000146e-05, Pos_Y, 0.00045252756277164654, Pos_Z, -0.0011953322444202435, BFx, 1.0, 0.0, 0.0,                             BFy, 0.0, 0.9996471598355834, 0.026562300966799166, BFz, 0.0, -0.026562300966799183, 0.9996471598355838
Time, 0.064, Pos_X, -3.4332040715999903e-05, Pos_Y, 0.0004971431395901808, Pos_Z, -0.0012823076138453288, BFx, 1.0, 0.0, 0.0,                             BFy, 0.0, 0.99963458810051, 0.02703128323115753, BFz, 0.0, -0.027031283231157548, 0.9996345881005104
Time, 0.066, Pos_X, -9.950731954799995e-05, Pos_Y, 0.0005444638682855707, Pos_Z, -0.0013747780607519507, BFx, 1.0, 0.0, 0.0,                             BFy, 0.0, 0.9996217000886211, 0.02750375814201426, BFz, 0.0, -0.02750375814201428, 0.9996217000886215
Time, 0.068, Pos_X, -0.00017196150098, Pos_Y, 0.0005944971880328122, Pos_Z, -0.0014731003497885174, BFx, 1.0, 0.0, 0.0,                             BFy, 0.0, 0.9996083361771156, 0.02798525049411256, BFz, 0.0, -0.027985250494112577, 0.9996083361771161
Time, 0.07, Pos_X, -0.0002518307148120001, Pos_Y, 0.0006472391417474522, Pos_Z, -0.0015776307767635363, BFx, 1.0, 0.0, 0.0,                             BFy, 0.0, 0.9995943715259786, 0.028479684225488446, BFz, 0.0, -0.028479684225488463, 0.999594371525979
Time, 0.072, Pos_X, -0.0003392251756439995, Pos_Y, 0.0007026749838866827, Pos_Z, -0.0016887221928137022, BFx, 1.0, 0.0, 0.0,                             BFy, 0.0, 0.9995797250845329, 0.028989191087880374, BFz, 0.0, -0.028989191087880388, 0.9995797250845331
Time, 0.074, Pos_X, -0.0004342296422759996, Pos_Y, 0.0007607796785383538, Pos_Z, -0.0018067204147164718, BFx, 1.0, 0.0, 0.0,                             BFy, 0.0, 0.9995643649949035, 0.029514068379935282, BFz, 0.0, -0.029514068379935293, 0.9995643649949038
Time, 0.076, Pos_X, -0.0005369047747079996, Pos_Y, 0.0008215183808097964, Pos_Z, -0.0019319608227416215, BFx, 1.0, 0.0, 0.0,                             BFy, 0.0, 0.9995483069323801, 0.030052988347461118, BFz, 0.0, -0.030052988347461125, 0.9995483069323802
Time, 0.078, Pos_X, -0.0006472881181399997, Pos_Y, 0.000884846880864732, Pos_Z, -0.002064765397355699, BFx, 1.0, 0.0, 0.0,                             BFy, 0.0, 0.9995316181609396, 0.030603011233761322, BFz, 0.0, -0.03060301123376133, 0.9995316181609397
Time, 0.08, Pos_X, -0.0007653951697719998, Pos_Y, 0.0009507120377297809, Pos_Z, -0.002205440019667094, BFx, 1.0, 0.0, 0.0,                             BFy, 0.0, 0.9995144197703718, 0.031159664168558077, BFz, 0.0, -0.031159664168558077, 0.9995144197703718
Time, 0.082, Pos_X, -0.0008912203704039999, Pos_Y, 0.001019052315722113, Pos_Z, -0.0023542723574460542, BFx, 1.0, 0.0, 0.0,                             BFy, 0.0, 0.9994968805281889, 0.03171727942966853, BFz, 0.0, -0.03171727942966853, 0.9994968805281889
Time, 0.084, Pos_X, -0.001024737534436, Pos_Y, 0.0010897982499763839, Pos_Z, -0.002511530579103505, BFx, 1.0, 0.0, 0.0,                             BFy, 0.0, 0.9994792170511511, 0.03226909795482836, BFz, 0.0, -0.03226909795482835, 0.9994792170511511
Time, 0.086, Pos_X, -0.0011659002354679991, Pos_Y, 0.0011628727537653586, Pos_Z, -0.002677462512133515, BFx, 1.0, 0.0, 0.0,                             BFy, 0.0, 0.9994616895147053, 0.03280748683473522, BFz, 0.0, -0.032807486834735215, 0.9994616895147054
Time, 0.088, Pos_X, -0.0013146421168999992, Pos_Y, 0.0012381914817526638, Pos_Z, -0.0028522949029797474, BFx, 1.0, 0.0, 0.0,                             BFy, 0.0, 0.9994445948634386, 0.033324192387175704, BFz, 0.0, -0.0333241923871757, 0.9994445948634386
Time, 0.09, Pos_X, -0.0014708775047319992, Pos_Y, 0.0013156631099898418, Pos_Z, -0.0030362330509300425, BFx, 1.0, 0.0, 0.0,                             BFy, 0.0, 0.9994282577361392, 0.033810614287610355, BFz, 0.0, -0.03381061428761035, 0.9994282577361393
Time, 0.092, Pos_X, -0.0016345017541639993, Pos_Y, 0.0013951892732345253, Pos_Z, -0.003229460566473179, BFx, 1.0, 0.0, 0.0,                             BFy, 0.0, 0.9994130173046252, 0.034258150009380234, BFz, 0.0, -0.03425815000938023, 0.9994130173046252
Time, 0.094, Pos_X, -0.0018053913267959995, Pos_Y, 0.0014766641569357482, Pos_Z, -0.0034321389901571368, BFx, 1.0, 0.0, 0.0,                             BFy, 0.0, 0.9993992134210966, 0.03465850852667475, BFz, 0.0, -0.03465850852667474, 0.9993992134210967
Time, 0.096, Pos_X, -0.001983404042028, Pos_Y, 0.0015599740864618986, Pos_Z, -0.0036444077657332777, BFx, 1.0, 0.0, 0.0,                             BFy, 0.0, 0.9993871713475384, 0.03500402471096474, BFz, 0.0, -0.03500402471096473, 0.9993871713475385
Time, 0.098, Pos_X, -0.00216837952986, Pos_Y, 0.0016449972059729995, Pos_Z, -0.0038663839789376342, BFx, 1.0, 0.0, 0.0,                             BFy, 0.0, 0.9993771899668628, 0.0352878473973257, BFz, 0.0, -0.03528784739732568, 0.9993771899668628
Time, 0.1, Pos_X, -0.002360139903292, Pos_Y, 0.0017316033201666213, Pos_Z, -0.004098162004932446, BFx, 1.0, 0.0, 0.0,                             BFy, 0.0, 0.999369528735969, 0.0355041551659376, BFz, 0.0, -0.03550415516593758, 0.999369528735969
Time, 0.102, Pos_X, -0.002558490670523999, Pos_Y, 0.0018196539377386058, Pos_Z, -0.004339813131517525, BFx, 1.0, 0.0, 0.0,                             BFy, 0.0, 0.9993643958818782, 0.03564834138705805, BFz, 0.0, -0.03564834138705804, 0.9993643958818782
Time, 0.104, Pos_X, -0.002763222064755999, Pos_Y, 0.0019090025196358837, Pos_Z, -0.004591384851845879, BFx, 1.0, 0.0, 0.0,                             BFy, 0.0, 0.9993619380645499, 0.035717177210225076, BFz, 0.0, -0.03571717721022506, 0.9993619380645499
Time, 0.106, Pos_X, -0.002974110501787999, Pos_Y, 0.0019994949080067576, Pos_Z, -0.004852900268590988, BFx, 1.0, 0.0, 0.0,                             BFy, 0.0, 0.9993622307100484, 0.03570898808752883, BFz, 0.0, -0.035708988087528815, 0.9993622307100485
Time, 0.108, Pos_X, -0.003190920088419999, Pos_Y, 0.0020909700768981456, Pos_Z, -0.005124357909313878, BFx, 1.0, 0.0, 0.0,                             BFy, 0.0, 0.9993652765549501, 0.0356236440618733, BFz, 0.0, -0.03562364406187329, 0.9993652765549502
Time, 0.11, Pos_X, -0.0034134044100519994, Pos_Y, 0.002183260893492136, Pos_Z, -0.005405731295605758, BFx, 1.0, 0.0, 0.0,                             BFy, 0.0, 0.9993710015925914, 0.03546267299316168, BFz, 0.0, -0.035462672993161665, 0.9993710015925914
Time, 0.112, Pos_X, -0.0036413085996839997, Pos_Y, 0.0022761948847772654, Pos_Z, -0.005696968461049458, BFx, 1.0, 0.0, 0.0,                             BFy, 0.0, 0.9993792571768135, 0.0352292538200808, BFz, 0.0, -0.03522925382008078, 0.9993792571768136
Time, 0.114, Pos_X, -0.003874371728316, Pos_Y, 0.002369595504124018, Pos_Z, -0.005997991801836922, BFx, 1.0, 0.0, 0.0,                             BFy, 0.0, 0.9993898263259884, 0.03492814103427765, BFz, 0.0, -0.03492814103427764, 0.9993898263259883
Time, 0.116, Pos_X, -0.004112329522748, Pos_Y, 0.002463283687932182, Pos_Z, -0.006308697945631024, BFx, 1.0, 0.0, 0.0,                             BFy, 0.0, 0.9994024305094051, 0.03456561719242425, BFz, 0.0, -0.034565617192424236, 0.999402430509405
Time, 0.118, Pos_X, -0.004354917248979999, Pos_Y, 0.0025570800036843456, Pos_Z, -0.006628957813962584, BFx, 1.0, 0.0, 0.0,                             BFy, 0.0, 0.9994167395218367, 0.03414938891899266, BFz, 0.0, -0.03414938891899265, 0.9994167395218366
Time, 0.12, Pos_X, -0.004601872821611999, Pos_Y, 0.002650806756557998, Pos_Z, -0.006958616687318011, BFx, 1.0, 0.0, 0.0,                             BFy, 0.0, 0.9994323888862116, 0.03368827756356215, BFz, 0.0, -0.03368827756356214, 0.9994323888862114
Time, 0.122, Pos_X, -0.004852940336983999, Pos_Y, 0.002744289888854577, Pos_Z, -0.007297494878713723, BFx, 1.0, 0.0, 0.0,                             BFy, 0.0, 0.9994489984653337, 0.033191858439084856, BFz, 0.0, -0.03319185843908484, 0.9994489984653336
Time, 0.124, Pos_X, -0.005107874014495999, Pos_Y, 0.0028373617993105275, Pos_Z, -0.007645388699152521, BFx, 1.0, 0.0, 0.0,                             BFy, 0.0, 0.9994661891808426, 0.03267011913543265, BFz, 0.0, -0.03267011913543263, 0.9994661891808425
Time, 0.126, Pos_X, -0.005366442025007999, Pos_Y, 0.002929864467799967, Pos_Z, -0.008002071565937867, BFx, 1.0, 0.0, 0.0,                             BFy, 0.0, 0.9994835997829798, 0.03213306342158592, BFz, 0.0, -0.0321330634215859, 0.9994835997829797
Time, 0.128, Pos_X, -0.005628430463319999, Pos_Y, 0.003021652275856122, Pos_Z, -0.00836729562742238, BFx, 1.0, 0.0, 0.0,                             BFy, 0.0, 0.999500906147885, 0.03159016634264696, BFz, 0.0, -0.03159016634264694, 0.999500906147885
Time, 0.13, Pos_X, -0.005893647318231999, Pos_Y, 0.0031125952066671566, Pos_Z, -0.008740793594748308, BFx, 1.0, 0.0, 0.0,                             BFy, 0.0, 0.9995178400312059, 0.0310497577985983, BFz, 0.0, -0.03104975779859828, 0.999517840031206
Time, 0.132, Pos_X, -0.0061619260920639995, Pos_Y, 0.0032025819780606532, Pos_Z, -0.009122280615572983, BFx, 1.0, 0.0, 0.0,                             BFy, 0.0, 0.9995341978758232, 0.030518638186101933, BFz, 0.0, -0.030518638186101916, 0.9995341978758233
Time, 0.134, Pos_X, -0.0064331286572959995, Pos_Y, 0.00329152272694129, Pos_Z, -0.009511456522707896, BFx, 1.0, 0.0, 0.0,                             BFy, 0.0, 0.9995498509503896, 0.0300015910420325, BFz, 0.0, -0.03000159104203248, 0.9995498509503896
Time, 0.136, Pos_X, -0.006707147580008, Pos_Y, 0.0033793517824606658, Pos_Z, -0.009908008076546978, BFx, 1.0, 0.0, 0.0,                             BFy, 0.0, 0.9995647525069914, 0.02950094143643785, BFz, 0.0, -0.029500941436437837, 0.9995647525069915
Time, 0.138, Pos_X, -0.00698390923202, Pos_Y, 0.0034660306542260003, Pos_Z, -0.010311611028945109, BFx, 1.0, 0.0, 0.0,                             BFy, 0.0, 0.9995789366580019, 0.02901636417019456, BFz, 0.0, -0.02901636417019455, 0.999578936658002
Time, 0.14, Pos_X, -0.007263376381052001, Pos_Y, 0.0035515507787297947, Pos_Z, -0.010721932371478182, BFx, 1.0, 0.0, 0.0,                             BFy, 0.0, 0.9995925130369203, 0.028544839823226476, BFz, 0.0, -0.028544839823226465, 0.9995925130369204
Time, 0.142, Pos_X, -0.007545549126803997, Pos_Y, 0.0036359354558625646, Pos_Z, -0.011138632825564472, BFx, 1.0, 0.0, 0.0,                             BFy, 0.0, 0.9996056599893469, 0.028080678717965466, BFz, 0.0, -0.02808067871796546, 0.999605659989347
Time, 0.144, Pos_X, -0.007830465425035998, Pos_Y, 0.003719241021072357, Pos_Z, -0.011561369453520579, BFx, 1.0, 0.0, 0.0,                             BFy, 0.0, 0.9996186110054037, 0.027615802208642376, BFz, 0.0, -0.027615802208642366, 0.9996186110054037
Time, 0.146, Pos_X, -0.008118200650547998, Pos_Y, 0.003801557565315316, Pos_Z, -0.011989797948385913, BFx, 1.0, 0.0, 0.0,                             BFy, 0.0, 0.9996316365224998, 0.02714021487291885, BFz, 0.0, -0.027140214872918837, 0.9996316365224998
Time, 0.148, Pos_X, -0.008408866713659998, Pos_Y, 0.0038830089174031806, Pos_Z, -0.01242357449973769, BFx, 1.0, 0.0, 0.0,                             BFy, 0.0, 0.9996450250244886, 0.02664252134819081, BFz, 0.0, -0.026642521348190798, 0.9996450250244885
Time, 0.15, Pos_X, -0.008702610488371999, Pos_Y, 0.003963751524960235, Pos_Z, -0.012862357307701114, BFx, 1.0, 0.0, 0.0,                             BFy, 0.0, 0.9996590615793914, 0.026110545804516418, BFz, 0.0, -0.026110545804516404, 0.9996590615793914
Time, 0.152, Pos_X, -0.008999610482084, Pos_Y, 0.004043972346034554, Pos_Z, -0.013305807756681878, BFx, 1.0, 0.0, 0.0,                             BFy, 0.0, 0.9996740060283833, 0.025531973507022455, BFz, 0.0, -0.025531973507022437, 0.9996740060283832
Time, 0.154, Pos_X, -0.009300073809395999, Pos_Y, 0.0041238865985134205, Pos_Z, -0.013753591166015709, BFx, 1.0, 0.0, 0.0,                             BFy, 0.0, 0.999690077532437, 0.0248947561383818, BFz, 0.0, -0.024894756138381782, 0.999690077532437
Time, 0.156, Pos_X, -0.009604233067627999, Pos_Y, 0.0042037352953204895, Pos_Z, -0.014205377145732246, BFx, 1.0, 0.0, 0.0,                             BFy, 0.0, 0.9997074420412558, 0.024187400177130565, BFz, 0.0, -0.024187400177130548, 0.9997074420412558
Time, 0.158, Pos_X, -0.009912342071379998, Pos_Y, 0.004283782200496493, Pos_Z, -0.014660839337226362, BFx, 1.0, 0.0, 0.0,                             BFy, 0.0, 0.9997262053742118, 0.023399023229159946, BFz, 0.0, -0.02339902322915993, 0.999726205374212
Time, 0.16, Pos_X, -0.010224670976532, Pos_Y, 0.004364310182370107, Pos_Z, -0.015119654759107032, BFx, 1.0, 0.0, 0.0,                             BFy, 0.0, 0.9997464081024574, 0.022519313627062196, BFz, 0.0, -0.02251931362706218, 0.9997464081024577
Time, 0.162, Pos_X, -0.010541501110084, Pos_Y, 0.004445617186137847, Pos_Z, -0.0155815035304305, BFx, 1.0, 0.0, 0.0,                             BFy, 0.0, 0.9997680224493595, 0.021538367804841037, BFz, 0.0, -0.021538367804841016, 0.9997680224493598
Time, 0.164, Pos_X, -0.010863119568036, Pos_Y, 0.004528012179372316, Pos_Z, -0.016046068651070215, BFx, 1.0, 0.0, 0.0,                             BFy, 0.0, 0.9997909491095794, 0.020446468608692193, BFz, 0.0, -0.020446468608692172, 0.9997909491095798
Time, 0.166, Pos_X, -0.011189813039388, Pos_Y, 0.004611810584144694, Pos_Z, -0.01651303509285131, BFx, 1.0, 0.0, 0.0,                             BFy, 0.0, 0.9998150142476298, 0.01923375379409772, BFz, 0.0, -0.019233753794097704, 0.9998150142476301
Time, 0.168, Pos_X, -0.01152186151434, Pos_Y, 0.004697329071395436, Pos_Z, -0.016982088334988495, BFx, 1.0, 0.0, 0.0,                             BFy, 0.0, 0.9998399632825986, 0.017889880464988905, BFz, 0.0, -0.017889880464988885, 0.999839963282599
Time, 0.17, Pos_X, -0.011859532282092002, Pos_Y, 0.00478488029418692, Pos_Z, -0.017452911957160297, BFx, 1.0, 0.0, 0.0,                             BFy, 0.0, 0.999865451404217, 0.0164036303372605, BFz, 0.0, -0.016403630337260475, 0.9998654514042175
Time, 0.172, Pos_X, -0.012203073938443998, Pos_Y, 0.0048747676915019975, Pos_Z, -0.017925182215700393, BFx, 1.0, 0.0, 0.0,                             BFy, 0.0, 0.9998910215630392, 0.014762960327174583, BFz, 0.0, -0.014762960327174559, 0.9998910215630396
Time, 0.174, Pos_X, -0.012552713018195999, Pos_Y, 0.004967281442313292, Pos_Z, -0.018398565311187446, BFx, 1.0, 0.0, 0.0,                             BFy, 0.0, 0.9999160783516329, 0.012955163213616862, BFz, 0.0, -0.012955163213616838, 0.999916078351633
Time, 0.176, Pos_X, -0.012908650726348, Pos_Y, 0.005062694892597827, Pos_Z, -0.018872717545561274, BFx, 1.0, 0.0, 0.0,                             BFy, 0.0, 0.9999398594892573, 0.010967105570934207, BFz, 0.0, -0.010967105570934181, 0.9999398594892576
Time, 0.178, Pos_X, -0.0132710575857, Pos_Y, 0.005161260526476034, Pos_Z, -0.019347280123493647, BFx, 1.0, 0.0, 0.0,                             BFy, 0.0, 0.9999614054868786, 0.008785643784373699, BFz, 0.0, -0.008785643784373675, 0.9999614054868787
Time, 0.18, Pos_X, -0.013640071846652, Pos_Y, 0.0052632079355762265, Pos_Z, -0.01982187483971015, BFx, 1.0, 0.0, 0.0,                             BFy, 0.0, 0.9999795318056662, 0.006398122358972033, BFz, 0.0, -0.006398122358972008, 0.9999795318056663
Time, 0.182, Pos_X, -0.014015799096804001, Pos_Y, 0.00536874223890028, Pos_Z, -0.020296102473909897, BFx, 1.0, 0.0, 0.0,                             BFy, 0.0, 0.9999928060291535, 0.0037931372160676788, BFz, 0.0, -0.003793137216067653, 0.9999928060291535
Time, 0.184, Pos_X, -0.014398306968956002, Pos_Y, 0.005478040548163348, Pos_Z, -0.02076953763180255, BFx, 1.0, 0.0, 0.0,                             BFy, 0.0, 0.9999995379263582, 0.0009613256839322527, BFz, 0.0, -0.0009613256839322275, 0.9999995379263582
Time, 0.186, Pos_X, -0.014787626263108002, Pos_Y, 0.005591252239266624, Pos_Z, -0.02124172779407734, BFx, 1.0, 0.0, 0.0,                             BFy, 0.0, 0.9999977866400135, -0.0021039760157131535, BFz, 0.0, 0.002103976015713178, 0.9999977866400134
Time, 0.188, Pos_X, -0.015183757248060002, Pos_Y, 0.00570850174506133, Pos_Z, -0.021712198204018512, BFx, 1.0, 0.0, 0.0,                             BFy, 0.0, 0.9999853863062419, -0.0054062162329165594, BFz, 0.0, 0.005406216232916585, 0.9999853863062418
Time, 0.19, Pos_X, -0.015586668454012003, Pos_Y, 0.005829887739129045, Pos_Z, -0.022180453706258752, BFx, 1.0, 0.0, 0.0,                             BFy, 0.0, 0.9999599892757122, -0.00894538136236146, BFz, 0.0, 0.008945381362361485, 0.9999599892757123
Time, 0.192, Pos_X, -0.015996294942364004, Pos_Y, 0.005955482677129684, Pos_Z, -0.022645977991989443, BFx, 1.0, 0.0, 0.0,                             BFy, 0.0, 0.9999191256484845, -0.012717789209256895, BFz, 0.0, 0.012717789209256921, 0.9999191256484846
Time, 0.194, Pos_X, -0.016412540727516006, Pos_Y, 0.006085334373353629, Pos_Z, -0.023108233363452333, BFx, 1.0, 0.0, 0.0,                             BFy, 0.0, 0.9998602734661663, -0.01671626585585381, BFz, 0.0, 0.016716265855853837, 0.9998602734661665
Time, 0.196, Pos_X, -0.016835282807068006, Pos_Y, 0.006219467026287283, Pos_Z, -0.023566661756919197, BFx, 1.0, 0.0, 0.0,                             BFy, 0.0, 0.9997809325425807, -0.020930526135010806, BFz, 0.0, 0.020930526135010834, 0.9997809325425808
Time, 0.198, Pos_X, -0.017264377159820005, Pos_Y, 0.006357881841455971, Pos_Z, -0.024020686833832832, BFx, 1.0, 0.0, 0.0,                             BFy, 0.0, 0.9996786958309426, -0.025347684346826032, BFz, 0.0, 0.025347684346826063, 0.9996786958309428
Time, 0.2, Pos_X, -0.017699665028372006, Pos_Y, 0.006500558103142041, Pos_Z, -0.024469716846539747, BFx, 1.0, 0.0, 0.0,                             BFy, 0.0, 0.9995513093962546, -0.029952961193067767, BFz, 0.0, 0.029952961193067798, 0.9995513093962548
Time, 0.202, Pos_X, -0.018140979386324006, Pos_Y, 0.006647456287480406, Pos_Z, -0.024913149374009333, BFx, 1.0, 0.0, 0.0,                             BFy, 0.0, 0.9993967196036116, -0.03473034473684923, BFz, 0.0, 0.03473034473684926, 0.9993967196036118
Time, 0.204, Pos_X, -0.018588151972476, Pos_Y, 0.006798523776292617, Pos_Z, -0.025350378376881567, BFx, 1.0, 0.0, 0.0,                             BFy, 0.0, 0.999213082105165, -0.03966379394229853, BFz, 0.0, 0.039663793942298554, 0.9992130821051651
Time, 0.206, Pos_X, -0.019041020164828, Pos_Y, 0.006953701620850148, Pos_Z, -0.025780802300608474, BFx, 1.0, 0.0, 0.0,                             BFy, 0.0, 0.9989987607189422, -0.0447378596047954, BFz, 0.0, 0.04473785960479543, 0.9989987607189423
Time, 0.208, Pos_X, -0.019499433055780002, Pos_Y, 0.0071129304210585725, Pos_Z, -0.026203832755837396, BFx, 1.0, 0.0, 0.0,                             BFy, 0.0, 0.9987523224100597, -0.04993794629851043, BFz, 0.0, 0.04993794629851045, 0.9987523224100597
Time, 0.21, Pos_X, -0.019963256883932003, Pos_Y, 0.00727615500024044, Pos_Z, -0.02661890419325667, BFx, 1.0, 0.0, 0.0,                             BFy, 0.0, 0.9984724567373682, -0.055251725193384726, BFz, 0.0, 0.05525172519338474, 0.9984724567373683
Time, 0.212, Pos_X, -0.020432382841284003, Pos_Y, 0.00744332975360793, Pos_Z, -0.027025484736181063, BFx, 1.0, 0.0, 0.0,                             BFy, 0.0, 0.9981579051011473, -0.06066956802293867, BFz, 0.0, 0.06066956802293869, 0.9981579051011474
Time, 0.214, Pos_X, -0.020906733172836003, Pos_Y, 0.007614423165973298, Pos_Z, -0.027423086372920936, BFx, 1.0, 0.0, 0.0,                             BFy, 0.0, 0.9978073918524831, -0.06618465656438666, BFz, 0.0, 0.06618465656438668, 0.9978073918524832
Time, 0.216, Pos_X, -0.021386265047588005, Pos_Y, 0.007789422416264696, Pos_Z, -0.02781127551850232, BFx, 1.0, 0.0, 0.0,                             BFy, 0.0, 0.997419509207258, -0.07179361150375964, BFz, 0.0, 0.07179361150375968, 0.9974195092072582
Time, 0.218, Pos_X, -0.021870976425740006, Pos_Y, 0.007968339785091315, Pos_Z, -0.028189685402535726, BFx, 1.0, 0.0, 0.0,                             BFy, 0.0, 0.996992618853431, -0.07749656735480445, BFz, 0.0, 0.0774965673548045, 0.9969926188534312
Time, 0.22, Pos_X, -0.022360911434892005, Pos_Y, 0.008151219317881373, Pos_Z, -0.028558029305391773, BFx, 1.0, 0.0, 0.0,                             BFy, 0.0, 0.9965247793072782, -0.08329684403734278, BFz, 0.0, 0.08329684403734282, 0.9965247793072782
Time, 0.222, Pos_X, -0.022856158668244007, Pos_Y, 0.008338140819761981, Pos_Z, -0.028916111404633852, BFx, 1.0, 0.0, 0.0,                             BFy, 0.0, 0.9960136061868299, -0.0892014365955363, BFz, 0.0, 0.08920143659553632, 0.99601360618683
Time, 0.224, Pos_X, -0.023356847411196008, Pos_Y, 0.008529222141334523, Pos_Z, -0.029263833657438353, BFx, 1.0, 0.0, 0.0,                             BFy, 0.0, 0.9954561143925923, -0.09522144883587408, BFz, 0.0, 0.09522144883587413, 0.9954561143925926
Time, 0.226, Pos_X, -0.02386314836774801, Pos_Y, 0.008724621971809317, Pos_Z, -0.029601203174812196, BFx, 1.0, 0.0, 0.0,                             BFy, 0.0, 0.9948485662551483, -0.10137223594296821, BFz, 0.0, 0.10137223594296828, 0.9948485662551485
Time, 0.228, Pos_X, -0.02437527102430001, Pos_Y, 0.008924540535178455, Pos_Z, -0.02992834274675935, BFx, 1.0, 0.0, 0.0,                             BFy, 0.0, 0.9941863532136145, -0.10767309359266886, BFz, 0.0, 0.10767309359266893, 0.9941863532136146
Time, 0.23, Pos_X, -0.02489345552445201, Pos_Y, 0.00912921937782582, Pos_Z, -0.030245501464558157, BFx, 1.0, 0.0, 0.0,                             BFy, 0.0, 0.9934638737613827, -0.1141469733765579, BFz, 0.0, 0.11414697337655798, 0.9934638737613828
Time, 0.232, Pos_X, -0.02541796398180401, Pos_Y, 0.00933894198732031, Pos_Z, -0.03055306102565139, BFx, 1.0, 0.0, 0.0,                             BFy, 0.0, 0.9926743828756821, -0.12082040217771596, BFz, 0.0, 0.12082040217771604, 0.9926743828756821
Time, 0.234, Pos_X, -0.02594907197635601, Pos_Y, 0.009554033496412904, Pos_Z, -0.030851537265708506, BFx, 1.0, 0.0, 0.0,                             BFy, 0.0, 0.9918098530589399, -0.12772319826564582, BFz, 0.0, 0.1277231982656459, 0.99180985305894
Time, 0.236, Pos_X, -0.026487058921908002, Pos_Y, 0.009774858966313991, Pos_Z, -0.031141579226544154, BFx, 1.0, 0.0, 0.0,                             BFy, 0.0, 0.9908608828394315, -0.1348877713458988, BFz, 0.0, 0.1348877713458989, 0.9908608828394317
Time, 0.238, Pos_X, -0.027032196331460003, Pos_Y, 0.010001820642327706, Pos_Z, -0.031423968097246006, BFx, 1.0, 0.0, 0.0,                             BFy, 0.0, 0.9898167187125647, -0.14234768476196727, BFz, 0.0, 0.14234768476196738, 0.989816718712565
Time, 0.24, Pos_X, -0.027584733708012003, Pos_Y, 0.01023535393417493, Pos_Z, -0.031699615947809075, BFx, 1.0, 0.0, 0.0,                             BFy, 0.0, 0.9886654483712112, -0.1501353762340929, BFz, 0.0, 0.15013537623409304, 0.9886654483712115
Time, 0.242, Pos_X, -0.028144883580964005, Pos_Y, 0.010475923380597219, Pos_Z, -0.0319695624592325, BFx, 1.0, 0.0, 0.0,                             BFy, 0.0, 0.9873943127151892, -0.15827972459446615, BFz, 0.0, 0.15827972459446626, 0.9873943127151895
Time, 0.244, Pos_X, -0.028712806944716007, Pos_Y, 0.010724018515018786, Pos_Z, -0.03223496887454671, BFx, 1.0, 0.0, 0.0,                             BFy, 0.0, 0.9859901647291481, -0.16680346236630952, BFz, 0.0, 0.16680346236630963, 0.9859901647291482
Time, 0.246, Pos_X, -0.029288599086868008, Pos_Y, 0.010980148314650523, Pos_Z, -0.03249710910755785, BFx, 1.0, 0.0, 0.0,                             BFy, 0.0, 0.9844399676132981, -0.17572122855685293, BFz, 0.0, 0.17572122855685307, 0.9844399676132983
Time, 0.248, Pos_X, -0.02987227614582001, Pos_Y, 0.011244835045135475, Pos_Z, -0.032757358225225554, BFx, 1.0, 0.0, 0.0,                             BFy, 0.0, 0.982731364745305, -0.1850380089220358, BFz, 0.0, 0.18503800892203598, 0.9827313647453052
Time, 0.25, Pos_X, -0.030463763179572008, Pos_Y, 0.011518607971403179, Pos_Z, -0.033017178776118775, BFx, 1.0, 0.0, 0.0,                             BFy, 0.0, 0.9808532472974382, -0.1947483177490162, BFz, 0.0, 0.19474831774901635, 0.9808532472974384
Time, 0.252, Pos_X, -0.031062883930524008, Pos_Y, 0.011801996740536166, Pos_Z, -0.03327810529016787, BFx, 1.0, 0.0, 0.0,                             BFy, 0.0, 0.9787963722669439, -0.2048356942455858, BFz, 0.0, 0.20483569424558598, 0.9787963722669443
Time, 0.254, Pos_X, -0.03166935192667601, Pos_Y, 0.012095525079606567, Pos_Z, -0.03354172779160599, BFx, 1.0, 0.0, 0.0,                             BFy, 0.0, 0.9765538671533989, -0.21527318585402766, BFz, 0.0, 0.21527318585402785, 0.9765538671533992
Time, 0.256, Pos_X, -0.032282763832628014, Pos_Y, 0.012399704837590257, Pos_Z, -0.03380967482797693, BFx, 1.0, 0.0, 0.0,                             BFy, 0.0, 0.9741214349081977, -0.22602528631194077, BFz, 0.0, 0.22602528631194096, 0.9741214349081981
Time, 0.258, Pos_X, -0.03290259574178001, Pos_Y, 0.012715030004690668, Pos_Z, -0.034083595848873854, BFx, 1.0, 0.0, 0.0,                             BFy, 0.0, 0.9714975625605912, -0.23704954321582383, BFz, 0.0, 0.237049543215824, 0.9714975625605917
Time, 0.26, Pos_X, -0.03352820152893201, Pos_Y, 0.013041970066004889, Pos_Z, -0.034365143815294215, BFx, 1.0, 0.0, 0.0,                             BFy, 0.0, 0.968683584002132, -0.24829843753995962, BFz, 0.0, 0.24829843753995978, 0.9686835840021325
Time, 0.262, Pos_X, -0.03415881321548401, Pos_Y, 0.013380962730529515, Pos_Z, -0.03465595866581819, BFx, 1.0, 0.0, 0.0,                             BFy, 0.0, 0.9656836145676025, -0.25972130554818035, BFz, 0.0, 0.25972130554818046, 0.9656836145676029
Time, 0.264, Pos_X, -0.03479354223003601, Pos_Y, 0.013732405705774295, Pos_Z, -0.034957651727261695, BFx, 1.0, 0.0, 0.0,                             BFy, 0.0, 0.9625046729082551, -0.2712651002797342, BFz, 0.0, 0.27126510027973433, 0.9625046729082554
Time, 0.266, Pos_X, -0.035431382377268006, Pos_Y, 0.014096647576109062, Pos_Z, -0.03527179051738774, BFx, 1.0, 0.0, 0.0,                             BFy, 0.0, 0.9591565640666203, -0.28287574234620516, BFz, 0.0, 0.28287574234620533, 0.9591565640666205
Time, 0.268, Pos_X, -0.036071216704940005, Pos_Y, 0.014473979169826862, Pos_Z, -0.035599883256670156, BFx, 1.0, 0.0, 0.0,                             BFy, 0.0, 0.9556517899259576, -0.2944989922076391, BFz, 0.0, 0.29449899220763925, 0.9556517899259577
Time, 0.27, Pos_X, -0.03671182791072201, Pos_Y, 0.014864625318677889, Pos_Z, -0.03594336361639081, BFx, 1.0, 0.0, 0.0,                             BFy, 0.0, 0.9520056843161063, -0.3060803440762314, BFz, 0.0, 0.3060803440762316, 0.9520056843161063
Time, 0.272, Pos_X, -0.03735191157245401, Pos_Y, 0.015268737178140897, Pos_Z, -0.03630357594932626, BFx, 1.0, 0.0, 0.0,                             BFy, 0.0, 0.9482363105869673, -0.31756558265092, BFz, 0.0, 0.31756558265092016, 0.9482363105869672
Time, 0.274, Pos_X, -0.03799009165098601, Pos_Y, 0.015686385652994992, Pos_Z, -0.03668176147311269, BFx, 1.0, 0.0, 0.0,                             BFy, 0.0, 0.9443642419059859, -0.3289014724949316, BFz, 0.0, 0.32890147249493173, 0.9443642419059859
Time, 0.276, Pos_X, -0.038624938335518014, Pos_Y, 0.016117556487009542, Pos_Z, -0.037079045857354366, BFx, 1.0, 0.0, 0.0,                             BFy, 0.0, 0.9404124816787294, -0.3400358279694298, BFz, 0.0, 0.3400358279694298, 0.9404124816787293
Time, 0.278, Pos_X, -0.039254986712650014, Pos_Y, 0.016562145996098575, Pos_Z, -0.03749642816948959, BFx, 1.0, 0.0, 0.0,                             BFy, 0.0, 0.9364062087327116, -0.3509179565750826, BFz, 0.0, 0.35091795657508257, 0.9364062087327115
Time, 0.28, Pos_X, -0.039878755835782015, Pos_Y, 0.01701995738390076, Pos_Z, -0.03793477100704728, BFx, 1.0, 0.0, 0.0,                             BFy, 0.0, 0.93237231199763, -0.3614994769293534, BFz, 0.0, 0.36149947692935336, 0.9323723119976299
Time, 0.282, Pos_X, -0.040494769393314, Pos_Y, 0.017490698725367227, Pos_Z, -0.038394793276863064, BFx, 1.0, 0.0, 0.0,                             BFy, 0.0, 0.928338962124965, -0.3717348132751962, BFz, 0.0, 0.37173481327519614, 0.928338962124965
Time, 0.284, Pos_X, -0.041101575050446, Pos_Y, 0.01797398005743312, Pos_Z, -0.03887706254338805, BFx, 1.0, 0.0, 0.0,                             BFy, 0.0, 0.9243353378641229, -0.38158116197687214, BFz, 0.0, 0.38158116197687203, 0.9243353378641229
Time, 0.286, Pos_X, -0.041697766537178, Pos_Y, 0.01846931275542909, Pos_Z, -0.03938198770306117, BFx, 1.0, 0.0, 0.0,                             BFy, 0.0, 0.9203915654945375, -0.39099791069328843, BFz, 0.0, 0.3909979106932883, 0.9203915654945374
Time, 0.288, Pos_X, -0.04228200709491, Pos_Y, 0.018976111791111507, Pos_Z, -0.03990981581512624, BFx, 1.0, 0.0, 0.0,                             BFy, 0.0, 0.9165387242215369, -0.3999459551018862, BFz, 0.0, 0.39994595510188613, 0.9165387242215368
Time, 0.29, Pos_X, -0.042853056185442, Pos_Y, 0.019493698969870337, Pos_Z, -0.040460621279218414, BFx, 1.0, 0.0, 0.0,                             BFy, 0.0, 0.9128087905127706, -0.4083872083729062, BFz, 0.0, 0.4083872083729062, 0.9128087905127706
Time, 0.292, Pos_X, -0.043409806722774, Pos_Y, 0.020021310441527104, Pos_Z, -0.041034293625933416, BFx, 1.0, 0.0, 0.0,                             BFy, 0.0, 0.9092344787107608, -0.4162843532053226, BFz, 0.0, 0.4162843532053226, 0.9092344787107609
Time, 0.294, Pos_X, -0.043951310736106, Pos_Y, 0.02055811333693523, Pos_Z, -0.04163055184843375, BFx, 1.0, 0.0, 0.0,                             BFy, 0.0, 0.9058489607359599, -0.42360082664412296, BFz, 0.0, 0.4236008266441229, 0.90584896073596
Time, 0.296, Pos_X, -0.044476773236438005, Pos_Y, 0.021103224261268573, Pos_Z, -0.04224897702309349, BFx, 1.0, 0.0, 0.0,                             BFy, 0.0, 0.9026855578542778, -0.4303008059965897, BFz, 0.0, 0.43030080599658965, 0.9026855578542777
Time, 0.298, Pos_X, -0.044985543803770005, Pos_Y, 0.021655719117739638, Pos_Z, -0.042889023019222976, BFx, 1.0, 0.0, 0.0,                             BFy, 0.0, 0.8997771791556763, -0.4363496623931976, BFz, 0.0, 0.4363496623931976, 0.8997771791556761
Time, 0.3, Pos_X, -0.045477144251502004, Pos_Y, 0.022214639343770392, Pos_Z, -0.043549997674607564, BFx, 1.0, 0.0, 0.0,                             BFy, 0.0, 0.8971555890431575, -0.4417146692703661, BFz, 0.0, 0.4417146692703661, 0.8971555890431572
Time, 0.302, Pos_X, -0.045951305473634005, Pos_Y, 0.022779000686672157, Pos_Z, -0.04423105596131033, BFx, 1.0, 0.0, 0.0,                             BFy, 0.0, 0.8948504647810483, -0.4463660444983979, BFz, 0.0, 0.44636604449839795, 0.8948504647810481
Time, 0.304, Pos_X, -0.046407974223766, Pos_Y, 0.023347810231874707, Pos_Z, -0.0449312316551436, BFx, 1.0, 0.0, 0.0,                             BFy, 0.0, 0.8928882476932849, -0.4502783329577597, BFz, 0.0, 0.4502783329577597, 0.8928882476932848
Time, 0.306, Pos_X, -0.04684730289189801, Pos_Y, 0.023920095962956592, Pos_Z, -0.04564948192036646, BFx, 1.0, 0.0, 0.0,                             BFy, 0.0, 0.8912907607676728, -0.45343222180408316, BFz, 0.0, 0.45343222180408316, 0.8912907607676727
Time, 0.308, Pos_X, -0.047269642307230006, Pos_Y, 0.0244949416103154, Pos_Z, -0.04638471679531961, BFx, 1.0, 0.0, 0.0,                             BFy, 0.0, 0.8900741441642539, -0.45581577187529987, BFz, 0.0, 0.45581577187529987, 0.8900741441642538
Time, 0.31, Pos_X, -0.047675541781762004, Pos_Y, 0.025071515078389808, Pos_Z, -0.047135812969243907, BFx, 1.0, 0.0, 0.0,                             BFy, 0.0, 0.8892483391849789, -0.45742473835239933, BFz, 0.0, 0.45742473835239933, 0.8892483391849789
Time, 0.312, Pos_X, -0.048065751666894, Pos_Y, 0.025649085692859303, Pos_Z, -0.04790162263989245, BFx, 1.0, 0.0, 0.0,                             BFy, 0.0, 0.8888165461369835, -0.4582631856402251, BFz, 0.0, 0.4582631856402251, 0.8888165461369835
Time, 0.314, Pos_X, -0.048441221210026, Pos_Y, 0.02622703663191638, Pos_Z, -0.048680989024505454, BFx, 1.0, 0.0, 0.0,                             BFy, 0.0, 0.8887749459779072, -0.4583438615297161, BFz, 0.0, 0.45834386152971607, 0.8887749459779073
