Time, 0, Pos_X, 0.0, Pos_Y, 0.0, Pos_Z, 0.0, BFx, 1.0, 0.0, 0.0,                         BFy, 0.0, 1.0, 0.0, BFz, 0.0, 0.0, 1.0
Time, 0.0, Pos_X, 0.0, Pos_Y, 0.0, Pos_Z, 0.0, BFx, 1.0, 0.0, 0.0,                             BFy, 0.0, 1.0, 0.0, BFz, 0.0, 0.0, 1.0
Time, 0.002, Pos_X, -2.8908581999999997e-06, Pos_Y, -1.6019626081468924e-07, Pos_Z, 2.0123992311600675e-06, BFx, 1.0, 0.0, 0.0,                             BFy, 0.0, 0.9999916699623662, 0.0040816670464822015, BFz, 0.0, -0.0040816670464822015, 0.9999916699623662
Time, 0.004, Pos_X, -1.16265366e-05, Pos_Y, -6.892916441287985e-07, Pos_Z, 8.088487922405198e-06, BFx, 1.0, 0.0, 0.0,                             BFy, 0.0, 0.9999666009010361, 0.008172948209082372, BFz, 0.0, -0.008172948209082374, 0.999966600901036
Time, 0.006, Pos_X, -2.63135754e-05, Pos_Y, -1.6859573599677873e-06, Pos_Z, 1.827784143921675e-05, BFx, 1.0, 0.0, 0.0,                             BFy, 0.0, 0.9999248040877208, 0.012263203909819033, BFz, 0.0, -0.012263203909819033, 0.9999248040877207
Time, 0.008, Pos_X, -4.70169028e-05, Pos_Y, -3.25214240892236e-06, Pos_Z, 3.257110502202781e-05, BFx, 1.0, 0.0, 0.0,                             BFy, 0.0, 0.999866512011417, 0.01633885424758233, BFz, 0.0, -0.01633885424758233, 0.9998665120114169
Time, 0.01, Pos_X, -7.37553006e-05, Pos_Y, -5.492954455904649e-06, Pos_Z, 5.089417618536123e-05, BFx, 1.0, 0.0, 0.0,                             BFy, 0.0, 0.9997922382324997, 0.02038333559673309, BFz, 0.0, -0.02038333559673309, 0.9997922382324996
Time, 0.012, Pos_X, -0.00010649624579999999, Pos_Y, -8.516521166918408e-06, Pos_Z, 7.310119144353515e-05, BFx, 1.0, 0.0, 0.0,                             BFy, 0.0, 0.9997028350906553, 0.02437706938307028, BFz, 0.0, -0.02437706938307028, 0.9997028350906552
Time, 0.014, Pos_X, -0.0001451504982, Pos_Y, -1.243378139668532e-05, Pos_Z, 9.89682683691865e-05, BFx, 1.0, 0.0, 0.0,                             BFy, 0.0, 0.9995995278916454, 0.028298124298276862, BFz, 0.0, -0.02829812429827686, 0.9995995278916453
Time, 0.016, Pos_X, -0.00018956757139999998, Pos_Y, -1.7358223206655635e-05, Pos_Z, 0.00012818775372190941, BFx, 1.0, 0.0, 0.0,                             BFy, 0.0, 0.9994839141474565, 0.03212328377486803, BFz, 0.0, -0.03212328377486803, 0.9994839141474566
Time, 0.018, Pos_X, -0.00023953160119999993, Pos_Y, -2.340539519165327e-05, Pos_Z, 0.00016036211391826606, BFx, 1.0, 0.0, 0.0,                             BFy, 0.0, 0.9993579092907224, 0.03582972422552469, BFz, 0.0, -0.03582972422552469, 0.9993579092907227
Time, 0.02, Pos_X, -0.00029475739699999997, Pos_Y, -3.069216345408319e-05, Pos_Z, 0.00019499822877702978, BFx, 1.0, 0.0, 0.0,                             BFy, 0.0, 0.9992236429473885, 0.03939684473343694, BFz, 0.0, -0.03939684473343695, 0.9992236429473889
Time, 0.022, Pos_X, -0.0003548863333999999, Pos_Y, -3.933654039382735e-05, Pos_Z, 0.0002315021948864185, BFx, 1.0, 0.0, 0.0,                             BFy, 0.0, 0.9990833043669155, 0.042808304513093864, BFz, 0.0, -0.04280830451309388, 0.999083304366916
Time, 0.024, Pos_X, -0.00041948209739999995, Pos_Y, -4.945752762333244e-05, Pos_Z, 0.0002691748071275965, BFx, 1.0, 0.0, 0.0,                             BFy, 0.0, 0.998938957165103, 0.04605387994400954, BFz, 0.0, -0.04605387994400956, 0.9989389571651033
Time, 0.026, Pos_X, -0.0004880272615199999, Pos_Y, -6.117447780967038e-05, Pos_Z, 0.00030720819531754453, BFx, 1.0, 0.0, 0.0,                             BFy, 0.0, 0.9987923453104485, 0.049130957137582226, BFz, 0.0, -0.04913095713758224, 0.9987923453104487
Time, 0.028, Pos_X, -0.0005599215886799999, Pos_Y, -7.460616312388571e-05, Pos_Z, 0.000344684690186694, BFx, 1.0, 0.0, 0.0,                             BFy, 0.0, 0.9986447633798058, 0.052044563348083155, BFz, 0.0, -0.05204456334808317, 0.9986447633798061
Time, 0.03, Pos_X, -0.0006344824186599999, Pos_Y, -8.986944234899716e-05, Pos_Z, 0.0003805780434364673, BFx, 1.0, 0.0, 0.0,                             BFy, 0.0, 0.9984969045176677, 0.05480813505891624, BFz, 0.0, -0.054808135058916255, 0.998496904517668
Time, 0.032, Pos_X, -0.00071094697128, Pos_Y, -0.00010707752119347273, Pos_Z, 0.00041375755484959417, BFx, 1.0, 0.0, 0.0,                             BFy, 0.0, 0.998348767700837, 0.057443346265875966, BFz, 0.0, -0.05744334626587599, 0.9983487677008372
Time, 0.034, Pos_X, -0.00078847644378, Pos_Y, -0.00012633755916930463, Pos_Z, 0.0004429953625603934, BFx, 1.0, 0.0, 0.0,                             BFy, 0.0, 0.9981996477258223, 0.05997885694180886, BFz, 0.0, -0.05997885694180887, 0.9981996477258224
Time, 0.036, Pos_X, -0.0008661616104599998, Pos_Y, -0.00014774814745279857, Pos_Z, 0.0004669758051136964, BFx, 1.0, 0.0, 0.0,                             BFy, 0.0, 0.9980481931859395, 0.06244841133514176, BFz, 0.0, -0.062448411335141764, 0.9980481931859397
Time, 0.038, Pos_X, -0.0009430292684399998, Pos_Y, -0.00017139708157917131, Pos_Z, 0.0004843072977656303, BFx, 1.0, 0.0, 0.0,                             BFy, 0.0, 0.9978924606648678, 0.0648894209268082, BFz, 0.0, -0.0648894209268082, 0.997892460664868
Time, 0.04, Pos_X, -0.0010180493013999998, Pos_Y, -0.0001973596348068138, Pos_Z, 0.0004935374775087897, BFx, 1.0, 0.0, 0.0,                             BFy, 0.0, 0.9977299978279539, 0.06734130555782465, BFz, 0.0, -0.06734130555782464, 0.9977299978279542
Time, 0.042, Pos_X, -0.00109014256968, Pos_Y, -0.00022569769770814562, Pos_Z, 0.0004931705928096911, BFx, 1.0, 0.0, 0.0,                             BFy, 0.0, 0.9975579677004855, 0.06984340396399755, BFz, 0.0, -0.06984340396399753, 0.9975579677004859
Time, 0.044, Pos_X, -0.0011581900561599997, Pos_Y, -0.00025645939948433543, Pos_Z, 0.0004816858943629243, BFx, 1.0, 0.0, 0.0,                             BFy, 0.0, 0.9973732439693141, 0.07243350201480159, BFz, 0.0, -0.07243350201480159, 0.9973732439693145
Time, 0.046, Pos_X, -0.0012210430990399997, Pos_Y, -0.00028967904603118824, Pos_Z, 0.0004575568627552346, BFx, 1.0, 0.0, 0.0,                             BFy, 0.0, 0.9971724983919753, 0.07514657976719645, BFz, 0.0, -0.07514657976719642, 0.9971724983919756
Time, 0.048, Pos_X, -0.0012775327893199998, Pos_Y, -0.0003253783783202012, Pos_Z, 0.00041927213111351544, BFx, 1.0, 0.0, 0.0,                             BFy, 0.0, 0.9969522901291986, 0.07801366038167633, BFz, 0.0, -0.07801366038167631, 0.996952290129199
Time, 0.05, Pos_X, -0.0013264780269999998, Pos_Y, -0.0003635689068087551, Pos_Z, 0.00036535714888070444, BFx, 1.0, 0.0, 0.0,                             BFy, 0.0, 0.9967091321724586, 0.08106112412263962, BFz, 0.0, -0.08106112412263962, 0.996709132172459
Time, 0.052, Pos_X, -0.0013666939168799996, Pos_Y, -0.00040425414245361807, Pos_Z, 0.0002943953882880707, BFx, 1.0, 0.0, 0.0,                             BFy, 0.0, 0.9964395814348509, 0.084309907780408, BFz, 0.0, -0.08430990778040802, 0.9964395814348512
Time, 0.054, Pos_X, -0.0013970002221599996, Pos_Y, -0.00044743195212609984, Pos_Z, 0.0002050495537681266, BFx, 1.0, 0.0, 0.0,                             BFy, 0.0, 0.9961403583262513, 0.08777463479644707, BFz, 0.0, -0.08777463479644709, 0.9961403583262516
Time, 0.056, Pos_X, -0.0014162285836399997, Pos_Y, -0.0004930985159706696, Pos_Z, 9.607969995645273e-05, BFx, 1.0, 0.0, 0.0,                             BFy, 0.0, 0.995808462264458, 0.0914631427543223, BFz, 0.0, -0.09146314275432232, 0.9958084622644582
Time, 0.058, Pos_X, -0.0014232231837199997, Pos_Y, -0.0005412521885047966, Pos_Z, -3.364140684516193e-05, BFx, 1.0, 0.0, 0.0,                             BFy, 0.0, 0.995441293341823, 0.09537626282236468, BFz, 0.0, -0.0953762628223647, 0.9954412933418232
Time, 0.06, Pos_X, -0.0014168430811999997, Pos_Y, -0.0005918957786904172, Pos_Z, -0.0001851112447788895, BFx, 1.0, 0.0, 0.0,                             BFy, 0.0, 0.995036759157624, 0.09950802945036448, BFz, 0.0, -0.0995080294503645, 0.995036759157624
Time, 0.062, Pos_X, -0.0013959684760799997, Pos_Y, -0.0006450395993031046, Pos_Z, -0.0003591815406651875, BFx, 1.0, 0.0, 0.0,                             BFy, 0.0, 0.9945933924140874, 0.10384596172330998, BFz, 0.0, -0.10384596172331001, 0.9945933924140875
Time, 0.064, Pos_X, -0.0013595020187599997, Pos_Y, -0.0007007051902834162, Pos_Z, -0.0005565470883861362, BFx, 1.0, 0.0, 0.0,                             BFy, 0.0, 0.9941104849344804, 0.10837132343629373, BFz, 0.0, -0.10837132343629374, 0.9941104849344806
Time, 0.066, Pos_X, -0.0013063695010399996, Pos_Y, -0.0007589283369805705, Pos_Z, -0.0007777376852971027, BFx, 1.0, 0.0, 0.0,                             BFy, 0.0, 0.9935881772274344, 0.11305986942264604, BFz, 0.0, -0.11305986942264604, 0.9935881772274346
Time, 0.068, Pos_X, -0.0012355192577199994, Pos_Y, -0.0008197620380768421, Pos_Z, -0.0010231126484616588, BFx, 1.0, 0.0, 0.0,                             BFy, 0.0, 0.9930275682979885, 0.11788235067297179, BFz, 0.0, -0.11788235067297177, 0.9930275682979887
Time, 0.07, Pos_X, -0.0011459201683999994, Pos_Y, -0.0008832788511460594, Pos_Z, -0.0012928580183969008, BFx, 1.0, 0.0, 0.0,                             BFy, 0.0, 0.992430801412055, 0.12280514813568666, BFz, 0.0, -0.12280514813568662, 0.9924308014120552
Time, 0.072, Pos_X, -0.00103655991768, Pos_Y, -0.0009495720102103509, Pos_Z, -0.0015869857606972348, BFx, 1.0, 0.0, 0.0,                             BFy, 0.0, 0.99180115855838, 0.12779069560127135, BFz, 0.0, -0.12779069560127132, 0.9918011585583801
Time, 0.074, Pos_X, -0.0009064438509599999, Pos_Y, -0.0010187556121513221, Pos_Z, -0.0019053362529545665, BFx, 1.0, 0.0, 0.0,                             BFy, 0.0, 0.9911430766470741, 0.1327983494422028, BFz, 0.0, -0.13279834944220273, 0.9911430766470742
Time, 0.076, Pos_X, -0.0007545948092399998, Pos_Y, -0.0010909633857095237, Pos_Z, -0.0022475855089656004, BFx, 1.0, 0.0, 0.0,                             BFy, 0.0, 0.9904621269066004, 0.13778525016726037, BFz, 0.0, -0.13778525016726031, 0.9904621269066005
Time, 0.078, Pos_X, -0.0005800537595199996, Pos_Y, -0.0011663468893139944, Pos_Z, -0.0026132548390431476, BFx, 1.0, 0.0, 0.0,                             BFy, 0.0, 0.9897649188515877, 0.1427074118983014, BFz, 0.0, -0.14270741189830136, 0.9897649188515878
Time, 0.08, Pos_X, -0.0003818819507999994, Pos_Y, -0.001245072550300377, Pos_Z, -0.003001721457441689, BFx, 1.0, 0.0, 0.0,                             BFy, 0.0, 0.9890589467690224, 0.14752084536143914, BFz, 0.0, -0.1475208453614391, 0.9890589467690225
Time, 0.082, Pos_X, -0.00015916475207999908, Pos_Y, -0.0013273170770248745, Pos_Z, -0.0034122313503765433, BFx, 1.0, 0.0, 0.0,                             BFy, 0.0, 0.9883522820301884, 0.15218333222045183, BFz, 0.0, -0.1521833322204518, 0.9883522820301887
Time, 0.084, Pos_X, 8.898263464000123e-05, Pos_Y, -0.001413262082789007, Pos_Z, -0.0038439142653511173, BFx, 1.0, 0.0, 0.0,                             BFy, 0.0, 0.9876532043330022, 0.15665614565268318, BFz, 0.0, -0.15665614565268315, 0.9876532043330023
Time, 0.086, Pos_X, 0.00036340764535999965, Pos_Y, -0.001503087478258309, Pos_Z, -0.004295799465768324, BFx, 1.0, 0.0, 0.0,                             BFy, 0.0, 0.9869697608794368, 0.1609058454798614, BFz, 0.0, -0.16090584547986136, 0.9869697608794369
Time, 0.088, Pos_X, 0.0006649100334799999, Pos_Y, -0.0015969629474550382, Pos_Z, -0.004766831589943435, BFx, 1.0, 0.0, 0.0,                             BFy, 0.0, 0.9863094438546001, 0.164905066517774, BFz, 0.0, -0.16490506651777403, 0.9863094438546001
Time, 0.09, Pos_X, 0.0009942292960000002, Pos_Y, -0.0016950379021344448, Pos_Z, -0.005255886773572953, BFx, 1.0, 0.0, 0.0,                             BFy, 0.0, 0.985678722858223, 0.16863408701856256, BFz, 0.0, -0.16863408701856264, 0.9856787228582229
Time, 0.092, Pos_X, 0.0013520301575200007, Pos_Y, -0.0017974306922649771, Pos_Z, -0.005761788353347734, BFx, 1.0, 0.0, 0.0,                             BFy, 0.0, 0.9850827536207958, 0.17208128462698136, BFz, 0.0, -0.17208128462698144, 0.9850827536207958
Time, 0.094, Pos_X, 0.001738886678440001, Pos_Y, -0.0019042177500813399, Pos_Z, -0.00628332244357958, BFx, 1.0, 0.0, 0.0,                             BFy, 0.0, 0.9845251500202689, 0.1752433421775819, BFz, 0.0, -0.17524334217758195, 0.9845251500202686
Time, 0.096, Pos_X, 0.0021552662527600016, Pos_Y, -0.002015422600874179, Pos_Z, -0.006819252826255896, BFx, 1.0, 0.0, 0.0,                             BFy, 0.0, 0.9840078464644555, 0.1781251192178877, BFz, 0.0, -0.17812511921788776, 0.9840078464644552
Time, 0.098, Pos_X, 0.002601513685080002, Pos_Y, -0.0021310051391041193, Pos_Z, -0.007368334548097357, BFx, 1.0, 0.0, 0.0,                             BFy, 0.0, 0.9835311520887237, 0.18073868670273718, BFz, 0.0, -0.18073868670273724, 0.9835311520887233
Time, 0.1, Pos_X, 0.0030778360940000027, Pos_Y, -0.0022508522745585307, Pos_Z, -0.0079293260583977, BFx, 1.0, 0.0, 0.0,                             BFy, 0.0, 0.9830938940794636, 0.18310214478175546, BFz, 0.0, -0.18310214478175552, 0.9830938940794632
Time, 0.102, Pos_X, 0.0035842892895199996, Pos_Y, -0.002374770091055874, Pos_Z, -0.008500999511423468, BFx, 1.0, 0.0, 0.0,                             BFy, 0.0, 0.9826936269940435, 0.18523832072574503, BFz, 0.0, -0.1852383207257451, 0.9826936269940432
Time, 0.104, Pos_X, 0.00412076663764, Pos_Y, -0.0025024777448259894, Pos_Z, -0.00908214910546901, BFx, 1.0, 0.0, 0.0,                             BFy, 0.0, 0.9823269148522337, 0.18717326827540046, BFz, 0.0, -0.1871732682754005, 0.9823269148522333
Time, 0.106, Pos_X, 0.004686989744360001, Pos_Y, -0.0026336029437237867, Pos_Z, -0.009671597821584537, BFx, 1.0, 0.0, 0.0,                             BFy, 0.0, 0.9819895787961829, 0.18893508709527293, BFz, 0.0, -0.188935087095273, 0.9819895787961824
Time, 0.108, Pos_X, 0.005282501348480001, Pos_Y, -0.0027676791140524154, Pos_Z, -0.010268202753262954, BFx, 1.0, 0.0, 0.0,                             BFy, 0.0, 0.98167689247738, 0.19055308650336136, BFz, 0.0, -0.19055308650336142, 0.9816768924773797
Time, 0.11, Pos_X, 0.005906661770000002, Pos_Y, -0.002904144635918552, Pos_Z, -0.010870858972560255, BFx, 1.0, 0.0, 0.0,                             BFy, 0.0, 0.9813837992335138, 0.19205686293907182, BFz, 0.0, -0.19205686293907187, 0.9813837992335135
Time, 0.112, Pos_X, 0.006558649076120002, Pos_Y, -0.003042344363683873, Pos_Z, -0.011478502747044912, BFx, 1.0, 0.0, 0.0,                             BFy, 0.0, 0.9811051375151476, 0.19347534504785482, BFz, 0.0, -0.19347534504785485, 0.9811051375151473
Time, 0.114, Pos_X, 0.007237463328840003, Pos_Y, -0.003181533898413266, Pos_Z, -0.012090114839295061, BFx, 1.0, 0.0, 0.0,                             BFy, 0.0, 0.9808358171876531, 0.19483608423962917, BFz, 0.0, -0.19483608423962917, 0.9808358171876528
Time, 0.116, Pos_X, 0.007941936479560005, Pos_Y, -0.0033208872964214406, Pos_Z, -0.012704723635097868, BFx, 1.0, 0.0, 0.0,                             BFy, 0.0, 0.9805709862259112, 0.19616457624134612, BFz, 0.0, -0.19616457624134612, 0.9805709862259109
Time, 0.118, Pos_X, 0.00867074680028, Pos_Y, -0.0034595076786402934, Pos_Z, -0.013321408087334672, BFx, 1.0, 0.0, 0.0,                             BFy, 0.0, 0.980306138557978, 0.19748385935450452, BFz, 0.0, -0.19748385935450455, 0.9803061385579777
Time, 0.12, Pos_X, 0.0094224361056, Pos_Y, -0.0035964397669352465, Pos_Z, -0.013939300260530724, BFx, 1.0, 0.0, 0.0,                             BFy, 0.0, 0.9800372178219812, 0.19881411339176647, BFz, 0.0, -0.1988141133917665, 0.9800372178219807
Time, 0.122, Pos_X, 0.010195430064120001, Pos_Y, -0.0037306842745526304, Pos_Z, -0.0145575869749628, BFx, 1.0, 0.0, 0.0,                             BFy, 0.0, 0.9797607205737068, 0.20017225187546484, BFz, 0.0, -0.20017225187546484, 0.9797607205737064
Time, 0.124, Pos_X, 0.010988060627240002, Pos_Y, -0.003861213621421182, Pos_Z, -0.015175512078743163, BFx, 1.0, 0.0, 0.0,                             BFy, 0.0, 0.979473777654519, 0.2015716222269131, BFz, 0.0, -0.2015716222269131, 0.9794737776545187
Time, 0.126, Pos_X, 0.011798590628360002, Pos_Y, -0.003986988356618221, Pos_Z, -0.015792378680593973, BFx, 1.0, 0.0, 0.0,                             BFy, 0.0, 0.9791741710921604, 0.20302202507605957, BFz, 0.0, -0.20302202507605957, 0.9791741710921601
Time, 0.128, Pos_X, 0.012625240180880003, Pos_Y, -0.004106973988753035, Pos_Z, -0.016407551092100327, BFx, 1.0, 0.0, 0.0,                             BFy, 0.0, 0.978860347193314, 0.20452975502989354, BFz, 0.0, -0.20452975502989354, 0.9788603471933137
Time, 0.13, Pos_X, 0.013466213899600003, Pos_Y, -0.004220157810865233, Pos_Z, -0.017020457078935868, BFx, 1.0, 0.0, 0.0,                             BFy, 0.0, 0.9785314348379365, 0.20609762500818066, BFz, 0.0, -0.20609762500818066, 0.9785314348379363
Time, 0.132, Pos_X, 0.014319728348720005, Pos_Y, -0.004325564791151909, Pos_Z, -0.017630589747293302, BFx, 1.0, 0.0, 0.0,                             BFy, 0.0, 0.9781872243244145, 0.20772518905636073, BFz, 0.0, -0.20772518905636067, 0.9781872243244143
Time, 0.134, Pos_X, 0.015184039168840006, Pos_Y, -0.004422272678136523, Pos_Z, -0.018237508650747546, BFx, 1.0, 0.0, 0.0,                             BFy, 0.0, 0.9778280759477781, 0.20940929752107443, BFz, 0.0, -0.20940929752107437, 0.9778280759477779
Time, 0.136, Pos_X, 0.016057467476360006, Pos_Y, -0.004509426069459206, Pos_Z, -0.01884083995552712, BFx, 1.0, 0.0, 0.0,                             BFy, 0.0, 0.9774548934603842, 0.2111443374811463, BFz, 0.0, -0.21114433748114628, 0.9774548934603841
Time, 0.138, Pos_X, 0.016938424768080006, Pos_Y, -0.004586248407203131, Pos_Z, -0.019440276763782155, BFx, 1.0, 0.0, 0.0,                             BFy, 0.0, 0.9770690445012461, 0.2129227143294604, BFz, 0.0, -0.21292271432946033, 0.9770690445012461
Time, 0.14, Pos_X, 0.017825435592400008, Pos_Y, -0.0046520514966030425, Pos_Z, -0.02003557976546157, BFx, 1.0, 0.0, 0.0,                             BFy, 0.0, 0.9766722870110429, 0.21473528770237663, BFz, 0.0, -0.21473528770237654, 0.9766722870110429
Time, 0.142, Pos_X, 0.018717158107119998, Pos_Y, -0.004706242598217219, Pos_Z, -0.020626577914536377, BFx, 1.0, 0.0, 0.0,                             BFy, 0.0, 0.9762665546239339, 0.2165724228121328, BFz, 0.0, -0.2165724228121327, 0.9762665546239339
Time, 0.144, Pos_X, 0.01961240232224, Pos_Y, -0.004748329743013013, Pos_Z, -0.021213168783676666, BFx, 1.0, 0.0, 0.0,                             BFy, 0.0, 0.9758540026708586, 0.21842382075054848, BFz, 0.0, -0.21842382075054845, 0.9758540026708586
Time, 0.146, Pos_X, 0.02051014468656, Pos_Y, -0.004777924294433971, Pos_Z, -0.021795317391892114, BFx, 1.0, 0.0, 0.0,                             BFy, 0.0, 0.9754368725303767, 0.22027915858782837, BFz, 0.0, -0.22027915858782837, 0.9754368725303765
Time, 0.148, Pos_X, 0.021409538061400002, Pos_Y, -0.004794740306477646, Pos_Z, -0.022373053903246315, BFx, 1.0, 0.0, 0.0,                             BFy, 0.0, 0.9750174163545247, 0.22212842637841518, BFz, 0.0, -0.22212842637841518, 0.9750174163545245
Time, 0.15, Pos_X, 0.022309917940800002, Pos_Y, -0.004798591294036845, Pos_Z, -0.02294647084590588, BFx, 1.0, 0.0, 0.0,                             BFy, 0.0, 0.9745979055039596, 0.22396187753119653, BFz, 0.0, -0.22396187753119653, 0.9745979055039594
Time, 0.152, Pos_X, 0.023210805297720002, Pos_Y, -0.004789384245987436, Pos_Z, -0.02351571930495378, BFx, 1.0, 0.0, 0.0,                             BFy, 0.0, 0.974180580261146, 0.22577023063739035, BFz, 0.0, -0.22577023063739035, 0.974180580261146
Time, 0.154, Pos_X, 0.024111906419068005, Pos_Y, -0.004767111274175016, Pos_Z, -0.024081003926318047, BFx, 1.0, 0.0, 0.0,                             BFy, 0.0, 0.9737676756714377, 0.22754453150416365, BFz, 0.0, -0.22754453150416362, 0.9737676756714378
Time, 0.156, Pos_X, 0.025013110073518006, Pos_Y, -0.004731839783652897, Pos_Z, -0.0246425769613039, BFx, 1.0, 0.0, 0.0,                             BFy, 0.0, 0.973361452440854, 0.2292759972222009, BFz, 0.0, -0.22927599722220085, 0.9733614524408543
Time, 0.158, Pos_X, 0.025914480373256006, Pos_Y, -0.004683700958275903, Pos_Z, -0.025200732824637764, BFx, 1.0, 0.0, 0.0,                             BFy, 0.0, 0.9729641986680445, 0.23095598738775736, BFz, 0.0, -0.2309559873877573, 0.9729641986680446
Time, 0.16, Pos_X, 0.026816245770248007, Pos_Y, -0.004622877188601023, Pos_Z, -0.025755803152436002, BFx, 1.0, 0.0, 0.0,                             BFy, 0.0, 0.9725782318368541, 0.2325759724414849, BFz, 0.0, -0.23257597244148484, 0.9725782318368542
Time, 0.162, Pos_X, 0.027718786389300008, Pos_Y, -0.004549589875934431, Pos_Z, -0.026308151582096213, BFx, 1.0, 0.0, 0.0,                             BFy, 0.0, 0.9722059039610073, 0.23412748728708532, BFz, 0.0, -0.23412748728708527, 0.9722059039610076
Time, 0.164, Pos_X, 0.02862262069235201, Pos_Y, -0.004464087563427692, Pos_Z, -0.026858168950445835, BFx, 1.0, 0.0, 0.0,                             BFy, 0.0, 0.9718495650306082, 0.23560225582498417, BFz, 0.0, -0.23560225582498415, 0.9718495650306084
Time, 0.166, Pos_X, 0.02952838978166401, Pos_Y, -0.004366633603247148, Pos_Z, -0.027406269058288628, BFx, 1.0, 0.0, 0.0,                             BFy, 0.0, 0.9715114694592842, 0.23699254146294477, BFz, 0.0, -0.23699254146294474, 0.9715114694592846
Time, 0.168, Pos_X, 0.03043683690357601, Pos_Y, -0.004257493268956681, Pos_Z, -0.02795288357413636, BFx, 1.0, 0.0, 0.0,                             BFy, 0.0, 0.9711937302703593, 0.2382912887277834, BFz, 0.0, -0.23829128872778338, 0.9711937302703595
Time, 0.17, Pos_X, 0.03134878930636801, Pos_Y, -0.004136922779157948, Pos_Z, -0.028498457089629725, BFx, 1.0, 0.0, 0.0,                             BFy, 0.0, 0.9708982252104286, 0.23949245558731672, BFz, 0.0, -0.2394924555873167, 0.9708982252104288
Time, 0.172, Pos_X, 0.03226514013044, Pos_Y, -0.004005158664308137, Pos_Z, -0.029043443328444368, BFx, 1.0, 0.0, 0.0,                             BFy, 0.0, 0.9706265444942211, 0.2405911700857092, BFz, 0.0, -0.24059117008570916, 0.9706265444942214
Time, 0.174, Pos_X, 0.033186825488512, Pos_Y, -0.003862406482749819, Pos_Z, -0.029588300534182342, BFx, 1.0, 0.0, 0.0,                             BFy, 0.0, 0.970379937734929, 0.24158389110526038, BFz, 0.0, -0.24158389110526027, 0.9703799377349294
Time, 0.176, Pos_X, 0.034114802747984, Pos_Y, -0.0037088306897494266, Pos_Z, -0.030133485680609275, BFx, 1.0, 0.0, 0.0,                             BFy, 0.0, 0.9701592666588549, 0.24246854912742027, BFz, 0.0, -0.24246854912742014, 0.9701592666588553
Time, 0.178, Pos_X, 0.035050029062456, Pos_Y, -0.003544545608801865, Pos_Z, -0.030679448380946137, BFx, 1.0, 0.0, 0.0,                             BFy, 0.0, 0.969964995346668, 0.2432445432114378, BFz, 0.0, -0.24324454321143765, 0.9699649953466686
Time, 0.18, Pos_X, 0.035993440815528, Pos_Y, -0.003369608350328258, Pos_Z, -0.03122662504047502, BFx, 1.0, 0.0, 0.0,                             BFy, 0.0, 0.9697972783208536, 0.243912359181464, BFz, 0.0, -0.24391235918146384, 0.9697972783208542
Time, 0.182, Pos_X, 0.036945935173, Pos_Y, -0.0031840138429154504, Pos_Z, -0.03177543331300183, BFx, 1.0, 0.0, 0.0,                             BFy, 0.0, 0.9696560977501069, 0.24447300893153456, BFz, 0.0, -0.24447300893153437, 0.9696560977501073
Time, 0.184, Pos_X, 0.037908353745272, Pos_Y, -0.0029876918247072697, Pos_Z, -0.032326266124154374, BFx, 1.0, 0.0, 0.0,                             BFy, 0.0, 0.9695413627885465, 0.24492763388832098, BFz, 0.0, -0.24492763388832076, 0.9695413627885469
Time, 0.186, Pos_X, 0.03888146850394401, Pos_Y, -0.0027805051013632155, Pos_Z, -0.03287948407660215, BFx, 1.0, 0.0, 0.0,                             BFy, 0.0, 0.9694530602474551, 0.24527691284922762, BFz, 0.0, -0.2452769128492274, 0.9694530602474555
Time, 0.188, Pos_X, 0.03986596968701601, Pos_Y, -0.0025622484469959394, Pos_Z, -0.033435406397182205, BFx, 1.0, 0.0, 0.0,                             BFy, 0.0, 0.9693913787078805, 0.24552057935504729, BFz, 0.0, -0.24552057935504706, 0.9693913787078808
Time, 0.19, Pos_X, 0.04086245612908801, Pos_Y, -0.0023326486128189767, Pos_Z, -0.033994300741768686, BFx, 1.0, 0.0, 0.0,                             BFy, 0.0, 0.9693567468555049, 0.24565727615056648, BFz, 0.0, -0.24565727615056623, 0.9693567468555054
Time, 0.192, Pos_X, 0.04187142753476001, Pos_Y, -0.002091365889454203, Pos_Z, -0.03455637240426367, BFx, 1.0, 0.0, 0.0,                             BFy, 0.0, 0.9693498282851468, 0.24568457502163032, BFz, 0.0, -0.24568457502163005, 0.9693498282851474
Time, 0.194, Pos_X, 0.04289327899183201, Pos_Y, -0.0018379970953449664, Pos_Z, -0.03512175369968033, BFx, 1.0, 0.0, 0.0,                             BFy, 0.0, 0.969371410753978, 0.24559940556289087, BFz, 0.0, -0.2455994055628906, 0.9693714107539787
Time, 0.196, Pos_X, 0.04392829813410401, Pos_Y, -0.001572080469269122, Pos_Z, -0.03569049363440234, BFx, 1.0, 0.0, 0.0,                             BFy, 0.0, 0.9694223037949745, 0.245398445196474, BFz, 0.0, -0.2453984451964737, 0.9694223037949751
Time, 0.198, Pos_X, 0.044976665168176014, Pos_Y, -0.0012931018147618698, Pos_Z, -0.036262548337077545, BFx, 1.0, 0.0, 0.0,                             BFy, 0.0, 0.9695031617303824, 0.24507880241831398, BFz, 0.0, -0.24507880241831365, 0.9695031617303829
Time, 0.2, Pos_X, 0.046038454942648015, Pos_Y, -0.0010005012441864501, Pos_Z, -0.036837772743147756, BFx, 1.0, 0.0, 0.0,                             BFy, 0.0, 0.9696143046651599, 0.24463871359353953, BFz, 0.0, -0.24463871359353917, 0.9696143046651603
Time, 0.202, Pos_X, 0.047113640350320014, Pos_Y, -0.0006936805379471798, Pos_Z, -0.03741591398447619, BFx, 1.0, 0.0, 0.0,                             BFy, 0.0, 0.9697555974474666, 0.2440780228109669, BFz, 0.0, -0.24407802281096652, 0.969755597447467
Time, 0.204, Pos_X, 0.048202097196592, Pos_Y, -0.0003720108359047096, Pos_Z, -0.0379966067644131, BFx, 1.0, 0.0, 0.0,                             BFy, 0.0, 0.9699263442128763, 0.24339861709107802, BFz, 0.0, -0.24339861709107763, 0.9699263442128766
Time, 0.206, Pos_X, 0.049303610703464, Pos_Y, -3.4841310942661295e-05, Pos_Z, -0.03857937078251528, BFx, 1.0, 0.0, 0.0,                             BFy, 0.0, 0.9701252668745496, 0.24260454771415152, BFz, 0.0, -0.24260454771415116, 0.9701252668745499
Time, 0.208, Pos_X, 0.050417882534336, Pos_Y, 0.0003184919735067819, Pos_Z, -0.03916361035408282, BFx, 1.0, 0.0, 0.0,                             BFy, 0.0, 0.9703505042443547, 0.24170208710876073, BFz, 0.0, -0.24170208710876032, 0.970350504244355
Time, 0.21, Pos_X, 0.051544537735608006, Pos_Y, 0.0006886574955368291, Pos_Z, -0.039748616060781755, BFx, 1.0, 0.0, 0.0,                             BFy, 0.0, 0.9705996955981117, 0.24069946178763563, BFz, 0.0, -0.24069946178763524, 0.9705996955981119
Time, 0.212, Pos_X, 0.05268313248108001, Pos_Y, 0.0010763195580089629, Pos_Z, -0.04033356904450189, BFx, 1.0, 0.0, 0.0,                             BFy, 0.0, 0.970870147058405, 0.23960625524137555, BFz, 0.0, -0.2396062552413752, 0.9708701470584052
Time, 0.214, Pos_X, 0.053833161856952014, Pos_Y, 0.0014821299517240884, Pos_Z, -0.04091754858650881, BFx, 1.0, 0.0, 0.0,                             BFy, 0.0, 0.9711590164365231, 0.23843272592924233, BFz, 0.0, -0.23843272592924197, 0.9711590164365236
Time, 0.216, Pos_X, 0.054994068128824014, Pos_Y, 0.0019067201255426013, Pos_Z, -0.04149954268139543, BFx, 1.0, 0.0, 0.0,                             BFy, 0.0, 0.971463507353091, 0.2371890677945238, BFz, 0.0, -0.23718906779452342, 0.9714635073530915
Time, 0.218, Pos_X, 0.056165248834896014, Pos_Y, 0.00235069449935226, Pos_Z, -0.042078460761930614, BFx, 1.0, 0.0, 0.0,                             BFy, 0.0, 0.9717810121178765, 0.23588485429793846, BFz, 0.0, -0.23588485429793812, 0.971781012117877
Time, 0.22, Pos_X, 0.05734606394896802, Pos_Y, 0.002814625056394322, Pos_Z, -0.04265314793966136, BFx, 1.0, 0.0, 0.0,                             BFy, 0.0, 0.9721092234857647, 0.23452858592058218, BFz, 0.0, -0.23452858592058193, 0.9721092234857651
Time, 0.222, Pos_X, 0.058535842902440016, Pos_Y, 0.003299046978528229, Pos_Z, -0.0432224011961027, BFx, 1.0, 0.0, 0.0,                             BFy, 0.0, 0.9724461731538115, 0.23312751943627674, BFz, 0.0, -0.2331275194362765, 0.972446173153812
Time, 0.224, Pos_X, 0.059733891406112016, Pos_Y, 0.0038044555528131694, Pos_Z, -0.04378498686575125, BFx, 1.0, 0.0, 0.0,                             BFy, 0.0, 0.9727902007815701, 0.23168777538609345, BFz, 0.0, -0.2316877753860932, 0.9727902007815705
Time, 0.226, Pos_X, 0.06093949783098402, Pos_Y, 0.004331303948128627, Pos_Z, -0.044339658658264454, BFx, 1.0, 0.0, 0.0,                             BFy, 0.0, 0.9731399122955976, 0.23021448932967148, BFz, 0.0, -0.23021448932967123, 0.9731399122955979
Time, 0.228, Pos_X, 0.06215193874925602, Pos_Y, 0.004880001822137641, Pos_Z, -0.04488517550573408, BFx, 1.0, 0.0, 0.0,                             BFy, 0.0, 0.9734941482457958, 0.22871192214486166, BFz, 0.0, -0.2287119221448614, 0.9734941482457962
Time, 0.23, Pos_X, 0.06337048457112802, Pos_Y, 0.005450915107724258, Pos_Z, -0.0454203188746483, BFx, 1.0, 0.0, 0.0,                             BFy, 0.0, 0.9738519434340793, 0.2271836091571561, BFz, 0.0, -0.22718360915715585, 0.9738519434340795
Time, 0.232, Pos_X, 0.06459440535620002, Pos_Y, 0.006044367070872109, Pos_Z, -0.045943909923759754, BFx, 1.0, 0.0, 0.0,                             BFy, 0.0, 0.974212504376862, 0.2256324363112869, BFz, 0.0, -0.22563243631128665, 0.9742125043768622
Time, 0.234, Pos_X, 0.06582297633967202, Pos_Y, 0.006660640465683422, Pos_Z, -0.046454825557995405, BFx, 1.0, 0.0, 0.0,                             BFy, 0.0, 0.974575200844648, 0.22406065673968326, BFz, 0.0, -0.22406065673968295, 0.9745752008446482
Time, 0.236, Pos_X, 0.067055486080144, Pos_Y, 0.007299979144128264, Pos_Z, -0.04695201153400221, BFx, 1.0, 0.0, 0.0,                             BFy, 0.0, 0.9749395357029361, 0.2224700018504677, BFz, 0.0, -0.22247000185046742, 0.9749395357029363
Time, 0.238, Pos_X, 0.068291241645016, Pos_Y, 0.007962590817236598, Pos_Z, -0.047434495156698814, BFx, 1.0, 0.0, 0.0,                             BFy, 0.0, 0.9753051635780426, 0.2208615808555474, BFz, 0.0, -0.22086158085554713, 0.9753051635780429
Time, 0.24, Pos_X, 0.069529566354688, Pos_Y, 0.008648652004535577, Pos_Z, -0.04790140388488714, BFx, 1.0, 0.0, 0.0,                             BFy, 0.0, 0.9756719186767414, 0.2192357340983677, BFz, 0.0, -0.2192357340983674, 0.9756719186767415
Time, 0.242, Pos_X, 0.07076980326868, Pos_Y, 0.009358311351052513, Pos_Z, -0.04835198222448076, BFx, 1.0, 0.0, 0.0,                             BFy, 0.0, 0.9760398617783616, 0.21759179262941228, BFz, 0.0, -0.21759179262941197, 0.9760398617783616
Time, 0.244, Pos_X, 0.07201132428035201, Pos_Y, 0.010091693066497683, Pos_Z, -0.04878559833109769, BFx, 1.0, 0.0, 0.0,                             BFy, 0.0, 0.9764092967174302, 0.21592796318165472, BFz, 0.0, -0.21592796318165441, 0.9764092967174302
Time, 0.246, Pos_X, 0.073253533490594, Pos_Y, 0.01084890442716768, Pos_Z, -0.04920174432655278, BFx, 1.0, 0.0, 0.0,                             BFy, 0.0, 0.9767807221085331, 0.21424150138835704, BFz, 0.0, -0.21424150138835676, 0.976780722108533
Time, 0.248, Pos_X, 0.07449586860634601, Pos_Y, 0.011630043276151941, Pos_Z, -0.049600036713403135, BFx, 1.0, 0.0, 0.0,                             BFy, 0.0, 0.9771548312670926, 0.21252867037504553, BFz, 0.0, -0.21252867037504528, 0.9771548312670925
Time, 0.25, Pos_X, 0.075737808296298, Pos_Y, 0.01243520033086178, Pos_Z, -0.04998022121857392, BFx, 1.0, 0.0, 0.0,                             BFy, 0.0, 0.977532450721946, 0.21078497998090806, BFz, 0.0, -0.2107849799809078, 0.9775324507219458
Time, 0.252, Pos_X, 0.07697888389055, Pos_Y, 0.013264458977711238, Pos_Z, -0.05034218115396202, BFx, 1.0, 0.0, 0.0,                             BFy, 0.0, 0.9779144756680511, 0.20900545035688953, BFz, 0.0, -0.20900545035688925, 0.977914475668051
Time, 0.254, Pos_X, 0.078218688861102, Pos_Y, 0.014117896694434811, Pos_Z, -0.050685944298219314, BFx, 1.0, 0.0, 0.0,                             BFy, 0.0, 0.9783018047356394, 0.20718489049879127, BFz, 0.0, -0.207184890498791, 0.9783018047356393
Time, 0.256, Pos_X, 0.079456884607814, Pos_Y, 0.014995587430136294, Pos_Z, -0.05101168325556729, BFx, 1.0, 0.0, 0.0,                             BFy, 0.0, 0.9786951916499786, 0.20531858620499152, BFz, 0.0, -0.20531858620499127, 0.9786951916499785
Time, 0.258, Pos_X, 0.080693204881506, Pos_Y, 0.015897603787707132, Pos_Z, -0.051319709872015534, BFx, 1.0, 0.0, 0.0,                             BFy, 0.0, 0.9790951640650565, 0.20340270328691526, BFz, 0.0, -0.203402703286915, 0.9790951640650563
Time, 0.26, Pos_X, 0.081927459826118, Pos_Y, 0.016824018999002294, Pos_Z, -0.05161046719670103, BFx, 1.0, 0.0, 0.0,                             BFy, 0.0, 0.9795019033093056, 0.20143490614452267, BFz, 0.0, -0.20143490614452236, 0.9795019033093054
Time, 0.262, Pos_X, 0.08315954000753001, Pos_Y, 0.017774908169707372, Pos_Z, -0.051884521581797315, BFx, 1.0, 0.0, 0.0,                             BFy, 0.0, 0.9799151497905564, 0.19941489214939992, BFz, 0.0, -0.19941489214939961, 0.9799151497905559
Time, 0.264, Pos_X, 0.08438942072366201, Pos_Y, 0.018750348800227707, Pos_Z, -0.05214255600152189, BFx, 1.0, 0.0, 0.0,                             BFy, 0.0, 0.9803340564037792, 0.19734522506236926, BFz, 0.0, -0.19734522506236898, 0.9803340564037788
Time, 0.266, Pos_X, 0.08561716622831402, Pos_Y, 0.019750421668490843, Pos_Z, -0.05238536414050446, BFx, 1.0, 0.0, 0.0,                             BFy, 0.0, 0.9807570253419037, 0.19523231608139605, BFz, 0.0, -0.19523231608139577, 0.9807570253419031
Time, 0.268, Pos_X, 0.08684293264226602, Pos_Y, 0.020775211993622925, Pos_Z, -0.05261384340443129, BFx, 1.0, 0.0, 0.0,                             BFy, 0.0, 0.981181897175643, 0.19308569251710925, BFz, 0.0, -0.19308569251710897, 0.9811818971756424
Time, 0.27, Pos_X, 0.08806696887021802, Pos_Y, 0.021824810444400336, Pos_Z, -0.052828985011277856, BFx, 1.0, 0.0, 0.0,                             BFy, 0.0, 0.9816060945635471, 0.19091745628859183, BFz, 0.0, -0.19091745628859158, 0.9816060945635465
Time, 0.272, Pos_X, 0.08928961579591002, Pos_Y, 0.02289931475332389, Pos_Z, -0.05303186226218143, BFx, 1.0, 0.0, 0.0,                             BFy, 0.0, 0.9820264361608384, 0.18874342023299304, BFz, 0.0, -0.1887434202329928, 0.9820264361608378
Time, 0.274, Pos_X, 0.09051130301004202, Pos_Y, 0.02399883138251606, Pos_Z, -0.053223617971427085, BFx, 1.0, 0.0, 0.0,                             BFy, 0.0, 0.9824394470909128, 0.18658170542608649, BFz, 0.0, -0.18658170542608624, 0.9824394470909122
Time, 0.276, Pos_X, 0.09173254403619002, Pos_Y, 0.025123476606149022, Pos_Z, -0.053405450655500064, BFx, 1.0, 0.0, 0.0,                             BFy, 0.0, 0.9828417323597608, 0.18445088541958615, BFz, 0.0, -0.1844508854195859, 0.9828417323597604
Time, 0.278, Pos_X, 0.09295393085482202, Pos_Y, 0.026273377268249156, Pos_Z, -0.05357860011180685, BFx, 1.0, 0.0, 0.0,                             BFy, 0.0, 0.983230291842548, 0.18236829001562438, BFz, 0.0, -0.18236829001562416, 0.9832302918425475
Time, 0.28, Pos_X, 0.09417612735296202, Pos_Y, 0.027448671130545957, Pos_Z, -0.05374433281690254, BFx, 1.0, 0.0, 0.0,                             BFy, 0.0, 0.9836028084643282, 0.18034831626907682, BFz, 0.0, -0.1803483162690766, 0.9836028084643279
Time, 0.282, Pos_X, 0.09539986173724199, Pos_Y, 0.028649506549784248, Pos_Z, -0.05390392691314188, BFx, 1.0, 0.0, 0.0,                             BFy, 0.0, 0.9839578282464599, 0.17840121140988696, BFz, 0.0, -0.17840121140988677, 0.9839578282464597
Time, 0.284, Pos_X, 0.096625918256482, Pos_Y, 0.02987604159893476, Pos_Z, -0.05405865651701233, BFx, 1.0, 0.0, 0.0,                             BFy, 0.0, 0.9842948153670242, 0.17653247984889606, BFz, 0.0, -0.17653247984889586, 0.984294815367024
Time, 0.286, Pos_X, 0.09785512832018199, Pos_Y, 0.03112844263341624, Pos_Z, -0.05420977599192184, BFx, 1.0, 0.0, 0.0,                             BFy, 0.0, 0.9846141461032207, 0.1747426201401107, BFz, 0.0, -0.1747426201401105, 0.9846141461032205
Time, 0.288, Pos_X, 0.09908836105948199, Pos_Y, 0.03240688260655315, Pos_Z, -0.05435850402859124, BFx, 1.0, 0.0, 0.0,                             BFy, 0.0, 0.9849169912802529, 0.1730275130938998, BFz, 0.0, -0.17302751309389966, 0.9849169912802528
Time, 0.29, Pos_X, 0.10032651328998199, Pos_Y, 0.033711539414668534, Pos_Z, -0.05450600716751209, BFx, 1.0, 0.0, 0.0,                             BFy, 0.0, 0.9852051259333567, 0.17137928648072984, BFz, 0.0, -0.17137928648072973, 0.9852051259333566
Time, 0.292, Pos_X, 0.10157049841828199, Pos_Y, 0.03504259416773503, Pos_Z, -0.054653383329162836, BFx, 1.0, 0.0, 0.0,                             BFy, 0.0, 0.985480677051538, 0.1697876177995555, BFz, 0.0, -0.16978761779955537, 0.9854806770515377
Time, 0.294, Pos_X, 0.102821235071782, Pos_Y, 0.03640022893659983, Pos_Z, -0.054801646402681384, BFx, 1.0, 0.0, 0.0,                             BFy, 0.0, 0.9857458750904831, 0.16824110598216852, BFz, 0.0, -0.16824110598216835, 0.9857458750904828
Time, 0.296, Pos_X, 0.10407963664128199, Pos_Y, 0.03778462306298294, Pos_Z, -0.054951712886081125, BFx, 1.0, 0.0, 0.0,                             BFy, 0.0, 0.9860028510625649, 0.16672845496944738, BFz, 0.0, -0.1667284549694472, 0.9860028510625647
Time, 0.298, Pos_X, 0.10534660131958198, Pos_Y, 0.03919594841130852, Pos_Z, -0.055104390688269764, BFx, 1.0, 0.0, 0.0,                             BFy, 0.0, 0.9862535312215218, 0.16523913626342968, BFz, 0.0, -0.16523913626342945, 0.9862535312215215
Time, 0.3, Pos_X, 0.10662300233528199, Pos_Y, 0.04063436453301509, Pos_Z, -0.05526036905796523, BFx, 1.0, 0.0, 0.0,                             BFy, 0.0, 0.9864996316549335, 0.1637634780550471, BFz, 0.0, -0.1637634780550469, 0.9864996316549333
Time, 0.302, Pos_X, 0.107909678294182, Pos_Y, 0.042100014960501565, Pos_Z, -0.05542020882078367, BFx, 1.0, 0.0, 0.0,                             BFy, 0.0, 0.9867426559356207, 0.16229273229914784, BFz, 0.0, -0.16229273229914762, 0.9867426559356204
Time, 0.304, Pos_X, 0.109207423771882, Pos_Y, 0.043593024363966, Pos_Z, -0.05558433331832107, BFx, 1.0, 0.0, 0.0,                             BFy, 0.0, 0.9869839530581613, 0.1608187688228297, BFz, 0.0, -0.16081876882282947, 0.9869839530581609
Time, 0.306, Pos_X, 0.110516980536982, Pos_Y, 0.04511349579524215, Pos_Z, -0.05575302021460145, BFx, 1.0, 0.0, 0.0,                             BFy, 0.0, 0.9872248092092631, 0.15933353721592822, BFz, 0.0, -0.159333537215928, 0.9872248092092627
Time, 0.308, Pos_X, 0.111839029222082, Pos_Y, 0.046661507843308254, Pos_Z, -0.055926394255247036, BFx, 1.0, 0.0, 0.0,                             BFy, 0.0, 0.9874665246633763, 0.15782858635000047, BFz, 0.0, -0.15782858635000024, 0.9874665246633758
Time, 0.31, Pos_X, 0.113174182243782, Pos_Y, 0.04823711157050134, Pos_Z, -0.05610442189733555, BFx, 1.0, 0.0, 0.0,                             BFy, 0.0, 0.9877104860445917, 0.1562945800645768, BFz, 0.0, -0.15629458006457658, 0.9877104860445912
Time, 0.312, Pos_X, 0.11452297835868201, Pos_Y, 0.049840327693150444, Pos_Z, -0.056286908426403985, BFx, 1.0, 0.0, 0.0,                             BFy, 0.0, 0.9879581531607301, 0.1547213223936673, BFz, 0.0, -0.15472132239366707, 0.9879581531607297
Time, 0.314, Pos_X, 0.11588587787818201, Pos_Y, 0.05147114448411186, Pos_Z, -0.056473496749871815, BFx, 1.0, 0.0, 0.0,                             BFy, 0.0, 0.9882110451042653, 0.1530977803037713, BFz, 0.0, -0.15309778030377108, 0.9882110451042647
Time, 0.316, Pos_X, 0.11726325817628201, Pos_Y, 0.053129516851156175, Pos_Z, -0.05666366846041361, BFx, 1.0, 0.0, 0.0,                             BFy, 0.0, 0.9884706640852007, 0.15141250358860292, BFz, 0.0, -0.1514125035886027, 0.9884706640851999
