Time, 0, Pos_X, 0.0, Pos_Y, 0.0, Pos_Z, 0.0, BFx, 1.0, 0.0, 0.0,                         BFy, 0.0, 1.0, 0.0, BFz, 0.0, 0.0, 1.0
Time, 0.0, Pos_X, 0.0, Pos_Y, 0.0, Pos_Z, 0.0, BFx, 1.0, 0.0, 0.0,                             BFy, 0.0, 1.0, 0.0, BFz, 0.0, 0.0, 1.0
Time, 0.002, Pos_X, -5.9929880000000006e-06, Pos_Y, 1.2737904552464501e-06, Pos_Z, 2.742031506220496e-06, BFx, 1.0, 0.0, 0.0,                             BFy, 0.0, 0.9999809489898198, -0.006172654001269885, BFz, 0.0, 0.006172654001269885, 0.9999809489898198
Time, 0.004, Pos_X, -2.4004558000000002e-05, Pos_Y, 5.16218376948921e-06, Pos_Z, 1.0867066225280484e-05, BFx, 1.0, 0.0, 0.0,                             BFy, 0.0, 0.999924151993314, -0.012316260002628757, BFz, 0.0, 0.012316260002628757, 0.9999241519933139
Time, 0.006, Pos_X, -5.41013386e-05, Pos_Y, 1.1805794225277101e-05, Pos_Z, 2.417233413285206e-05, BFx, 1.0, 0.0, 0.0,                             BFy, 0.0, 0.999830186970971, -0.018428163815035474, BFz, 0.0, 0.01842816381503547, 0.9998301869709708
Time, 0.008, Pos_X, -9.635225639999999e-05, Pos_Y, 2.135791586291562e-05, Pos_Z, 4.2455886481912114e-05, BFx, 1.0, 0.0, 0.0,                             BFy, 0.0, 0.999699681202887, -0.02450606869423984, BFz, 0.0, 0.024506068694239835, 0.9996996812028868
Time, 0.01, Pos_X, -0.00015082850179999998, Pos_Y, 3.398368037564953e-05, Pos_Z, 6.552279767224068e-05, BFx, 1.0, 0.0, 0.0,                             BFy, 0.0, 0.9995333397491767, -0.030546730264591395, BFz, 0.0, 0.030546730264591388, 0.9995333397491765
Time, 0.012, Pos_X, -0.00021760032019999998, Pos_Y, 4.985714260273872e-05, Pos_Z, 9.3187904515445e-05, BFx, 1.0, 0.0, 0.0,                             BFy, 0.0, 0.9993319528617359, -0.03654651815905594, BFz, 0.0, 0.036546518159055935, 0.9993319528617357
Time, 0.014, Pos_X, -0.0002967323072, Pos_Y, 6.915745841308175e-05, Pos_Z, 0.00012527569759415437, BFx, 1.0, 0.0, 0.0,                             BFy, 0.0, 0.9990963832757198, -0.042501963782599274, BFz, 0.0, 0.04250196378259927, 0.9990963832757195
Time, 0.016, Pos_X, -0.00038828247879999997, Pos_Y, 9.206628070357567e-05, Pos_Z, 0.00016162535642683535, BFx, 1.0, 0.0, 0.0,                             BFy, 0.0, 0.9988275983451582, -0.048408974209798845, BFz, 0.0, 0.048408974209798825, 0.9988275983451579
Time, 0.018, Pos_X, -0.0004923012603999999, Pos_Y, 0.00011876470833500033, Pos_Z, 0.00020209851132979697, BFx, 1.0, 0.0, 0.0,                             BFy, 0.0, 0.9985267317169129, -0.05426201292563787, BFz, 0.0, 0.05426201292563785, 0.9985267317169124
Time, 0.02, Pos_X, -0.0006088293412, Pos_Y, 0.0001494293625978487, Pos_Z, 0.00024658749886617557, BFx, 1.0, 0.0, 0.0,                             BFy, 0.0, 0.9981951872022975, -0.06005304526976301, BFz, 0.0, 0.060053045269762996, 0.998195187202297
Time, 0.022, Pos_X, -0.0007378941379999999, Pos_Y, 0.00018422703856606814, Pos_Z, 0.00029502352598623194, BFx, 1.0, 0.0, 0.0,                             BFy, 0.0, 0.9978347335089036, -0.06577115327570818, BFz, 0.0, 0.06577115327570816, 0.9978347335089034
Time, 0.024, Pos_X, -0.0008795044039999999, Pos_Y, 0.00022330801048341055, Pos_Z, 0.000347382964252854, BFx, 1.0, 0.0, 0.0,                             BFy, 0.0, 0.9974476203840633, -0.07140199290055389, BFz, 0.0, 0.07140199290055387, 0.9974476203840632
Time, 0.026, Pos_X, -0.0010336437961999997, Pos_Y, 0.0002667985059361809, Pos_Z, 0.00040369076091916286, BFx, 1.0, 0.0, 0.0,                             BFy, 0.0, 0.9970366772012179, -0.07692765637633601, BFz, 0.0, 0.07692765637633599, 0.9970366772012178
Time, 0.028, Pos_X, -0.0012002636172, Pos_Y, 0.0003147922261830201, Pos_Z, 0.00046402272684540756, BFx, 1.0, 0.0, 0.0,                             BFy, 0.0, 0.9966054792799224, -0.08232568657009316, BFz, 0.0, 0.08232568657009316, 0.9966054792799222
Time, 0.03, Pos_X, -0.0013792760687999996, Pos_Y, 0.000367341057760797, Pos_Z, 0.0005285053780928868, BFx, 1.0, 0.0, 0.0,                             BFy, 0.0, 0.9961580888101202, -0.08757318138659594, BFz, 0.0, 0.08757318138659594, 0.9961580888101201
Time, 0.032, Pos_X, -0.0015705463423999998, Pos_Y, 0.00042444503790901763, Pos_Z, 0.0005973128314196055, BFx, 1.0, 0.0, 0.0,                             BFy, 0.0, 0.9956989482281144, -0.0926477441572505, BFz, 0.0, 0.09264774415725048, 0.9956989482281144
Time, 0.034, Pos_X, -0.0017738836759999999, Pos_Y, 0.0004860423257333628, Pos_Z, 0.0006706632950170944, BFx, 1.0, 0.0, 0.0,                             BFy, 0.0, 0.9952325249926381, -0.09753061671484889, BFz, 0.0, 0.09753061671484888, 0.9952325249926381
Time, 0.036, Pos_X, -0.0019890346651999995, Pos_Y, 0.0005520010900349448, Pos_Z, 0.0007488163843172541, BFx, 1.0, 0.0, 0.0,                             BFy, 0.0, 0.9947628231212808, -0.1022102036774228, BFz, 0.0, 0.10221020367742278, 0.9947628231212808
Time, 0.038, Pos_X, -0.0022156781867999995, Pos_Y, 0.0006221136034489004, Pos_Z, 0.0008320708326588998, BFx, 1.0, 0.0, 0.0,                             BFy, 0.0, 0.9942928760861383, -0.10668494066341466, BFz, 0.0, 0.10668494066341466, 0.9942928760861383
Time, 0.04, Pos_X, -0.0024534209788, Pos_Y, 0.0006960915148638445, Pos_Z, 0.0009207597402532644, BFx, 1.0, 0.0, 0.0,                             BFy, 0.0, 0.9938242484022597, -0.11096559506299569, BFz, 0.0, 0.11096559506299568, 0.9938242484022597
Time, 0.042, Pos_X, -0.0027017939588, Pos_Y, 0.0007735625135991795, Pos_Z, 0.0010152435437442663, BFx, 1.0, 0.0, 0.0,                             BFy, 0.0, 0.9933566524882939, -0.11507632665866546, BFz, 0.0, 0.11507632665866545, 0.9933566524882939
Time, 0.044, Pos_X, -0.0029602510879999993, Pos_Y, 0.0008540686546648833, Pos_Z, 0.0011159033650697564, BFx, 1.0, 0.0, 0.0,                             BFy, 0.0, 0.992887782280157, -0.11905398690842912, BFz, 0.0, 0.11905398690842911, 0.992887782280157
Time, 0.046, Pos_X, -0.0032281715455999994, Pos_Y, 0.000937066064232981, Pos_Z, 0.0012231357858279177, BFx, 1.0, 0.0, 0.0,                             BFy, 0.0, 0.9924134431134508, -0.12294534528686406, BFz, 0.0, 0.12294534528686403, 0.9924134431134508
Time, 0.048, Pos_X, -0.0035048644799999997, Pos_Y, 0.0010219257930444627, Pos_Z, 0.0013373480453459296, BFx, 1.0, 0.0, 0.0,                             BFy, 0.0, 0.9919279050371193, -0.1268031198696332, BFz, 0.0, 0.12680311986963316, 0.9919279050371193
Time, 0.05, Pos_X, -0.0037895760294, Pos_Y, 0.0011079363656125358, Pos_Z, 0.0014589530106147988, BFx, 1.0, 0.0, 0.0,                             BFy, 0.0, 0.9914245064889116, -0.1306807098741783, BFz, 0.0, 0.13068070987417826, 0.9914245064889116
Time, 0.052, Pos_X, -0.004081497908999999, Pos_Y, 0.001194308824809371, Pos_Z, 0.0015883630056742388, BFx, 1.0, 0.0, 0.0,                             BFy, 0.0, 0.9908963848422945, -0.13462672285424113, BFz, 0.0, 0.13462672285424107, 0.9908963848422945
Time, 0.054, Pos_X, -0.004379777092599999, Pos_Y, 0.0012801842637090196, Pos_Z, 0.0017259814798069252, BFx, 1.0, 0.0, 0.0,                             BFy, 0.0, 0.9903372255352384, -0.13868013455130232, BFz, 0.0, 0.1386801345513023, 0.9903372255352385
Time, 0.056, Pos_X, -0.004683524363799999, Pos_Y, 0.001364643351964146, Pos_Z, 0.0018721953842132464, BFx, 1.0, 0.0, 0.0,                             BFy, 0.0, 0.9897419879429058, -0.14286636169100753, BFz, 0.0, 0.1428663616910075, 0.9897419879429058
Time, 0.058, Pos_X, -0.0049918261043999995, Pos_Y, 0.0014467169131425362, Pos_Z, 0.0020273659866951016, BFx, 1.0, 0.0, 0.0,                             BFy, 0.0, 0.9891074448609801, -0.14719532098740043, BFz, 0.0, 0.1471953209874004, 0.9891074448609802
Time, 0.06, Pos_X, -0.005303759549599999, Pos_Y, 0.0015253979171120518, Pos_Z, 0.0021918186939007965, BFx, 1.0, 0.0, 0.0,                             BFy, 0.0, 0.9884324815697951, -0.15166156196537434, BFz, 0.0, 0.1516615619653743, 0.9884324815697952
Time, 0.062, Pos_X, -0.0056184053225, Pos_Y, 0.0015996546733904105, Pos_Z, 0.002365834841960505, BFx, 1.0, 0.0, 0.0,                             BFy, 0.0, 0.9877180289407922, -0.15624690494635926, BFz, 0.0, 0.15624690494635918, 0.9877180289407923
Time, 0.064, Pos_X, -0.00593485930416, Pos_Y, 0.001668443494388829, Pos_Z, 0.0025496458081483092, BFx, 1.0, 0.0, 0.0,                             BFy, 0.0, 0.9869666517432593, -0.1609249152452783, BFz, 0.0, 0.16092491524527824, 0.9869666517432594
Time, 0.066, Pos_X, -0.00625224380778, Pos_Y, 0.001730721137906139, Pos_Z, 0.0027434302372397437, BFx, 1.0, 0.0, 0.0,                             BFy, 0.0, 0.9861821608309791, -0.16566455764206298, BFz, 0.0, 0.16566455764206292, 0.9861821608309792
Time, 0.068, Pos_X, -0.006569717366988001, Pos_Y, 0.0017854568379243045, Pos_Z, 0.0029473121364951096, BFx, 1.0, 0.0, 0.0,                             BFy, 0.0, 0.9853690292826427, -0.17043437485021043, BFz, 0.0, 0.17043437485021035, 0.9853690292826427
Time, 0.07, Pos_X, -0.006886482138284001, Pos_Y, 0.0018316429383857277, Pos_Z, 0.0031613590847116976, BFx, 1.0, 0.0, 0.0,                             BFy, 0.0, 0.9845315950672849, -0.17520712974724312, BFz, 0.0, 0.17520712974724306, 0.9845315950672849
Time, 0.072, Pos_X, -0.007201788354119999, Pos_Y, 0.0018683046000769685, Pos_Z, 0.0033855791246624554, BFx, 1.0, 0.0, 0.0,                             BFy, 0.0, 0.9836733972472119, -0.1799629060337955, BFz, 0.0, 0.17996290603379547, 0.9836733972472118
Time, 0.074, Pos_X, -0.007514936590815999, Pos_Y, 0.0018945086834162446, Pos_Z, 0.0036199171062681825, BFx, 1.0, 0.0, 0.0,                             BFy, 0.0, 0.982796690199444, -0.1846907299596224, BFz, 0.0, 0.18469072995962238, 0.9827966901994438
Time, 0.076, Pos_X, -0.007825278812972, Pos_Y, 0.0019093710577375604, Pos_Z, 0.003864252870722001, BFx, 1.0, 0.0, 0.0,                             BFy, 0.0, 0.9819022643164722, -0.18938834000588525, BFz, 0.0, 0.18938834000588517, 0.981902264316472
Time, 0.078, Pos_X, -0.008132218408468, Pos_Y, 0.0019120623134170304, Pos_Z, 0.004118400554054901, BFx, 1.0, 0.0, 0.0,                             BFy, 0.0, 0.9809894377717718, -0.1940611320698279, BFz, 0.0, 0.1940611320698278, 0.9809894377717716
Time, 0.08, Pos_X, -0.008435207821164002, Pos_Y, 0.0019018125866444766, Pos_Z, 0.004382107418017367, BFx, 1.0, 0.0, 0.0,                             BFy, 0.0, 0.9800562354212569, -0.19872034473579733, BFz, 0.0, 0.19872034473579725, 0.9800562354212566
Time, 0.082, Pos_X, -0.008733743313260002, Pos_Y, 0.0018779143382199371, Pos_Z, 0.004655055600433284, BFx, 1.0, 0.0, 0.0,                             BFy, 0.0, 0.9790996989957517, -0.20338087281361716, BFz, 0.0, 0.20338087281361708, 0.9790996989957512
Time, 0.084, Pos_X, -0.009027359149156002, Pos_Y, 0.0018397229161483996, Pos_Z, 0.00493686734155538, BFx, 1.0, 0.0, 0.0,                             BFy, 0.0, 0.978116349933555, -0.2080586599799674, BFz, 0.0, 0.2080586599799673, 0.9781163499335546
Time, 0.086, Pos_X, -0.009315622135652001, Pos_Y, 0.0017866559703735724, Pos_Z, 0.005227112001556078, BFx, 1.0, 0.0, 0.0,                             BFy, 0.0, 0.9771027174946576, -0.21276813545396217, BFz, 0.0, 0.21276813545396206, 0.9771027174946573
Time, 0.088, Pos_X, -0.009598124008948002, Pos_Y, 0.0017181912368533113, Pos_Z, 0.005525311871358405, BFx, 1.0, 0.0, 0.0,                             BFy, 0.0, 0.9760559311741097, -0.21751969846393704, BFz, 0.0, 0.21751969846393693, 0.9760559311741093
Time, 0.09, Pos_X, -0.009874474772044001, Pos_Y, 0.0016338649641308635, Pos_Z, 0.005830939713262354, BFx, 1.0, 0.0, 0.0,                             BFy, 0.0, 0.9749742270230983, -0.22231791794795183, BFz, 0.0, 0.22231791794795172, 0.9749742270230979
Time, 0.092, Pos_X, -0.010144299132140001, Pos_Y, 0.0015332706778661094, Pos_Z, 0.006143417222321987, BFx, 1.0, 0.0, 0.0,                             BFy, 0.0, 0.9738572999320418, -0.22716064661176205, BFz, 0.0, 0.2271606466117619, 0.9738572999320413
Time, 0.094, Pos_X, -0.010407235682836002, Pos_Y, 0.0014160570597818159, Pos_Z, 0.006462124755065907, BFx, 1.0, 0.0, 0.0,                             BFy, 0.0, 0.9727065584270003, -0.23203868469093983, BFz, 0.0, 0.2320386846909397, 0.9727065584269997
Time, 0.096, Pos_X, -0.010662938575332003, Pos_Y, 0.0012819263401978218, Pos_Z, 0.006786414651003735, BFx, 1.0, 0.0, 0.0,                             BFy, 0.0, 0.9715253222078116, -0.2369357472164316, BFz, 0.0, 0.23693574721643149, 0.9715253222078111
Time, 0.098, Pos_X, -0.010911079159028003, Pos_Y, 0.0011306320573132203, Pos_Z, 0.007115626075319547, BFx, 1.0, 0.0, 0.0,                             BFy, 0.0, 0.9703187970787567, -0.24182934486045196, BFz, 0.0, 0.24182934486045185, 0.970318797078756
Time, 0.1, Pos_X, -0.011151346614124003, Pos_Y, 0.0009619747921631445, Pos_Z, 0.007449098962893015, BFx, 1.0, 0.0, 0.0,                             BFy, 0.0, 0.9690939330274092, -0.24669201237467708, BFz, 0.0, 0.246692012374677, 0.9690939330274085
Time, 0.102, Pos_X, -0.011383444440620002, Pos_Y, 0.0007757954633201129, Pos_Z, 0.0077861819249508265, BFx, 1.0, 0.0, 0.0,                             BFy, 0.0, 0.9678591847705531, -0.2514927403629787, BFz, 0.0, 0.2514927403629786, 0.9678591847705524
Time, 0.104, Pos_X, -0.011607086986716001, Pos_Y, 0.0005719689785328398, Pos_Z, 0.008126237580470916, BFx, 1.0, 0.0, 0.0,                             BFy, 0.0, 0.9666241639377003, -0.25619860595198723, BFz, 0.0, 0.2561986059519871, 0.9666241639376999
Time, 0.106, Pos_X, -0.011822002146212, Pos_Y, 0.00035039965312996194, Pos_Z, 0.00846864927447381, BFx, 1.0, 0.0, 0.0,                             BFy, 0.0, 0.9653992861512292, -0.26077618430120675, BFz, 0.0, 0.26077618430120664, 0.9653992861512287
Time, 0.108, Pos_X, -0.012027943510308, Pos_Y, 0.00011101907094558699, Pos_Z, 0.00881283379736845, BFx, 1.0, 0.0, 0.0,                             BFy, 0.0, 0.9641955436345463, -0.26519229558054974, BFz, 0.0, 0.26519229558054963, 0.9641955436345457
Time, 0.11, Pos_X, -0.012224704612204, Pos_Y, -0.00014621843074383805, Pos_Z, 0.009158260598225597, BFx, 1.0, 0.0, 0.0,                             BFy, 0.0, 0.9630243356626669, -0.2694144185478552, BFz, 0.0, 0.26941441854785503, 0.9630243356626664
Time, 0.112, Pos_X, -0.0124121163105, Pos_Y, -0.0004213460457323783, Pos_Z, 0.00950446108701071, BFx, 1.0, 0.0, 0.0,                             BFy, 0.0, 0.9618973407501219, -0.2734108737008164, BFz, 0.0, 0.27341087370081624, 0.9618973407501213
Time, 0.114, Pos_X, -0.012590036945596, Pos_Y, -0.0007143922676572467, Pos_Z, 0.009851023044152696, BFx, 1.0, 0.0, 0.0,                             BFy, 0.0, 0.960826445768566, -0.2771507552068814, BFz, 0.0, 0.27715075520688137, 0.9608264457685655
Time, 0.116, Pos_X, -0.012758354254292, Pos_Y, -0.00102538339642496, Pos_Z, 0.010197589738503854, BFx, 1.0, 0.0, 0.0,                             BFy, 0.0, 0.9598236996917012, -0.2806037517748738, BFz, 0.0, 0.28060375177487373, 0.9598236996917006
Time, 0.118, Pos_X, -0.012916996254788, Pos_Y, -0.0013543447535979904, Pos_Z, 0.010543867435860423, BFx, 1.0, 0.0, 0.0,                             BFy, 0.0, 0.9589012706987452, -0.2837399391208997, BFz, 0.0, 0.28373993912089956, 0.9589012706987448
Time, 0.12, Pos_X, -0.013065939922683999, Pos_Y, -0.0017013035260699865, Pos_Z, 0.010889631270362491, BFx, 1.0, 0.0, 0.0,                             BFy, 0.0, 0.9580712851210952, -0.2865299506620785, BFz, 0.0, 0.28652995066207837, 0.9580712851210949
Time, 0.122, Pos_X, -0.01320521501338, Pos_Y, -0.0020662928976808294, Pos_Z, 0.011234729426425597, BFx, 1.0, 0.0, 0.0,                             BFy, 0.0, 0.9573456107204743, -0.2889452917668703, BFz, 0.0, 0.28894529176687017, 0.957345610720474
Time, 0.124, Pos_X, -0.013334902250476, Pos_Y, -0.0024493546859647, Pos_Z, 0.011579082717922419, BFx, 1.0, 0.0, 0.0,                             BFy, 0.0, 0.9567355001230757, -0.29095907410535937, BFz, 0.0, 0.29095907410535926, 0.9567355001230753
Time, 0.126, Pos_X, -0.013455128272572, Pos_Y, -0.0028505378743930217, Pos_Z, 0.011922677665585277, BFx, 1.0, 0.0, 0.0,                             BFy, 0.0, 0.9562511143808559, -0.2925471009006431, BFz, 0.0, 0.29254710090064306, 0.9562511143808554
Time, 0.128, Pos_X, -0.013566064572268, Pos_Y, -0.0032698942026822097, Pos_Z, 0.012265559922695062, BFx, 1.0, 0.0, 0.0,                             BFy, 0.0, 0.9559010091418192, -0.29368905448050153, BFz, 0.0, 0.2936890544805015, 0.9559010091418189
Time, 0.13, Pos_X, -0.013667929639564, Pos_Y, -0.003707473877995017, Pos_Z, 0.012607829959962832, BFx, 1.0, 0.0, 0.0,                             BFy, 0.0, 0.9556916675012351, -0.2943695579857194, BFz, 0.0, 0.2943695579857194, 0.9556916675012347
Time, 0.132, Pos_X, -0.01376099158486, Pos_Y, -0.0041633218627732315, Pos_Z, 0.012949639929827643, BFx, 1.0, 0.0, 0.0,                             BFy, 0.0, 0.9556270713140422, -0.29457919236046815, BFz, 0.0, 0.29457919236046815, 0.9556270713140418
Time, 0.134, Pos_X, -0.013845570835556, Pos_Y, -0.004637473620381206, Pos_Z, 0.013291190809889811, BFx, 1.0, 0.0, 0.0,                             BFy, 0.0, 0.9557083300433703, -0.29431545641659956, BFz, 0.0, 0.2943154564165997, 0.9557083300433699
Time, 0.136, Pos_X, -0.013922041467451999, Pos_Y, -0.005129949434690874, Pos_Z, 0.013632728528119786, BFx, 1.0, 0.0, 0.0,                             BFy, 0.0, 0.9559334250520017, -0.29358352622098566, BFz, 0.0, 0.29358352622098577, 0.9559334250520014
Time, 0.138, Pos_X, -0.013990830679947998, Pos_Y, -0.005640746668806397, Pos_Z, 0.01397453671272512, BFx, 1.0, 0.0, 0.0,                             BFy, 0.0, 0.9562969735101955, -0.2923971587673863, BFz, 0.0, 0.2923971587673863, 0.956296973510195
Time, 0.14, Pos_X, -0.014052414747843998, Pos_Y, -0.006169831860476299, Pos_Z, 0.014316927961033525, BFx, 1.0, 0.0, 0.0,                             BFy, 0.0, 0.9567900303991209, -0.29077970652858287, BFz, 0.0, 0.2907797065285828, 0.9567900303991205
Time, 0.142, Pos_X, -0.014107312969139998, Pos_Y, -0.006717134038467365, Pos_Z, 0.01466023446037695, BFx, 1.0, 0.0, 0.0,                             BFy, 0.0, 0.957400033393023, -0.288764914868545, BFz, 0.0, 0.28876491486854494, 0.9574000333930225
Time, 0.144, Pos_X, -0.014156083375635998, Pos_Y, -0.007282537765271063, Pos_Z, 0.015004796407594213, BFx, 1.0, 0.0, 0.0,                             BFy, 0.0, 0.9581110130753469, -0.2863970785879845, BFz, 0.0, 0.2863970785879845, 0.9581110130753464
Time, 0.146, Pos_X, -0.014199317018331999, Pos_Y, -0.007865877254099277, Pos_Z, 0.015350947655669536, BFx, 1.0, 0.0, 0.0,                             BFy, 0.0, 0.9589040681315912, -0.2837304850041396, BFz, 0.0, 0.28373048500413967, 0.9589040681315907
Time, 0.148, Pos_X, -0.014237629802427999, Pos_Y, -0.008466932137653751, Pos_Z, 0.015698998495487674, BFx, 1.0, 0.0, 0.0,                             BFy, 0.0, 0.9597579551135554, -0.28082853771696037, BFz, 0.0, 0.28082853771696054, 0.9597579551135549
Time, 0.15, Pos_X, -0.014271652975524, Pos_Y, -0.009085423532156769, Pos_Z, 0.01604921897370655, BFx, 1.0, 0.0, 0.0,                             BFy, 0.0, 0.9606500325020851, -0.2777616155154314, BFz, 0.0, 0.27776161551543155, 0.9606500325020845
Time, 0.152, Pos_X, -0.014302022672619999, Pos_Y, -0.009721010809836273, Pos_Z, 0.016401823927129022, BFx, 1.0, 0.0, 0.0,                             BFy, 0.0, 0.9615573565928096, -0.2746041696374033, BFz, 0.0, 0.2746041696374035, 0.9615573565928089
Time, 0.154, Pos_X, -0.014329367943315999, Pos_Y, -0.010373289643888362, Pos_Z, 0.016756958431431532, BFx, 1.0, 0.0, 0.0,                             BFy, 0.0, 0.9624575045376594, -0.2714324077171703, BFz, 0.0, 0.2714324077171704, 0.9624575045376589
Time, 0.156, Pos_X, -0.014354298017411999, Pos_Y, -0.011041791060463468, Pos_Z, 0.017114683937399438, BFx, 1.0, 0.0, 0.0,                             BFy, 0.0, 0.9633291600873745, -0.2683224353745927, BFz, 0.0, 0.2683224353745929, 0.9633291600873738
Time, 0.158, Pos_X, -0.014377390336547998, Pos_Y, -0.011725981795415067, Pos_Z, 0.01747496705480915, BFx, 1.0, 0.0, 0.0,                             BFy, 0.0, 0.9641526157274591, -0.26534832501053596, BFz, 0.0, 0.2653483250105361, 0.9641526157274585
Time, 0.16, Pos_X, -0.014399179365803998, Pos_Y, -0.01242526668501307, Pos_Z, 0.01783767129888479, BFx, 1.0, 0.0, 0.0,                             BFy, 0.0, 0.964910225429873, -0.2625800008775802, BFz, 0.0, 0.2625800008775804, 0.9649102254298723
Time, 0.162, Pos_X, -0.014420147041739998, Pos_Y, -0.01313899323308403, Pos_Z, 0.01820255306654893, BFx, 1.0, 0.0, 0.0,                             BFy, 0.0, 0.9655868909257952, -0.2600806722389332, BFz, 0.0, 0.26008067223893344, 0.9655868909257942
Time, 0.164, Pos_X, -0.014440714415375998, Pos_Y, -0.013866458530755073, Pos_Z, 0.018569262689782668, BFx, 1.0, 0.0, 0.0,                             BFy, 0.0, 0.966170419549313, -0.25790447919317655, BFz, 0.0, 0.25790447919317677, 0.9661704195493119
Time, 0.166, Pos_X, -0.014461233944241998, Pos_Y, -0.014606917392412336, Pos_Z, 0.018937348616221518, BFx, 1.0, 0.0, 0.0,                             BFy, 0.0, 0.9666517647781906, -0.25609444674027765, BFz, 0.0, 0.2560944467402778, 0.9666517647781896
Time, 0.168, Pos_X, -0.014481983553597998, Pos_Y, -0.015359590958603639, Pos_Z, 0.019306263671046157, BFx, 1.0, 0.0, 0.0,                             BFy, 0.0, 0.9670251712176643, -0.2546808163789454, BFz, 0.0, 0.25468081637894563, 0.9670251712176633
Time, 0.17, Pos_X, -0.014503162387573997, Pos_Y, -0.01612367567375829, Pos_Z, 0.019675373908501763, BFx, 1.0, 0.0, 0.0,                             BFy, 0.0, 0.9672882621114881, -0.2536797547723031, BFz, 0.0, 0.2536797547723033, 0.9672882621114872
Time, 0.172, Pos_X, -0.014524888331869996, Pos_Y, -0.016898352441669425, Pos_Z, 0.020043969781078034, BFx, 1.0, 0.0, 0.0,                             BFy, 0.0, 0.9674420580746348, -0.25309260018482127, BFz, 0.0, 0.2530926001848215, 0.9674420580746339
Time, 0.174, Pos_X, -0.014547196841705997, Pos_Y, -0.017682795445438843, Pos_Z, 0.020411277109891157, BFx, 1.0, 0.0, 0.0,                             BFy, 0.0, 0.9674909432208209, -0.2529056638070511, BFz, 0.0, 0.2529056638070514, 0.96749094322082
Time, 0.176, Pos_X, -0.014570040556301997, Pos_Y, -0.018476180969817062, Pos_Z, 0.020776468298854833, BFx, 1.0, 0.0, 0.0,                             BFy, 0.0, 0.9674425129928477, -0.2530908612614899, BFz, 0.0, 0.25309086126149016, 0.9674425129928468
Time, 0.178, Pos_X, -0.014593290042977996, Pos_Y, -0.01927769677564501, Pos_Z, 0.02113867556827634, BFx, 1.0, 0.0, 0.0,                             BFy, 0.0, 0.9673073161219395, -0.2536070901551629, BFz, 0.0, 0.2536070901551632, 0.9673073161219387
Time, 0.18, Pos_X, -0.014616736242619997, Pos_Y, -0.020086551756093775, Pos_Z, 0.02149700583827036, BFx, 1.0, 0.0, 0.0,                             BFy, 0.0, 0.9670984617373346, -0.25440236890658025, BFz, 0.0, 0.2544023689065805, 0.9670984617373337
Time, 0.182, Pos_X, -0.014640093422487998, Pos_Y, -0.020901986648441864, Pos_Z, 0.021850556665617287, BFx, 1.0, 0.0, 0.0,                             BFy, 0.0, 0.96683106128657, -0.2554167162334585, BFz, 0.0, 0.25541671623345885, 0.9668310612865693
Time, 0.184, Pos_X, -0.014663001436295998, Pos_Y, -0.02172328506533049, Pos_Z, 0.022198431286492605, BFx, 1.0, 0.0, 0.0,                             BFy, 0.0, 0.9665215474391562, -0.25658546010212174, BFz, 0.0, 0.25658546010212213, 0.9665215474391554
Time, 0.186, Pos_X, -0.014685027580303997, Pos_Y, -0.022549783784751413, Pos_Z, 0.022539751472099648, BFx, 1.0, 0.0, 0.0,                             BFy, 0.0, 0.9661869495272019, -0.25784254606895035, BFz, 0.0, 0.25784254606895074, 0.9661869495272011
Time, 0.188, Pos_X, -0.014705667924191998, Pos_Y, -0.023380881906465367, Pos_Z, 0.022873668050566988, BFx, 1.0, 0.0, 0.0,                             BFy, 0.0, 0.9658442100794548, -0.25912344906625545, BFz, 0.0, 0.25912344906625584, 0.965844210079454
Time, 0.19, Pos_X, -0.014724348688439998, Pos_Y, -0.024216049089438748, Pos_Z, 0.023199369317828723, BFx, 1.0, 0.0, 0.0,                             BFy, 0.0, 0.9655094500783027, -0.2603680122624362, BFz, 0.0, 0.2603680122624366, 0.9655094500783017
Time, 0.192, Pos_X, -0.014740427020887998, Pos_Y, -0.025054832826900516, Pos_Z, 0.023516087336244666, BFx, 1.0, 0.0, 0.0,                             BFy, 0.0, 0.9651972700814023, -0.2615229049766136, BFz, 0.0, 0.26152290497661407, 0.9651972700814014
Time, 0.194, Pos_X, -0.014753190757075998, Pos_Y, -0.025896864539123807, Pos_Z, 0.0238231025582957, BFx, 1.0, 0.0, 0.0,                             BFy, 0.0, 0.964920136178566, -0.26254357885337065, BFz, 0.0, 0.26254357885337104, 0.9649201361785651
Time, 0.196, Pos_X, -0.014761857904803999, Pos_Y, -0.026741864383377043, Pos_Z, 0.024119746898881654, BFx, 1.0, 0.0, 0.0,                             BFy, 0.0, 0.9646878347912153, -0.2633958644433036, BFz, 0.0, 0.26339586444330404, 0.9646878347912143
Time, 0.198, Pos_X, -0.014765575807532, Pos_Y, -0.027589644200245636, Pos_Z, 0.024405405215724832, BFx, 1.0, 0.0, 0.0,                             BFy, 0.0, 0.9645071195430256, -0.2640568430297054, BFz, 0.0, 0.2640568430297058, 0.9645071195430245
Time, 0.2, Pos_X, -0.01476341933946, Pos_Y, -0.02844010806940594, Pos_Z, 0.024679514949413717, BFx, 1.0, 0.0, 0.0,                             BFy, 0.0, 0.9643815927482244, -0.26451492125851134, BFz, 0.0, 0.2645149212585118, 0.9643815927482232
Time, 0.202, Pos_X, -0.014754389018788, Pos_Y, -0.029293251195797537, Pos_Z, 0.02494156505305481, BFx, 1.0, 0.0, 0.0,                             BFy, 0.0, 0.9643118772859061, -0.2647689621638643, BFz, 0.0, 0.2647689621638647, 0.9643118772859051
Time, 0.204, Pos_X, -0.014737412334516, Pos_Y, -0.03014915817052799, Pos_Z, 0.025191096850177248, BFx, 1.0, 0.0, 0.0,                             BFy, 0.0, 0.9642958483570487, -0.2648273340147465, BFz, 0.0, 0.26482733401474684, 0.9642958483570477
Time, 0.206, Pos_X, -0.014711349137444, Pos_Y, -0.03100799983145109, Pos_Z, 0.025427706641657652, BFx, 1.0, 0.0, 0.0,                             BFy, 0.0, 0.9643291510076306, -0.2647060417083465, BFz, 0.0, 0.26470604170834683, 0.9643291510076294
Time, 0.208, Pos_X, -0.014674998144772, Pos_Y, -0.03187002747621167, Pos_Z, 0.02565104882009036, BFx, 1.0, 0.0, 0.0,                             BFy, 0.0, 0.9644061061360261, -0.264425532896403, BFz, 0.0, 0.26442553289640336, 0.9644061061360248
Time, 0.21, Pos_X, -0.0146271031577, Pos_Y, -0.03273556538722211, Pos_Z, 0.025860838859940536, BFx, 1.0, 0.0, 0.0,                             BFy, 0.0, 0.9645205948075829, -0.26400761767802283, BFz, 0.0, 0.264007617678023, 0.9645205948075816
Time, 0.212, Pos_X, -0.014566359231827999, Pos_Y, -0.03360500234941736, Pos_Z, 0.026056855592344278, BFx, 1.0, 0.0, 0.0,                             BFy, 0.0, 0.9646667249757694, -0.26347316699148254, BFz, 0.0, 0.2634731669914827, 0.964666724975768
Time, 0.214, Pos_X, -0.014491420092755999, Pos_Y, -0.03447878199148283, Pos_Z, 0.026238942044540144, BFx, 1.0, 0.0, 0.0,                             BFy, 0.0, 0.9648391945217908, -0.26284088098037617, BFz, 0.0, 0.26284088098037633, 0.9648391945217892
Time, 0.216, Pos_X, -0.014400910734483999, Pos_Y, -0.03535739017706331, Pos_Z, 0.026407002006899424, BFx, 1.0, 0.0, 0.0,                             BFy, 0.0, 0.9650334702139227, -0.26212668953556045, BFz, 0.0, 0.2621266895355607, 0.965033470213921
Time, 0.218, Pos_X, -0.014293437912212, Pos_Y, -0.03624134260618267, Pos_Z, 0.026560990482852223, BFx, 1.0, 0.0, 0.0,                             BFy, 0.0, 0.9652459185340145, -0.2613432929183846, BFz, 0.0, 0.26134329291838476, 0.9652459185340129
Time, 0.22, Pos_X, -0.01416759845194, Pos_Y, -0.037131173573855814, Pos_Z, 0.026700904172802294, BFx, 1.0, 0.0, 0.0,                             BFy, 0.0, 0.9654738459245695, -0.2605000054426459, BFz, 0.0, 0.260500005442646, 0.9654738459245678
Time, 0.222, Pos_X, -0.014022003310868, Pos_Y, -0.038027422522551715, Pos_Z, 0.026826786716771602, BFx, 1.0, 0.0, 0.0,                             BFy, 0.0, 0.9657153978180688, -0.25960310170929646, BFz, 0.0, 0.2596031017092966, 0.9657153978180671
Time, 0.224, Pos_X, -0.013855308352995999, Pos_Y, -0.038930622758685585, Pos_Z, 0.026938744952647205, BFx, 1.0, 0.0, 0.0,                             BFy, 0.0, 0.9659693113982567, -0.25865670189804846, BFz, 0.0, 0.2586567018980486, 0.965969311398255
Time, 0.226, Pos_X, -0.013666234017124, Pos_Y, -0.03984129352147471, Pos_Z, 0.02703695578494078, BFx, 1.0, 0.0, 0.0,                             BFy, 0.0, 0.9662346172689816, -0.257663859303284, BFz, 0.0, 0.25766385930328417, 0.96623461726898
Time, 0.228, Pos_X, -0.013453577964451999, Pos_Y, -0.040759931292160406, Pos_Z, 0.027121664168642513, BFx, 1.0, 0.0, 0.0,                             BFy, 0.0, 0.9665103226335524, -0.25662773864643756, BFz, 0.0, 0.2566277386464377, 0.9665103226335509
Time, 0.23, Pos_X, -0.013216231285579999, Pos_Y, -0.041686998441160424, Pos_Z, 0.027193182330903558, BFx, 1.0, 0.0, 0.0,                             BFy, 0.0, 0.9667951029453771, -0.2555527908688054, BFz, 0.0, 0.2555527908688055, 0.9667951029453756
Time, 0.232, Pos_X, -0.012953201663307998, Pos_Y, -0.04262291095332128, Pos_Z, 0.02725189305598785, BFx, 1.0, 0.0, 0.0,                             BFy, 0.0, 0.9670871342801363, -0.25444542579860085, BFz, 0.0, 0.254445425798601, 0.9670871342801348
Time, 0.234, Pos_X, -0.012663639171635998, Pos_Y, -0.043568028271410666, Pos_Z, 0.02729825578319326, BFx, 1.0, 0.0, 0.0,                             BFy, 0.0, 0.9673839713537936, -0.2533145316948088, BFz, 0.0, 0.2533145316948089, 0.9673839713537923
Time, 0.236, Pos_X, -0.012346858038564001, Pos_Y, -0.04452264698291719, Pos_Z, 0.027332810808346188, BFx, 1.0, 0.0, 0.0,                             BFy, 0.0, 0.9676825020491117, -0.2521717177400528, BFz, 0.0, 0.25217171774005287, 0.9676825020491101
Time, 0.238, Pos_X, -0.012002351691492, Pos_Y, -0.04548699641176339, Pos_Z, 0.027356179158891894, BFx, 1.0, 0.0, 0.0,                             BFy, 0.0, 0.9679789929630095, -0.25103121157002845, BFz, 0.0, 0.2510312115700286, 0.9679789929630078
Time, 0.24, Pos_X, -0.01162980340382, Pos_Y, -0.04646123366124698, Pos_Z, 0.02736905906952989, BFx, 1.0, 0.0, 0.0,                             BFy, 0.0, 0.9682692304541308, -0.2499093782869381, BFz, 0.0, 0.24990937828693835, 0.9682692304541292
Time, 0.242, Pos_X, -0.011229095490147998, Pos_Y, -0.04744543857449932, Pos_Z, 0.0273722206578177, BFx, 1.0, 0.0, 0.0,                             BFy, 0.0, 0.968548704342516, -0.24882404891093624, BFz, 0.0, 0.24882404891093646, 0.9685487043425145
Time, 0.244, Pos_X, -0.010800316237875997, Pos_Y, -0.04843961059475943, Pos_Z, 0.02736650075573565, BFx, 1.0, 0.0, 0.0,                             BFy, 0.0, 0.9688127719587412, -0.24779389195381454, BFz, 0.0, 0.24779389195381477, 0.9688127719587396
Time, 0.246, Pos_X, -0.010343764108403998, Pos_Y, -0.04944366845072646, Pos_Z, 0.02735279814028403, BFx, 1.0, 0.0, 0.0,                             BFy, 0.0, 0.9690567479683397, -0.2468380424833736, BFz, 0.0, 0.2468380424833738, 0.9690567479683383
Time, 0.248, Pos_X, -0.009859949021731998, Pos_Y, -0.05045745218582554, Pos_Z, 0.027332068432402712, BFx, 1.0, 0.0, 0.0,                             BFy, 0.0, 0.9692760238894852, -0.24597558722968474, BFz, 0.0, 0.24597558722968493, 0.9692760238894838
Time, 0.25, Pos_X, -0.009349590309259997, Pos_Y, -0.051480725959639664, Pos_Z, 0.027305317298318615, BFx, 1.0, 0.0, 0.0,                             BFy, 0.0, 0.9694661959594917, -0.24522498831038952, BFz, 0.0, 0.24522498831038977, 0.9694661959594902
Time, 0.252, Pos_X, -0.008813610930187997, Pos_Y, -0.05251318134490588, Pos_Z, 0.02727359068162842, BFx, 1.0, 0.0, 0.0,                             BFy, 0.0, 0.9696231252341871, -0.2446037510159768, BFz, 0.0, 0.24460375101597703, 0.9696231252341857
Time, 0.254, Pos_X, -0.008253124531115997, Pos_Y, -0.05355444304085212, Pos_Z, 0.027237962323943737, BFx, 1.0, 0.0, 0.0,                             BFy, 0.0, 0.9697430579306835, -0.24412783863223214, BFz, 0.0, 0.24412783863223236, 0.969743057930682
Time, 0.256, Pos_X, -0.007669417963243996, Pos_Y, -0.054604076709167546, Pos_Z, 0.027199520121686086, BFx, 1.0, 0.0, 0.0,                             BFy, 0.0, 0.9698228348177752, -0.2438107238535914, BFz, 0.0, 0.24381072385359162, 0.9698228348177738
Time, 0.258, Pos_X, -0.007063932093771996, Pos_Y, -0.055661597921671836, Pos_Z, 0.02715935301346727, BFx, 1.0, 0.0, 0.0,                             BFy, 0.0, 0.9698600584492351, -0.2436626090003227, BFz, 0.0, 0.2436626090003229, 0.9698600584492335
Time, 0.26, Pos_X, -0.006438240671499995, Pos_Y, -0.05672648248783317, Pos_Z, 0.027118538437735134, BFx, 1.0, 0.0, 0.0,                             BFy, 0.0, 0.9698531235648671, -0.24369021053679668, BFz, 0.0, 0.2436902105367969, 0.9698531235648655
Time, 0.262, Pos_X, -0.005794027317827994, Pos_Y, -0.05779817757503243, Pos_Z, 0.02707812928767838, BFx, 1.0, 0.0, 0.0,                             BFy, 0.0, 0.9698011381266965, -0.24389701205255013, BFz, 0.0, 0.24389701205255035, 0.969801138126695
Time, 0.264, Pos_X, -0.005133060342755994, Pos_Y, -0.05887611283441347, Pos_Z, 0.02703914050308334, BFx, 1.0, 0.0, 0.0,                             BFy, 0.0, 0.9697037851297762, -0.24428378805189285, BFz, 0.0, 0.24428378805189305, 0.9697037851297747
Time, 0.266, Pos_X, -0.004457165146283993, Pos_Y, -0.059959711792503374, Pos_Z, 0.027002536098037974, BFx, 1.0, 0.0, 0.0,                             BFy, 0.0, 0.9695611231682276, -0.24484939951072343, BFz, 0.0, 0.2448493995107236, 0.9695611231682262
Time, 0.268, Pos_X, -0.0037681951308119917, Pos_Y, -0.061048403255639906, Pos_Z, 0.026969217358454978, BFx, 1.0, 0.0, 0.0,                             BFy, 0.0, 0.9693734187320496, -0.24559148001454637, BFz, 0.0, 0.24559148001454656, 0.9693734187320481
Time, 0.27, Pos_X, -0.003068002735739991, Pos_Y, -0.06214163266091395, Pos_Z, 0.026940013191481888, BFx, 1.0, 0.0, 0.0,                             BFy, 0.0, 0.9691410276105821, -0.24650693418624559, BFz, 0.0, 0.24650693418624572, 0.9691410276105806
Time, 0.272, Pos_X, -0.00235841136926799, Pos_Y, -0.0632388734985727, Pos_Z, 0.02691567186116209, BFx, 1.0, 0.0, 0.0,                             BFy, 0.0, 0.9688644383728341, -0.2475918012707406, BFz, 0.0, 0.24759180127074076, 0.9688644383728326
Time, 0.274, Pos_X, -0.0016411892865959888, Pos_Y, -0.0643396379676822, Pos_Z, 0.026896854469860627, BFx, 1.0, 0.0, 0.0,                             BFy, 0.0, 0.9685444311538111, -0.24884068172414603, BFz, 0.0, 0.24884068172414614, 0.9685444311538095
Time, 0.276, Pos_X, -0.000918025378323988, Pos_Y, -0.0654434869078738, Pos_Z, 0.02688413078740479, BFx, 1.0, 0.0, 0.0,                             BFy, 0.0, 0.9681823399054117, -0.2502457925625905, BFz, 0.0, 0.2502457925625906, 0.96818233990541
Time, 0.278, Pos_X, -0.00019050645925198703, Pos_Y, -0.06655003881086964, Pos_Z, 0.02687797687091588, BFx, 1.0, 0.0, 0.0,                             BFy, 0.0, 0.9677803328585977, -0.2517960034077169, BFz, 0.0, 0.251796003407717, 0.967780332858596
Time, 0.28, Pos_X, 0.000539904734360014, Pos_Y, -0.06765897814359968, Pos_Z, 0.026878773898343773, BFx, 1.0, 0.0, 0.0,                             BFy, 0.0, 0.9673417106746249, -0.2534758662853083, BFz, 0.0, 0.2534758662853084, 0.9673417106746233
Time, 0.282, Pos_X, 0.0012718886633719946, Pos_Y, -0.06877006222741114, Pos_Z, 0.026886810500995364, BFx, 1.0, 0.0, 0.0,                             BFy, 0.0, 0.9668711215251096, -0.2552650276884278, BFz, 0.0, 0.25526502768842785, 0.9668711215251079
Time, 0.284, Pos_X, 0.0020042784724399955, Pos_Y, -0.06988312507448098, Pos_Z, 0.026902291538802945, BFx, 1.0, 0.0, 0.0,                             BFy, 0.0, 0.9663746154011972, -0.2571382949079843, BFz, 0.0, 0.2571382949079843, 0.9663746154011954
Time, 0.286, Pos_X, 0.0027360627752039965, Pos_Y, -0.07099807947624176, Pos_Z, 0.0269253466646999, BFx, 1.0, 0.0, 0.0,                             BFy, 0.0, 0.9658595012757066, -0.2590664466800755, BFz, 0.0, 0.25906644668007556, 0.965859501275705
Time, 0.288, Pos_X, 0.0034663940167479973, Pos_Y, -0.07211491883375647, Pos_Z, 0.026956033316773417, BFx, 1.0, 0.0, 0.0,                             BFy, 0.0, 0.965334085791022, -0.26101743775083064, BFz, 0.0, 0.2610174377508307, 0.9653340857910202
Time, 0.29, Pos_X, 0.004194592649891998, Pos_Y, -0.07323371498564406, Pos_Z, 0.02699434458064735, BFx, 1.0, 0.0, 0.0,                             BFy, 0.0, 0.9648072900040502, -0.2629579684189809, BFz, 0.0, 0.26295796841898095, 0.9648072900040483
Time, 0.292, Pos_X, 0.004920142268695999, Pos_Y, -0.07435461445432234, Pos_Z, 0.027040225002438432, BFx, 1.0, 0.0, 0.0,                             BFy, 0.0, 0.9642881496902681, -0.26485536499553214, BFz, 0.0, 0.26485536499553214, 0.964288149690266
Time, 0.294, Pos_X, 0.00564268382132, Pos_Y, -0.07547783466830198, Pos_Z, 0.027093581053566816, BFx, 1.0, 0.0, 0.0,                             BFy, 0.0, 0.963785345300026, -0.26667922338440053, BFz, 0.0, 0.26667922338440053, 0.963785345300024
Time, 0.296, Pos_X, 0.006362012065824001, Pos_Y, -0.07660365911158952, Pos_Z, 0.027154285960181948, BFx, 1.0, 0.0, 0.0,                             BFy, 0.0, 0.9633068396754947, -0.26840255705638927, BFz, 0.0, 0.26840255705638927, 0.9633068396754927
Time, 0.298, Pos_X, 0.007078072175608002, Pos_Y, -0.07773243223388764, Pos_Z, 0.02722218603351092, BFx, 1.0, 0.0, 0.0,                             BFy, 0.0, 0.9628597330325007, -0.27000210092623117, BFz, 0.0, 0.27000210092623117, 0.9628597330324987
Time, 0.3, Pos_X, 0.0077909487700720025, Pos_Y, -0.07886455132821617, Pos_Z, 0.027297108317489906, BFx, 1.0, 0.0, 0.0,                             BFy, 0.0, 0.9624502438650829, -0.2714581516256969, BFz, 0.0, 0.2714581516256969, 0.9624502438650809
Time, 0.302, Pos_X, 0.008500851565336004, Pos_Y, -0.0800004578155762, Pos_Z, 0.027378868394905876, BFx, 1.0, 0.0, 0.0,                             BFy, 0.0, 0.9620836931894757, -0.2727544083949813, BFz, 0.0, 0.2727544083949813, 0.9620836931894738
Time, 0.304, Pos_X, 0.009208100367880005, Pos_Y, -0.08114062831417738, Pos_Z, 0.027467276266071764, BFx, 1.0, 0.0, 0.0,                             BFy, 0.0, 0.9617644845734115, -0.27387784907370255, BFz, 0.0, 0.27387784907370255, 0.9617644845734097
Time, 0.306, Pos_X, 0.009913109091384004, Pos_Y, -0.08228556436937672, Pos_Z, 0.027562141144216817, BFx, 1.0, 0.0, 0.0,                             BFy, 0.0, 0.9614961790160262, -0.2748182994954657, BFz, 0.0, 0.27481829949546566, 0.9614961790160244
Time, 0.308, Pos_X, 0.010616369400568005, Pos_Y, -0.0834357817347094, Pos_Z, 0.02766327749069805, BFx, 1.0, 0.0, 0.0,                             BFy, 0.0, 0.9612815048482225, -0.2755682645674837, BFz, 0.0, 0.27556826456748357, 0.9612815048482207
Time, 0.31, Pos_X, 0.011318433031812005, Pos_Y, -0.08459179931939399, Pos_Z, 0.02777051129059611, BFx, 1.0, 0.0, 0.0,                             BFy, 0.0, 0.9611223666952777, -0.27612279195688655, BFz, 0.0, 0.2761227919568865, 0.961122366695276
Time, 0.312, Pos_X, 0.012019894208516006, Pos_Y, -0.08575412801753267, Pos_Z, 0.027883684218923784, BFx, 1.0, 0.0, 0.0,                             BFy, 0.0, 0.9610199239805705, -0.27647912346572684, BFz, 0.0, 0.27647912346572684, 0.9610199239805685
Time, 0.314, Pos_X, 0.012721373645600007, Pos_Y, -0.08692325974561842, Pos_Z, 0.028002655205357125, BFx, 1.0, 0.0, 0.0,                             BFy, 0.0, 0.9609747095824869, -0.27663623685781563, BFz, 0.0, 0.27663623685781563, 0.9609747095824848
Time, 0.316, Pos_X, 0.013423502790584008, Pos_Y, -0.08809965673320154, Pos_Z, 0.028127300063940392, BFx, 1.0, 0.0, 0.0,                             BFy, 0.0, 0.9609866221608587, -0.27659485177396476, BFz, 0.0, 0.2765948517739648, 0.9609866221608566
Time, 0.318, Pos_X, 0.01412690852288801, Pos_Y, -0.089283741594699, Pos_Z, 0.028257509190726428, BFx, 1.0, 0.0, 0.0,                             BFy, 0.0, 0.9610549365622926, -0.27635739344053445, BFz, 0.0, 0.27635739344053456, 0.9610549365622905
