Time, 0, Pos_X, 0.0, Pos_Y, 0.0, Pos_Z, 0.0, BFx, 1.0, 0.0, 0.0,                         BFy, 0.0, 1.0, 0.0, BFz, 0.0, 0.0, 1.0
Time, 0.0, Pos_X, 0.0, Pos_Y, 0.0, Pos_Z, 0.0, BFx, 1.0, 0.0, 0.0,                             BFy, 0.0, 1.0, 0.0, BFz, 0.0, 0.0, 1.0
Time, 0.002, Pos_X, 1.3935219000000001e-06, Pos_Y, 1.499141184974343e-06, Pos_Z, -4.821552588693153e-06, BFx, 1.0, 0.0, 0.0,                             BFy, 0.0, 0.9999972826116064, 0.0023312591883521516, BFz, 0.0, -0.0023312591883521516, 0.9999972826116064
Time, 0.004, Pos_X, 5.5314720999999995e-06, Pos_Y, 6.1109352727758e-06, Pos_Z, -1.9369636375449316e-05, BFx, 1.0, 0.0, 0.0,                             BFy, 0.0, 0.9999897697348776, 0.00452332019501527, BFz, 0.0, -0.004523320195015271, 0.9999897697348777
Time, 0.006, Pos_X, 1.2319528099999998e-05, Pos_Y, 1.4082626348999747e-05, Pos_Z, -4.3825897201382864e-05, BFx, 1.0, 0.0, 0.0,                             BFy, 0.0, 0.9999785371781161, 0.006551731306716899, BFz, 0.0, -0.006551731306716901, 0.9999785371781164
Time, 0.008, Pos_X, 2.1643427499999995e-05, Pos_Y, 2.56992367864199e-05, Pos_Z, -7.840226030562234e-05, BFx, 1.0, 0.0, 0.0,                             BFy, 0.0, 0.999964806573885, 0.008389613438867592, BFz, 0.0, -0.008389613438867594, 0.9999648065738851
Time, 0.01, Pos_X, 3.33649303e-05, Pos_Y, 4.128530227457104e-05, Pos_Z, -0.0001233412405826808, BFx, 1.0, 0.0, 0.0,                             BFy, 0.0, 0.9999499147768534, 0.010008393365780731, BFz, 0.0, -0.010008393365780733, 0.9999499147768536
Time, 0.012, Pos_X, 4.73179889e-05, Pos_Y, 6.120658248283522e-05, Pos_Z, -0.00017891548726615955, BFx, 1.0, 0.0, 0.0,                             BFy, 0.0, 0.9999352632097162, 0.011378461658613054, BFz, 0.0, -0.011378461658613056, 0.9999352632097164
Time, 0.014, Pos_X, 6.330771836000001e-05, Pos_Y, 8.587016490273603e-05, Pos_Z, -0.00024542833006476416, BFx, 1.0, 0.0, 0.0,                             BFy, 0.0, 0.999922245497739, 0.012470082548260287, BFz, 0.0, -0.01247008254826029, 0.9999222454977392
Time, 0.016, Pos_X, 8.110966136000001e-05, Pos_Y, 0.00011572386260358451, Pos_Z, -0.0003232171936651576, BFx, 1.0, 0.0, 0.0,                             BFy, 0.0, 0.9999121482962695, 0.01325502506751427, BFz, 0.0, -0.013255025067514276, 0.9999121482962697
Time, 0.018, Pos_X, 0.00010046673414, Pos_Y, 0.00015125576436192796, Pos_Z, -0.0004126606918863, BFx, 1.0, 0.0, 0.0,                             BFy, 0.0, 0.9999060327020874, 0.013708601897100556, BFz, 0.0, -0.013708601897100561, 0.9999060327020878
Time, 0.02, Pos_X, 0.00012108670142000002, Pos_Y, 0.00019299329198260669, Pos_Z, -0.0005141859176222868, BFx, 1.0, 0.0, 0.0,                             BFy, 0.0, 0.9999046161968383, 0.013811535332989027, BFz, 0.0, -0.013811535332989032, 0.9999046161968386
Time, 0.022, Pos_X, 0.00014264270884, Pos_Y, 0.00024150126986340571, Pos_Z, -0.0006282702039253418, BFx, 1.0, 0.0, 0.0,                             BFy, 0.0, 0.9999081746704489, 0.013551465869491021, BFz, 0.0, -0.013551465869491026, 0.9999081746704492
Time, 0.024, Pos_X, 0.00016477682266, Pos_Y, 0.00029737854005427013, Pos_Z, -0.0007554354013138975, BFx, 1.0, 0.0, 0.0,                             BFy, 0.0, 0.9999164779474119, 0.012924284477055799, BFz, 0.0, -0.012924284477055804, 0.9999164779474123
Time, 0.026, Pos_X, 0.00018710381448939998, Pos_Y, 0.00036125447220430927, Pos_Z, -0.0008962394046322967, BFx, 1.0, 0.0, 0.0,                             BFy, 0.0, 0.9999287732606359, 0.0119351751340569, BFz, 0.0, -0.011935175134056905, 0.9999287732606363
Time, 0.028, Pos_X, 0.0002092145499382, Pos_Y, 0.0004337844952051073, Pos_Z, -0.0010512702337126996, BFx, 1.0, 0.0, 0.0,                             BFy, 0.0, 0.999943899012707, 0.010592394784286478, BFz, 0.0, -0.010592394784286481, 0.9999438990127074
Time, 0.03, Pos_X, 0.00023068189877699998, Pos_Y, 0.0005156429995388143, Pos_Z, -0.001221142175187922, BFx, 1.0, 0.0, 0.0,                             BFy, 0.0, 0.9999601833031676, 0.008923665631150643, BFz, 0.0, -0.008923665631150646, 0.9999601833031682
Time, 0.032, Pos_X, 0.0002510678424558, Pos_Y, 0.0006075144519095887, Pos_Z, -0.0014064903536149184, BFx, 1.0, 0.0, 0.0,                             BFy, 0.0, 0.9999757377752743, 0.006965907033319307, BFz, 0.0, -0.0069659070333193095, 0.9999757377752748
Time, 0.034, Pos_X, 0.0002699284598946, Pos_Y, 0.0007100843717745943, Pos_Z, -0.0016079627503226023, BFx, 1.0, 0.0, 0.0,                             BFy, 0.0, 0.9999886487166924, 0.004764707521403156, BFz, 0.0, -0.004764707521403158, 0.9999886487166929
Time, 0.036, Pos_X, 0.00028681783085339994, Pos_Y, 0.0008240307276107201, Pos_Z, -0.0018262125424076013, BFx, 1.0, 0.0, 0.0,                             BFy, 0.0, 0.9999971839701521, 0.002373194422335386, BFz, 0.0, -0.002373194422335387, 0.9999971839701527
Time, 0.038, Pos_X, 0.00030129138121219996, Pos_Y, 0.0009500163268794748, Pos_Z, -0.0020618937368298705, BFx, 1.0, 0.0, 0.0,                             BFy, 0.0, 0.9999999887747771, -0.00014983472943935517, BFz, 0.0, 0.00014983472943935614, 0.9999999887747777
Time, 0.04, Pos_X, 0.000312907510171, Pos_Y, 0.0010886829324506823, Pos_Z, -0.002315657548384007, BFx, 1.0, 0.0, 0.0,                             BFy, 0.0, 0.9999962400215252, -0.0027422514130594033, BFz, 0.0, 0.0027422514130594055, 0.9999962400215258
Time, 0.042, Pos_X, 0.00032122811428979996, Pos_Y, 0.0012406471596912848, Pos_Z, -0.002588144878928115, BFx, 1.0, 0.0, 0.0,                             BFy, 0.0, 0.999985734963914, -0.005341335851738856, BFz, 0.0, 0.00534133585173886, 0.9999857349639144
Time, 0.044, Pos_X, 0.00032581929202859996, Pos_Y, 0.0014064977745422416, Pos_Z, -0.0028799750031553504, BFx, 1.0, 0.0, 0.0,                             BFy, 0.0, 0.9999688993191516, -0.007886722668167976, BFz, 0.0, 0.00788672266816798, 0.9999688993191521
Time, 0.046, Pos_X, 0.0003262534799074, Pos_Y, 0.0015867938004533496, Pos_Z, -0.0031917325577853865, BFx, 1.0, 0.0, 0.0,                             BFy, 0.0, 0.9999467123622455, -0.010323392656355285, BFz, 0.0, 0.010323392656355289, 0.999946712362246
Time, 0.048, Pos_X, 0.0003221136949862, Pos_Y, 0.0017820628051124026, Pos_Z, -0.003523954445162225, BFx, 1.0, 0.0, 0.0,                             BFy, 0.0, 0.99992055873501, -0.012604611023978607, BFz, 0.0, 0.01260461102397861, 0.9999205587350105
Time, 0.05, Pos_X, 0.000312998707865, Pos_Y, 0.00199279984430729, Pos_Z, -0.0038771173278152674, BFx, 1.0, 0.0, 0.0,                             BFy, 0.0, 0.9998920375481984, -0.014693986787549308, BFz, 0.0, 0.014693986787549313, 0.999892037548199
Time, 0.052, Pos_X, 0.00029852689574380006, Pos_Y, 0.0022194685290665307, Pos_Z, -0.004251626487667791, BFx, 1.0, 0.0, 0.0,                             BFy, 0.0, 0.9998627668389716, -0.016566456745989448, BFz, 0.0, 0.016566456745989448, 0.9998627668389721
Time, 0.054, Pos_X, 0.00027833913402260004, Pos_Y, 0.002462503881675098, Pos_Z, -0.004647806946451841, BFx, 1.0, 0.0, 0.0,                             BFy, 0.0, 0.9998342106573334, -0.018208547422228306, BFz, 0.0, 0.018208547422228306, 0.9998342106573339
Time, 0.056, Pos_X, 0.0002521031355014, Pos_Y, 0.0027223165014950497, Pos_Z, -0.005065903923302891, BFx, 1.0, 0.0, 0.0,                             BFy, 0.0, 0.9998075429467057, -0.019618283994061857, BFz, 0.0, 0.019618283994061857, 0.9998075429467063
Time, 0.058, Pos_X, 0.0002195175333802, Pos_Y, 0.002999298116327625, Pos_Z, -0.005506075379613168, BFx, 1.0, 0.0, 0.0,                             BFy, 0.0, 0.9997835621300967, -0.02080454023658411, BFz, 0.0, 0.02080454023658411, 0.9997835621300971
Time, 0.06, Pos_X, 0.0001803161638590001, Pos_Y, 0.00329382542554984, Pos_Z, -0.005968377990014096, BFx, 1.0, 0.0, 0.0,                             BFy, 0.0, 0.9997626561762166, -0.02178603487274238, BFz, 0.0, 0.021786034872742378, 0.9997626561762172
Time, 0.062, Pos_X, 0.00013427298473780007, Pos_Y, 0.003606261590970783, Pos_Z, -0.006452764280715176, BFx, 1.0, 0.0, 0.0,                             BFy, 0.0, 0.9997448237188747, -0.022589542875341925, BFz, 0.0, 0.02258954287534192, 0.9997448237188751
Time, 0.064, Pos_X, 8.120677641660002e-05, Pos_Y, 0.00393695769110223, Pos_Z, -0.006959083153835805, BFx, 1.0, 0.0, 0.0,                             BFy, 0.0, 0.9997297367716909, -0.023247653954896277, BFz, 0.0, 0.023247653954896273, 0.9997297367716911
Time, 0.066, Pos_X, 2.0986606495399955e-05, Pos_Y, 0.004286253860451926, Pos_Z, -0.007487083382336006, BFx, 1.0, 0.0, 0.0,                             BFy, 0.0, 0.9997168323011764, -0.02379611761827128, BFz, 0.0, 0.023796117618271273, 0.9997168323011766
Time, 0.068, Pos_X, -4.6461818625800124e-05, Pos_Y, 0.004654479862738474, Pos_Z, -0.008036417333292826, BFx, 1.0, 0.0, 0.0,                             BFy, 0.0, 0.9997054085293874, -0.02427130316015213, BFz, 0.0, 0.02427130316015212, 0.9997054085293874
Time, 0.07, Pos_X, -0.00012115063494700021, Pos_Y, 0.005041955389918311, Pos_Z, -0.008606645753226633, BFx, 1.0, 0.0, 0.0,                             BFy, 0.0, 0.99969471205441, -0.024707947920699847, BFz, 0.0, 0.02470794792069983, 0.99969471205441
Time, 0.072, Pos_X, -0.0002030259180681997, Pos_Y, 0.00544898940586159, Pos_Z, -0.009197247062770851, BFx, 1.0, 0.0, 0.0,                             BFy, 0.0, 0.9996840151740642, -0.025137020616281196, BFz, 0.0, 0.02513702061628117, 0.9996840151740642
Time, 0.074, Pos_X, -0.00029196381618939977, Pos_Y, 0.005875877678516918, Pos_Z, -0.009807629047899972, BFx, 1.0, 0.0, 0.0,                             BFy, 0.0, 0.9996726788253405, -0.025583885751965074, BFz, 0.0, 0.025583885751965046, 0.9996726788253406
Time, 0.076, Pos_X, -0.00038776672891059985, Pos_Y, 0.006322898420894745, Pos_Z, -0.01043714024965291, BFx, 1.0, 0.0, 0.0,                             BFy, 0.0, 0.9996601972215285, -0.026067030728804997, BFz, 0.0, 0.026067030728804973, 0.9996601972215287
Time, 0.078, Pos_X, -0.0004901608520317999, Pos_Y, 0.00679030654092082, Pos_Z, -0.01108508144279998, BFx, 1.0, 0.0, 0.0,                             BFy, 0.0, 0.9996462103076126, -0.026598011535266683, BFz, 0.0, 0.026598011535266655, 0.9996462103076128
Time, 0.08, Pos_X, -0.000598798172953, Pos_Y, 0.007278327609422283, Pos_Z, -0.011750716379012196, BFx, 1.0, 0.0, 0.0,                             BFy, 0.0, 0.9996304905853172, -0.027182389375471367, BFz, 0.0, 0.027182389375471343, 0.9996304905853174
Time, 0.082, Pos_X, -0.0007132604648742001, Pos_Y, 0.007787151810693678, Pos_Z, -0.012433281874786001, BFx, 1.0, 0.0, 0.0,                             BFy, 0.0, 0.9996129099653743, -0.027821398788671372, BFz, 0.0, 0.027821398788671344, 0.9996129099653746
Time, 0.084, Pos_X, -0.0008330623157954002, Pos_Y, 0.008316926877992792, Pos_Z, -0.013131999313369955, BFx, 1.0, 0.0, 0.0,                             BFy, 0.0, 0.9995934021615748, -0.0285136871528453, BFz, 0.0, 0.028513687152845267, 0.9995934021615749
Time, 0.086, Pos_X, -0.0009576544685165995, Pos_Y, 0.008867750947963752, Pos_Z, -0.013846086312366645, BFx, 1.0, 0.0, 0.0,                             BFy, 0.0, 0.9995719277916073, -0.029256814094703668, BFz, 0.0, 0.029256814094703633, 0.9995719277916073
Time, 0.088, Pos_X, -0.0010864287215177997, Pos_Y, 0.009439666233866675, Pos_Z, -0.014574767461146871, BFx, 1.0, 0.0, 0.0,                             BFy, 0.0, 0.9995484607012779, -0.030047873630393795, BFz, 0.0, 0.03004787363039376, 0.9995484607012778
Time, 0.09, Pos_X, -0.0012187241174789999, Pos_Y, 0.010032653988233093, Pos_Z, -0.015317284055314325, BFx, 1.0, 0.0, 0.0,                             BFy, 0.0, 0.9995229964991558, -0.030883320244923053, BFz, 0.0, 0.030883320244923018, 0.9995229964991558
Time, 0.092, Pos_X, -0.0013538327706601998, Pos_Y, 0.010646630920594553, Pos_Z, -0.016072900390288834, BFx, 1.0, 0.0, 0.0,                             BFy, 0.0, 0.9994955957699337, -0.03175773978901553, BFz, 0.0, 0.031757739789015485, 0.9994955957699337
Time, 0.094, Pos_X, -0.0014910073747213999, Pos_Y, 0.011281447342132801, Pos_Z, -0.016840906478894916, BFx, 1.0, 0.0, 0.0,                             BFy, 0.0, 0.999466452002864, -0.03266207771726345, BFz, 0.0, 0.0326620777172634, 0.9994664520028641
Time, 0.096, Pos_X, -0.0016294684239226, Pos_Y, 0.011936886075414085, Pos_Z, -0.01762062078293597, BFx, 1.0, 0.0, 0.0,                             BFy, 0.0, 0.9994359834280128, -0.03358146853969848, BFz, 0.0, 0.03358146853969842, 0.9994359834280129
Time, 0.098, Pos_X, -0.0017684077465078, Pos_Y, 0.01261266011130287, Pos_Z, -0.018411394527351285, BFx, 1.0, 0.0, 0.0,                             BFy, 0.0, 0.9994049207333662, -0.034493541626455675, BFz, 0.0, 0.03449354162645561, 0.9994049207333663
Time, 0.1, Pos_X, -0.0019069915547970002, Pos_Y, 0.013308411294448288, Pos_Z, -0.019212614633839567, BFx, 1.0, 0.0, 0.0,                             BFy, 0.0, 0.9993743567626993, -0.03536799464407297, BFz, 0.0, 0.03536799464407289, 0.9993743567626994
Time, 0.102, Pos_X, -0.0020443661739061995, Pos_Y, 0.014023712051527921, Pos_Z, -0.02002370145306338, BFx, 1.0, 0.0, 0.0,                             BFy, 0.0, 0.9993457547166561, -0.03616714710616927, BFz, 0.0, 0.03616714710616919, 0.9993457547166561
Time, 0.104, Pos_X, -0.0021796645372153998, Pos_Y, 0.014758069283176795, Pos_Z, -0.02084410205294353, BFx, 1.0, 0.0, 0.0,                             BFy, 0.0, 0.9993208843533895, -0.03684793203371792, BFz, 0.0, 0.036847932033717834, 0.9993208843533895
Time, 0.106, Pos_X, -0.0023120122131046, Pos_Y, 0.015510930335467037, Pos_Z, -0.021673283051380804, BFx, 1.0, 0.0, 0.0,                             BFy, 0.0, 0.9993016821564631, -0.03736506442207019, BFz, 0.0, 0.037365064422070104, 0.999301682156463
Time, 0.108, Pos_X, -0.0024405339778738, Pos_Y, 0.016281689910411585, Pos_Z, -0.022510721558301507, BFx, 1.0, 0.0, 0.0,                             BFy, 0.0, 0.9992900709828187, -0.037674315324302425, BFz, 0.0, 0.03767431532430234, 0.9992900709828187
Time, 0.11, Pos_X, -0.0025643601478430003, Pos_Y, 0.017069696853784948, Pos_Z, -0.023355893012398456, BFx, 1.0, 0.0, 0.0,                             BFy, 0.0, 0.9992877835524984, -0.03773493928360189, BFz, 0.0, 0.0377349392836018, 0.9992877835524985
Time, 0.112, Pos_X, -0.0026826321940122003, Pos_Y, 0.017874261842117607, Pos_Z, -0.02420825862766832, BFx, 1.0, 0.0, 0.0,                             BFy, 0.0, 0.9992961936503222, -0.037511562963705204, BFz, 0.0, 0.037511562963705114, 0.9992961936503222
Time, 0.114, Pos_X, -0.0027945082549814004, Pos_Y, 0.01869466594430881, Pos_Z, -0.025067253315784955, BFx, 1.0, 0.0, 0.0,                             BFy, 0.0, 0.9993161682596557, -0.03697561162227528, BFz, 0.0, 0.03697561162227519, 0.9993161682596559
Time, 0.116, Pos_X, -0.0028991699077506004, Pos_Y, 0.019530169989860856, Pos_Z, -0.025932275450384745, BFx, 1.0, 0.0, 0.0,                             BFy, 0.0, 0.9993479601853459, -0.036106155616323146, BFz, 0.0, 0.03610615561632305, 0.9993479601853461
Time, 0.118, Pos_X, -0.0029958292457197997, Pos_Y, 0.020380024409799184, Pos_Z, -0.026802680144893065, BFx, 1.0, 0.0, 0.0,                             BFy, 0.0, 0.9993911603720812, -0.034889949414516064, BFz, 0.0, 0.034889949414515974, 0.9993911603720811
Time, 0.12, Pos_X, -0.003083736023489, Pos_Y, 0.02124347945808461, Pos_Z, -0.02767777581841999, BFx, 1.0, 0.0, 0.0,                             BFy, 0.0, 0.999444713174685, -0.03332064385893164, BFz, 0.0, 0.03332064385893155, 0.9994447131746851
Time, 0.122, Pos_X, -0.0031621867712582, Pos_Y, 0.022119795886459195, Pos_Z, -0.028556821134800795, BFx, 1.0, 0.0, 0.0,                             BFy, 0.0, 0.9995069658613343, -0.03139785334495515, BFz, 0.0, 0.03139785334495506, 0.9995069658613346
Time, 0.124, Pos_X, -0.0032305380314274, Pos_Y, 0.02300825709401296, Pos_Z, -0.029439020489013975, BFx, 1.0, 0.0, 0.0,                             BFy, 0.0, 0.9995757378853878, -0.029126349425980812, BFz, 0.0, 0.029126349425980726, 0.9995757378853881
Time, 0.126, Pos_X, -0.0032882223315966, Pos_Y, 0.023908181813571995, Pos_Z, -0.030323518258299948, BFx, 1.0, 0.0, 0.0,                             BFy, 0.0, 0.9996484022377229, -0.02651550307970164, BFz, 0.0, 0.026515503079701547, 0.9996484022377232
Time, 0.128, Pos_X, -0.0033347639257658, Pos_Y, 0.024818936427393974, Pos_Z, -0.031209392604480617, BFx, 1.0, 0.0, 0.0,                             BFy, 0.0, 0.9997219789097096, -0.023578907626429165, BFz, 0.0, 0.023578907626429068, 0.99972197890971
Time, 0.13, Pos_X, -0.003369795646535, Pos_Y, 0.0257399479110184, Pos_Z, -0.032095652623122306, BFx, 1.0, 0.0, 0.0,                             BFy, 0.0, 0.9997932385186479, -0.020334212854093273, BFz, 0.0, 0.020334212854093175, 0.9997932385186482
Time, 0.132, Pos_X, -0.0033930788537042, Pos_Y, 0.026670717474255392, Pos_Z, -0.03298124288992897, BFx, 1.0, 0.0, 0.0,                             BFy, 0.0, 0.999858819566069, -0.016803003777553616, BFz, 0.0, 0.01680300377755352, 0.9998588195660694
Time, 0.134, Pos_X, -0.0034045256070734, Pos_Y, 0.027610834818379042, Pos_Z, -0.0338650552355771, BFx, 1.0, 0.0, 0.0,                             BFy, 0.0, 0.9999153587870392, -0.013010582684405032, BFz, 0.0, 0.013010582684404933, 0.9999153587870396
Time, 0.136, Pos_X, -0.0034042195342426, Pos_Y, 0.02855999092584079, Pos_Z, -0.03474594354337054, BFx, 1.0, 0.0, 0.0,                             BFy, 0.0, 0.9999596264075438, -0.008985853041657482, BFz, 0.0, 0.008985853041657381, 0.9999596264075443
Time, 0.138, Pos_X, -0.0033924326336117997, Pos_Y, 0.029517988893542936, Pos_Z, -0.03562273719364409, BFx, 1.0, 0.0, 0.0,                             BFy, 0.0, 0.999988667095091, -0.0047608488091695185, BFz, 0.0, 0.004760848809169416, 0.9999886670950916
Time, 0.14, Pos_X, -0.0033696401491809997, Pos_Y, 0.030484753859981596, Pos_Z, -0.0364942539949758, BFx, 1.0, 0.0, 0.0,                             BFy, 0.0, 0.9999999316074153, -0.0003698447855684422, BFz, 0.0, 0.00036984478556833795, 0.9999999316074158
Time, 0.142, Pos_X, -0.0033365327117502, Pos_Y, 0.031460340928396134, Pos_Z, -0.037359316207286726, BFx, 1.0, 0.0, 0.0,                             BFy, 0.0, 0.9999913824008884, 0.004151520680578536, BFz, 0.0, -0.004151520680578643, 0.9999913824008888
Time, 0.144, Pos_X, -0.0032940225953194003, Pos_Y, 0.03244493976214913, Pos_Z, -0.03821676955852605, BFx, 1.0, 0.0, 0.0,                             BFy, 0.0, 0.9999615656759409, 0.008767392481338513, BFz, 0.0, -0.008767392481338622, 0.9999615656759413
Time, 0.146, Pos_X, -0.0032432442506886002, Pos_Y, 0.03343887544456583, Pos_Z, -0.03906550222122566, BFx, 1.0, 0.0, 0.0,                             BFy, 0.0, 0.9999096428246684, 0.013442700109895563, BFz, 0.0, -0.013442700109895674, 0.9999096428246688
Time, 0.148, Pos_X, -0.0031855504254578, Pos_Y, 0.03444260526920098, Pos_Z, -0.039904461785527444, BFx, 1.0, 0.0, 0.0,                             BFy, 0.0, 0.999835379863506, 0.018144232505090837, BFz, 0.0, -0.018144232505090948, 0.9998353798635063
Time, 0.15, Pos_X, -0.003122503616227, Pos_Y, 0.03545671241112949, Pos_Z, -0.04073267261069071, BFx, 1.0, 0.0, 0.0,                             BFy, 0.0, 0.9997390961051519, 0.02284162250923789, BFz, 0.0, -0.022841622509238005, 0.9997390961051522
Time, 0.152, Pos_X, -0.0030558624801962, Pos_Y, 0.03648189741718228, Pos_Z, -0.041549257152681617, BFx, 1.0, 0.0, 0.0,                             BFy, 0.0, 0.9996215713343384, 0.027508437306915236, BFz, 0.0, -0.02750843730691535, 0.9996215713343388
Time, 0.154, Pos_X, -0.0029875662212854, Pos_Y, 0.03751896864282454, Pos_Z, -0.04235345968201061, BFx, 1.0, 0.0, 0.0,                             BFy, 0.0, 0.9994839160881506, 0.032123223392046756, BFz, 0.0, -0.03212322339204687, 0.999483916088151
Time, 0.156, Pos_X, -0.0029197175988945998, Pos_Y, 0.038568832562707045, Pos_Z, -0.04314466878515895, BFx, 1.0, 0.0, 0.0,                             BFy, 0.0, 0.9993274293678236, 0.036670000178598866, BFz, 0.0, -0.03667000017859898, 0.9993274293678239
Time, 0.158, Pos_X, -0.0028545632465037996, Pos_Y, 0.039632483943764625, Pos_Z, -0.04392243734040006, BFx, 1.0, 0.0, 0.0,                             BFy, 0.0, 0.9991534540745605, 0.0411384881938554, BFz, 0.0, -0.0411384881938555, 0.9991534540745608
Time, 0.16, Pos_X, -0.002794470093113, Pos_Y, 0.040710995129990116, Pos_Z, -0.04468649865007908, BFx, 1.0, 0.0, 0.0,                             BFy, 0.0, 0.9989632301599939, 0.045524331827194495, BFz, 0.0, -0.0455243318271946, 0.998963230159994
Time, 0.162, Pos_X, -0.0027418967833222, Pos_Y, 0.04180550369430661, Pos_Z, -0.045436777502231275, BFx, 1.0, 0.0, 0.0,                             BFy, 0.0, 0.9987577815173214, 0.04982864496050422, BFz, 0.0, -0.049828644960504334, 0.9987577815173214
Time, 0.164, Pos_X, -0.0026993613559313998, Pos_Y, 0.042917199571345994, Pos_Z, -0.046173395970969464, BFx, 1.0, 0.0, 0.0,                             BFy, 0.0, 0.9985378548952657, 0.05405693610595521, BFz, 0.0, -0.05405693610595531, 0.9985378548952655
Time, 0.166, Pos_X, -0.0026694085915405998, Pos_Y, 0.044047313118981045, Pos_Z, -0.04689667513272691, BFx, 1.0, 0.0, 0.0,                             BFy, 0.0, 0.998303900087254, 0.05821789304483658, BFz, 0.0, -0.058217893044836676, 0.9983039000872538
Time, 0.168, Pos_X, -0.0026545778673497996, Pos_Y, 0.04519710399813117, Pos_Z, -0.047607134304239775, BFx, 1.0, 0.0, 0.0,                             BFy, 0.0, 0.9980560810413981, 0.062322219924265246, BFz, 0.0, -0.06232221992426534, 0.9980560810413978
Time, 0.17, Pos_X, -0.002657369875359, Pos_Y, 0.04636784992310868, Pos_Z, -0.04830548797697011, BFx, 1.0, 0.0, 0.0,                             BFy, 0.0, 0.9977943352086943, 0.06638120686942796, BFz, 0.0, -0.06638120686942806, 0.997794335208694
Time, 0.172, Pos_X, -0.0026802124023681995, Pos_Y, 0.04756083501390584, Pos_Z, -0.04899264025312541, BFx, 1.0, 0.0, 0.0,                             BFy, 0.0, 0.9975184650006107, 0.0704053405845566, BFz, 0.0, -0.07040534058455668, 0.9975184650006104
Time, 0.174, Pos_X, -0.0027254262261773993, Pos_Y, 0.04877733719112846, Pos_Z, -0.049669675947338704, BFx, 1.0, 0.0, 0.0,                             BFy, 0.0, 0.9972282521869617, 0.0744030445622997, BFz, 0.0, -0.07440304456229978, 0.9972282521869613
Time, 0.176, Pos_X, -0.0027951932621865993, Pos_Y, 0.050018615427090435, Pos_Z, -0.050337848368803936, BFx, 1.0, 0.0, 0.0,                             BFy, 0.0, 0.9969235455163293, 0.07838012755254557, BFz, 0.0, -0.07838012755254567, 0.996923545516329
Time, 0.178, Pos_X, -0.002891528675795799, Pos_Y, 0.051285897297580735, Pos_Z, -0.05099856577951843, BFx, 1.0, 0.0, 0.0,                             BFy, 0.0, 0.9966043460789784, 0.08233940354710963, BFz, 0.0, -0.08233940354710972, 0.9966043460789781
Time, 0.18, Pos_X, -0.003016254561004999, Pos_Y, 0.052580365667026334, Pos_Z, -0.051653374757753064, BFx, 1.0, 0.0, 0.0,                             BFy, 0.0, 0.9962708797798547, 0.08628055460343519, BFz, 0.0, -0.08628055460343531, 0.9962708797798543
Time, 0.182, Pos_X, -0.003170975632214199, Pos_Y, 0.05390314580758357, Pos_Z, -0.052303939048437935, BFx, 1.0, 0.0, 0.0,                             BFy, 0.0, 0.995923616907624, 0.09020060579418616, BFz, 0.0, -0.09020060579418629, 0.9959236169076237
Time, 0.184, Pos_X, -0.003357059198023399, Pos_Y, 0.05525529406144127, Pos_Z, -0.05295201769254631, BFx, 1.0, 0.0, 0.0,                             BFy, 0.0, 0.9955632503065551, 0.09409471100465598, BFz, 0.0, -0.0940947110046561, 0.9955632503065548
Time, 0.186, Pos_X, -0.0035756183152325987, Pos_Y, 0.05663778691281662, Pos_Z, -0.05359944401854552, BFx, 1.0, 0.0, 0.0,                             BFy, 0.0, 0.9951906401902735, 0.09795708079396749, BFz, 0.0, -0.09795708079396763, 0.9951906401902733
Time, 0.188, Pos_X, -0.0038274959664417988, Pos_Y, 0.058051509384564076, Pos_Z, -0.054248104359007995, BFx, 1.0, 0.0, 0.0,                             BFy, 0.0, 0.9948067424291929, 0.10178185112002681, BFz, 0.0, -0.10178185112002695, 0.9948067424291926
Time, 0.19, Pos_X, -0.004113250375650999, Pos_Y, 0.05949724272975112, Pos_Z, -0.05489991758488223, BFx, 1.0, 0.0, 0.0,                             BFy, 0.0, 0.9944124851775757, 0.10556424263432786, BFz, 0.0, -0.105564242634328, 0.9944124851775757
Time, 0.192, Pos_X, -0.004433144478860199, Pos_Y, 0.06097565216462807, Pos_Z, -0.055556815137674395, BFx, 1.0, 0.0, 0.0,                             BFy, 0.0, 0.9940086476894608, 0.10930145615942599, BFz, 0.0, -0.10930145615942614, 0.9940086476894607
Time, 0.194, Pos_X, -0.004787140646069399, Pos_Y, 0.062487275429095684, Pos_Z, -0.05622071995705823, BFx, 1.0, 0.0, 0.0,                             BFy, 0.0, 0.9935957183290531, 0.11299357733152035, BFz, 0.0, -0.11299357733152049, 0.993595718329053
Time, 0.196, Pos_X, -0.0051748992972785995, Pos_Y, 0.06403251186895792, Pos_Z, -0.056893525574752406, BFx, 1.0, 0.0, 0.0,                             BFy, 0.0, 0.9931737238406038, 0.11664456383642516, BFz, 0.0, -0.1166445638364253, 0.9931737238406037
Time, 0.198, Pos_X, -0.0055957802884878, Pos_Y, 0.0656116115707871, Pos_Z, -0.05757707632991109, BFx, 1.0, 0.0, 0.0,                             BFy, 0.0, 0.992742086750565, 0.12026283380219968, BFz, 0.0, -0.12026283380219982, 0.9927420867505649
Time, 0.2, Pos_X, -0.006048847791097001, Pos_Y, 0.06722466546221977, Pos_Z, -0.058273148693711224, BFx, 1.0, 0.0, 0.0,                             BFy, 0.0, 0.9922994832012545, 0.1238617601946832, BFz, 0.0, -0.12386176019468334, 0.9922994832012544
Time, 0.202, Pos_X, -0.006532880297106201, Pos_Y, 0.06887159728800703, Pos_Z, -0.05898343252854973, BFx, 1.0, 0.0, 0.0,                             BFy, 0.0, 0.9918437504733761, 0.12745969812811042, BFz, 0.0, -0.12745969812811053, 0.991843750473376
Time, 0.204, Pos_X, -0.0070463856945153945, Pos_Y, 0.07055215787986303, Pos_Z, -0.05970951240005779, BFx, 1.0, 0.0, 0.0,                             BFy, 0.0, 0.991371865051129, 0.13107946133947868, BFz, 0.0, -0.13107946133947881, 0.9913718650511288
Time, 0.206, Pos_X, -0.007587619842324595, Pos_Y, 0.07226592232389363, Pos_Z, -0.060452850770870536, BFx, 1.0, 0.0, 0.0,                             BFy, 0.0, 0.9908799727287375, 0.13474746619175382, BFz, 0.0, -0.13474746619175393, 0.9908799727287375
Time, 0.208, Pos_X, -0.008154610599133796, Pos_Y, 0.0740122907501702, Pos_Z, -0.06121477066768644, BFx, 1.0, 0.0, 0.0,                             BFy, 0.0, 0.9903634186078129, 0.1384929568008692, BFz, 0.0, -0.13849295680086926, 0.9903634186078129
Time, 0.21, Pos_X, -0.008745186921542997, Pos_Y, 0.07579049269625801, Pos_Z, -0.06199643719439664, BFx, 1.0, 0.0, 0.0,                             BFy, 0.0, 0.9898168103105329, 0.14234704783269614, BFz, 0.0, -0.14234704783269617, 0.9898168103105329
Time, 0.212, Pos_X, -0.009357009141552197, Pos_Y, 0.07759959428867395, Pos_Z, -0.06279884163228536, BFx, 1.0, 0.0, 0.0,                             BFy, 0.0, 0.989234115145416, 0.14634160526817852, BFz, 0.0, -0.14634160526817855, 0.989234115145416
Time, 0.214, Pos_X, -0.009987601518561397, Pos_Y, 0.07943850827690233, Pos_Z, -0.06362278901018179, BFx, 1.0, 0.0, 0.0,                             BFy, 0.0, 0.9886088004478829, 0.15050793891685454, BFz, 0.0, -0.15050793891685454, 0.9886088004478829
Time, 0.216, Pos_X, -0.010634387770570597, Pos_Y, 0.08130600661202471, Pos_Z, -0.06446888743680249, BFx, 1.0, 0.0, 0.0,                             BFy, 0.0, 0.9879339877814987, 0.1548755493489769, BFz, 0.0, -0.1548755493489769, 0.9879339877814987
Time, 0.218, Pos_X, -0.011294728276579798, Pos_Y, 0.08320073632062894, Pos_Z, -0.06533753963210627, BFx, 1.0, 0.0, 0.0,                             BFy, 0.0, 0.9872026458172429, 0.1594708001216421, BFz, 0.0, -0.1594708001216421, 0.987202645817243
Time, 0.22, Pos_X, -0.011965959732588998, Pos_Y, 0.08512124053397573, Pos_Z, -0.06622893677446771, BFx, 1.0, 0.0, 0.0,                             BFy, 0.0, 0.9864078606835261, 0.1643153443283698, BFz, 0.0, -0.1643153443283698, 0.9864078606835264
Time, 0.222, Pos_X, -0.012645437679198198, Pos_Y, 0.0870659846863274, Pos_Z, -0.06714305353802988, BFx, 1.0, 0.0, 0.0,                             BFy, 0.0, 0.9855431979808019, 0.1694243338891289, BFz, 0.0, -0.16942433388912892, 0.9855431979808021
Time, 0.224, Pos_X, -0.0133305791882074, Pos_Y, 0.0890333870643217, Pos_Z, -0.06807964379805484, BFx, 1.0, 0.0, 0.0,                             BFy, 0.0, 0.984603125585966, 0.17480470556122704, BFz, 0.0, -0.17480470556122707, 0.9846031255859663
Time, 0.226, Pos_X, -0.0140189032577566, Pos_Y, 0.09102185224442763, Pos_Z, -0.0690382364266545, BFx, 1.0, 0.0, 0.0,                             BFy, 0.0, 0.9835834725628849, 0.18045374061275882, BFz, 0.0, -0.18045374061275887, 0.9835834725628854
Time, 0.228, Pos_X, -0.014708068480937801, Pos_Y, 0.09302980572736964, Pos_Z, -0.07001813373532004, BFx, 1.0, 0.0, 0.0,                             BFy, 0.0, 0.9824818886399044, 0.18635809210916052, BFz, 0.0, -0.18635809210916057, 0.9824818886399049
Time, 0.23, Pos_X, -0.015395908329271003, Pos_Y, 0.09505572861067227, Pos_Z, -0.07101841381579795, BFx, 1.0, 0.0, 0.0,                             BFy, 0.0, 0.9812982478803345, 0.19249350302538865, BFz, 0.0, -0.1924935030253887, 0.9812982478803349
Time, 0.232, Pos_X, -0.016080464083064204, Pos_Y, 0.09709819200451007, Pos_Z, -0.07203793788800199, BFx, 1.0, 0.0, 0.0,                             BFy, 0.0, 0.9800349154876435, 0.19882546221529854, BFz, 0.0, -0.1988254622152986, 0.9800349154876441
Time, 0.234, Pos_X, -0.016760013132857403, Pos_Y, 0.09915588956423743, Pos_Z, -0.07307536415778976, BFx, 1.0, 0.0, 0.0,                             BFy, 0.0, 0.9786968594620357, 0.2053106360594788, BFz, 0.0, -0.20531063605947886, 0.9786968594620363
Time, 0.236, Pos_X, -0.017433091081450594, Pos_Y, 0.10122766713632911, Pos_Z, -0.07412916742014203, BFx, 1.0, 0.0, 0.0,                             BFy, 0.0, 0.9772916225184237, 0.21189876015518855, BFz, 0.0, -0.2118987601551886, 0.9772916225184245
Time, 0.238, Pos_X, -0.018098508960843796, Pos_Y, 0.10331254923316759, Pos_Z, -0.07519766353063928, BFx, 1.0, 0.0, 0.0,                             BFy, 0.0, 0.9758291195360432, 0.21853496165490344, BFz, 0.0, -0.21853496165490352, 0.975829119536044
Time, 0.24, Pos_X, -0.018755365518436998, Pos_Y, 0.10540976135312395, Pos_Z, -0.07627903704072352, BFx, 1.0, 0.0, 0.0,                             BFy, 0.0, 0.9743211608251201, 0.22516277571656865, BFz, 0.0, -0.2251627757165687, 0.974321160825121
Time, 0.242, Pos_X, -0.0194030522738302, Pos_Y, 0.10751874793031098, Pos_Z, -0.07737137112577484, BFx, 1.0, 0.0, 0.0,                             BFy, 0.0, 0.9727808597398274, 0.2317269922211081, BFz, 0.0, -0.23172699222110815, 0.9727808597398282
Time, 0.244, Pos_X, -0.0200412529334234, Pos_Y, 0.10963918574329887, Pos_Z, -0.07847268014832784, BFx, 1.0, 0.0, 0.0,                             BFy, 0.0, 0.9712219882341091, 0.23817608941827811, BFz, 0.0, -0.23817608941827817, 0.9712219882341098
Time, 0.246, Pos_X, -0.0206699386122166, Pos_Y, 0.11177099277617956, Pos_Z, -0.07958094354370165, BFx, 1.0, 0.0, 0.0,                             BFy, 0.0, 0.969658385460152, 0.24446393498185073, BFz, 0.0, -0.2444639349818508, 0.9696583854601527
Time, 0.248, Pos_X, -0.0212893579612098, Pos_Y, 0.11391433200369322, Pos_Z, -0.08069413999711168, BFx, 1.0, 0.0, 0.0,                             BFy, 0.0, 0.9681035967903414, 0.25055024622139865, BFz, 0.0, -0.25055024622139865, 0.9681035967903422
Time, 0.25, Pos_X, -0.021900021524203003, Pos_Y, 0.11606960908467592, Pos_Z, -0.08181028263967349, BFx, 1.0, 0.0, 0.0,                             BFy, 0.0, 0.9665706343970007, 0.25640048502563073, BFz, 0.0, -0.2564004850256308, 0.9665706343970016
Time, 0.252, Pos_X, -0.022502680281596202, Pos_Y, 0.11823746389394914, Pos_Z, -0.08292745412403713, BFx, 1.0, 0.0, 0.0,                             BFy, 0.0, 0.9650717499965168, 0.261985719760945, BFz, 0.0, -0.26198571976094503, 0.9650717499965175
Time, 0.254, Pos_X, -0.023098298813989403, Pos_Y, 0.12041875548706704, Pos_Z, -0.08404383970001024, BFx, 1.0, 0.0, 0.0,                             BFy, 0.0, 0.9636182195048841, 0.2672824854685329, BFz, 0.0, -0.26728248546853295, 0.9636182195048847
Time, 0.256, Pos_X, -0.023688024091782604, Pos_Y, 0.12261454071798844, Pos_Z, -0.08515775762187472, BFx, 1.0, 0.0, 0.0,                             BFy, 0.0, 0.9622201977395279, 0.2722724574063699, BFz, 0.0, -0.27227245740637, 0.9622201977395285
Time, 0.258, Pos_X, -0.024273149885575804, Pos_Y, 0.12482604806889269, Pos_Z, -0.08626768725056139, BFx, 1.0, 0.0, 0.0,                             BFy, 0.0, 0.9608865873790745, 0.27694217121087916, BFz, 0.0, -0.27694217121087916, 0.960886587379075
Time, 0.26, Pos_X, -0.024855078124689005, Pos_Y, 0.12705464741723393, Pos_Z, -0.08737229474889951, BFx, 1.0, 0.0, 0.0,                             BFy, 0.0, 0.9596249546519255, 0.2812826806066976, BFz, 0.0, -0.2812826806066975, 0.9596249546519261
Time, 0.262, Pos_X, -0.025435279161742205, Pos_Y, 0.12930181677178987, Pos_Z, -0.08847045439034842, BFx, 1.0, 0.0, 0.0,                             BFy, 0.0, 0.9584414759937591, 0.2852892165766249, BFz, 0.0, -0.2852892165766248, 0.9584414759937595
Time, 0.264, Pos_X, -0.026015249405075404, Pos_Y, 0.1315691067210736, Pos_Z, -0.08956126438268289, BFx, 1.0, 0.0, 0.0,                             BFy, 0.0, 0.9573408168459049, 0.2889611745560564, BFz, 0.0, -0.2889611745560562, 0.9573408168459052
Time, 0.266, Pos_X, -0.026596468447968605, Pos_Y, 0.13385810385173558, Pos_Z, -0.09064405668139368, BFx, 1.0, 0.0, 0.0,                             BFy, 0.0, 0.956325925860421, 0.29230245214026007, BFz, 0.0, -0.29230245214025985, 0.9563259258604212
Time, 0.268, Pos_X, -0.027180358342761807, Pos_Y, 0.13617039501230974, Pos_Z, -0.09171840020856613, BFx, 1.0, 0.0, 0.0,                             BFy, 0.0, 0.9553976995820436, 0.2953222572603342, BFz, 0.0, -0.295322257260334, 0.955397699582044
Time, 0.27, Pos_X, -0.027768244805755005, Pos_Y, 0.13850753346006547, Pos_Z, -0.09278409904306942, BFx, 1.0, 0.0, 0.0,                             BFy, 0.0, 0.9545547043568277, 0.2980357636094186, BFz, 0.0, -0.29803576360941836, 0.9545547043568281
Time, 0.272, Pos_X, -0.028361321536348204, Pos_Y, 0.14087100749155124, Pos_Z, -0.09384118756057527, BFx, 1.0, 0.0, 0.0,                             BFy, 0.0, 0.9537929263533459, 0.3004647294414461, BFz, 0.0, -0.3004647294414459, 0.9537929263533461
Time, 0.274, Pos_X, -0.028960618755941404, Pos_Y, 0.14326221135931014, Pos_Z, -0.09488992196635981, BFx, 1.0, 0.0, 0.0,                             BFy, 0.0, 0.9531056093979683, 0.30263789804670493, BFz, 0.0, -0.30263789804670477, 0.9531056093979685
Time, 0.276, Pos_X, -0.029566974274134603, Pos_Y, 0.14568241890456135, Pos_Z, -0.09593076683476935, BFx, 1.0, 0.0, 0.0,                             BFy, 0.0, 0.9524831515960536, 0.30459127683774767, BFz, 0.0, -0.3045912768377475, 0.9524831515960538
Time, 0.278, Pos_X, -0.030181009052327804, Pos_Y, 0.14813276184079405, Pos_Z, -0.09696437722423465, BFx, 1.0, 0.0, 0.0,                             BFy, 0.0, 0.9519131759464339, 0.30636792498493426, BFz, 0.0, -0.30636792498493404, 0.9519131759464341
Time, 0.28, Pos_X, -0.030803110215121002, Pos_Y, 0.1506142130946459, Pos_Z, -0.09799157760355086, BFx, 1.0, 0.0, 0.0,                             BFy, 0.0, 0.9513808977715852, 0.30801686212824947, BFz, 0.0, -0.30801686212824925, 0.9513808977715856
Time, 0.282, Pos_X, -0.031433419632914184, Pos_Y, 0.15312757489193307, Pos_Z, -0.09901333804942686, BFx, 1.0, 0.0, 0.0,                             BFy, 0.0, 0.9508696648820201, 0.3095914734083538, BFz, 0.0, -0.30959147340835363, 0.9508696648820205
Time, 0.284, Pos_X, -0.032071828770307384, Pos_Y, 0.1556734725196213, Pos_Z, -0.10003074827121267, BFx, 1.0, 0.0, 0.0,                             BFy, 0.0, 0.9503616773556213, 0.311147364144083, BFz, 0.0, -0.3111473641440829, 0.9503616773556217
Time, 0.286, Pos_X, -0.03271798017050059, Pos_Y, 0.1582523542249727, Pos_Z, -0.10104499021506526, BFx, 1.0, 0.0, 0.0,                             BFy, 0.0, 0.9498387546780248, 0.312740051978796, BFz, 0.0, -0.3127400519787959, 0.949838754678025
Time, 0.288, Pos_X, -0.033371275148293786, Pos_Y, 0.16086449632322306, Pos_Z, -0.10205730937375405, BFx, 1.0, 0.0, 0.0,                             BFy, 0.0, 0.9492831818034564, 0.3144223922450614, BFz, 0.0, -0.31442239224506124, 0.9492831818034567
Time, 0.29, Pos_X, -0.03403088764968699, Pos_Y, 0.16351001299232967, Pos_Z, -0.10306898640373524, BFx, 1.0, 0.0, 0.0,                             BFy, 0.0, 0.9486784743569615, 0.3162422367296139, BFz, 0.0, -0.3162422367296136, 0.948678474356962
Time, 0.292, Pos_X, -0.034695782459280185, Pos_Y, 0.16618886974162386, Pos_Z, -0.10408130933023876, BFx, 1.0, 0.0, 0.0,                             BFy, 0.0, 0.948009999884497, 0.31824053814527925, BFz, 0.0, -0.318240538145279, 0.9480099998844974
Time, 0.294, Pos_X, -0.03536473793447339, Pos_Y, 0.1689008997784469, Pos_Z, -0.10509554629335138, BFx, 1.0, 0.0, 0.0,                             BFy, 0.0, 0.9472654785454399, 0.3204498605961307, BFz, 0.0, -0.3204498605961304, 0.9472654785454403
Time, 0.296, Pos_X, -0.03603637222452659, Pos_Y, 0.17164582289461708, Pos_Z, -0.10611291987316956, BFx, 1.0, 0.0, 0.0,                             BFy, 0.0, 0.9464351296478272, 0.3228940156901351, BFz, 0.0, -0.3228940156901349, 0.9464351296478276
Time, 0.298, Pos_X, -0.036709171356239786, Pos_Y, 0.17442326582390047, Pos_Z, -0.1071345838100101, BFx, 1.0, 0.0, 0.0,                             BFy, 0.0, 0.9455116400905899, 0.32558829594013866, BFz, 0.0, -0.32558829594013844, 0.9455116400905903
Time, 0.3, Pos_X, -0.037381518535952986, Pos_Y, 0.17723278402403123, Pos_Z, -0.10816160379983025, BFx, 1.0, 0.0, 0.0,                             BFy, 0.0, 0.944489909165805, 0.3285404259508557, BFz, 0.0, -0.3285404259508554, 0.9444899091658054
Time, 0.302, Pos_X, -0.038051722425606185, Pos_Y, 0.18007388344516134, Pos_Z, -0.10919494165947718, BFx, 1.0, 0.0, 0.0,                             BFy, 0.0, 0.9433666469987018, 0.33175196959539993, BFz, 0.0, -0.3317519695953997, 0.9433666469987022
Time, 0.304, Pos_X, -0.03871804552619938, Pos_Y, 0.18294604248165042, Pos_Z, -0.11023544243670319, BFx, 1.0, 0.0, 0.0,                             BFy, 0.0, 0.9421401954499107, 0.3352191106091725, BFz, 0.0, -0.3352191106091722, 0.9421401954499111
Time, 0.306, Pos_X, -0.03937873299339258, Pos_Y, 0.18584873438899044, Pos_Z, -0.11128382543308554, BFx, 1.0, 0.0, 0.0,                             BFy, 0.0, 0.9408105943675071, 0.3389327743459733, BFz, 0.0, -0.3389327743459731, 0.9408105943675077
Time, 0.308, Pos_X, -0.040032038725385785, Pos_Y, 0.18878144840576064, Pos_Z, -0.11234067798667445, BFx, 1.0, 0.0, 0.0,                             BFy, 0.0, 0.9393797306282744, 0.3428785815485574, BFz, 0.0, -0.34287858154855716, 0.9393797306282751
Time, 0.31, Pos_X, -0.04067624914257899, Pos_Y, 0.19174370872333069, Pos_Z, -0.11340645255374299, BFx, 1.0, 0.0, 0.0,                             BFy, 0.0, 0.9378514318530337, 0.3470370178687204, BFz, 0.0, -0.3470370178687201, 0.9378514318530343
Time, 0.312, Pos_X, -0.041309703074172185, Pos_Y, 0.1947350902891509, Pos_Z, -0.11448146853048047, BFx, 1.0, 0.0, 0.0,                             BFy, 0.0, 0.9362315049615614, 0.3513837917682175, BFz, 0.0, -0.35138379176821727, 0.9362315049615619
Time, 0.314, Pos_X, -0.04193080736696538, Pos_Y, 0.1977552314975594, Pos_Z, -0.11556591793383064, BFx, 1.0, 0.0, 0.0,                             BFy, 0.0, 0.9345277239899439, 0.3558903385794218, BFz, 0.0, -0.3558903385794216, 0.9345277239899444
Time, 0.316, Pos_X, -0.04253805009815858, Pos_Y, 0.200803844020837, Pos_Z, -0.11665987356474641, BFx, 1.0, 0.0, 0.0,                             BFy, 0.0, 0.932749797705362, 0.360524361008527, BFz, 0.0, -0.36052436100852686, 0.9327497977053626
