Time, 0, Pos_X, 0.0, Pos_Y, 0.0, Pos_Z, 0.0, BFx, 1.0, 0.0, 0.0,                         BFy, 0.0, 1.0, 0.0, BFz, 0.0, 0.0, 1.0
Time, 0.0, Pos_X, 0.0, Pos_Y, 0.0, Pos_Z, 0.0, BFx, 1.0, 0.0, 0.0,                             BFy, 0.0, 1.0, 0.0, BFz, 0.0, 0.0, 1.0
Time, 0.002, Pos_X, 1.0829744e-06, Pos_Y, -1.1217371121034488e-07, Pos_Z, -8.998531321815173e-07, BFx, 1.0, 0.0, 0.0,                             BFy, 0.0, 0.9999999973736688, -7.2475253936552e-05, BFz, 0.0, 7.2475253936552e-05, 0.9999999973736688
Time, 0.004, Pos_X, 4.3163518999999995e-06, Pos_Y, -4.3057046761384644e-07, Pos_Z, -3.5790801225127424e-06, BFx, 1.0, 0.0, 0.0,                             BFy, 0.0, 0.9999999870862476, -0.00016070938130821296, BFz, 0.0, 0.000160709381308213, 0.9999999870862476
Time, 0.006, Pos_X, 9.66772536e-06, Pos_Y, -9.172522783768669e-07, Pos_Z, -7.996827967946755e-06, BFx, 1.0, 0.0, 0.0,                             BFy, 0.0, 0.9999999646504167, -0.00026589314686692933, BFz, 0.0, 0.0002658931468669294, 0.9999999646504167
Time, 0.008, Pos_X, 1.710258214e-05, Pos_Y, -1.5309216746106363e-06, Pos_Z, -1.4111992076240127e-05, BFx, 1.0, 0.0, 0.0,                             BFy, 0.0, 0.9999999242675531, -0.0003891849021753581, BFz, 0.0, 0.0003891849021753582, 0.9999999242675532
Time, 0.01, Pos_X, 2.6584929780000003e-05, Pos_Y, -2.227059777893896e-06, Pos_Z, -2.1883682673348787e-05, BFx, 1.0, 0.0, 0.0,                             BFy, 0.0, 0.9999998586651124, -0.000531666958952302, BFz, 0.0, 0.0005316669589523021, 0.9999998586651125
Time, 0.012, Pos_X, 3.8077123060000004e-05, Pos_Y, -2.957655751031594e-06, Pos_Z, -3.127174756945112e-05, BFx, 1.0, 0.0, 0.0,                             BFy, 0.0, 0.9999997589993075, -0.000694263154227361, BFz, 0.0, 0.0006942631542273613, 0.9999997589993076
Time, 0.014, Pos_X, 5.153982838000001e-05, Pos_Y, -3.6709418743126106e-06, Pos_Z, -4.22369954154777e-05, BFx, 1.0, 0.0, 0.0,                             BFy, 0.0, 0.9999996148234778, -0.0008776974973104928, BFz, 0.0, 0.0008776974973104932, 0.9999996148234778
Time, 0.016, Pos_X, 6.693261198e-05, Pos_Y, -4.311625892361129e-06, Pos_Z, -5.474141793720351e-05, BFx, 1.0, 0.0, 0.0,                             BFy, 0.0, 0.9999994142261217, -0.0010823804386565546, BFz, 0.0, 0.0010823804386565553, 0.9999994142261217
Time, 0.018, Pos_X, 8.421488465999999e-05, Pos_Y, -4.820849181893545e-06, Pos_Z, -6.874844662565366e-05, BFx, 1.0, 0.0, 0.0,                             BFy, 0.0, 0.9999991441035753, -0.0013083547367278249, BFz, 0.0, 0.0013083547367278255, 0.9999991441035755
Time, 0.02, Pos_X, 0.00010334694484, Pos_Y, -5.136046978002102e-06, Pos_Z, -8.422398476558716e-05, BFx, 1.0, 0.0, 0.0,                             BFy, 0.0, 0.9999987905961288, -0.0015552511950240914, BFz, 0.0, 0.001555251195024092, 0.9999987905961291
Time, 0.022, Pos_X, 0.0001242909988, Pos_Y, -5.191222076108033e-06, Pos_Z, -0.00010113755017301522, BFx, 1.0, 0.0, 0.0,                             BFy, 0.0, 0.999998339599565, -0.0018223057134135968, BFz, 0.0, 0.0018223057134135977, 0.9999983395995652
Time, 0.024, Pos_X, 0.00014701194454, Pos_Y, -4.9173456744599175e-06, Pos_Z, -0.00011946289346994701, BFx, 1.0, 0.0, 0.0,                             BFy, 0.0, 0.9999977772622276, -0.0021084284678374128, BFz, 0.0, 0.0021084284678374136, 0.9999977772622278
Time, 0.026, Pos_X, 0.00017147820718, Pos_Y, -4.2428100597680535e-06, Pos_Z, -0.00013917848379154085, BFx, 1.0, 0.0, 0.0,                             BFy, 0.0, 0.9999970906442165, -0.002412198810682424, BFz, 0.0, 0.002412198810682425, 0.9999970906442166
Time, 0.028, Pos_X, 0.00019766277102000002, Pos_Y, -3.093807346569934e-06, Pos_Z, -0.00016026753080066014, BFx, 1.0, 0.0, 0.0,                             BFy, 0.0, 0.999996266711978, -0.002732501071590416, BFz, 0.0, 0.002732501071590417, 0.9999962667119783
Time, 0.03, Pos_X, 0.00022554456632, Pos_Y, -1.3948590435103602e-06, Pos_Z, -0.0001827182852054104, BFx, 1.0, 0.0, 0.0,                             BFy, 0.0, 0.9999952967549849, -0.0030669965617121913, BFz, 0.0, 0.0030669965617121917, 0.9999952967549851
Time, 0.032, Pos_X, 0.00025511021756000003, Pos_Y, 9.304470907930801e-07, Pos_Z, -0.00020652453217426947, BFx, 1.0, 0.0, 0.0,                             BFy, 0.0, 0.9999941749412312, -0.0034132218805785434, BFz, 0.0, 0.0034132218805785442, 0.9999941749412314
Time, 0.034, Pos_X, 0.00028635553042000004, Pos_Y, 3.958872459761183e-06, Pos_Z, -0.00023168577645065367, BFx, 1.0, 0.0, 0.0,                             BFy, 0.0, 0.9999928986909811, -0.0037686294072406617, BFz, 0.0, 0.0037686294072406625, 0.9999928986909813
Time, 0.036, Pos_X, 0.00031928716021999994, Pos_Y, 7.766646870623435e-06, Pos_Z, -0.00025820703098222155, BFx, 1.0, 0.0, 0.0,                             BFy, 0.0, 0.9999914688259094, -0.004130650723526439, BFz, 0.0, 0.00413065072352644, 0.9999914688259097
Time, 0.038, Pos_X, 0.00035392415469999997, Pos_Y, 1.2428488423592088e-05, Pos_Z, -0.00028609828932261316, BFx, 1.0, 0.0, 0.0,                             BFy, 0.0, 0.9999898897170574, -0.0044967169875783615, BFz, 0.0, 0.0044967169875783615, 0.9999898897170578
Time, 0.04, Pos_X, 0.00039029878932, Pos_Y, 1.8016698735564713e-05, Pos_Z, -0.00031537360890771204, BFx, 1.0, 0.0, 0.0,                             BFy, 0.0, 0.9999881686268133, -0.004864422513643178, BFz, 0.0, 0.004864422513643178, 0.9999881686268137
Time, 0.042, Pos_X, 0.00042845755560000007, Pos_Y, 2.459973986990566e-05, Pos_Z, -0.00034604984624276756, BFx, 1.0, 0.0, 0.0,                             BFy, 0.0, 0.9999863152014585, -0.005231578137505081, BFz, 0.0, 0.005231578137505081, 0.9999863152014589
Time, 0.044, Pos_X, 0.00046846211956, Pos_Y, 3.224106661588141e-05, Pos_Z, -0.00037814518508342453, BFx, 1.0, 0.0, 0.0,                             BFy, 0.0, 0.9999843393055075, -0.005596529614636817, BFz, 0.0, 0.005596529614636817, 0.9999843393055078
Time, 0.046, Pos_X, 0.0005103897724000001, Pos_Y, 4.099840236944975e-05, Pos_Z, -0.0004116776070134196, BFx, 1.0, 0.0, 0.0,                             BFy, 0.0, 0.9999822497922207, -0.005958196076676917, BFz, 0.0, 0.005958196076676917, 0.9999822497922212
Time, 0.048, Pos_X, 0.0005543336429200001, Pos_Y, 5.0922994746942964e-05, Pos_Z, -0.0004466632810889136, BFx, 1.0, 0.0, 0.0,                             BFy, 0.0, 0.9999800521378027, -0.006316274730938907, BFz, 0.0, 0.0063162747309389086, 0.9999800521378032
Time, 0.05, Pos_X, 0.0006004023400000001, Pos_Y, 6.20591065042183e-05, Pos_Z, -0.00048311490180615914, BFx, 1.0, 0.0, 0.0,                             BFy, 0.0, 0.999977747284643, -0.006671201955440134, BFz, 0.0, 0.006671201955440137, 0.9999777472846434
Time, 0.052, Pos_X, 0.0006487191437600001, Pos_Y, 7.444371275589778e-05, Pos_Z, -0.0005210398873876771, BFx, 1.0, 0.0, 0.0,                             BFy, 0.0, 0.9999753290043252, -0.007024342153591642, BFz, 0.0, 0.007024342153591644, 0.9999753290043258
Time, 0.054, Pos_X, 0.0006994208907200001, Pos_Y, 8.810634757325218e-05, Pos_Z, -0.0005604385724958733, BFx, 1.0, 0.0, 0.0,                             BFy, 0.0, 0.9999727821270835, -0.007378008201374697, BFz, 0.0, 0.0073780082013746974, 0.9999727821270841
Time, 0.056, Pos_X, 0.0007526567668800001, Pos_Y, 0.00010306985033370506, Pos_Z, -0.0006013027240158415, BFx, 1.0, 0.0, 0.0,                             BFy, 0.0, 0.9999700804923667, -0.0077355103315232335, BFz, 0.0, 0.007735510331523234, 0.9999700804923672
Time, 0.058, Pos_X, 0.0008085864710400002, Pos_Y, 0.00011935014328482132, Pos_Z, -0.0006436141793728911, BFx, 1.0, 0.0, 0.0,                             BFy, 0.0, 0.9999671854670098, -0.008101110367452419, BFz, 0.0, 0.00810111036745242, 0.9999671854670105
Time, 0.06, Pos_X, 0.0008673778024800001, Pos_Y, 0.00013695551104189922, Pos_Z, -0.0006873437338710304, BFx, 1.0, 0.0, 0.0,                             BFy, 0.0, 0.9999640450873709, -0.008479889887304986, BFz, 0.0, 0.008479889887304987, 0.9999640450873718
Time, 0.062, Pos_X, 0.0009292042620000001, Pos_Y, 0.00015588755445142174, Pos_Z, -0.0007324506111705811, BFx, 1.0, 0.0, 0.0,                             BFy, 0.0, 0.9999605927843412, -0.008877661763517898, BFz, 0.0, 0.0088776617635179, 0.999960592784342
Time, 0.064, Pos_X, 0.0009942421127200002, Pos_Y, 0.0001761421035067175, Pos_Z, -0.0007788822497534229, BFx, 1.0, 0.0, 0.0,                             BFy, 0.0, 0.9999567462834638, -0.009300836639096007, BFz, 0.0, 0.009300836639096005, 0.9999567462834645
Time, 0.066, Pos_X, 0.0010626675956400002, Pos_Y, 0.00019771044805238082, Pos_Z, -0.0008265744617363943, BFx, 1.0, 0.0, 0.0,                             BFy, 0.0, 0.9999524077991522, -0.009756133285101963, BFz, 0.0, 0.009756133285101963, 0.9999524077991528
Time, 0.068, Pos_X, 0.0011346540812200003, Pos_Y, 0.00022058095636172718, Pos_Z, -0.0008754520415378257, BFx, 1.0, 0.0, 0.0,                             BFy, 0.0, 0.9999474637485096, -0.010250353307181301, BFz, 0.0, 0.010250353307181301, 0.9999474637485101
Time, 0.07, Pos_X, 0.0012103687871400004, Pos_Y, 0.00024474040821296556, Pos_Z, -0.0009254295149028118, BFx, 1.0, 0.0, 0.0,                             BFy, 0.0, 0.9999417857638166, -0.010790045573037223, BFz, 0.0, 0.010790045573037225, 0.9999417857638171
Time, 0.072, Pos_X, 0.00128997010154, Pos_Y, 0.0002701752048681249, Pos_Z, -0.0009764122283793323, BFx, 1.0, 0.0, 0.0,                             BFy, 0.0, 0.9999352327077954, -0.01138114184105452, BFz, 0.0, 0.011381141841054522, 0.9999352327077958
Time, 0.074, Pos_X, 0.00137360485454, Pos_Y, 0.00029687254774485056, Pos_Z, -0.0010282979454754719, BFx, 1.0, 0.0, 0.0,                             BFy, 0.0, 0.9999276529063699, -0.012028672127782272, BFz, 0.0, 0.012028672127782273, 0.9999276529063702
Time, 0.076, Pos_X, 0.00146140582914, Pos_Y, 0.0003248214210792127, Pos_Z, -0.0010809787515843855, BFx, 1.0, 0.0, 0.0,                             BFy, 0.0, 0.9999188885870219, -0.012736414208642875, BFz, 0.0, 0.012736414208642879, 0.9999188885870224
Time, 0.078, Pos_X, 0.00155348999854, Pos_Y, 0.0003540136470053297, Pos_Z, -0.0011343430822862673, BFx, 1.0, 0.0, 0.0,                             BFy, 0.0, 0.9999087796507963, -0.013506753024104687, BFz, 0.0, 0.01350675302410469, 0.9999087796507969
Time, 0.08, Pos_X, 0.00164995677974, Pos_Y, 0.0003844450075384657, Pos_Z, -0.001188278023552781, BFx, 1.0, 0.0, 0.0,                             BFy, 0.0, 0.9998971682616079, -0.014340603279391793, BFz, 0.0, 0.014340603279391798, 0.9998971682616083
Time, 0.082, Pos_X, 0.00175088630194, Pos_Y, 0.00041611594784546335, Pos_Z, -0.0012426717696831706, BFx, 1.0, 0.0, 0.0,                             BFy, 0.0, 0.9998839032616847, -0.015237453795719688, BFz, 0.0, 0.015237453795719693, 0.9998839032616853
Time, 0.084, Pos_X, 0.0018563383669400002, Pos_Y, 0.0004490319932834964, Pos_Z, -0.0012974158391737191, BFx, 1.0, 0.0, 0.0,                             BFy, 0.0, 0.9998688450272389, -0.01619545442072502, BFz, 0.0, 0.01619545442072503, 0.9998688450272396
Time, 0.086, Pos_X, 0.0019663517629399997, Pos_Y, 0.000483204084287985, Pos_Z, -0.001352406892643429, BFx, 1.0, 0.0, 0.0,                             BFy, 0.0, 0.9998518698787173, -0.01721157459476399, BFz, 0.0, 0.017211574594764002, 0.9998518698787179
Time, 0.088, Pos_X, 0.00208094381834, Pos_Y, 0.0005186488568699988, Pos_Z, -0.0014075487016265889, BFx, 1.0, 0.0, 0.0,                             BFy, 0.0, 0.9998328712100694, -0.018281948687920917, BFz, 0.0, 0.018281948687920928, 0.9998328712100698
Time, 0.09, Pos_X, 0.00220011033194, Pos_Y, 0.0005553886729873264, Pos_Z, -0.0014627540105700025, BFx, 1.0, 0.0, 0.0,                             BFy, 0.0, 0.9998117611944685, -0.0194021178538305, BFz, 0.0, 0.019402117853830513, 0.9998117611944689
Time, 0.092, Pos_X, 0.0023238260539400002, Pos_Y, 0.000593451379604166, Pos_Z, -0.0015179459872324379, BFx, 1.0, 0.0, 0.0,                             BFy, 0.0, 0.9997884692996919, -0.02056736870331485, BFz, 0.0, 0.020567368703314867, 0.9997884692996923
Time, 0.094, Pos_X, 0.0024520459867400004, Pos_Y, 0.0006328700711556174, Pos_Z, -0.0015730596304456969, BFx, 1.0, 0.0, 0.0,                             BFy, 0.0, 0.9997629413197059, -0.021772945684250696, BFz, 0.0, 0.021772945684250714, 0.9997629413197063
Time, 0.096, Pos_X, 0.0025847065023400003, Pos_Y, 0.0006736826451683908, Pos_Z, -0.0016280427637377325, BFx, 1.0, 0.0, 0.0,                             BFy, 0.0, 0.9997351356484625, -0.023014311850443978, BFz, 0.0, 0.023014311850444, 0.9997351356484631
Time, 0.098, Pos_X, 0.0027217266571400002, Pos_Y, 0.0007159309306564936, Pos_Z, -0.0016828565934657327, BFx, 1.0, 0.0, 0.0,                             BFy, 0.0, 0.9997050198229953, -0.024287308222695668, BFz, 0.0, 0.024287308222695692, 0.9997050198229958
Time, 0.1, Pos_X, 0.0028630100483400004, Pos_Y, 0.0007596597110957592, Pos_Z, -0.0017374758168602247, BFx, 1.0, 0.0, 0.0,                             BFy, 0.0, 0.9996725638848646, -0.025588376577283262, BFz, 0.0, 0.025588376577283287, 0.999672563884865
Time, 0.102, Pos_X, 0.0030084462997399994, Pos_Y, 0.0008049161842575277, Pos_Z, -0.0017918881566604615, BFx, 1.0, 0.0, 0.0,                             BFy, 0.0, 0.9996377367839958, -0.02691459078957102, BFz, 0.0, 0.026914590789571043, 0.9996377367839961
Time, 0.104, Pos_X, 0.0031579130437399995, Pos_Y, 0.0008517491334072146, Pos_Z, -0.0018460936221675185, BFx, 1.0, 0.0, 0.0,                             BFy, 0.0, 0.999600503201165, -0.028263651568346867, BFz, 0.0, 0.02826365156834689, 0.9996005032011656
Time, 0.106, Pos_X, 0.0033112778774599997, Pos_Y, 0.0009002079846294362, Pos_Z, -0.0019001035882596719, BFx, 1.0, 0.0, 0.0,                             BFy, 0.0, 0.999560821716521, -0.029633826776037667, BFz, 0.0, 0.02963382677603769, 0.9995608217165217
Time, 0.108, Pos_X, 0.0034684000782999997, Pos_Y, 0.0009503418689287647, Pos_Z, -0.0019539397078494037, BFx, 1.0, 0.0, 0.0,                             BFy, 0.0, 0.9995186439052274, -0.031023869614448762, BFz, 0.0, 0.031023869614448793, 0.999518643905228
Time, 0.11, Pos_X, 0.0036291330174, Pos_Y, 0.0010021982137244955, Pos_Z, -0.0020076326998606205, BFx, 1.0, 0.0, 0.0,                             BFy, 0.0, 0.9994739125593642, -0.03243297879127383, BFz, 0.0, 0.03243297879127387, 0.9994739125593649
Time, 0.112, Pos_X, 0.00379332609296, Pos_Y, 0.0010558220005601451, Pos_Z, -0.0020612207025800583, BFx, 1.0, 0.0, 0.0,                             BFy, 0.0, 0.9994265622110851, -0.033860696196789886, BFz, 0.0, 0.03386069619678993, 0.9994265622110857
Time, 0.114, Pos_X, 0.00396082638972, Pos_Y, 0.0011112550195725174, Pos_Z, -0.0021147473730443503, BFx, 1.0, 0.0, 0.0,                             BFy, 0.0, 0.9993765145750221, -0.035306969791819444, BFz, 0.0, 0.0353069697918195, 0.9993765145750225
Time, 0.116, Pos_X, 0.00413148083168, Pos_Y, 0.0011685349618174002, Pos_Z, -0.002168260080572959, BFx, 1.0, 0.0, 0.0,                             BFy, 0.0, 0.9993236771320216, -0.0367721133922822, BFz, 0.0, 0.03677211339228226, 0.999323677132022
Time, 0.118, Pos_X, 0.004305137639639999, Pos_Y, 0.0012276949824521976, Pos_Z, -0.002221808108802186, BFx, 1.0, 0.0, 0.0,                             BFy, 0.0, 0.9992679404478104, -0.03825680584145784, BFz, 0.0, 0.038256805841457894, 0.9992679404478108
Time, 0.12, Pos_X, 0.004481647401199999, Pos_Y, 0.0012887634618984122, Pos_Z, -0.002275440829576294, BFx, 1.0, 0.0, 0.0,                             BFy, 0.0, 0.9992091728550023, -0.0397621538956541, BFz, 0.0, 0.03976215389565415, 0.9992091728550027
Time, 0.122, Pos_X, 0.0046608648558399985, Pos_Y, 0.0013517635795366686, Pos_Z, -0.002329206252327417, BFx, 1.0, 0.0, 0.0,                             BFy, 0.0, 0.9991472191709063, -0.04128964062624375, BFz, 0.0, 0.04128964062624379, 0.9991472191709067
Time, 0.124, Pos_X, 0.004842650198259998, Pos_Y, 0.0014167129165208949, Pos_Z, -0.0023831501180539678, BFx, 1.0, 0.0, 0.0,                             BFy, 0.0, 0.9990818934658915, -0.04284122020447776, BFz, 0.0, 0.042841220204477795, 0.9990818934658918
Time, 0.126, Pos_X, 0.005026869933379998, Pos_Y, 0.0014836235550847415, Pos_Z, -0.002437315063709153, BFx, 1.0, 0.0, 0.0,                             BFy, 0.0, 0.9990129792769102, -0.044419221473039665, BFz, 0.0, 0.04441922147303969, 0.9990129792769106
Time, 0.128, Pos_X, 0.005213397410999999, Pos_Y, 0.001552501948077683, Pos_Z, -0.0024917398462585352, BFx, 1.0, 0.0, 0.0,                             BFy, 0.0, 0.9989402301345491, -0.04602626009935682, BFz, 0.0, 0.04602626009935685, 0.9989402301345494
Time, 0.13, Pos_X, 0.005402113096319999, Pos_Y, 0.0016233488020573786, Pos_Z, -0.002546458367870228, BFx, 1.0, 0.0, 0.0,                             BFy, 0.0, 0.998863366163585, -0.04766524663055504, BFz, 0.0, 0.047665246630555075, 0.9988633661635852
Time, 0.132, Pos_X, 0.005592905154239999, Pos_Y, 0.0016961594786370738, Pos_Z, -0.0026014992458851848, BFx, 1.0, 0.0, 0.0,                             BFy, 0.0, 0.9987820816178835, -0.0493391673931244, BFz, 0.0, 0.049339167393124425, 0.9987820816178837
Time, 0.134, Pos_X, 0.005785669593659999, Pos_Y, 0.0017709245206551766, Pos_Z, -0.002656886082522945, BFx, 1.0, 0.0, 0.0,                             BFy, 0.0, 0.9986960446039228, -0.05105105770186029, BFz, 0.0, 0.05105105770186032, 0.998696044603923
Time, 0.136, Pos_X, 0.005980310102739999, Pos_Y, 0.0018476303245301877, Pos_Z, -0.0027126378992081987, BFx, 1.0, 0.0, 0.0,                             BFy, 0.0, 0.9986049014197524, -0.05280389058057976, BFz, 0.0, 0.05280389058057979, 0.9986049014197526
Time, 0.138, Pos_X, 0.006176738081679999, Pos_Y, 0.0019262598440337821, Pos_Z, -0.0027687698937291774, BFx, 1.0, 0.0, 0.0,                             BFy, 0.0, 0.9985082879233548, -0.05460035666889494, BFz, 0.0, 0.05460035666889498, 0.9985082879233549
Time, 0.14, Pos_X, 0.006374872172879999, Pos_Y, 0.0020067932377166365, Pos_Z, -0.0028252943268688457, BFx, 1.0, 0.0, 0.0,                             BFy, 0.0, 0.9984058286842966, -0.056442902558447534, BFz, 0.0, 0.05644290255844757, 0.9984058286842966
Time, 0.142, Pos_X, 0.006574637702919996, Pos_Y, 0.002089208514550754, Pos_Z, -0.0028822213882606835, BFx, 1.0, 0.0, 0.0,                             BFy, 0.0, 0.9982971514660544, -0.058333501307234276, BFz, 0.0, 0.05833350130723431, 0.9982971514660545
Time, 0.144, Pos_X, 0.006775966454039996, Pos_Y, 0.0021734820216349213, Pos_Z, -0.002939560027956357, BFx, 1.0, 0.0, 0.0,                             BFy, 0.0, 0.9981818849179287, -0.060273747367246125, BFz, 0.0, 0.06027374736724617, 0.9981818849179288
Time, 0.146, Pos_X, 0.006978796057359997, Pos_Y, 0.0022595891644071214, Pos_Z, -0.0029973192031935458, BFx, 1.0, 0.0, 0.0,                             BFy, 0.0, 0.9980596688187172, -0.06226473703045712, BFz, 0.0, 0.06226473703045716, 0.9980596688187173
Time, 0.148, Pos_X, 0.007183069202479997, Pos_Y, 0.0023475051827162963, Pos_Z, -0.0030555091448839526, BFx, 1.0, 0.0, 0.0,                             BFy, 0.0, 0.997930154686196, -0.06430712532825932, BFz, 0.0, 0.06430712532825936, 0.9979301546861962
Time, 0.15, Pos_X, 0.007388733541339997, Pos_Y, 0.002437205675075472, Pos_Z, -0.0031141425848525534, BFx, 1.0, 0.0, 0.0,                             BFy, 0.0, 0.997793009436128, -0.06640113192102842, BFz, 0.0, 0.06640113192102846, 0.9977930094361284
Time, 0.152, Pos_X, 0.007595741841139997, Pos_Y, 0.0025286674162855083, Pos_Z, -0.003173236048895608, BFx, 1.0, 0.0, 0.0,                             BFy, 0.0, 0.9976479145739062, -0.06854661586347145, BFz, 0.0, 0.06854661586347151, 0.9976479145739068
Time, 0.154, Pos_X, 0.007804051925699997, Pos_Y, 0.002621868628360247, Pos_Z, -0.0032328111558396996, BFx, 1.0, 0.0, 0.0,                             BFy, 0.0, 0.9974945709505217, -0.07074306272867473, BFz, 0.0, 0.07074306272867478, 0.9974945709505222
Time, 0.156, Pos_X, 0.008013626613099997, Pos_Y, 0.0027167889311937917, Pos_Z, -0.0032928957314610863, BFx, 1.0, 0.0, 0.0,                             BFy, 0.0, 0.9973326915380268, -0.07298974167315264, BFz, 0.0, 0.0729897416731527, 0.9973326915380272
Time, 0.158, Pos_X, 0.008224433751639998, Pos_Y, 0.0028134094648812084, Pos_Z, -0.0033535242597116854, BFx, 1.0, 0.0, 0.0,                             BFy, 0.0, 0.997161995832708, -0.07528581584155909, BFz, 0.0, 0.07528581584155913, 0.9971619958327083
Time, 0.16, Pos_X, 0.008436446566679998, Pos_Y, 0.002911712873793336, Pos_Z, -0.003414738368669829, BFx, 1.0, 0.0, 0.0,                             BFy, 0.0, 0.9969822101944145, -0.07763035846792832, BFz, 0.0, 0.07763035846792837, 0.9969822101944147
Time, 0.162, Pos_X, 0.008649644200399998, Pos_Y, 0.0030116830288251547, Pos_Z, -0.0034765875839479765, BFx, 1.0, 0.0, 0.0,                             BFy, 0.0, 0.9967930612746999, -0.08002245306544, BFz, 0.0, 0.08002245306544005, 0.9967930612747002
Time, 0.164, Pos_X, 0.008864012151639998, Pos_Y, 0.0031133045862390346, Pos_Z, -0.003539129904254789, BFx, 1.0, 0.0, 0.0,                             BFy, 0.0, 0.9965942717170196, -0.08246124896472033, BFz, 0.0, 0.0824612489647204, 0.9965942717170201
Time, 0.166, Pos_X, 0.00907954257924, Pos_Y, 0.0032165629294095073, Pos_Z, -0.0036024319676802178, BFx, 1.0, 0.0, 0.0,                             BFy, 0.0, 0.9963855528692942, -0.08494604189336531, BFz, 0.0, 0.08494604189336538, 0.9963855528692948
Time, 0.168, Pos_X, 0.009296234746799999, Pos_Y, 0.003321444089480753, Pos_Z, -0.0036665690554605604, BFx, 1.0, 0.0, 0.0,                             BFy, 0.0, 0.9961666159910447, -0.0874761292293429, BFz, 0.0, 0.08747612922934296, 0.9961666159910454
Time, 0.17, Pos_X, 0.00951409536228, Pos_Y, 0.003427934447372701, Pos_Z, -0.0037316252343469625, BFx, 1.0, 0.0, 0.0,                             BFy, 0.0, 0.9959371684206907, -0.09005085539946373, BFz, 0.0, 0.09005085539946377, 0.9959371684206914
Time, 0.172, Pos_X, 0.009733139113079997, Pos_Y, 0.003536020169064313, Pos_Z, -0.003797693368578715, BFx, 1.0, 0.0, 0.0,                             BFy, 0.0, 0.995696915653182, -0.09266958594241513, BFz, 0.0, 0.09266958594241516, 0.9956969156531826
Time, 0.174, Pos_X, 0.009953389456499998, Pos_Y, 0.0036456866898030163, Pos_Z, -0.0038648751286646946, BFx, 1.0, 0.0, 0.0,                             BFy, 0.0, 0.995445557378817, -0.09533174861909777, BFz, 0.0, 0.09533174861909781, 0.9954455573788178
Time, 0.176, Pos_X, 0.010174878731939998, Pos_Y, 0.003756918354373627, Pos_Z, -0.0039332806961050355, BFx, 1.0, 0.0, 0.0,                             BFy, 0.0, 0.9951827941266217, -0.09803675981145528, BFz, 0.0, 0.09803675981145532, 0.9951827941266222
Time, 0.178, Pos_X, 0.010397648366059999, Pos_Y, 0.003869698128324729, Pos_Z, -0.00400302819141745, BFx, 1.0, 0.0, 0.0,                             BFy, 0.0, 0.9949083308905441, -0.10078399240251575, BFz, 0.0, 0.10078399240251582, 0.9949083308905446
Time, 0.18, Pos_X, 0.01062174922648, Pos_Y, 0.003984007621918452, Pos_Z, -0.004074243598627417, BFx, 1.0, 0.0, 0.0,                             BFy, 0.0, 0.994621869815049, -0.1035728539995598, BFz, 0.0, 0.10357285399955987, 0.9946218698150495
Time, 0.182, Pos_X, 0.0108472415432, Pos_Y, 0.004099827475055679, Pos_Z, -0.004147060469522894, BFx, 1.0, 0.0, 0.0,                             BFy, 0.0, 0.9943231121094444, -0.10640276652882473, BFz, 0.0, 0.10640276652882479, 0.9943231121094448
Time, 0.184, Pos_X, 0.011074194813039999, Pos_Y, 0.004217137592701538, Pos_Z, -0.004221619025385799, BFx, 1.0, 0.0, 0.0,                             BFy, 0.0, 0.9940117536080961, -0.10927320663802398, BFz, 0.0, 0.10927320663802405, 0.9940117536080965
Time, 0.186, Pos_X, 0.011302687464759998, Pos_Y, 0.004335917315049079, Pos_Z, -0.004298065661701602, BFx, 1.0, 0.0, 0.0,                             BFy, 0.0, 0.9936874845415542, -0.1121837023166786, BFz, 0.0, 0.11218370231667865, 0.9936874845415544
Time, 0.188, Pos_X, 0.011532806458599998, Pos_Y, 0.004456145783025963, Pos_Z, -0.004376552405882012, BFx, 1.0, 0.0, 0.0,                             BFy, 0.0, 0.9933499822144584, -0.11513389090330353, BFz, 0.0, 0.11513389090330359, 0.9933499822144586
Time, 0.19, Pos_X, 0.011764646636559998, Pos_Y, 0.004577802207801215, Pos_Z, -0.004457236020301781, BFx, 1.0, 0.0, 0.0,                             BFy, 0.0, 0.9929989133380462, -0.11812348669700723, BFz, 0.0, 0.11812348669700727, 0.9929989133380462
Time, 0.192, Pos_X, 0.011998310141679997, Pos_Y, 0.004700866301391889, Pos_Z, -0.004540277128360483, BFx, 1.0, 0.0, 0.0,                             BFy, 0.0, 0.9926339275217765, -0.1211523253292787, BFz, 0.0, 0.12115232532927875, 0.9926339275217764
Time, 0.194, Pos_X, 0.012233905755119998, Pos_Y, 0.004825318686176097, Pos_Z, -0.004625839622753587, BFx, 1.0, 0.0, 0.0,                             BFy, 0.0, 0.9922546744576072, -0.12422021178949351, BFz, 0.0, 0.12422021178949355, 0.9922546744576071
Time, 0.196, Pos_X, 0.012471548038279998, Pos_Y, 0.004951141292816844, Pos_Z, -0.004714090281795563, BFx, 1.0, 0.0, 0.0,                             BFy, 0.0, 0.9918607926124953, -0.12732701236623445, BFz, 0.0, 0.12732701236623448, 0.9918607926124953
Time, 0.198, Pos_X, 0.012711356692639997, Pos_Y, 0.00507831788076684, Pos_Z, -0.004805198093946307, BFx, 1.0, 0.0, 0.0,                             BFy, 0.0, 0.9914519239398201, -0.13047253548554988, BFz, 0.0, 0.1304725354855499, 0.9914519239398201
Time, 0.2, Pos_X, 0.012953455540879998, Pos_Y, 0.005206834827496077, Pos_Z, -0.004899333681820598, BFx, 1.0, 0.0, 0.0,                             BFy, 0.0, 0.9910277062590587, -0.133656595149315, BFz, 0.0, 0.13365659514931505, 0.9910277062590587
Time, 0.202, Pos_X, 0.013197971469279998, Pos_Y, 0.005336681670406506, Pos_Z, -0.004996668416979232, BFx, 1.0, 0.0, 0.0,                             BFy, 0.0, 0.990587775559752, -0.1368789936826735, BFz, 0.0, 0.1368789936826735, 0.9905877755597519
Time, 0.204, Pos_X, 0.013445033291559995, Pos_Y, 0.005467851397828199, Pos_Z, -0.005097373055089974, BFx, 1.0, 0.0, 0.0,                             BFy, 0.0, 0.9901317709526923, -0.14013948818974584, BFz, 0.0, 0.14013948818974584, 0.9901317709526922
Time, 0.206, Pos_X, 0.013694770974839995, Pos_Y, 0.005600340733051887, Pos_Z, -0.005201616805310052, BFx, 1.0, 0.0, 0.0,                             BFy, 0.0, 0.9896593355629921, -0.14343778976621016, BFz, 0.0, 0.14343778976621016, 0.989659335562992
Time, 0.208, Pos_X, 0.013947314819319996, Pos_Y, 0.005734149987636333, Pos_Z, -0.005309566294330438, BFx, 1.0, 0.0, 0.0,                             BFy, 0.0, 0.9891701126210817, -0.14677359536781628, BFz, 0.0, 0.1467735953678163, 0.9891701126210815
Time, 0.21, Pos_X, 0.014202794125099996, Pos_Y, 0.005869283227938249, Pos_Z, -0.005421384049003175, BFx, 1.0, 0.0, 0.0,                             BFy, 0.0, 0.9886637513417112, -0.15014655101910787, BFz, 0.0, 0.1501465510191079, 0.988663751341711
Time, 0.212, Pos_X, 0.014461336470319996, Pos_Y, 0.006005748129060076, Pos_Z, -0.005537227354060917, BFx, 1.0, 0.0, 0.0,                             BFy, 0.0, 0.9881399067525483, -0.15355625901624523, BFz, 0.0, 0.15355625901624534, 0.9881399067525479
Time, 0.214, Pos_X, 0.014723066687079997, Pos_Y, 0.0061435558900139985, Pos_Z, -0.005657247239478724, BFx, 1.0, 0.0, 0.0,                             BFy, 0.0, 0.9875982357266617, -0.15700230823011646, BFz, 0.0, 0.15700230823011663, 0.9875982357266613
Time, 0.216, Pos_X, 0.014988105880639997, Pos_Y, 0.006282721293699279, Pos_Z, -0.005781587390885045, BFx, 1.0, 0.0, 0.0,                             BFy, 0.0, 0.9870383778578905, -0.16048439374488493, BFz, 0.0, 0.16048439374488507, 0.9870383778578901
Time, 0.218, Pos_X, 0.015256570724279996, Pos_Y, 0.006423262374563799, Pos_Z, -0.005910383671266428, BFx, 1.0, 0.0, 0.0,                             BFy, 0.0, 0.9864599627132671, -0.16400226206896812, BFz, 0.0, 0.16400226206896817, 0.9864599627132667
Time, 0.22, Pos_X, 0.015528572676999997, Pos_Y, 0.006565200456853784, Pos_Z, -0.006043764088587164, BFx, 1.0, 0.0, 0.0,                             BFy, 0.0, 0.9858625957438365, -0.16755578865925144, BFz, 0.0, 0.1675557886592515, 0.9858625957438362
Time, 0.222, Pos_X, 0.01580421749832, Pos_Y, 0.006708559822148484, Pos_Z, -0.006181848669893547, BFx, 1.0, 0.0, 0.0,                             BFy, 0.0, 0.9852458318918197, -0.17114511602670718, BFz, 0.0, 0.17114511602670726, 0.9852458318918195
Time, 0.224, Pos_X, 0.016083604689319998, Pos_Y, 0.006853367456151098, Pos_Z, -0.006324749216107953, BFx, 1.0, 0.0, 0.0,                             BFy, 0.0, 0.9846091754292885, -0.17477062585130065, BFz, 0.0, 0.1747706258513008, 0.9846091754292883
Time, 0.226, Pos_X, 0.016366826991799997, Pos_Y, 0.006999652985468919, Pos_Z, -0.006472568951160901, BFx, 1.0, 0.0, 0.0,                             BFy, 0.0, 0.9839520782162292, -0.17843292233767252, BFz, 0.0, 0.17843292233767266, 0.9839520782162291
Time, 0.228, Pos_X, 0.016653970050359998, Pos_Y, 0.007147448261075315, Pos_Z, -0.006625402260670157, BFx, 1.0, 0.0, 0.0,                             BFy, 0.0, 0.9832739398160896, -0.1821328067058301, BFz, 0.0, 0.18213280670583024, 0.9832739398160895
Time, 0.23, Pos_X, 0.016945112560999998, Pos_Y, 0.007296786746589857, Pos_Z, -0.0067833347698404945, BFx, 1.0, 0.0, 0.0,                             BFy, 0.0, 0.982574112488998, -0.18587122818353663, BFz, 0.0, 0.18587122818353677, 0.9825741124889978
Time, 0.232, Pos_X, 0.017240326629239997, Pos_Y, 0.007447703031864893, Pos_Z, -0.006946443441863644, BFx, 1.0, 0.0, 0.0,                             BFy, 0.0, 0.9818519122336014, -0.18964920891798795, BFz, 0.0, 0.18964920891798803, 0.9818519122336012
Time, 0.234, Pos_X, 0.01753967809808, Pos_Y, 0.007600232733555027, Pos_Z, -0.007114796644705978, BFx, 1.0, 0.0, 0.0,                             BFy, 0.0, 0.9811066477120085, -0.19346768674717552, BFz, 0.0, 0.1934676867471756, 0.9811066477120083
Time, 0.236, Pos_X, 0.017843226604919993, Pos_Y, 0.007754412210868203, Pos_Z, -0.007288454503284745, BFx, 1.0, 0.0, 0.0,                             BFy, 0.0, 0.98033764227542, -0.19732741101496473, BFz, 0.0, 0.19732741101496482, 0.9803376422754199
Time, 0.238, Pos_X, 0.018151026086559992, Pos_Y, 0.00791027842855988, Pos_Z, -0.0074674695661901, BFx, 1.0, 0.0, 0.0,                             BFy, 0.0, 0.9795442905723785, -0.2012286828636862, BFz, 0.0, 0.20122868286368628, 0.9795442905723784
Time, 0.24, Pos_X, 0.018463125723399993, Pos_Y, 0.008067868924681278, Pos_Z, -0.007651887441849802, BFx, 1.0, 0.0, 0.0,                             BFy, 0.0, 0.9787260784018167, -0.20517130271117034, BFz, 0.0, 0.2051713027111704, 0.9787260784018169
Time, 0.242, Pos_X, 0.018779570393639995, Pos_Y, 0.008227221637923988, Pos_Z, -0.007841747101571666, BFx, 1.0, 0.0, 0.0,                             BFy, 0.0, 0.9778826281349429, -0.2091544061020342, BFz, 0.0, 0.20915440610203428, 0.977882628134943
Time, 0.244, Pos_X, 0.019100402019079993, Pos_Y, 0.008388374729938022, Pos_Z, -0.008037081556562398, BFx, 1.0, 0.0, 0.0,                             BFy, 0.0, 0.9770137204835244, -0.21317642924802815, BFz, 0.0, 0.2131764292480282, 0.9770137204835245
Time, 0.246, Pos_X, 0.019425660954719995, Pos_Y, 0.008551366314990367, Pos_Z, -0.008237918793559585, BFx, 1.0, 0.0, 0.0,                             BFy, 0.0, 0.9761193144628365, -0.21723508909151845, BFz, 0.0, 0.21723508909151854, 0.9761193144628366
Time, 0.248, Pos_X, 0.019755387036759994, Pos_Y, 0.008716234310113851, Pos_Z, -0.008444282241494966, BFx, 1.0, 0.0, 0.0,                             BFy, 0.0, 0.9751995549953313, -0.22132742246930395, BFz, 0.0, 0.22132742246930404, 0.9751995549953314
Time, 0.25, Pos_X, 0.020089620462999995, Pos_Y, 0.008883016547764687, Pos_Z, -0.00865619036393893, BFx, 1.0, 0.0, 0.0,                             BFy, 0.0, 0.9742547699075506, -0.22544986873445647, BFz, 0.0, 0.22544986873445652, 0.9742547699075508
Time, 0.252, Pos_X, 0.020428402177439995, Pos_Y, 0.009051750680911068, Pos_Z, -0.008873656147053438, BFx, 1.0, 0.0, 0.0,                             BFy, 0.0, 0.9732854108752853, -0.229598582263317, BFz, 0.0, 0.22959858226331706, 0.9732854108752856
Time, 0.254, Pos_X, 0.020771774904479994, Pos_Y, 0.009222473948213239, Pos_Z, -0.009096686869653097, BFx, 1.0, 0.0, 0.0,                             BFy, 0.0, 0.9722920342287072, -0.23376954501260486, BFz, 0.0, 0.2337695450126049, 0.9722920342287077
Time, 0.256, Pos_X, 0.021119784632919993, Pos_Y, 0.009395222805266503, Pos_Z, -0.009325283477211444, BFx, 1.0, 0.0, 0.0,                             BFy, 0.0, 0.9712752476671642, -0.23795880582379542, BFz, 0.0, 0.23795880582379547, 0.9712752476671647
Time, 0.258, Pos_X, 0.021472482177559992, Pos_Y, 0.00957003216184765, Pos_Z, -0.009559439965928191, BFx, 1.0, 0.0, 0.0,                             BFy, 0.0, 0.9702356356162689, -0.2421627786846953, BFz, 0.0, 0.24216277868469535, 0.9702356356162692
Time, 0.26, Pos_X, 0.02182992400959999, Pos_Y, 0.009746934947114297, Pos_Z, -0.00979914275136354, BFx, 1.0, 0.0, 0.0,                             BFy, 0.0, 0.9691737239880841, -0.24637835280532874, BFz, 0.0, 0.24637835280532883, 0.9691737239880844
Time, 0.262, Pos_X, 0.02219217256403999, Pos_Y, 0.009925961526616758, Pos_Z, -0.010044369537977013, BFx, 1.0, 0.0, 0.0,                             BFy, 0.0, 0.9680899435192655, -0.2506029953070466, BFz, 0.0, 0.2506029953070467, 0.9680899435192659
Time, 0.264, Pos_X, 0.022559297240679992, Pos_Y, 0.010107139351409219, Pos_Z, -0.01029508815620005, BFx, 1.0, 0.0, 0.0,                             BFy, 0.0, 0.966984633393573, -0.254834689123548, BFz, 0.0, 0.2548346891235481, 0.9669846333935734
Time, 0.266, Pos_X, 0.022931375530519993, Pos_Y, 0.010290492755446886, Pos_Z, -0.010551255678251171, BFx, 1.0, 0.0, 0.0,                             BFy, 0.0, 0.9658580058803665, -0.2590720217947128, BFz, 0.0, 0.25907202179471295, 0.9658580058803669
Time, 0.268, Pos_X, 0.023308493429959994, Pos_Y, 0.010476042518788694, Pos_Z, -0.01081281780060255, BFx, 1.0, 0.0, 0.0,                             BFy, 0.0, 0.964710136949727, -0.2633141691334468, BFz, 0.0, 0.263314169133447, 0.9647101369497273
Time, 0.27, Pos_X, 0.023690745670999994, Pos_Y, 0.010663805470743104, Pos_Z, -0.011079708189342112, BFx, 1.0, 0.0, 0.0,                             BFy, 0.0, 0.9635409938510752, -0.26756074668845026, BFz, 0.0, 0.26756074668845053, 0.9635409938510753
Time, 0.272, Pos_X, 0.024078236096239995, Pos_Y, 0.01085379394180918, Pos_Z, -0.011351847760987367, BFx, 1.0, 0.0, 0.0,                             BFy, 0.0, 0.9623504299246715, -0.27181179154664864, BFz, 0.0, 0.271811791546649, 0.9623504299246716
Time, 0.274, Pos_X, 0.024471077994679995, Pos_Y, 0.011046015061286872, Pos_Z, -0.011629143900196473, BFx, 1.0, 0.0, 0.0,                             BFy, 0.0, 0.9611381961784499, -0.2760676870748081, BFz, 0.0, 0.27606768707480844, 0.9611381961784501
Time, 0.276, Pos_X, 0.024869394259719995, Pos_Y, 0.01124046989050159, Pos_Z, -0.011911489780182805, BFx, 1.0, 0.0, 0.0,                             BFy, 0.0, 0.9599039358277437, -0.28032915292991806, BFz, 0.0, 0.2803291529299184, 0.9599039358277439
Time, 0.278, Pos_X, 0.025273316929559995, Pos_Y, 0.011437153031024824, Pos_Z, -0.012198763863912266, BFx, 1.0, 0.0, 0.0,                             BFy, 0.0, 0.958647216475017, -0.28459710881296824, BFz, 0.0, 0.28459710881296857, 0.9586472164750173
Time, 0.28, Pos_X, 0.025682986795799997, Pos_Y, 0.011636052233180167, Pos_Z, -0.01249082924113573, BFx, 1.0, 0.0, 0.0,                             BFy, 0.0, 0.9573675542219584, -0.2888725776584971, BFz, 0.0, 0.28887257765849744, 0.9573675542219584
Time, 0.282, Pos_X, 0.026098553121239987, Pos_Y, 0.011837147785536652, Pos_Z, -0.012787533244743025, BFx, 1.0, 0.0, 0.0,                             BFy, 0.0, 0.9560645009024871, -0.29315639190383913, BFz, 0.0, 0.2931563919038394, 0.9560645009024872
Time, 0.284, Pos_X, 0.026520172874479987, Pos_Y, 0.012040411977906292, Pos_Z, -0.013088707206442599, BFx, 1.0, 0.0, 0.0,                             BFy, 0.0, 0.9547377007000472, -0.29744902565311265, BFz, 0.0, 0.297449025653113, 0.9547377007000474
Time, 0.286, Pos_X, 0.026948009639119988, Pos_Y, 0.012245808914966882, Pos_Z, -0.01339416626709941, BFx, 1.0, 0.0, 0.0,                             BFy, 0.0, 0.9533869660303171, -0.3017503819442585, BFz, 0.0, 0.3017503819442589, 0.9533869660303175
Time, 0.288, Pos_X, 0.027382231858759987, Pos_Y, 0.012453294377709081, Pos_Z, -0.013703709032714766, BFx, 1.0, 0.0, 0.0,                             BFy, 0.0, 0.9520123222990493, -0.3060596971029838, BFz, 0.0, 0.3060596971029842, 0.9520123222990494
Time, 0.29, Pos_X, 0.027823010711399986, Pos_Y, 0.01266281554455072, Pos_Z, -0.014017116933013305, BFx, 1.0, 0.0, 0.0,                             BFy, 0.0, 0.9506140403578822, -0.3103754923869818, BFz, 0.0, 0.3103754923869822, 0.9506140403578824
Time, 0.292, Pos_X, 0.028270517905639985, Pos_Y, 0.012874310990017174, Pos_Z, -0.014334154149209048, BFx, 1.0, 0.0, 0.0,                             BFy, 0.0, 0.9491925840005458, -0.31469578719513436, BFz, 0.0, 0.31469578719513475, 0.9491925840005461
Time, 0.294, Pos_X, 0.028724923535679986, Pos_Y, 0.013087711138305758, Pos_Z, -0.014654568099593717, BFx, 1.0, 0.0, 0.0,                             BFy, 0.0, 0.9477485762621257, -0.3190182380258411, BFz, 0.0, 0.31901823802584156, 0.9477485762621258
Time, 0.296, Pos_X, 0.029186393830519988, Pos_Y, 0.01330293907169998, Pos_Z, -0.01497808996081057, BFx, 1.0, 0.0, 0.0,                             BFy, 0.0, 0.9462826669511113, -0.32334055456730265, BFz, 0.0, 0.32334055456730304, 0.9462826669511114
Time, 0.298, Pos_X, 0.02965508838895999, Pos_Y, 0.01351991128604701, Pos_Z, -0.015304435521378796, BFx, 1.0, 0.0, 0.0,                             BFy, 0.0, 0.9447953377065955, -0.3276610594011411, BFz, 0.0, 0.32766105940114143, 0.9447953377065959
Time, 0.3, Pos_X, 0.03013115706219999, Pos_Y, 0.013738538948881699, Pos_Z, -0.015633306054874438, BFx, 1.0, 0.0, 0.0,                             BFy, 0.0, 0.9432867045307622, -0.3319792057576687, BFz, 0.0, 0.331979205757669, 0.9432867045307627
Time, 0.302, Pos_X, 0.03061473663783999, Pos_Y, 0.013958729105975986, Pos_Z, -0.01596438946046587, BFx, 1.0, 0.0, 0.0,                             BFy, 0.0, 0.9417563113325603, -0.3362960750072585, BFz, 0.0, 0.3362960750072588, 0.9417563113325607
Time, 0.304, Pos_X, 0.03110594758147999, Pos_Y, 0.014180385789115842, Pos_Z, -0.016297361472400282, BFx, 1.0, 0.0, 0.0,                             BFy, 0.0, 0.940203013397875, -0.3406145821857208, BFz, 0.0, 0.34061458218572105, 0.9402030133978755
Time, 0.306, Pos_X, 0.03160489053211999, Pos_Y, 0.014403411493578416, Pos_Z, -0.01663188692560907, BFx, 1.0, 0.0, 0.0,                             BFy, 0.0, 0.9386249218929451, -0.3449394961460058, BFz, 0.0, 0.34493949614600605, 0.9386249218929456
Time, 0.308, Pos_X, 0.03211164312375999, Pos_Y, 0.014627708560893548, Pos_Z, -0.016967621668653756, BFx, 1.0, 0.0, 0.0,                             BFy, 0.0, 0.9370194086510494, -0.349277293580953, BFz, 0.0, 0.3492772935809532, 0.9370194086510499
Time, 0.31, Pos_X, 0.03262625762159999, Pos_Y, 0.014853180617034755, Pos_Z, -0.017304214291666457, BFx, 1.0, 0.0, 0.0,                             BFy, 0.0, 0.9353832547212945, -0.3536356412849187, BFz, 0.0, 0.3536356412849189, 0.9353832547212951
Time, 0.312, Pos_X, 0.033148757926239995, Pos_Y, 0.01507973448263626, Pos_Z, -0.017641308109873983, BFx, 1.0, 0.0, 0.0,                             BFy, 0.0, 0.9337128920261651, -0.35802267423186035, BFz, 0.0, 0.35802267423186057, 0.9337128920261658
Time, 0.314, Pos_X, 0.03367913682788, Pos_Y, 0.015307282045839308, Pos_Z, -0.01797854370937406, BFx, 1.0, 0.0, 0.0,                             BFy, 0.0, 0.9320046343458451, -0.3624463568003758, BFz, 0.0, 0.36244635680037607, 0.9320046343458458
Time, 0.316, Pos_X, 0.034217354364119996, Pos_Y, 0.015535741562989567, Pos_Z, -0.01831556116998879, BFx, 1.0, 0.0, 0.0,                             BFy, 0.0, 0.9302550201132198, -0.36691361047820353, BFz, 0.0, 0.3669136104782038, 0.9302550201132204
